01012008 23 -0.38
02012008 23 -0.38
03012008 23 -0.40
04012008 23 -0.43
05012008 23 -0.46
06012008 23 -0.49
07012008 23 -0.52
08012008 23 -0.54
09012008 23 -0.55
10012008 23 -0.55
11012008 23 -0.54
12012008 23 -0.53
13012008 23 -0.51
14012008 23 -0.48
15012008 23 -0.47
16012008 23 -0.46
17012008 23 -0.46
18012008 23 -0.48
19012008 23 -0.50
20012008 23 -0.52
21012008 23 -0.53
22012008 23 -0.54
23012008 23 -0.53
24012008 23 -0.52
25012008 23 -0.50
26012008 23 -0.47
27012008 23 -0.44
28012008 23 -0.42
29012008 23 -0.39
30012008 23 -0.38
31012008 23 -0.39
01022008 23 -0.40
02022008 23 -0.43
03022008 23 -0.46
04022008 23 -0.49
05022008 23 -0.52
06022008 23 -0.55
07022008 23 -0.56
08022008 23 -0.56
09022008 23 -0.56
10022008 23 -0.55
11022008 23 -0.52
12022008 23 -0.50
13022008 23 -0.47
14022008 23 -0.46
15022008 23 -0.46
16022008 23 -0.46
17022008 23 -0.48
18022008 23 -0.49
19022008 23 -0.50
20022008 23 -0.51
21022008 23 -0.51
22022008 23 -0.51
23022008 23 -0.49
24022008 23 -0.48
25022008 23 -0.45
26022008 23 -0.43
27022008 23 -0.41
28022008 23 -0.40
29022008 23 -0.40
01032008 23 -0.41
02032008 23 -0.43
03032008 23 -0.46
04032008 23 -0.49
05032008 23 -0.52
06032008 23 -0.55
07032008 23 -0.57
08032008 23 -0.57
09032008 23 -0.57
10032008 23 -0.56
11032008 23 -0.54
12032008 23 -0.51
13032008 23 -0.48
14032008 23 -0.46
15032008 23 -0.45
16032008 23 -0.45
17032008 23 -0.45
18032008 23 -0.46
19032008 23 -0.48
20032008 23 -0.49
21032008 23 -0.49
22032008 23 -0.50
23032008 23 -0.49
24032008 23 -0.48
25032008 23 -0.47
26032008 23 -0.45
27032008 23 -0.43
28032008 23 -0.42
29032008 23 -0.41
30032008 23 -0.42
31032008 23 -0.44
01042008 23 -0.46
02042008 23 -0.49
03042008 23 -0.52
04042008 23 -0.55
05042008 23 -0.57
06042008 23 -0.58
07042008 23 -0.58
08042008 23 -0.57
09042008 23 -0.55
10042008 23 -0.52
11042008 23 -0.49
12042008 23 -0.46
13042008 23 -0.44
14042008 23 -0.43
15042008 23 -0.43
16042008 23 -0.43
17042008 23 -0.45
18042008 23 -0.46
19042008 23 -0.48
20042008 23 -0.49
21042008 23 -0.49
22042008 23 -0.49
23042008 23 -0.48
24042008 23 -0.47
25042008 23 -0.46
26042008 23 -0.44
27042008 23 -0.44
28042008 23 -0.44
29042008 23 -0.45
30042008 23 -0.47
01052008 23 -0.49
02052008 23 -0.52
03052008 23 -0.54
04052008 23 -0.56
05052008 23 -0.57
06052008 23 -0.58
07052008 23 -0.57
08052008 23 -0.55
09052008 23 -0.53
10052008 23 -0.49
11052008 23 -0.46
12052008 23 -0.43
13052008 23 -0.41
14052008 23 -0.40
15052008 23 -0.41
16052008 23 -0.43
17052008 23 -0.44
18052008 23 -0.46
19052008 23 -0.48
20052008 23 -0.49
21052008 23 -0.50
22052008 23 -0.50
23052008 23 -0.50
24052008 23 -0.48
25052008 23 -0.47
26052008 23 -0.46
27052008 23 -0.46
28052008 23 -0.46
29052008 23 -0.47
30052008 23 -0.48
31052008 23 -0.50
01062008 23 -0.53
02062008 23 -0.55
03062008 23 -0.56
04062008 23 -0.57
05062008 23 -0.57
06062008 23 -0.56
07062008 23 -0.53
08062008 23 -0.49
09062008 23 -0.46
10062008 23 -0.42
11062008 23 -0.40
12062008 23 -0.39
13062008 23 -0.40
14062008 23 -0.41
15062008 23 -0.43
16062008 23 -0.45
17062008 23 -0.47
18062008 23 -0.49
19062008 23 -0.51
20062008 23 -0.52
21062008 23 -0.52
22062008 23 -0.51
23062008 23 -0.50
24062008 23 -0.49
25062008 23 -0.48
26062008 23 -0.47
27062008 23 -0.47
28062008 23 -0.47
29062008 23 -0.49
30062008 23 -0.51
01072008 23 -0.53
02072008 23 -0.55
03072008 23 -0.56
04072008 23 -0.56
05072008 23 -0.55
06072008 23 -0.53
07072008 23 -0.49
08072008 23 -0.46
09072008 23 -0.42
10072008 23 -0.40
11072008 23 -0.39
12072008 23 -0.39
13072008 23 -0.40
14072008 23 -0.42
15072008 23 -0.44
16072008 23 -0.47
17072008 23 -0.50
18072008 23 -0.52
19072008 23 -0.54
20072008 23 -0.55
21072008 23 -0.54
22072008 23 -0.53
23072008 23 -0.52
24072008 23 -0.50
25072008 23 -0.48
26072008 23 -0.47
27072008 23 -0.46
28072008 23 -0.47
29072008 23 -0.48
30072008 23 -0.51
31072008 23 -0.53
01082008 23 -0.54
02082008 23 -0.55
03082008 23 -0.54
04082008 23 -0.52
05082008 23 -0.49
06082008 23 -0.46
07082008 23 -0.43
08082008 23 -0.40
09082008 23 -0.39
10082008 23 -0.39
11082008 23 -0.39
12082008 23 -0.41
13082008 23 -0.44
14082008 23 -0.47
15082008 23 -0.50
16082008 23 -0.53
17082008 23 -0.56
18082008 23 -0.57
19082008 23 -0.57
20082008 23 -0.56
21082008 23 -0.54
22082008 23 -0.51
23082008 23 -0.49
24082008 23 -0.46
25082008 23 -0.45
26082008 23 -0.45
27082008 23 -0.46
28082008 23 -0.48
29082008 23 -0.51
30082008 23 -0.52
31082008 23 -0.53
01092008 23 -0.53
02092008 23 -0.52
03092008 23 -0.49
04092008 23 -0.46
05092008 23 -0.44
06092008 23 -0.41
07092008 23 -0.40
08092008 23 -0.39
09092008 23 -0.40
10092008 23 -0.41
11092008 23 -0.44
12092008 23 -0.47
13092008 23 -0.51
14092008 23 -0.54
15092008 23 -0.57
16092008 23 -0.58
17092008 23 -0.58
18092008 23 -0.57
19092008 23 -0.55
20092008 23 -0.52
21092008 23 -0.49
22092008 23 -0.46
23092008 23 -0.44
24092008 23 -0.43
25092008 23 -0.44
26092008 23 -0.46
27092008 23 -0.48
28092008 23 -0.50
29092008 23 -0.51
30092008 23 -0.51
01102008 23 -0.51
02102008 23 -0.49
03102008 23 -0.47
04102008 23 -0.45
05102008 23 -0.43
06102008 23 -0.41
07102008 23 -0.41
08102008 23 -0.41
09102008 23 -0.42
10102008 23 -0.44
11102008 23 -0.47
12102008 23 -0.51
13102008 23 -0.54
14102008 23 -0.57
15102008 23 -0.59
16102008 23 -0.59
17102008 23 -0.58
18102008 23 -0.56
19102008 23 -0.53
20102008 23 -0.49
21102008 23 -0.45
22102008 23 -0.43
23102008 23 -0.42
24102008 23 -0.42
25102008 23 -0.44
26102008 23 -0.46
27102008 23 -0.48
28102008 23 -0.49
29102008 23 -0.50
30102008 23 -0.50
31102008 23 -0.50
01112008 23 -0.48
02112008 23 -0.47
03112008 23 -0.45
04112008 23 -0.44
05112008 23 -0.43
06112008 23 -0.42
07112008 23 -0.43
08112008 23 -0.44
09112008 23 -0.47
10112008 23 -0.51
11112008 23 -0.54
12112008 23 -0.57
13112008 23 -0.59
14112008 23 -0.59
15112008 23 -0.58
16112008 23 -0.56
17112008 23 -0.53
18112008 23 -0.49
19112008 23 -0.45
20112008 23 -0.42
21112008 23 -0.41
22112008 23 -0.41
23112008 23 -0.42
24112008 23 -0.43
25112008 23 -0.46
26112008 23 -0.48
27112008 23 -0.49
28112008 23 -0.50
29112008 23 -0.50
30112008 23 -0.50
01122008 23 -0.49
02122008 23 -0.48
03122008 23 -0.46
04122008 23 -0.45
05122008 23 -0.44
06122008 23 -0.44
07122008 23 -0.45
08122008 23 -0.47
09122008 23 -0.51
10122008 23 -0.54
11122008 23 -0.57
12122008 23 -0.58
13122008 23 -0.59
14122008 23 -0.58
15122008 23 -0.55
16122008 23 -0.52
17122008 23 -0.48
18122008 23 -0.45
19122008 23 -0.42
20122008 23 -0.40
21122008 23 -0.39
22122008 23 -0.40
23122008 23 -0.41
24122008 23 -0.44
25122008 23 -0.46
26122008 23 -0.49
27122008 23 -0.50
28122008 23 -0.51
29122008 23 -0.51
30122008 23 -0.51
31122008 23 -0.50
