01011955 23 -0.46
02011955 23 -0.46
03011955 23 -0.46
04011955 23 -0.48
05011955 23 -0.51
06011955 23 -0.53
07011955 23 -0.55
08011955 23 -0.55
09011955 23 -0.54
10011955 23 -0.53
11011955 23 -0.51
12011955 23 -0.48
13011955 23 -0.45
14011955 23 -0.42
15011955 23 -0.39
16011955 23 -0.38
17011955 23 -0.38
18011955 23 -0.39
19011955 23 -0.42
20011955 23 -0.45
21011955 23 -0.49
22011955 23 -0.51
23011955 23 -0.54
24011955 23 -0.55
25011955 23 -0.56
26011955 23 -0.55
27011955 23 -0.54
28011955 23 -0.52
29011955 23 -0.50
30011955 23 -0.47
31011955 23 -0.46
01021955 23 -0.46
02021955 23 -0.47
03021955 23 -0.49
04021955 23 -0.51
05021955 23 -0.52
06021955 23 -0.53
07021955 23 -0.52
08021955 23 -0.52
09021955 23 -0.50
10021955 23 -0.48
11021955 23 -0.45
12021955 23 -0.43
13021955 23 -0.40
14021955 23 -0.39
15021955 23 -0.39
16021955 23 -0.40
17021955 23 -0.42
18021955 23 -0.45
19021955 23 -0.48
20021955 23 -0.52
21021955 23 -0.54
22021955 23 -0.56
23021955 23 -0.57
24021955 23 -0.57
25021955 23 -0.56
26021955 23 -0.54
27021955 23 -0.51
28021955 23 -0.48
01031955 23 -0.46
02031955 23 -0.45
03031955 23 -0.46
04031955 23 -0.46
05031955 23 -0.48
06031955 23 -0.49
07031955 23 -0.50
08031955 23 -0.50
09031955 23 -0.50
10031955 23 -0.50
11031955 23 -0.48
12031955 23 -0.46
13031955 23 -0.44
14031955 23 -0.42
15031955 23 -0.41
16031955 23 -0.40
17031955 23 -0.41
18031955 23 -0.43
19031955 23 -0.45
20031955 23 -0.48
21031955 23 -0.51
22031955 23 -0.54
23031955 23 -0.56
24031955 23 -0.57
25031955 23 -0.58
26031955 23 -0.57
27031955 23 -0.55
28031955 23 -0.52
29031955 23 -0.49
30031955 23 -0.47
31031955 23 -0.45
01041955 23 -0.44
02041955 23 -0.44
03041955 23 -0.45
04041955 23 -0.46
05041955 23 -0.47
06041955 23 -0.48
07041955 23 -0.49
08041955 23 -0.49
09041955 23 -0.49
10041955 23 -0.48
11041955 23 -0.46
12041955 23 -0.44
13041955 23 -0.43
14041955 23 -0.42
15041955 23 -0.42
16041955 23 -0.44
17041955 23 -0.46
18041955 23 -0.48
19041955 23 -0.51
20041955 23 -0.54
21041955 23 -0.56
22041955 23 -0.57
23041955 23 -0.58
24041955 23 -0.57
25041955 23 -0.56
26041955 23 -0.53
27041955 23 -0.50
28041955 23 -0.47
29041955 23 -0.44
30041955 23 -0.42
01051955 23 -0.42
02051955 23 -0.42
03051955 23 -0.43
04051955 23 -0.45
05051955 23 -0.47
06051955 23 -0.48
07051955 23 -0.49
08051955 23 -0.50
09051955 23 -0.49
10051955 23 -0.48
11051955 23 -0.47
12051955 23 -0.46
13051955 23 -0.45
14051955 23 -0.44
15051955 23 -0.45
16051955 23 -0.46
17051955 23 -0.48
18051955 23 -0.50
19051955 23 -0.53
20051955 23 -0.55
21051955 23 -0.57
22051955 23 -0.57
23051955 23 -0.57
24051955 23 -0.56
25051955 23 -0.54
26051955 23 -0.50
27051955 23 -0.47
28051955 23 -0.43
29051955 23 -0.41
30051955 23 -0.40
31051955 23 -0.40
01061955 23 -0.41
02061955 23 -0.43
03061955 23 -0.45
04061955 23 -0.47
05061955 23 -0.49
06061955 23 -0.50
07061955 23 -0.51
08061955 23 -0.51
09061955 23 -0.50
10061955 23 -0.49
11061955 23 -0.48
12061955 23 -0.47
13061955 23 -0.46
14061955 23 -0.47
15061955 23 -0.48
16061955 23 -0.49
17061955 23 -0.51
18061955 23 -0.53
19061955 23 -0.55
20061955 23 -0.56
21061955 23 -0.57
22061955 23 -0.56
23061955 23 -0.54
24061955 23 -0.50
25061955 23 -0.47
26061955 23 -0.43
27061955 23 -0.40
28061955 23 -0.39
29061955 23 -0.39
30061955 23 -0.40
01071955 23 -0.42
02071955 23 -0.44
03071955 23 -0.46
04071955 23 -0.49
05071955 23 -0.51
06071955 23 -0.53
07071955 23 -0.53
08071955 23 -0.53
09071955 23 -0.52
10071955 23 -0.51
11071955 23 -0.49
12071955 23 -0.48
13071955 23 -0.47
14071955 23 -0.47
15071955 23 -0.48
16071955 23 -0.49
17071955 23 -0.51
18071955 23 -0.53
19071955 23 -0.55
20071955 23 -0.56
21071955 23 -0.55
22071955 23 -0.53
23071955 23 -0.50
24071955 23 -0.47
25071955 23 -0.43
26071955 23 -0.40
27071955 23 -0.39
28071955 23 -0.39
29071955 23 -0.39
30071955 23 -0.41
31071955 23 -0.43
01081955 23 -0.46
02081955 23 -0.49
03081955 23 -0.52
04081955 23 -0.54
05081955 23 -0.55
06081955 23 -0.55
07081955 23 -0.55
08081955 23 -0.53
09081955 23 -0.51
10081955 23 -0.49
11081955 23 -0.47
12081955 23 -0.46
13081955 23 -0.46
14081955 23 -0.47
15081955 23 -0.49
16081955 23 -0.51
17081955 23 -0.53
18081955 23 -0.54
19081955 23 -0.54
20081955 23 -0.53
21081955 23 -0.50
22081955 23 -0.47
23081955 23 -0.44
24081955 23 -0.41
25081955 23 -0.39
26081955 23 -0.39
27081955 23 -0.39
28081955 23 -0.40
29081955 23 -0.43
30081955 23 -0.46
31081955 23 -0.49
01091955 23 -0.53
02091955 23 -0.56
03091955 23 -0.57
04091955 23 -0.57
05091955 23 -0.57
06091955 23 -0.55
07091955 23 -0.52
08091955 23 -0.50
09091955 23 -0.47
10091955 23 -0.45
11091955 23 -0.44
12091955 23 -0.45
13091955 23 -0.47
14091955 23 -0.49
15091955 23 -0.51
16091955 23 -0.52
17091955 23 -0.52
18091955 23 -0.52
19091955 23 -0.50
20091955 23 -0.47
21091955 23 -0.45
22091955 23 -0.42
23091955 23 -0.41
24091955 23 -0.40
25091955 23 -0.40
26091955 23 -0.41
27091955 23 -0.43
28091955 23 -0.46
29091955 23 -0.50
30091955 23 -0.53
01101955 23 -0.56
02101955 23 -0.58
03101955 23 -0.59
04101955 23 -0.58
05101955 23 -0.56
06101955 23 -0.53
07101955 23 -0.50
08101955 23 -0.47
09101955 23 -0.44
10101955 23 -0.43
11101955 23 -0.43
12101955 23 -0.45
13101955 23 -0.47
14101955 23 -0.49
15101955 23 -0.50
16101955 23 -0.51
17101955 23 -0.51
18101955 23 -0.50
19101955 23 -0.48
20101955 23 -0.46
21101955 23 -0.44
22101955 23 -0.43
23101955 23 -0.42
24101955 23 -0.41
25101955 23 -0.42
26101955 23 -0.43
27101955 23 -0.46
28101955 23 -0.50
29101955 23 -0.54
30101955 23 -0.57
31101955 23 -0.59
01111955 23 -0.59
02111955 23 -0.59
03111955 23 -0.57
04111955 23 -0.54
05111955 23 -0.50
06111955 23 -0.46
07111955 23 -0.43
08111955 23 -0.42
09111955 23 -0.41
10111955 23 -0.43
11111955 23 -0.44
12111955 23 -0.46
13111955 23 -0.48
14111955 23 -0.49
15111955 23 -0.50
16111955 23 -0.50
17111955 23 -0.49
18111955 23 -0.48
19111955 23 -0.46
20111955 23 -0.45
21111955 23 -0.44
22111955 23 -0.43
23111955 23 -0.43
24111955 23 -0.44
25111955 23 -0.46
26111955 23 -0.50
27111955 23 -0.54
28111955 23 -0.57
29111955 23 -0.59
30111955 23 -0.59
01121955 23 -0.58
02121955 23 -0.56
03121955 23 -0.53
04121955 23 -0.50
05121955 23 -0.46
06121955 23 -0.43
07121955 23 -0.41
08121955 23 -0.40
09121955 23 -0.41
10121955 23 -0.42
11121955 23 -0.44
12121955 23 -0.46
13121955 23 -0.48
14121955 23 -0.50
15121955 23 -0.51
16121955 23 -0.51
17121955 23 -0.50
18121955 23 -0.49
19121955 23 -0.47
20121955 23 -0.46
21121955 23 -0.45
22121955 23 -0.44
23121955 23 -0.45
24121955 23 -0.47
25121955 23 -0.50
26121955 23 -0.53
27121955 23 -0.56
28121955 23 -0.58
29121955 23 -0.58
30121955 23 -0.57
31121955 23 -0.56
