01012003 23 -0.53
02012003 23 -0.53
03012003 23 -0.53
04012003 23 -0.52
05012003 23 -0.50
06012003 23 -0.48
07012003 23 -0.45
08012003 23 -0.43
09012003 23 -0.40
10012003 23 -0.39
11012003 23 -0.38
12012003 23 -0.39
13012003 23 -0.42
14012003 23 -0.45
15012003 23 -0.49
16012003 23 -0.52
17012003 23 -0.55
18012003 23 -0.56
19012003 23 -0.57
20012003 23 -0.57
21012003 23 -0.55
22012003 23 -0.53
23012003 23 -0.50
24012003 23 -0.48
25012003 23 -0.46
26012003 23 -0.45
27012003 23 -0.45
28012003 23 -0.47
29012003 23 -0.48
30012003 23 -0.50
31012003 23 -0.51
01022003 23 -0.51
02022003 23 -0.51
03022003 23 -0.50
04022003 23 -0.48
05022003 23 -0.46
06022003 23 -0.44
07022003 23 -0.42
08022003 23 -0.40
09022003 23 -0.40
10022003 23 -0.40
11022003 23 -0.42
12022003 23 -0.45
13022003 23 -0.49
14022003 23 -0.52
15022003 23 -0.55
16022003 23 -0.57
17022003 23 -0.58
18022003 23 -0.58
19022003 23 -0.57
20022003 23 -0.54
21022003 23 -0.52
22022003 23 -0.49
23022003 23 -0.46
24022003 23 -0.44
25022003 23 -0.44
26022003 23 -0.44
27022003 23 -0.46
28022003 23 -0.47
01032003 23 -0.48
02032003 23 -0.49
03032003 23 -0.49
04032003 23 -0.49
05032003 23 -0.49
06032003 23 -0.47
07032003 23 -0.46
08032003 23 -0.44
09032003 23 -0.42
10032003 23 -0.42
11032003 23 -0.42
12032003 23 -0.43
13032003 23 -0.46
14032003 23 -0.49
15032003 23 -0.52
16032003 23 -0.55
17032003 23 -0.57
18032003 23 -0.58
19032003 23 -0.58
20032003 23 -0.57
21032003 23 -0.55
22032003 23 -0.52
23032003 23 -0.49
24032003 23 -0.46
25032003 23 -0.44
26032003 23 -0.42
27032003 23 -0.42
28032003 23 -0.43
29032003 23 -0.44
30032003 23 -0.46
31032003 23 -0.47
01042003 23 -0.48
02042003 23 -0.49
03042003 23 -0.49
04042003 23 -0.49
05042003 23 -0.48
06042003 23 -0.46
07042003 23 -0.45
08042003 23 -0.44
09042003 23 -0.44
10042003 23 -0.45
11042003 23 -0.46
12042003 23 -0.49
13042003 23 -0.51
14042003 23 -0.54
15042003 23 -0.56
16042003 23 -0.57
17042003 23 -0.58
18042003 23 -0.57
19042003 23 -0.55
20042003 23 -0.53
21042003 23 -0.50
22042003 23 -0.46
23042003 23 -0.43
24042003 23 -0.41
25042003 23 -0.40
26042003 23 -0.41
27042003 23 -0.42
28042003 23 -0.44
29042003 23 -0.46
30042003 23 -0.48
01052003 23 -0.49
02052003 23 -0.50
03052003 23 -0.51
04052003 23 -0.50
05052003 23 -0.49
06052003 23 -0.48
07052003 23 -0.47
08052003 23 -0.46
09052003 23 -0.46
10052003 23 -0.47
11052003 23 -0.48
12052003 23 -0.50
13052003 23 -0.52
14052003 23 -0.54
15052003 23 -0.56
16052003 23 -0.56
17052003 23 -0.56
18052003 23 -0.55
19052003 23 -0.53
20052003 23 -0.50
21052003 23 -0.46
22052003 23 -0.43
23052003 23 -0.40
24052003 23 -0.39
25052003 23 -0.39
26052003 23 -0.40
27052003 23 -0.42
28052003 23 -0.45
29052003 23 -0.47
30052003 23 -0.49
31052003 23 -0.51
01062003 23 -0.52
02062003 23 -0.52
03062003 23 -0.52
04062003 23 -0.51
05062003 23 -0.50
06062003 23 -0.48
07062003 23 -0.48
08062003 23 -0.47
09062003 23 -0.48
10062003 23 -0.49
11062003 23 -0.50
12062003 23 -0.52
13062003 23 -0.54
14062003 23 -0.55
15062003 23 -0.55
16062003 23 -0.55
17062003 23 -0.53
18062003 23 -0.50
19062003 23 -0.46
20062003 23 -0.43
21062003 23 -0.40
22062003 23 -0.39
23062003 23 -0.39
24062003 23 -0.40
25062003 23 -0.41
26062003 23 -0.44
27062003 23 -0.46
28062003 23 -0.49
29062003 23 -0.52
30062003 23 -0.54
01072003 23 -0.55
02072003 23 -0.55
03072003 23 -0.54
04072003 23 -0.52
05072003 23 -0.51
06072003 23 -0.49
07072003 23 -0.47
08072003 23 -0.47
09072003 23 -0.47
10072003 23 -0.48
11072003 23 -0.50
12072003 23 -0.52
13072003 23 -0.53
14072003 23 -0.54
15072003 23 -0.54
16072003 23 -0.52
17072003 23 -0.50
18072003 23 -0.47
19072003 23 -0.43
20072003 23 -0.41
21072003 23 -0.39
22072003 23 -0.39
23072003 23 -0.40
24072003 23 -0.41
25072003 23 -0.43
26072003 23 -0.46
27072003 23 -0.49
28072003 23 -0.52
29072003 23 -0.55
30072003 23 -0.57
31072003 23 -0.57
01082003 23 -0.56
02082003 23 -0.55
03082003 23 -0.52
04082003 23 -0.50
05082003 23 -0.47
06082003 23 -0.46
07082003 23 -0.45
08082003 23 -0.45
09082003 23 -0.47
10082003 23 -0.49
11082003 23 -0.51
12082003 23 -0.52
13082003 23 -0.52
14082003 23 -0.52
15082003 23 -0.50
16082003 23 -0.47
17082003 23 -0.45
18082003 23 -0.42
19082003 23 -0.41
20082003 23 -0.40
21082003 23 -0.40
22082003 23 -0.41
23082003 23 -0.43
24082003 23 -0.46
25082003 23 -0.49
26082003 23 -0.53
27082003 23 -0.56
28082003 23 -0.58
29082003 23 -0.59
30082003 23 -0.58
31082003 23 -0.56
01092003 23 -0.53
02092003 23 -0.50
03092003 23 -0.47
04092003 23 -0.44
05092003 23 -0.43
06092003 23 -0.43
07092003 23 -0.45
08092003 23 -0.47
09092003 23 -0.49
10092003 23 -0.50
11092003 23 -0.51
12092003 23 -0.51
13092003 23 -0.50
14092003 23 -0.48
15092003 23 -0.46
16092003 23 -0.44
17092003 23 -0.42
18092003 23 -0.41
19092003 23 -0.41
20092003 23 -0.42
21092003 23 -0.43
22092003 23 -0.46
23092003 23 -0.50
24092003 23 -0.53
25092003 23 -0.56
26092003 23 -0.59
27092003 23 -0.59
28092003 23 -0.59
29092003 23 -0.57
30092003 23 -0.54
01102003 23 -0.50
02102003 23 -0.46
03102003 23 -0.43
04102003 23 -0.42
05102003 23 -0.41
06102003 23 -0.43
07102003 23 -0.44
08102003 23 -0.47
09102003 23 -0.48
10102003 23 -0.50
11102003 23 -0.50
12102003 23 -0.50
13102003 23 -0.49
14102003 23 -0.48
15102003 23 -0.46
16102003 23 -0.45
17102003 23 -0.43
18102003 23 -0.43
19102003 23 -0.43
20102003 23 -0.44
21102003 23 -0.46
22102003 23 -0.49
23102003 23 -0.53
24102003 23 -0.56
25102003 23 -0.58
26102003 23 -0.59
27102003 23 -0.59
28102003 23 -0.57
29102003 23 -0.54
30102003 23 -0.50
31102003 23 -0.46
01112003 23 -0.43
02112003 23 -0.41
03112003 23 -0.40
04112003 23 -0.41
05112003 23 -0.42
06112003 23 -0.44
07112003 23 -0.47
08112003 23 -0.49
09112003 23 -0.50
10112003 23 -0.51
11112003 23 -0.51
12112003 23 -0.50
13112003 23 -0.49
14112003 23 -0.47
15112003 23 -0.46
16112003 23 -0.45
17112003 23 -0.44
18112003 23 -0.44
19112003 23 -0.46
20112003 23 -0.49
21112003 23 -0.53
22112003 23 -0.56
23112003 23 -0.58
24112003 23 -0.59
25112003 23 -0.58
26112003 23 -0.56
27112003 23 -0.53
28112003 23 -0.49
29112003 23 -0.46
30112003 23 -0.42
01122003 23 -0.40
02122003 23 -0.39
03122003 23 -0.39
04122003 23 -0.40
05122003 23 -0.43
06122003 23 -0.45
07122003 23 -0.48
08122003 23 -0.50
09122003 23 -0.51
10122003 23 -0.52
11122003 23 -0.52
12122003 23 -0.51
13122003 23 -0.50
14122003 23 -0.48
15122003 23 -0.46
16122003 23 -0.45
17122003 23 -0.45
18122003 23 -0.46
19122003 23 -0.49
20122003 23 -0.52
21122003 23 -0.55
22122003 23 -0.56
23122003 23 -0.57
24122003 23 -0.57
25122003 23 -0.55
26122003 23 -0.52
27122003 23 -0.49
28122003 23 -0.46
29122003 23 -0.42
30122003 23 -0.40
31122003 23 -0.38
