01012010 23 -0.59
02012010 23 -0.58
03012010 23 -0.56
04012010 23 -0.53
05012010 23 -0.50
06012010 23 -0.46
07012010 23 -0.43
08012010 23 -0.41
09012010 23 -0.41
10012010 23 -0.41
11012010 23 -0.43
12012010 23 -0.45
13012010 23 -0.47
14012010 23 -0.49
15012010 23 -0.50
16012010 23 -0.50
17012010 23 -0.50
18012010 23 -0.49
19012010 23 -0.48
20012010 23 -0.46
21012010 23 -0.45
22012010 23 -0.44
23012010 23 -0.44
24012010 23 -0.45
25012010 23 -0.47
26012010 23 -0.50
27012010 23 -0.53
28012010 23 -0.56
29012010 23 -0.58
30012010 23 -0.58
31012010 23 -0.57
01022010 23 -0.56
02022010 23 -0.53
03022010 23 -0.50
04022010 23 -0.46
05022010 23 -0.43
06022010 23 -0.41
07022010 23 -0.40
08022010 23 -0.40
09022010 23 -0.41
10022010 23 -0.43
11022010 23 -0.45
12022010 23 -0.48
13022010 23 -0.49
14022010 23 -0.50
15022010 23 -0.51
16022010 23 -0.51
17022010 23 -0.50
18022010 23 -0.49
19022010 23 -0.48
20022010 23 -0.46
21022010 23 -0.46
22022010 23 -0.46
23022010 23 -0.47
24022010 23 -0.50
25022010 23 -0.52
26022010 23 -0.54
27022010 23 -0.56
28022010 23 -0.56
01032010 23 -0.56
02032010 23 -0.55
03032010 23 -0.53
04032010 23 -0.50
05032010 23 -0.47
06032010 23 -0.43
07032010 23 -0.41
08032010 23 -0.39
09032010 23 -0.39
10032010 23 -0.40
11032010 23 -0.42
12032010 23 -0.44
13032010 23 -0.47
14032010 23 -0.49
15032010 23 -0.51
16032010 23 -0.52
17032010 23 -0.53
18032010 23 -0.53
19032010 23 -0.52
20032010 23 -0.50
21032010 23 -0.49
22032010 23 -0.47
23032010 23 -0.47
24032010 23 -0.47
25032010 23 -0.49
26032010 23 -0.50
27032010 23 -0.52
28032010 23 -0.54
29032010 23 -0.54
30032010 23 -0.54
31032010 23 -0.54
01042010 23 -0.52
02042010 23 -0.50
03042010 23 -0.47
04042010 23 -0.44
05042010 23 -0.41
06042010 23 -0.39
07042010 23 -0.38
08042010 23 -0.39
09042010 23 -0.41
10042010 23 -0.43
11042010 23 -0.46
12042010 23 -0.49
13042010 23 -0.51
14042010 23 -0.53
15042010 23 -0.55
16042010 23 -0.55
17042010 23 -0.54
18042010 23 -0.53
19042010 23 -0.51
20042010 23 -0.49
21042010 23 -0.48
22042010 23 -0.47
23042010 23 -0.47
24042010 23 -0.48
25042010 23 -0.50
26042010 23 -0.51
27042010 23 -0.52
28042010 23 -0.52
29042010 23 -0.52
30042010 23 -0.52
01052010 23 -0.50
02052010 23 -0.48
03052010 23 -0.45
04052010 23 -0.42
05052010 23 -0.40
06052010 23 -0.39
07052010 23 -0.39
08052010 23 -0.41
09052010 23 -0.43
10052010 23 -0.46
11052010 23 -0.49
12052010 23 -0.52
13052010 23 -0.54
14052010 23 -0.56
15052010 23 -0.57
16052010 23 -0.56
17052010 23 -0.55
18052010 23 -0.53
19052010 23 -0.51
20052010 23 -0.49
21052010 23 -0.47
22052010 23 -0.46
23052010 23 -0.46
24052010 23 -0.47
25052010 23 -0.48
26052010 23 -0.49
27052010 23 -0.50
28052010 23 -0.51
29052010 23 -0.51
30052010 23 -0.50
31052010 23 -0.48
01062010 23 -0.46
02062010 23 -0.43
03062010 23 -0.41
04062010 23 -0.40
05062010 23 -0.41
06062010 23 -0.42
07062010 23 -0.43
08062010 23 -0.46
09062010 23 -0.49
10062010 23 -0.52
11062010 23 -0.54
12062010 23 -0.56
13062010 23 -0.58
14062010 23 -0.58
15062010 23 -0.57
16062010 23 -0.55
17062010 23 -0.52
18062010 23 -0.49
19062010 23 -0.46
20062010 23 -0.44
21062010 23 -0.43
22062010 23 -0.44
23062010 23 -0.45
24062010 23 -0.47
25062010 23 -0.48
26062010 23 -0.49
27062010 23 -0.50
28062010 23 -0.50
29062010 23 -0.49
30062010 23 -0.47
01072010 23 -0.45
02072010 23 -0.44
03072010 23 -0.43
04072010 23 -0.42
05072010 23 -0.43
06072010 23 -0.44
07072010 23 -0.46
08072010 23 -0.48
09072010 23 -0.51
10072010 23 -0.54
11072010 23 -0.57
12072010 23 -0.58
13072010 23 -0.59
14072010 23 -0.58
15072010 23 -0.56
16072010 23 -0.53
17072010 23 -0.49
18072010 23 -0.45
19072010 23 -0.43
20072010 23 -0.41
21072010 23 -0.41
22072010 23 -0.43
23072010 23 -0.44
24072010 23 -0.46
25072010 23 -0.48
26072010 23 -0.49
27072010 23 -0.50
28072010 23 -0.50
29072010 23 -0.49
30072010 23 -0.48
31072010 23 -0.46
01082010 23 -0.45
02082010 23 -0.44
03082010 23 -0.44
04082010 23 -0.44
05082010 23 -0.46
06082010 23 -0.48
07082010 23 -0.51
08082010 23 -0.54
09082010 23 -0.56
10082010 23 -0.58
11082010 23 -0.59
12082010 23 -0.58
13082010 23 -0.56
14082010 23 -0.53
15082010 23 -0.49
16082010 23 -0.45
17082010 23 -0.42
18082010 23 -0.40
19082010 23 -0.40
20082010 23 -0.41
21082010 23 -0.42
22082010 23 -0.44
23082010 23 -0.47
24082010 23 -0.49
25082010 23 -0.50
26082010 23 -0.51
27082010 23 -0.51
28082010 23 -0.50
29082010 23 -0.49
30082010 23 -0.48
31082010 23 -0.47
01092010 23 -0.46
02092010 23 -0.45
03092010 23 -0.46
04092010 23 -0.47
05092010 23 -0.50
06092010 23 -0.53
07092010 23 -0.56
08092010 23 -0.58
09092010 23 -0.58
10092010 23 -0.58
11092010 23 -0.55
12092010 23 -0.52
13092010 23 -0.48
14092010 23 -0.44
15092010 23 -0.41
16092010 23 -0.39
17092010 23 -0.39
18092010 23 -0.39
19092010 23 -0.41
20092010 23 -0.43
21092010 23 -0.46
22092010 23 -0.49
23092010 23 -0.51
24092010 23 -0.53
25092010 23 -0.53
26092010 23 -0.53
27092010 23 -0.52
28092010 23 -0.50
29092010 23 -0.49
30092010 23 -0.47
01102010 23 -0.46
02102010 23 -0.46
03102010 23 -0.46
04102010 23 -0.49
05102010 23 -0.51
06102010 23 -0.54
07102010 23 -0.56
08102010 23 -0.57
09102010 23 -0.56
10102010 23 -0.54
11102010 23 -0.51
12102010 23 -0.48
13102010 23 -0.44
14102010 23 -0.41
15102010 23 -0.39
16102010 23 -0.38
17102010 23 -0.38
18102010 23 -0.40
19102010 23 -0.42
20102010 23 -0.45
21102010 23 -0.49
22102010 23 -0.51
23102010 23 -0.54
24102010 23 -0.55
25102010 23 -0.55
26102010 23 -0.54
27102010 23 -0.53
28102010 23 -0.51
29102010 23 -0.49
30102010 23 -0.47
31102010 23 -0.45
01112010 23 -0.46
02112010 23 -0.47
03112010 23 -0.50
04112010 23 -0.52
05112010 23 -0.54
06112010 23 -0.55
07112010 23 -0.55
08112010 23 -0.53
09112010 23 -0.51
10112010 23 -0.48
11112010 23 -0.44
12112010 23 -0.42
13112010 23 -0.40
14112010 23 -0.38
15112010 23 -0.38
16112010 23 -0.39
17112010 23 -0.42
18112010 23 -0.45
19112010 23 -0.49
20112010 23 -0.52
21112010 23 -0.55
22112010 23 -0.56
23112010 23 -0.57
24112010 23 -0.56
25112010 23 -0.55
26112010 23 -0.52
27112010 23 -0.50
28112010 23 -0.47
29112010 23 -0.45
30112010 23 -0.45
01122010 23 -0.46
02122010 23 -0.48
03122010 23 -0.50
04122010 23 -0.52
05122010 23 -0.53
06122010 23 -0.53
07122010 23 -0.52
08122010 23 -0.50
09122010 23 -0.48
10122010 23 -0.45
11122010 23 -0.43
12122010 23 -0.41
13122010 23 -0.39
14122010 23 -0.39
15122010 23 -0.40
16122010 23 -0.42
17122010 23 -0.45
18122010 23 -0.49
19122010 23 -0.53
20122010 23 -0.56
21122010 23 -0.57
22122010 23 -0.58
23122010 23 -0.57
24122010 23 -0.56
25122010 23 -0.53
26122010 23 -0.50
27122010 23 -0.47
28122010 23 -0.45
29122010 23 -0.44
30122010 23 -0.44
31122010 23 -0.46
