01012016 23 -0.40
02012016 23 -0.39
03012016 23 -0.39
04012016 23 -0.40
05012016 23 -0.43
06012016 23 -0.46
07012016 23 -0.50
08012016 23 -0.53
09012016 23 -0.56
10012016 23 -0.57
11012016 23 -0.57
12012016 23 -0.57
13012016 23 -0.55
14012016 23 -0.52
15012016 23 -0.49
16012016 23 -0.47
17012016 23 -0.45
18012016 23 -0.45
19012016 23 -0.45
20012016 23 -0.47
21012016 23 -0.49
22012016 23 -0.50
23012016 23 -0.51
24012016 23 -0.51
25012016 23 -0.50
26012016 23 -0.49
27012016 23 -0.47
28012016 23 -0.45
29012016 23 -0.43
30012016 23 -0.41
31012016 23 -0.40
01022016 23 -0.40
02022016 23 -0.41
03022016 23 -0.43
04022016 23 -0.47
05022016 23 -0.50
06022016 23 -0.53
07022016 23 -0.56
08022016 23 -0.57
09022016 23 -0.58
10022016 23 -0.57
11022016 23 -0.56
12022016 23 -0.53
13022016 23 -0.50
14022016 23 -0.47
15022016 23 -0.45
16022016 23 -0.44
17022016 23 -0.44
18022016 23 -0.44
19022016 23 -0.46
20022016 23 -0.47
21022016 23 -0.48
22022016 23 -0.49
23022016 23 -0.49
24022016 23 -0.49
25022016 23 -0.48
26022016 23 -0.47
27022016 23 -0.45
28022016 23 -0.43
29022016 23 -0.42
01032016 23 -0.42
02032016 23 -0.43
03032016 23 -0.44
04032016 23 -0.47
05032016 23 -0.50
06032016 23 -0.53
07032016 23 -0.56
08032016 23 -0.57
09032016 23 -0.58
10032016 23 -0.58
11032016 23 -0.56
12032016 23 -0.54
13032016 23 -0.51
14032016 23 -0.48
15032016 23 -0.45
16032016 23 -0.43
17032016 23 -0.42
18032016 23 -0.42
19032016 23 -0.43
20032016 23 -0.45
21032016 23 -0.46
22032016 23 -0.48
23032016 23 -0.49
24032016 23 -0.49
25032016 23 -0.49
26032016 23 -0.49
27032016 23 -0.48
28032016 23 -0.46
29032016 23 -0.45
30032016 23 -0.44
31032016 23 -0.44
01042016 23 -0.45
02042016 23 -0.47
03042016 23 -0.50
04042016 23 -0.52
05042016 23 -0.55
06042016 23 -0.56
07042016 23 -0.57
08042016 23 -0.57
09042016 23 -0.56
10042016 23 -0.54
11042016 23 -0.51
12042016 23 -0.48
13042016 23 -0.45
14042016 23 -0.42
15042016 23 -0.40
16042016 23 -0.40
17042016 23 -0.41
18042016 23 -0.43
19042016 23 -0.45
20042016 23 -0.47
21042016 23 -0.48
22042016 23 -0.50
23042016 23 -0.51
24042016 23 -0.51
25042016 23 -0.50
26042016 23 -0.49
27042016 23 -0.48
28042016 23 -0.47
29042016 23 -0.46
30042016 23 -0.46
01052016 23 -0.47
02052016 23 -0.49
03052016 23 -0.51
04052016 23 -0.53
05052016 23 -0.55
06052016 23 -0.56
07052016 23 -0.56
08052016 23 -0.56
09052016 23 -0.54
10052016 23 -0.52
11052016 23 -0.48
12052016 23 -0.45
13052016 23 -0.42
14052016 23 -0.39
15052016 23 -0.39
16052016 23 -0.40
17052016 23 -0.41
18052016 23 -0.43
19052016 23 -0.46
20052016 23 -0.48
21052016 23 -0.50
22052016 23 -0.52
23052016 23 -0.53
24052016 23 -0.53
25052016 23 -0.52
26052016 23 -0.51
27052016 23 -0.49
28052016 23 -0.48
29052016 23 -0.48
30052016 23 -0.47
31052016 23 -0.48
01062016 23 -0.49
02062016 23 -0.51
03062016 23 -0.53
04062016 23 -0.54
05062016 23 -0.55
06062016 23 -0.55
07062016 23 -0.54
08062016 23 -0.52
09062016 23 -0.48
10062016 23 -0.45
11062016 23 -0.42
12062016 23 -0.39
13062016 23 -0.39
14062016 23 -0.39
15062016 23 -0.40
16062016 23 -0.42
17062016 23 -0.45
18062016 23 -0.48
19062016 23 -0.50
20062016 23 -0.53
21062016 23 -0.54
22062016 23 -0.55
23062016 23 -0.55
24062016 23 -0.54
25062016 23 -0.52
26062016 23 -0.50
27062016 23 -0.48
28062016 23 -0.47
29062016 23 -0.47
30062016 23 -0.47
01072016 23 -0.48
02072016 23 -0.50
03072016 23 -0.52
04072016 23 -0.53
05072016 23 -0.54
06072016 23 -0.53
07072016 23 -0.51
08072016 23 -0.49
09072016 23 -0.45
10072016 23 -0.42
11072016 23 -0.40
12072016 23 -0.39
13072016 23 -0.39
14072016 23 -0.40
15072016 23 -0.42
16072016 23 -0.44
17072016 23 -0.47
18072016 23 -0.51
19072016 23 -0.54
20072016 23 -0.56
21072016 23 -0.57
22072016 23 -0.57
23072016 23 -0.56
24072016 23 -0.54
25072016 23 -0.51
26072016 23 -0.49
27072016 23 -0.47
28072016 23 -0.45
29072016 23 -0.45
30072016 23 -0.46
31072016 23 -0.48
01082016 23 -0.49
02082016 23 -0.51
03082016 23 -0.52
04082016 23 -0.52
05082016 23 -0.51
06082016 23 -0.49
07082016 23 -0.46
08082016 23 -0.44
09082016 23 -0.42
10082016 23 -0.40
11082016 23 -0.40
12082016 23 -0.41
13082016 23 -0.42
14082016 23 -0.44
15082016 23 -0.47
16082016 23 -0.51
17082016 23 -0.54
18082016 23 -0.57
19082016 23 -0.58
20082016 23 -0.59
21082016 23 -0.58
22082016 23 -0.55
23082016 23 -0.52
24082016 23 -0.49
25082016 23 -0.46
26082016 23 -0.44
27082016 23 -0.43
28082016 23 -0.43
29082016 23 -0.45
30082016 23 -0.47
31082016 23 -0.49
01092016 23 -0.50
02092016 23 -0.51
03092016 23 -0.51
04092016 23 -0.49
05092016 23 -0.48
06092016 23 -0.45
07092016 23 -0.44
08092016 23 -0.42
09092016 23 -0.42
10092016 23 -0.42
11092016 23 -0.42
12092016 23 -0.44
13092016 23 -0.47
14092016 23 -0.51
15092016 23 -0.55
16092016 23 -0.57
17092016 23 -0.59
18092016 23 -0.59
19092016 23 -0.58
20092016 23 -0.56
21092016 23 -0.53
22092016 23 -0.49
23092016 23 -0.45
24092016 23 -0.42
25092016 23 -0.41
26092016 23 -0.41
27092016 23 -0.43
28092016 23 -0.45
29092016 23 -0.47
30092016 23 -0.49
01102016 23 -0.50
02102016 23 -0.50
03102016 23 -0.50
04102016 23 -0.49
05102016 23 -0.47
06102016 23 -0.46
07102016 23 -0.45
08102016 23 -0.44
09102016 23 -0.43
10102016 23 -0.43
11102016 23 -0.45
12102016 23 -0.47
13102016 23 -0.51
14102016 23 -0.54
15102016 23 -0.57
16102016 23 -0.59
17102016 23 -0.59
18102016 23 -0.58
19102016 23 -0.56
20102016 23 -0.52
21102016 23 -0.48
22102016 23 -0.44
23102016 23 -0.42
24102016 23 -0.40
25102016 23 -0.40
26102016 23 -0.41
27102016 23 -0.43
28102016 23 -0.45
29102016 23 -0.47
30102016 23 -0.49
31102016 23 -0.50
01112016 23 -0.51
02112016 23 -0.51
03112016 23 -0.50
04112016 23 -0.49
05112016 23 -0.47
06112016 23 -0.46
07112016 23 -0.45
08112016 23 -0.44
09112016 23 -0.45
10112016 23 -0.47
11112016 23 -0.50
12112016 23 -0.54
13112016 23 -0.56
14112016 23 -0.58
15112016 23 -0.58
16112016 23 -0.57
17112016 23 -0.55
18112016 23 -0.52
19112016 23 -0.48
20112016 23 -0.44
21112016 23 -0.41
22112016 23 -0.39
23112016 23 -0.39
24112016 23 -0.39
25112016 23 -0.41
26112016 23 -0.43
27112016 23 -0.46
28112016 23 -0.49
29112016 23 -0.51
30112016 23 -0.52
01122016 23 -0.52
02122016 23 -0.52
03122016 23 -0.51
04122016 23 -0.50
05122016 23 -0.48
06122016 23 -0.46
07122016 23 -0.45
08122016 23 -0.45
09122016 23 -0.47
10122016 23 -0.49
11122016 23 -0.53
12122016 23 -0.55
13122016 23 -0.57
14122016 23 -0.57
15122016 23 -0.56
16122016 23 -0.54
17122016 23 -0.51
18122016 23 -0.48
19122016 23 -0.44
20122016 23 -0.41
21122016 23 -0.39
22122016 23 -0.38
23122016 23 -0.38
24122016 23 -0.40
25122016 23 -0.42
26122016 23 -0.46
27122016 23 -0.49
28122016 23 -0.51
29122016 23 -0.53
30122016 23 -0.54
31122016 23 -0.54
