01011995 23 -0.56
02011995 23 -0.55
03011995 23 -0.54
04011995 23 -0.51
05011995 23 -0.48
06011995 23 -0.45
07011995 23 -0.42
08011995 23 -0.40
09011995 23 -0.38
10011995 23 -0.38
11011995 23 -0.39
12011995 23 -0.42
13011995 23 -0.45
14011995 23 -0.48
15011995 23 -0.51
16011995 23 -0.53
17011995 23 -0.54
18011995 23 -0.55
19011995 23 -0.54
20011995 23 -0.53
21011995 23 -0.51
22011995 23 -0.49
23011995 23 -0.47
24011995 23 -0.46
25011995 23 -0.46
26011995 23 -0.48
27011995 23 -0.50
28011995 23 -0.52
29011995 23 -0.53
30011995 23 -0.54
31011995 23 -0.53
01021995 23 -0.52
02021995 23 -0.51
03021995 23 -0.48
04021995 23 -0.46
05021995 23 -0.43
06021995 23 -0.40
07021995 23 -0.39
08021995 23 -0.38
09021995 23 -0.39
10021995 23 -0.42
11021995 23 -0.45
12021995 23 -0.48
13021995 23 -0.51
14021995 23 -0.53
15021995 23 -0.55
16021995 23 -0.56
17021995 23 -0.56
18021995 23 -0.55
19021995 23 -0.53
20021995 23 -0.51
21021995 23 -0.48
22021995 23 -0.47
23021995 23 -0.46
24021995 23 -0.46
25021995 23 -0.48
26021995 23 -0.49
27021995 23 -0.50
28021995 23 -0.51
01031995 23 -0.51
02031995 23 -0.51
03031995 23 -0.50
04031995 23 -0.49
05031995 23 -0.46
06031995 23 -0.44
07031995 23 -0.42
08031995 23 -0.40
09031995 23 -0.39
10031995 23 -0.40
11031995 23 -0.42
12031995 23 -0.45
13031995 23 -0.48
14031995 23 -0.51
15031995 23 -0.54
16031995 23 -0.56
17031995 23 -0.57
18031995 23 -0.57
19031995 23 -0.57
20031995 23 -0.55
21031995 23 -0.52
22031995 23 -0.49
23031995 23 -0.47
24031995 23 -0.45
25031995 23 -0.45
26031995 23 -0.45
27031995 23 -0.46
28031995 23 -0.47
29031995 23 -0.48
30031995 23 -0.49
31031995 23 -0.50
01041995 23 -0.50
02041995 23 -0.49
03041995 23 -0.47
04041995 23 -0.45
05041995 23 -0.43
06041995 23 -0.42
07041995 23 -0.41
08041995 23 -0.41
09041995 23 -0.43
10041995 23 -0.45
11041995 23 -0.48
12041995 23 -0.51
13041995 23 -0.54
14041995 23 -0.56
15041995 23 -0.57
16041995 23 -0.58
17041995 23 -0.57
18041995 23 -0.56
19041995 23 -0.53
20041995 23 -0.50
21041995 23 -0.47
22041995 23 -0.45
23041995 23 -0.43
24041995 23 -0.43
25041995 23 -0.43
26041995 23 -0.44
27041995 23 -0.46
28041995 23 -0.47
29041995 23 -0.49
30041995 23 -0.49
01051995 23 -0.49
02051995 23 -0.49
03051995 23 -0.47
04051995 23 -0.46
05051995 23 -0.44
06051995 23 -0.43
07051995 23 -0.43
08051995 23 -0.44
09051995 23 -0.46
10051995 23 -0.48
11051995 23 -0.50
12051995 23 -0.53
13051995 23 -0.55
14051995 23 -0.57
15051995 23 -0.58
16051995 23 -0.58
17051995 23 -0.56
18051995 23 -0.54
19051995 23 -0.51
20051995 23 -0.47
21051995 23 -0.44
22051995 23 -0.42
23051995 23 -0.41
24051995 23 -0.41
25051995 23 -0.42
26051995 23 -0.44
27051995 23 -0.46
28051995 23 -0.47
29051995 23 -0.49
30051995 23 -0.50
31051995 23 -0.50
01061995 23 -0.50
02061995 23 -0.49
03061995 23 -0.47
04061995 23 -0.46
05061995 23 -0.46
06061995 23 -0.46
07061995 23 -0.46
08061995 23 -0.48
09061995 23 -0.49
10061995 23 -0.52
11061995 23 -0.54
12061995 23 -0.56
13061995 23 -0.57
14061995 23 -0.57
15061995 23 -0.56
16061995 23 -0.54
17061995 23 -0.51
18061995 23 -0.47
19061995 23 -0.44
20061995 23 -0.41
21061995 23 -0.39
22061995 23 -0.39
23061995 23 -0.40
24061995 23 -0.42
25061995 23 -0.44
26061995 23 -0.46
27061995 23 -0.49
28061995 23 -0.50
29061995 23 -0.52
30061995 23 -0.52
01071995 23 -0.52
02071995 23 -0.51
03071995 23 -0.49
04071995 23 -0.48
05071995 23 -0.47
06071995 23 -0.47
07071995 23 -0.47
08071995 23 -0.48
09071995 23 -0.50
10071995 23 -0.52
11071995 23 -0.54
12071995 23 -0.56
13071995 23 -0.56
14071995 23 -0.56
15071995 23 -0.54
16071995 23 -0.51
17071995 23 -0.47
18071995 23 -0.43
19071995 23 -0.41
20071995 23 -0.39
21071995 23 -0.39
22071995 23 -0.39
23071995 23 -0.41
24071995 23 -0.43
25071995 23 -0.46
26071995 23 -0.49
27071995 23 -0.51
28071995 23 -0.53
29071995 23 -0.54
30071995 23 -0.54
31071995 23 -0.53
01081995 23 -0.52
02081995 23 -0.50
03081995 23 -0.48
04081995 23 -0.47
05081995 23 -0.46
06081995 23 -0.47
07081995 23 -0.48
08081995 23 -0.50
09081995 23 -0.52
10081995 23 -0.54
11081995 23 -0.55
12081995 23 -0.55
13081995 23 -0.53
14081995 23 -0.51
15081995 23 -0.47
16081995 23 -0.44
17081995 23 -0.41
18081995 23 -0.39
19081995 23 -0.39
20081995 23 -0.39
21081995 23 -0.40
22081995 23 -0.42
23081995 23 -0.45
24081995 23 -0.49
25081995 23 -0.52
26081995 23 -0.55
27081995 23 -0.56
28081995 23 -0.57
29081995 23 -0.56
30081995 23 -0.54
31081995 23 -0.52
01091995 23 -0.49
02091995 23 -0.47
03091995 23 -0.45
04091995 23 -0.45
05091995 23 -0.46
06091995 23 -0.48
07091995 23 -0.50
08091995 23 -0.52
09091995 23 -0.53
10091995 23 -0.53
11091995 23 -0.52
12091995 23 -0.50
13091995 23 -0.47
14091995 23 -0.44
15091995 23 -0.42
16091995 23 -0.40
17091995 23 -0.39
18091995 23 -0.39
19091995 23 -0.40
20091995 23 -0.42
21091995 23 -0.46
22091995 23 -0.49
23091995 23 -0.53
24091995 23 -0.56
25091995 23 -0.58
26091995 23 -0.58
27091995 23 -0.58
28091995 23 -0.56
29091995 23 -0.53
30091995 23 -0.50
01101995 23 -0.47
02101995 23 -0.45
03101995 23 -0.44
04101995 23 -0.44
05101995 23 -0.46
06101995 23 -0.48
07101995 23 -0.50
08101995 23 -0.51
09101995 23 -0.52
10101995 23 -0.51
11101995 23 -0.50
12101995 23 -0.48
13101995 23 -0.46
14101995 23 -0.43
15101995 23 -0.42
16101995 23 -0.41
17101995 23 -0.40
18101995 23 -0.41
19101995 23 -0.43
20101995 23 -0.46
21101995 23 -0.49
22101995 23 -0.53
23101995 23 -0.56
24101995 23 -0.58
25101995 23 -0.59
26101995 23 -0.59
27101995 23 -0.57
28101995 23 -0.54
29101995 23 -0.50
30101995 23 -0.47
31101995 23 -0.44
01111995 23 -0.42
02111995 23 -0.42
03111995 23 -0.43
04111995 23 -0.45
05111995 23 -0.47
06111995 23 -0.49
07111995 23 -0.50
08111995 23 -0.50
09111995 23 -0.50
10111995 23 -0.49
11111995 23 -0.47
12111995 23 -0.45
13111995 23 -0.44
14111995 23 -0.43
15111995 23 -0.42
16111995 23 -0.42
17111995 23 -0.43
18111995 23 -0.46
19111995 23 -0.49
20111995 23 -0.53
21111995 23 -0.56
22111995 23 -0.59
23111995 23 -0.59
24111995 23 -0.59
25111995 23 -0.57
26111995 23 -0.54
27111995 23 -0.50
28111995 23 -0.46
29111995 23 -0.43
30111995 23 -0.41
01121995 23 -0.41
02121995 23 -0.41
03121995 23 -0.43
04121995 23 -0.45
05121995 23 -0.47
06121995 23 -0.49
07121995 23 -0.50
08121995 23 -0.50
09121995 23 -0.50
10121995 23 -0.49
11121995 23 -0.48
12121995 23 -0.46
13121995 23 -0.45
14121995 23 -0.44
15121995 23 -0.43
16121995 23 -0.44
17121995 23 -0.46
18121995 23 -0.49
19121995 23 -0.53
20121995 23 -0.56
21121995 23 -0.58
22121995 23 -0.59
23121995 23 -0.58
24121995 23 -0.56
25121995 23 -0.54
26121995 23 -0.50
27121995 23 -0.46
28121995 23 -0.43
29121995 23 -0.41
30121995 23 -0.40
31121995 23 -0.40
