01011964 23 -0.54
02011964 23 -0.52
03011964 23 -0.49
04011964 23 -0.45
05011964 23 -0.42
06011964 23 -0.40
07011964 23 -0.38
08011964 23 -0.38
09011964 23 -0.39
10011964 23 -0.42
11011964 23 -0.45
12011964 23 -0.48
13011964 23 -0.51
14011964 23 -0.53
15011964 23 -0.54
16011964 23 -0.55
17011964 23 -0.54
18011964 23 -0.53
19011964 23 -0.51
20011964 23 -0.49
21011964 23 -0.47
22011964 23 -0.46
23011964 23 -0.46
24011964 23 -0.48
25011964 23 -0.50
26011964 23 -0.52
27011964 23 -0.53
28011964 23 -0.54
29011964 23 -0.54
30011964 23 -0.53
31011964 23 -0.51
01021964 23 -0.48
02021964 23 -0.46
03021964 23 -0.43
04021964 23 -0.40
05021964 23 -0.39
06021964 23 -0.38
07021964 23 -0.39
08021964 23 -0.41
09021964 23 -0.45
10021964 23 -0.48
11021964 23 -0.51
12021964 23 -0.53
13021964 23 -0.55
14021964 23 -0.56
15021964 23 -0.56
16021964 23 -0.55
17021964 23 -0.53
18021964 23 -0.51
19021964 23 -0.48
20021964 23 -0.47
21021964 23 -0.46
22021964 23 -0.46
23021964 23 -0.48
24021964 23 -0.49
25021964 23 -0.50
26021964 23 -0.51
27021964 23 -0.51
28021964 23 -0.51
29021964 23 -0.50
01031964 23 -0.49
02031964 23 -0.46
03031964 23 -0.44
04031964 23 -0.42
05031964 23 -0.40
06031964 23 -0.39
07031964 23 -0.40
08031964 23 -0.42
09031964 23 -0.45
10031964 23 -0.48
11031964 23 -0.51
12031964 23 -0.54
13031964 23 -0.56
14031964 23 -0.57
15031964 23 -0.57
16031964 23 -0.57
17031964 23 -0.55
18031964 23 -0.52
19031964 23 -0.49
20031964 23 -0.47
21031964 23 -0.45
22031964 23 -0.45
23031964 23 -0.45
24031964 23 -0.46
25031964 23 -0.47
26031964 23 -0.48
27031964 23 -0.49
28031964 23 -0.50
29031964 23 -0.50
30031964 23 -0.49
31031964 23 -0.47
01041964 23 -0.45
02041964 23 -0.43
03041964 23 -0.42
04041964 23 -0.41
05041964 23 -0.41
06041964 23 -0.43
07041964 23 -0.45
08041964 23 -0.48
09041964 23 -0.51
10041964 23 -0.54
11041964 23 -0.56
12041964 23 -0.57
13041964 23 -0.58
14041964 23 -0.57
15041964 23 -0.56
16041964 23 -0.53
17041964 23 -0.50
18041964 23 -0.47
19041964 23 -0.45
20041964 23 -0.43
21041964 23 -0.43
22041964 23 -0.43
23041964 23 -0.44
24041964 23 -0.46
25041964 23 -0.47
26041964 23 -0.49
27041964 23 -0.49
28041964 23 -0.49
29041964 23 -0.49
30041964 23 -0.47
01051964 23 -0.46
02051964 23 -0.44
03051964 23 -0.43
04051964 23 -0.43
05051964 23 -0.44
06051964 23 -0.46
07051964 23 -0.48
08051964 23 -0.50
09051964 23 -0.53
10051964 23 -0.55
11051964 23 -0.57
12051964 23 -0.58
13051964 23 -0.58
14051964 23 -0.56
15051964 23 -0.54
16051964 23 -0.51
17051964 23 -0.47
18051964 23 -0.44
19051964 23 -0.42
20051964 23 -0.41
21051964 23 -0.41
22051964 23 -0.42
23051964 23 -0.44
24051964 23 -0.46
25051964 23 -0.47
26051964 23 -0.49
27051964 23 -0.50
28051964 23 -0.50
29051964 23 -0.50
30051964 23 -0.49
31051964 23 -0.47
01061964 23 -0.46
02061964 23 -0.46
03061964 23 -0.46
04061964 23 -0.46
05061964 23 -0.48
06061964 23 -0.49
07061964 23 -0.52
08061964 23 -0.54
09061964 23 -0.56
10061964 23 -0.57
11061964 23 -0.57
12061964 23 -0.57
13061964 23 -0.54
14061964 23 -0.51
15061964 23 -0.47
16061964 23 -0.44
17061964 23 -0.41
18061964 23 -0.39
19061964 23 -0.39
20061964 23 -0.40
21061964 23 -0.42
22061964 23 -0.44
23061964 23 -0.46
24061964 23 -0.49
25061964 23 -0.50
26061964 23 -0.52
27061964 23 -0.52
28061964 23 -0.51
29061964 23 -0.50
30061964 23 -0.49
01071964 23 -0.48
02071964 23 -0.47
03071964 23 -0.47
04071964 23 -0.47
05071964 23 -0.48
06071964 23 -0.50
07071964 23 -0.52
08071964 23 -0.54
09071964 23 -0.56
10071964 23 -0.56
11071964 23 -0.56
12071964 23 -0.54
13071964 23 -0.51
14071964 23 -0.47
15071964 23 -0.44
16071964 23 -0.41
17071964 23 -0.39
18071964 23 -0.39
19071964 23 -0.39
20071964 23 -0.41
21071964 23 -0.43
22071964 23 -0.46
23071964 23 -0.48
24071964 23 -0.51
25071964 23 -0.53
26071964 23 -0.54
27071964 23 -0.54
28071964 23 -0.53
29071964 23 -0.52
30071964 23 -0.50
31071964 23 -0.49
01081964 23 -0.47
02081964 23 -0.46
03081964 23 -0.47
04081964 23 -0.48
05081964 23 -0.50
06081964 23 -0.52
07081964 23 -0.54
08081964 23 -0.55
09081964 23 -0.55
10081964 23 -0.53
11081964 23 -0.51
12081964 23 -0.47
13081964 23 -0.44
14081964 23 -0.41
15081964 23 -0.39
16081964 23 -0.39
17081964 23 -0.39
18081964 23 -0.40
19081964 23 -0.42
20081964 23 -0.45
21081964 23 -0.49
22081964 23 -0.52
23081964 23 -0.55
24081964 23 -0.56
25081964 23 -0.56
26081964 23 -0.56
27081964 23 -0.54
28081964 23 -0.52
29081964 23 -0.50
30081964 23 -0.47
31081964 23 -0.46
01091964 23 -0.45
02091964 23 -0.46
03091964 23 -0.48
04091964 23 -0.50
05091964 23 -0.52
06091964 23 -0.53
07091964 23 -0.53
08091964 23 -0.52
09091964 23 -0.50
10091964 23 -0.48
11091964 23 -0.45
12091964 23 -0.42
13091964 23 -0.40
14091964 23 -0.39
15091964 23 -0.39
16091964 23 -0.40
17091964 23 -0.42
18091964 23 -0.45
19091964 23 -0.49
20091964 23 -0.53
21091964 23 -0.56
22091964 23 -0.57
23091964 23 -0.58
24091964 23 -0.58
25091964 23 -0.56
26091964 23 -0.53
27091964 23 -0.50
28091964 23 -0.47
29091964 23 -0.45
30091964 23 -0.44
01101964 23 -0.44
02101964 23 -0.46
03101964 23 -0.48
04101964 23 -0.50
05101964 23 -0.51
06101964 23 -0.52
07101964 23 -0.51
08101964 23 -0.50
09101964 23 -0.48
10101964 23 -0.46
11101964 23 -0.43
12101964 23 -0.42
13101964 23 -0.41
14101964 23 -0.40
15101964 23 -0.41
16101964 23 -0.43
17101964 23 -0.46
18101964 23 -0.49
19101964 23 -0.53
20101964 23 -0.56
21101964 23 -0.58
22101964 23 -0.59
23101964 23 -0.59
24101964 23 -0.57
25101964 23 -0.54
26101964 23 -0.50
27101964 23 -0.47
28101964 23 -0.44
29101964 23 -0.42
30101964 23 -0.42
31101964 23 -0.43
01111964 23 -0.45
02111964 23 -0.47
03111964 23 -0.49
04111964 23 -0.50
05111964 23 -0.50
06111964 23 -0.50
07111964 23 -0.49
08111964 23 -0.47
09111964 23 -0.45
10111964 23 -0.44
11111964 23 -0.43
12111964 23 -0.42
13111964 23 -0.42
14111964 23 -0.43
15111964 23 -0.46
16111964 23 -0.49
17111964 23 -0.53
18111964 23 -0.56
19111964 23 -0.58
20111964 23 -0.59
21111964 23 -0.59
22111964 23 -0.57
23111964 23 -0.54
24111964 23 -0.50
25111964 23 -0.47
26111964 23 -0.43
27111964 23 -0.41
28111964 23 -0.41
29111964 23 -0.41
30111964 23 -0.43
01121964 23 -0.45
02121964 23 -0.47
03121964 23 -0.49
04121964 23 -0.50
05121964 23 -0.50
06121964 23 -0.50
07121964 23 -0.49
08121964 23 -0.48
09121964 23 -0.46
10121964 23 -0.45
11121964 23 -0.44
12121964 23 -0.43
13121964 23 -0.44
14121964 23 -0.46
15121964 23 -0.49
16121964 23 -0.53
17121964 23 -0.56
18121964 23 -0.58
19121964 23 -0.59
20121964 23 -0.58
21121964 23 -0.56
22121964 23 -0.54
23121964 23 -0.50
24121964 23 -0.46
25121964 23 -0.43
26121964 23 -0.41
27121964 23 -0.40
28121964 23 -0.40
29121964 23 -0.41
30121964 23 -0.43
31121964 23 -0.45
