01011928 23 -0.46
02011928 23 -0.46
03011928 23 -0.48
04011928 23 -0.51
05011928 23 -0.53
06011928 23 -0.54
07011928 23 -0.54
08011928 23 -0.53
09011928 23 -0.51
10011928 23 -0.49
11011928 23 -0.46
12011928 23 -0.44
13011928 23 -0.41
14011928 23 -0.39
15011928 23 -0.38
16011928 23 -0.39
17011928 23 -0.41
18011928 23 -0.43
19011928 23 -0.47
20011928 23 -0.50
21011928 23 -0.53
22011928 23 -0.55
23011928 23 -0.56
24011928 23 -0.57
25011928 23 -0.56
26011928 23 -0.54
27011928 23 -0.52
28011928 23 -0.49
29011928 23 -0.47
30011928 23 -0.45
31011928 23 -0.45
01021928 23 -0.46
02021928 23 -0.48
03021928 23 -0.50
04021928 23 -0.51
05021928 23 -0.51
06021928 23 -0.51
07021928 23 -0.50
08021928 23 -0.49
09021928 23 -0.47
10021928 23 -0.45
11021928 23 -0.42
12021928 23 -0.40
13021928 23 -0.39
14021928 23 -0.40
15021928 23 -0.41
16021928 23 -0.44
17021928 23 -0.47
18021928 23 -0.50
19021928 23 -0.53
20021928 23 -0.56
21021928 23 -0.57
22021928 23 -0.58
23021928 23 -0.57
24021928 23 -0.55
25021928 23 -0.53
26021928 23 -0.50
27021928 23 -0.47
28021928 23 -0.45
29021928 23 -0.44
01031928 23 -0.44
02031928 23 -0.45
03031928 23 -0.47
04031928 23 -0.48
05031928 23 -0.49
06031928 23 -0.50
07031928 23 -0.50
08031928 23 -0.49
09031928 23 -0.48
10031928 23 -0.46
11031928 23 -0.44
12031928 23 -0.43
13031928 23 -0.41
14031928 23 -0.41
15031928 23 -0.42
16031928 23 -0.44
17031928 23 -0.47
18031928 23 -0.50
19031928 23 -0.53
20031928 23 -0.56
21031928 23 -0.57
22031928 23 -0.58
23031928 23 -0.58
24031928 23 -0.56
25031928 23 -0.54
26031928 23 -0.51
27031928 23 -0.48
28031928 23 -0.45
29031928 23 -0.43
30031928 23 -0.42
31031928 23 -0.43
01041928 23 -0.44
02041928 23 -0.45
03041928 23 -0.47
04041928 23 -0.48
05041928 23 -0.49
06041928 23 -0.49
07041928 23 -0.49
08041928 23 -0.48
09041928 23 -0.47
10041928 23 -0.45
11041928 23 -0.44
12041928 23 -0.43
13041928 23 -0.44
14041928 23 -0.45
15041928 23 -0.47
16041928 23 -0.50
17041928 23 -0.53
18041928 23 -0.55
19041928 23 -0.57
20041928 23 -0.58
21041928 23 -0.58
22041928 23 -0.56
23041928 23 -0.54
24041928 23 -0.51
25041928 23 -0.48
26041928 23 -0.45
27041928 23 -0.42
28041928 23 -0.41
29041928 23 -0.41
30041928 23 -0.42
01051928 23 -0.43
02051928 23 -0.45
03051928 23 -0.47
04051928 23 -0.49
05051928 23 -0.50
06051928 23 -0.50
07051928 23 -0.50
08051928 23 -0.49
09051928 23 -0.48
10051928 23 -0.47
11051928 23 -0.46
12051928 23 -0.46
13051928 23 -0.46
14051928 23 -0.47
15051928 23 -0.49
16051928 23 -0.51
17051928 23 -0.54
18051928 23 -0.55
19051928 23 -0.56
20051928 23 -0.57
21051928 23 -0.56
22051928 23 -0.55
23051928 23 -0.52
24051928 23 -0.48
25051928 23 -0.44
26051928 23 -0.41
27051928 23 -0.40
28051928 23 -0.39
29051928 23 -0.40
30051928 23 -0.42
31051928 23 -0.44
01061928 23 -0.46
02061928 23 -0.48
03061928 23 -0.50
04061928 23 -0.51
05061928 23 -0.52
06061928 23 -0.52
07061928 23 -0.51
08061928 23 -0.50
09061928 23 -0.49
10061928 23 -0.48
11061928 23 -0.47
12061928 23 -0.47
13061928 23 -0.48
14061928 23 -0.50
15061928 23 -0.51
16061928 23 -0.53
17061928 23 -0.55
18061928 23 -0.56
19061928 23 -0.56
20061928 23 -0.54
21061928 23 -0.52
22061928 23 -0.48
23061928 23 -0.44
24061928 23 -0.41
25061928 23 -0.39
26061928 23 -0.39
27061928 23 -0.39
28061928 23 -0.41
29061928 23 -0.43
30061928 23 -0.45
01071928 23 -0.48
02071928 23 -0.50
03071928 23 -0.53
04071928 23 -0.54
05071928 23 -0.55
06071928 23 -0.54
07071928 23 -0.53
08071928 23 -0.51
09071928 23 -0.49
10071928 23 -0.48
11071928 23 -0.47
12071928 23 -0.47
13071928 23 -0.47
14071928 23 -0.49
15071928 23 -0.51
16071928 23 -0.53
17071928 23 -0.54
18071928 23 -0.54
19071928 23 -0.54
20071928 23 -0.51
21071928 23 -0.48
22071928 23 -0.45
23071928 23 -0.42
24071928 23 -0.40
25071928 23 -0.39
26071928 23 -0.39
27071928 23 -0.40
28071928 23 -0.42
29071928 23 -0.44
30071928 23 -0.48
31071928 23 -0.51
01081928 23 -0.54
02081928 23 -0.56
03081928 23 -0.57
04081928 23 -0.56
05081928 23 -0.55
06081928 23 -0.53
07081928 23 -0.51
08081928 23 -0.48
09081928 23 -0.46
10081928 23 -0.45
11081928 23 -0.45
12081928 23 -0.47
13081928 23 -0.49
14081928 23 -0.51
15081928 23 -0.52
16081928 23 -0.53
17081928 23 -0.53
18081928 23 -0.51
19081928 23 -0.49
20081928 23 -0.46
21081928 23 -0.43
22081928 23 -0.41
23081928 23 -0.40
24081928 23 -0.40
25081928 23 -0.40
26081928 23 -0.42
27081928 23 -0.44
28081928 23 -0.48
29081928 23 -0.51
30081928 23 -0.55
31081928 23 -0.57
01091928 23 -0.58
02091928 23 -0.58
03091928 23 -0.57
04091928 23 -0.55
05091928 23 -0.52
06091928 23 -0.48
07091928 23 -0.45
08091928 23 -0.44
09091928 23 -0.43
10091928 23 -0.44
11091928 23 -0.46
12091928 23 -0.48
13091928 23 -0.50
14091928 23 -0.51
15091928 23 -0.51
16091928 23 -0.51
17091928 23 -0.49
18091928 23 -0.47
19091928 23 -0.45
20091928 23 -0.43
21091928 23 -0.41
22091928 23 -0.41
23091928 23 -0.41
24091928 23 -0.42
25091928 23 -0.45
26091928 23 -0.48
27091928 23 -0.52
28091928 23 -0.55
29091928 23 -0.58
30091928 23 -0.59
01101928 23 -0.59
02101928 23 -0.58
03101928 23 -0.55
04101928 23 -0.52
05101928 23 -0.48
06101928 23 -0.45
07101928 23 -0.42
08101928 23 -0.42
09101928 23 -0.42
10101928 23 -0.44
11101928 23 -0.46
12101928 23 -0.48
13101928 23 -0.49
14101928 23 -0.50
15101928 23 -0.50
16101928 23 -0.50
17101928 23 -0.48
18101928 23 -0.46
19101928 23 -0.45
20101928 23 -0.43
21101928 23 -0.43
22101928 23 -0.42
23101928 23 -0.43
24101928 23 -0.45
25101928 23 -0.48
26101928 23 -0.52
27101928 23 -0.55
28101928 23 -0.58
29101928 23 -0.59
30101928 23 -0.59
31101928 23 -0.58
01111928 23 -0.55
02111928 23 -0.52
03111928 23 -0.48
04111928 23 -0.44
05111928 23 -0.42
06111928 23 -0.40
07111928 23 -0.41
08111928 23 -0.42
09111928 23 -0.44
10111928 23 -0.46
11111928 23 -0.48
12111928 23 -0.49
13111928 23 -0.50
14111928 23 -0.51
15111928 23 -0.50
16111928 23 -0.49
17111928 23 -0.47
18111928 23 -0.46
19111928 23 -0.45
20111928 23 -0.44
21111928 23 -0.44
22111928 23 -0.45
23111928 23 -0.48
24111928 23 -0.51
25111928 23 -0.55
26111928 23 -0.57
27111928 23 -0.59
28111928 23 -0.59
29111928 23 -0.57
30111928 23 -0.55
01121928 23 -0.51
02121928 23 -0.47
03121928 23 -0.44
04121928 23 -0.41
05121928 23 -0.39
06121928 23 -0.39
07121928 23 -0.40
08121928 23 -0.42
09121928 23 -0.44
10121928 23 -0.47
11121928 23 -0.49
12121928 23 -0.51
13121928 23 -0.52
14121928 23 -0.52
15121928 23 -0.51
16121928 23 -0.50
17121928 23 -0.48
18121928 23 -0.47
19121928 23 -0.45
20121928 23 -0.45
21121928 23 -0.46
22121928 23 -0.48
23121928 23 -0.51
24121928 23 -0.54
25121928 23 -0.56
26121928 23 -0.57
27121928 23 -0.57
28121928 23 -0.56
29121928 23 -0.54
30121928 23 -0.51
31121928 23 -0.47
