01011937 23 -0.47
02011937 23 -0.44
03011937 23 -0.41
04011937 23 -0.39
05011937 23 -0.38
06011937 23 -0.38
07011937 23 -0.40
08011937 23 -0.43
09011937 23 -0.46
10011937 23 -0.50
11011937 23 -0.53
12011937 23 -0.55
13011937 23 -0.56
14011937 23 -0.56
15011937 23 -0.55
16011937 23 -0.53
17011937 23 -0.51
18011937 23 -0.49
19011937 23 -0.47
20011937 23 -0.46
21011937 23 -0.46
22011937 23 -0.47
23011937 23 -0.49
24011937 23 -0.51
25011937 23 -0.52
26011937 23 -0.53
27011937 23 -0.52
28011937 23 -0.51
29011937 23 -0.49
30011937 23 -0.47
31011937 23 -0.44
01021937 23 -0.42
02021937 23 -0.40
03021937 23 -0.39
04021937 23 -0.39
05021937 23 -0.40
06021937 23 -0.43
07021937 23 -0.46
08021937 23 -0.50
09021937 23 -0.53
10021937 23 -0.55
11021937 23 -0.57
12021937 23 -0.57
13021937 23 -0.57
14021937 23 -0.55
15021937 23 -0.53
16021937 23 -0.50
17021937 23 -0.47
18021937 23 -0.46
19021937 23 -0.45
20021937 23 -0.45
21021937 23 -0.47
22021937 23 -0.48
23021937 23 -0.49
24021937 23 -0.50
25021937 23 -0.50
26021937 23 -0.50
27021937 23 -0.49
28021937 23 -0.48
01031937 23 -0.46
02031937 23 -0.44
03031937 23 -0.42
04031937 23 -0.40
05031937 23 -0.40
06031937 23 -0.41
07031937 23 -0.44
08031937 23 -0.46
09031937 23 -0.50
10031937 23 -0.53
11031937 23 -0.55
12031937 23 -0.57
13031937 23 -0.58
14031937 23 -0.58
15031937 23 -0.56
16031937 23 -0.54
17031937 23 -0.51
18031937 23 -0.48
19031937 23 -0.46
20031937 23 -0.44
21031937 23 -0.44
22031937 23 -0.44
23031937 23 -0.45
24031937 23 -0.46
25031937 23 -0.48
26031937 23 -0.49
27031937 23 -0.49
28031937 23 -0.49
29031937 23 -0.49
30031937 23 -0.47
31031937 23 -0.46
01041937 23 -0.44
02041937 23 -0.43
03041937 23 -0.42
04041937 23 -0.43
05041937 23 -0.44
06041937 23 -0.47
07041937 23 -0.50
08041937 23 -0.52
09041937 23 -0.55
10041937 23 -0.57
11041937 23 -0.58
12041937 23 -0.58
13041937 23 -0.57
14041937 23 -0.55
15041937 23 -0.52
16041937 23 -0.49
17041937 23 -0.45
18041937 23 -0.43
19041937 23 -0.42
20041937 23 -0.42
21041937 23 -0.42
22041937 23 -0.44
23041937 23 -0.46
24041937 23 -0.47
25041937 23 -0.49
26041937 23 -0.49
27041937 23 -0.50
28041937 23 -0.49
29041937 23 -0.48
30041937 23 -0.47
01051937 23 -0.45
02051937 23 -0.45
03051937 23 -0.45
04051937 23 -0.45
05051937 23 -0.47
06051937 23 -0.49
07051937 23 -0.52
08051937 23 -0.54
09051937 23 -0.56
10051937 23 -0.57
11051937 23 -0.57
12051937 23 -0.57
13051937 23 -0.55
14051937 23 -0.52
15051937 23 -0.49
16051937 23 -0.45
17051937 23 -0.42
18051937 23 -0.40
19051937 23 -0.40
20051937 23 -0.40
21051937 23 -0.42
22051937 23 -0.44
23051937 23 -0.46
24051937 23 -0.48
25051937 23 -0.50
26051937 23 -0.51
27051937 23 -0.51
28051937 23 -0.51
29051937 23 -0.50
30051937 23 -0.48
31051937 23 -0.47
01061937 23 -0.47
02061937 23 -0.47
03061937 23 -0.47
04061937 23 -0.48
05061937 23 -0.50
06061937 23 -0.52
07061937 23 -0.54
08061937 23 -0.56
09061937 23 -0.56
10061937 23 -0.56
11061937 23 -0.55
12061937 23 -0.52
13061937 23 -0.49
14061937 23 -0.45
15061937 23 -0.42
16061937 23 -0.40
17061937 23 -0.39
18061937 23 -0.39
19061937 23 -0.41
20061937 23 -0.43
21061937 23 -0.45
22061937 23 -0.47
23061937 23 -0.50
24061937 23 -0.52
25061937 23 -0.53
26061937 23 -0.53
27061937 23 -0.53
28061937 23 -0.52
29061937 23 -0.50
30061937 23 -0.49
01071937 23 -0.48
02071937 23 -0.47
03071937 23 -0.47
04071937 23 -0.48
05071937 23 -0.50
06071937 23 -0.52
07071937 23 -0.54
08071937 23 -0.55
09071937 23 -0.55
10071937 23 -0.54
11071937 23 -0.52
12071937 23 -0.49
13071937 23 -0.45
14071937 23 -0.42
15071937 23 -0.40
16071937 23 -0.39
17071937 23 -0.39
18071937 23 -0.40
19071937 23 -0.42
20071937 23 -0.44
21071937 23 -0.47
22071937 23 -0.50
23071937 23 -0.53
24071937 23 -0.55
25071937 23 -0.56
26071937 23 -0.55
27071937 23 -0.54
28071937 23 -0.52
29071937 23 -0.50
30071937 23 -0.48
31071937 23 -0.47
01081937 23 -0.46
02081937 23 -0.46
03081937 23 -0.48
04081937 23 -0.50
05081937 23 -0.52
06081937 23 -0.53
07081937 23 -0.54
08081937 23 -0.53
09081937 23 -0.52
10081937 23 -0.49
11081937 23 -0.46
12081937 23 -0.43
13081937 23 -0.41
14081937 23 -0.39
15081937 23 -0.39
16081937 23 -0.40
17081937 23 -0.41
18081937 23 -0.44
19081937 23 -0.47
20081937 23 -0.51
21081937 23 -0.54
22081937 23 -0.56
23081937 23 -0.57
24081937 23 -0.57
25081937 23 -0.56
26081937 23 -0.54
27081937 23 -0.52
28081937 23 -0.49
29081937 23 -0.46
30081937 23 -0.45
31081937 23 -0.44
01091937 23 -0.45
02091937 23 -0.47
03091937 23 -0.49
04091937 23 -0.51
05091937 23 -0.52
06091937 23 -0.52
07091937 23 -0.51
08091937 23 -0.49
09091937 23 -0.47
10091937 23 -0.44
11091937 23 -0.42
12091937 23 -0.41
13091937 23 -0.40
14091937 23 -0.40
15091937 23 -0.42
16091937 23 -0.44
17091937 23 -0.47
18091937 23 -0.51
19091937 23 -0.54
20091937 23 -0.57
21091937 23 -0.59
22091937 23 -0.59
23091937 23 -0.58
24091937 23 -0.55
25091937 23 -0.52
26091937 23 -0.49
27091937 23 -0.46
28091937 23 -0.43
29091937 23 -0.43
30091937 23 -0.43
01101937 23 -0.45
02101937 23 -0.47
03101937 23 -0.49
04101937 23 -0.50
05101937 23 -0.51
06101937 23 -0.51
07101937 23 -0.49
08101937 23 -0.48
09101937 23 -0.46
10101937 23 -0.44
11101937 23 -0.42
12101937 23 -0.42
13101937 23 -0.41
14101937 23 -0.42
15101937 23 -0.44
16101937 23 -0.47
17101937 23 -0.51
18101937 23 -0.55
19101937 23 -0.57
20101937 23 -0.59
21101937 23 -0.59
22101937 23 -0.58
23101937 23 -0.56
24101937 23 -0.52
25101937 23 -0.49
26101937 23 -0.45
27101937 23 -0.42
28101937 23 -0.41
29101937 23 -0.41
30101937 23 -0.43
31101937 23 -0.45
01111937 23 -0.47
02111937 23 -0.49
03111937 23 -0.50
04111937 23 -0.50
05111937 23 -0.50
06111937 23 -0.49
07111937 23 -0.48
08111937 23 -0.46
09111937 23 -0.45
10111937 23 -0.44
11111937 23 -0.43
12111937 23 -0.43
13111937 23 -0.45
14111937 23 -0.47
15111937 23 -0.51
16111937 23 -0.54
17111937 23 -0.57
18111937 23 -0.59
19111937 23 -0.59
20111937 23 -0.58
21111937 23 -0.56
22111937 23 -0.52
23111937 23 -0.48
24111937 23 -0.45
25111937 23 -0.42
26111937 23 -0.40
27111937 23 -0.40
28111937 23 -0.41
29111937 23 -0.43
30111937 23 -0.45
01121937 23 -0.47
02121937 23 -0.49
03121937 23 -0.50
04121937 23 -0.51
05121937 23 -0.51
06121937 23 -0.50
07121937 23 -0.49
08121937 23 -0.47
09121937 23 -0.46
10121937 23 -0.45
11121937 23 -0.44
12121937 23 -0.45
13121937 23 -0.47
14121937 23 -0.50
15121937 23 -0.54
16121937 23 -0.57
17121937 23 -0.58
18121937 23 -0.58
19121937 23 -0.57
20121937 23 -0.55
21121937 23 -0.52
22121937 23 -0.48
23121937 23 -0.44
24121937 23 -0.41
25121937 23 -0.39
26121937 23 -0.39
27121937 23 -0.39
28121937 23 -0.41
29121937 23 -0.43
30121937 23 -0.46
31121937 23 -0.49
