01011921 23 -0.42
02011921 23 -0.40
03011921 23 -0.40
04011921 23 -0.41
05011921 23 -0.42
06011921 23 -0.45
07011921 23 -0.47
08011921 23 -0.49
09011921 23 -0.50
10011921 23 -0.51
11011921 23 -0.51
12011921 23 -0.50
13011921 23 -0.49
14011921 23 -0.47
15011921 23 -0.46
16011921 23 -0.45
17011921 23 -0.45
18011921 23 -0.46
19011921 23 -0.48
20011921 23 -0.51
21011921 23 -0.54
22011921 23 -0.56
23011921 23 -0.57
24011921 23 -0.57
25011921 23 -0.56
26011921 23 -0.54
27011921 23 -0.51
28011921 23 -0.48
29011921 23 -0.45
30011921 23 -0.42
31011921 23 -0.40
01021921 23 -0.39
02021921 23 -0.39
03021921 23 -0.41
04021921 23 -0.43
05021921 23 -0.46
06021921 23 -0.48
07021921 23 -0.50
08021921 23 -0.51
09021921 23 -0.52
10021921 23 -0.52
11021921 23 -0.51
12021921 23 -0.50
13021921 23 -0.48
14021921 23 -0.47
15021921 23 -0.46
16021921 23 -0.46
17021921 23 -0.48
18021921 23 -0.50
19021921 23 -0.52
20021921 23 -0.54
21021921 23 -0.55
22021921 23 -0.56
23021921 23 -0.55
24021921 23 -0.53
25021921 23 -0.51
26021921 23 -0.48
27021921 23 -0.45
28021921 23 -0.42
01031921 23 -0.39
02031921 23 -0.38
03031921 23 -0.39
04031921 23 -0.40
05031921 23 -0.42
06031921 23 -0.45
07031921 23 -0.48
08031921 23 -0.50
09031921 23 -0.52
10031921 23 -0.53
11031921 23 -0.54
12031921 23 -0.54
13031921 23 -0.53
14031921 23 -0.51
15031921 23 -0.49
16031921 23 -0.48
17031921 23 -0.47
18031921 23 -0.47
19031921 23 -0.49
20031921 23 -0.50
21031921 23 -0.52
22031921 23 -0.53
23031921 23 -0.53
24031921 23 -0.53
25031921 23 -0.52
26031921 23 -0.51
27031921 23 -0.48
28031921 23 -0.46
29031921 23 -0.43
30031921 23 -0.40
31031921 23 -0.39
01041921 23 -0.39
02041921 23 -0.40
03041921 23 -0.42
04041921 23 -0.45
05041921 23 -0.48
06041921 23 -0.50
07041921 23 -0.53
08041921 23 -0.55
09041921 23 -0.56
10041921 23 -0.56
11041921 23 -0.55
12041921 23 -0.53
13041921 23 -0.51
14041921 23 -0.49
15041921 23 -0.47
16041921 23 -0.47
17041921 23 -0.47
18041921 23 -0.48
19041921 23 -0.49
20041921 23 -0.50
21041921 23 -0.51
22041921 23 -0.51
23041921 23 -0.51
24041921 23 -0.51
25041921 23 -0.49
26041921 23 -0.46
27041921 23 -0.44
28041921 23 -0.41
29041921 23 -0.40
30041921 23 -0.40
01051921 23 -0.40
02051921 23 -0.42
03051921 23 -0.45
04051921 23 -0.48
05051921 23 -0.51
06051921 23 -0.53
07051921 23 -0.55
08051921 23 -0.57
09051921 23 -0.57
10051921 23 -0.57
11051921 23 -0.55
12051921 23 -0.52
13051921 23 -0.50
14051921 23 -0.47
15051921 23 -0.46
16051921 23 -0.45
17051921 23 -0.45
18051921 23 -0.46
19051921 23 -0.47
20051921 23 -0.48
21051921 23 -0.49
22051921 23 -0.50
23051921 23 -0.50
24051921 23 -0.49
25051921 23 -0.47
26051921 23 -0.45
27051921 23 -0.43
28051921 23 -0.42
29051921 23 -0.41
30051921 23 -0.42
31051921 23 -0.43
01061921 23 -0.45
02061921 23 -0.47
03061921 23 -0.50
04061921 23 -0.53
05061921 23 -0.56
06061921 23 -0.57
07061921 23 -0.58
08061921 23 -0.58
09061921 23 -0.56
10061921 23 -0.54
11061921 23 -0.51
12061921 23 -0.47
13061921 23 -0.45
14061921 23 -0.43
15061921 23 -0.42
16061921 23 -0.43
17061921 23 -0.44
18061921 23 -0.46
19061921 23 -0.48
20061921 23 -0.49
21061921 23 -0.50
22061921 23 -0.50
23061921 23 -0.49
24061921 23 -0.47
25061921 23 -0.46
26061921 23 -0.45
27061921 23 -0.44
28061921 23 -0.44
29061921 23 -0.44
30061921 23 -0.45
01071921 23 -0.47
02071921 23 -0.50
03071921 23 -0.52
04071921 23 -0.55
05071921 23 -0.57
06071921 23 -0.58
07071921 23 -0.58
08071921 23 -0.57
09071921 23 -0.54
10071921 23 -0.51
11071921 23 -0.47
12071921 23 -0.44
13071921 23 -0.41
14071921 23 -0.40
15071921 23 -0.41
16071921 23 -0.42
17071921 23 -0.44
18071921 23 -0.46
19071921 23 -0.48
20071921 23 -0.49
21071921 23 -0.50
22071921 23 -0.51
23071921 23 -0.50
24071921 23 -0.49
25071921 23 -0.47
26071921 23 -0.46
27071921 23 -0.45
28071921 23 -0.45
29071921 23 -0.45
30071921 23 -0.47
31071921 23 -0.49
01081921 23 -0.51
02081921 23 -0.54
03081921 23 -0.57
04081921 23 -0.58
05081921 23 -0.58
06081921 23 -0.57
07081921 23 -0.54
08081921 23 -0.51
09081921 23 -0.47
10081921 23 -0.43
11081921 23 -0.40
12081921 23 -0.39
13081921 23 -0.39
14081921 23 -0.40
15081921 23 -0.42
16081921 23 -0.45
17081921 23 -0.47
18081921 23 -0.49
19081921 23 -0.51
20081921 23 -0.52
21081921 23 -0.52
22081921 23 -0.51
23081921 23 -0.50
24081921 23 -0.49
25081921 23 -0.47
26081921 23 -0.46
27081921 23 -0.46
28081921 23 -0.46
29081921 23 -0.48
30081921 23 -0.50
31081921 23 -0.53
01091921 23 -0.55
02091921 23 -0.57
03091921 23 -0.57
04091921 23 -0.56
05091921 23 -0.54
06091921 23 -0.50
07091921 23 -0.46
08091921 23 -0.43
09091921 23 -0.40
10091921 23 -0.39
11091921 23 -0.38
12091921 23 -0.39
13091921 23 -0.41
14091921 23 -0.44
15091921 23 -0.47
16091921 23 -0.50
17091921 23 -0.52
18091921 23 -0.54
19091921 23 -0.54
20091921 23 -0.54
21091921 23 -0.53
22091921 23 -0.51
23091921 23 -0.49
24091921 23 -0.47
25091921 23 -0.46
26091921 23 -0.46
27091921 23 -0.47
28091921 23 -0.49
29091921 23 -0.51
30091921 23 -0.54
01101921 23 -0.55
02101921 23 -0.56
03101921 23 -0.55
04101921 23 -0.53
05101921 23 -0.50
06101921 23 -0.46
07101921 23 -0.43
08101921 23 -0.40
09101921 23 -0.39
10101921 23 -0.38
11101921 23 -0.39
12101921 23 -0.41
13101921 23 -0.43
14101921 23 -0.47
15101921 23 -0.50
16101921 23 -0.53
17101921 23 -0.55
18101921 23 -0.56
19101921 23 -0.56
20101921 23 -0.55
21101921 23 -0.53
22101921 23 -0.51
23101921 23 -0.48
24101921 23 -0.46
25101921 23 -0.45
26101921 23 -0.45
27101921 23 -0.47
28101921 23 -0.49
29101921 23 -0.52
30101921 23 -0.53
31101921 23 -0.54
01111921 23 -0.53
02111921 23 -0.52
03111921 23 -0.49
04111921 23 -0.46
05111921 23 -0.44
06111921 23 -0.41
07111921 23 -0.40
08111921 23 -0.39
09111921 23 -0.39
10111921 23 -0.40
11111921 23 -0.43
12111921 23 -0.47
13111921 23 -0.50
14111921 23 -0.54
15111921 23 -0.56
16111921 23 -0.58
17111921 23 -0.58
18111921 23 -0.57
19111921 23 -0.55
20111921 23 -0.52
21111921 23 -0.49
22111921 23 -0.46
23111921 23 -0.44
24111921 23 -0.44
25111921 23 -0.45
26111921 23 -0.47
27111921 23 -0.49
28111921 23 -0.51
29111921 23 -0.52
30111921 23 -0.52
01121921 23 -0.51
02121921 23 -0.49
03121921 23 -0.47
04121921 23 -0.45
05121921 23 -0.43
06121921 23 -0.41
07121921 23 -0.40
08121921 23 -0.40
09121921 23 -0.41
10121921 23 -0.43
11121921 23 -0.47
12121921 23 -0.51
13121921 23 -0.54
14121921 23 -0.57
15121921 23 -0.58
16121921 23 -0.59
17121921 23 -0.58
18121921 23 -0.56
19121921 23 -0.53
20121921 23 -0.49
21121921 23 -0.46
22121921 23 -0.44
23121921 23 -0.43
24121921 23 -0.43
25121921 23 -0.45
26121921 23 -0.47
27121921 23 -0.48
28121921 23 -0.49
29121921 23 -0.50
30121921 23 -0.50
31121921 23 -0.49
