01012000 23 -0.39
02012000 23 -0.41
03012000 23 -0.43
04012000 23 -0.46
05012000 23 -0.49
06012000 23 -0.51
07012000 23 -0.52
08012000 23 -0.52
09012000 23 -0.52
10012000 23 -0.51
11012000 23 -0.50
12012000 23 -0.48
13012000 23 -0.46
14012000 23 -0.46
15012000 23 -0.46
16012000 23 -0.47
17012000 23 -0.50
18012000 23 -0.53
19012000 23 -0.55
20012000 23 -0.56
21012000 23 -0.56
22012000 23 -0.55
23012000 23 -0.53
24012000 23 -0.51
25012000 23 -0.48
26012000 23 -0.44
27012000 23 -0.41
28012000 23 -0.39
29012000 23 -0.38
30012000 23 -0.38
31012000 23 -0.40
01022000 23 -0.43
02022000 23 -0.46
03022000 23 -0.49
04022000 23 -0.51
05022000 23 -0.53
06022000 23 -0.54
07022000 23 -0.54
08022000 23 -0.53
09022000 23 -0.52
10022000 23 -0.50
11022000 23 -0.48
12022000 23 -0.47
13022000 23 -0.46
14022000 23 -0.47
15022000 23 -0.49
16022000 23 -0.51
17022000 23 -0.53
18022000 23 -0.54
19022000 23 -0.54
20022000 23 -0.53
21022000 23 -0.52
22022000 23 -0.50
23022000 23 -0.48
24022000 23 -0.45
25022000 23 -0.42
26022000 23 -0.40
27022000 23 -0.38
28022000 23 -0.39
29022000 23 -0.40
01032000 23 -0.42
02032000 23 -0.45
03032000 23 -0.48
04032000 23 -0.51
05032000 23 -0.53
06032000 23 -0.55
07032000 23 -0.56
08032000 23 -0.55
09032000 23 -0.54
10032000 23 -0.52
11032000 23 -0.50
12032000 23 -0.48
13032000 23 -0.47
14032000 23 -0.46
15032000 23 -0.47
16032000 23 -0.48
17032000 23 -0.50
18032000 23 -0.51
19032000 23 -0.51
20032000 23 -0.52
21032000 23 -0.51
22032000 23 -0.50
23032000 23 -0.48
24032000 23 -0.46
25032000 23 -0.43
26032000 23 -0.41
27032000 23 -0.39
28032000 23 -0.39
29032000 23 -0.40
30032000 23 -0.42
31032000 23 -0.45
01042000 23 -0.48
02042000 23 -0.51
03042000 23 -0.54
04042000 23 -0.56
05042000 23 -0.57
06042000 23 -0.57
07042000 23 -0.56
08042000 23 -0.54
09042000 23 -0.52
10042000 23 -0.49
11042000 23 -0.47
12042000 23 -0.46
13042000 23 -0.45
14042000 23 -0.46
15042000 23 -0.47
16042000 23 -0.48
17042000 23 -0.49
18042000 23 -0.50
19042000 23 -0.50
20042000 23 -0.50
21042000 23 -0.49
22042000 23 -0.47
23042000 23 -0.45
24042000 23 -0.43
25042000 23 -0.41
26042000 23 -0.41
27042000 23 -0.41
28042000 23 -0.43
29042000 23 -0.45
30042000 23 -0.48
01052000 23 -0.51
02052000 23 -0.54
03052000 23 -0.56
04052000 23 -0.57
05052000 23 -0.58
06052000 23 -0.57
07052000 23 -0.55
08052000 23 -0.53
09052000 23 -0.50
10052000 23 -0.47
11052000 23 -0.45
12052000 23 -0.43
13052000 23 -0.43
14052000 23 -0.44
15052000 23 -0.45
16052000 23 -0.47
17052000 23 -0.48
18052000 23 -0.49
19052000 23 -0.50
20052000 23 -0.49
21052000 23 -0.48
22052000 23 -0.47
23052000 23 -0.45
24052000 23 -0.44
25052000 23 -0.43
26052000 23 -0.43
27052000 23 -0.44
28052000 23 -0.46
29052000 23 -0.48
30052000 23 -0.51
31052000 23 -0.53
01062000 23 -0.56
02062000 23 -0.57
03062000 23 -0.58
04062000 23 -0.58
05062000 23 -0.56
06062000 23 -0.54
07062000 23 -0.50
08062000 23 -0.47
09062000 23 -0.44
10062000 23 -0.42
11062000 23 -0.41
12062000 23 -0.41
13062000 23 -0.43
14062000 23 -0.45
15062000 23 -0.46
16062000 23 -0.48
17062000 23 -0.49
18062000 23 -0.50
19062000 23 -0.50
20062000 23 -0.49
21062000 23 -0.48
22062000 23 -0.47
23062000 23 -0.46
24062000 23 -0.45
25062000 23 -0.45
26062000 23 -0.46
27062000 23 -0.47
28062000 23 -0.49
29062000 23 -0.52
30062000 23 -0.54
01072000 23 -0.56
02072000 23 -0.58
03072000 23 -0.58
04072000 23 -0.57
05072000 23 -0.54
06072000 23 -0.50
07072000 23 -0.47
08072000 23 -0.43
09072000 23 -0.41
10072000 23 -0.39
11072000 23 -0.40
12072000 23 -0.41
13072000 23 -0.43
14072000 23 -0.45
15072000 23 -0.47
16072000 23 -0.49
17072000 23 -0.51
18072000 23 -0.52
19072000 23 -0.52
20072000 23 -0.51
21072000 23 -0.50
22072000 23 -0.49
23072000 23 -0.47
24072000 23 -0.46
25072000 23 -0.46
26072000 23 -0.47
27072000 23 -0.48
28072000 23 -0.51
29072000 23 -0.53
30072000 23 -0.55
31072000 23 -0.57
01082000 23 -0.57
02082000 23 -0.56
03082000 23 -0.54
04082000 23 -0.50
05082000 23 -0.46
06082000 23 -0.43
07082000 23 -0.40
08082000 23 -0.39
09082000 23 -0.39
10082000 23 -0.40
11082000 23 -0.41
12082000 23 -0.44
13082000 23 -0.47
14082000 23 -0.49
15082000 23 -0.52
16082000 23 -0.54
17082000 23 -0.54
18082000 23 -0.54
19082000 23 -0.53
20082000 23 -0.51
21082000 23 -0.49
22082000 23 -0.48
23082000 23 -0.46
24082000 23 -0.46
25082000 23 -0.47
26082000 23 -0.49
27082000 23 -0.51
28082000 23 -0.54
29082000 23 -0.55
30082000 23 -0.56
31082000 23 -0.55
01092000 23 -0.53
02092000 23 -0.50
03092000 23 -0.46
04092000 23 -0.43
05092000 23 -0.40
06092000 23 -0.39
07092000 23 -0.38
08092000 23 -0.39
09092000 23 -0.41
10092000 23 -0.43
11092000 23 -0.46
12092000 23 -0.50
13092000 23 -0.53
14092000 23 -0.55
15092000 23 -0.56
16092000 23 -0.56
17092000 23 -0.55
18092000 23 -0.53
19092000 23 -0.51
20092000 23 -0.48
21092000 23 -0.46
22092000 23 -0.45
23092000 23 -0.45
24092000 23 -0.47
25092000 23 -0.49
26092000 23 -0.52
27092000 23 -0.53
28092000 23 -0.54
29092000 23 -0.54
30092000 23 -0.52
01102000 23 -0.49
02102000 23 -0.46
03102000 23 -0.43
04102000 23 -0.41
05102000 23 -0.39
06102000 23 -0.39
07102000 23 -0.39
08102000 23 -0.41
09102000 23 -0.43
10102000 23 -0.47
11102000 23 -0.50
12102000 23 -0.54
13102000 23 -0.56
14102000 23 -0.57
15102000 23 -0.58
16102000 23 -0.57
17102000 23 -0.55
18102000 23 -0.52
19102000 23 -0.49
20102000 23 -0.46
21102000 23 -0.44
22102000 23 -0.44
23102000 23 -0.45
24102000 23 -0.47
25102000 23 -0.49
26102000 23 -0.51
27102000 23 -0.52
28102000 23 -0.52
29102000 23 -0.51
30102000 23 -0.49
31102000 23 -0.47
01112000 23 -0.45
02112000 23 -0.42
03112000 23 -0.41
04112000 23 -0.40
05112000 23 -0.40
06112000 23 -0.41
07112000 23 -0.43
08112000 23 -0.47
09112000 23 -0.51
10112000 23 -0.54
11112000 23 -0.57
12112000 23 -0.58
13112000 23 -0.59
14112000 23 -0.58
15112000 23 -0.56
16112000 23 -0.53
17112000 23 -0.49
18112000 23 -0.46
19112000 23 -0.43
20112000 23 -0.43
21112000 23 -0.43
22112000 23 -0.45
23112000 23 -0.47
24112000 23 -0.49
25112000 23 -0.50
26112000 23 -0.50
27112000 23 -0.50
28112000 23 -0.50
29112000 23 -0.48
30112000 23 -0.46
01122000 23 -0.44
02122000 23 -0.43
03122000 23 -0.42
04122000 23 -0.41
05122000 23 -0.42
06122000 23 -0.44
07122000 23 -0.47
08122000 23 -0.51
09122000 23 -0.54
10122000 23 -0.57
11122000 23 -0.59
12122000 23 -0.59
13122000 23 -0.58
14122000 23 -0.56
15122000 23 -0.53
16122000 23 -0.49
17122000 23 -0.46
18122000 23 -0.43
19122000 23 -0.42
20122000 23 -0.41
21122000 23 -0.43
22122000 23 -0.44
23122000 23 -0.46
24122000 23 -0.48
25122000 23 -0.49
26122000 23 -0.50
27122000 23 -0.50
28122000 23 -0.49
29122000 23 -0.48
30122000 23 -0.46
31122000 23 -0.45
