01011968 23 -0.54
02011968 23 -0.52
03011968 23 -0.50
04011968 23 -0.47
05011968 23 -0.44
06011968 23 -0.41
07011968 23 -0.39
08011968 23 -0.38
09011968 23 -0.38
10011968 23 -0.40
11011968 23 -0.43
12011968 23 -0.46
13011968 23 -0.50
14011968 23 -0.53
15011968 23 -0.55
16011968 23 -0.56
17011968 23 -0.56
18011968 23 -0.55
19011968 23 -0.53
20011968 23 -0.51
21011968 23 -0.49
22011968 23 -0.47
23011968 23 -0.46
24011968 23 -0.46
25011968 23 -0.47
26011968 23 -0.49
27011968 23 -0.51
28011968 23 -0.52
29011968 23 -0.52
30011968 23 -0.52
31011968 23 -0.51
01021968 23 -0.49
02021968 23 -0.47
03021968 23 -0.44
04021968 23 -0.42
05021968 23 -0.40
06021968 23 -0.39
07021968 23 -0.39
08021968 23 -0.41
09021968 23 -0.43
10021968 23 -0.46
11021968 23 -0.50
12021968 23 -0.53
13021968 23 -0.55
14021968 23 -0.57
15021968 23 -0.57
16021968 23 -0.57
17021968 23 -0.55
18021968 23 -0.53
19021968 23 -0.50
20021968 23 -0.47
21021968 23 -0.46
22021968 23 -0.45
23021968 23 -0.45
24021968 23 -0.47
25021968 23 -0.48
26021968 23 -0.49
27021968 23 -0.50
28021968 23 -0.50
29021968 23 -0.50
01031968 23 -0.49
02031968 23 -0.48
03031968 23 -0.46
04031968 23 -0.44
05031968 23 -0.42
06031968 23 -0.40
07031968 23 -0.40
08031968 23 -0.42
09031968 23 -0.44
10031968 23 -0.47
11031968 23 -0.50
12031968 23 -0.53
13031968 23 -0.55
14031968 23 -0.57
15031968 23 -0.58
16031968 23 -0.58
17031968 23 -0.56
18031968 23 -0.54
19031968 23 -0.51
20031968 23 -0.48
21031968 23 -0.46
22031968 23 -0.44
23031968 23 -0.44
24031968 23 -0.44
25031968 23 -0.45
26031968 23 -0.46
27031968 23 -0.48
28031968 23 -0.49
29031968 23 -0.49
30031968 23 -0.49
31031968 23 -0.49
01041968 23 -0.47
02041968 23 -0.46
03041968 23 -0.44
04041968 23 -0.43
05041968 23 -0.42
06041968 23 -0.43
07041968 23 -0.44
08041968 23 -0.47
09041968 23 -0.50
10041968 23 -0.52
11041968 23 -0.55
12041968 23 -0.57
13041968 23 -0.58
14041968 23 -0.58
15041968 23 -0.57
16041968 23 -0.55
17041968 23 -0.52
18041968 23 -0.48
19041968 23 -0.45
20041968 23 -0.43
21041968 23 -0.42
22041968 23 -0.42
23041968 23 -0.42
24041968 23 -0.44
25041968 23 -0.46
26041968 23 -0.47
27041968 23 -0.49
28041968 23 -0.49
29041968 23 -0.50
30041968 23 -0.49
01051968 23 -0.48
02051968 23 -0.47
03051968 23 -0.45
04051968 23 -0.45
05051968 23 -0.45
06051968 23 -0.46
07051968 23 -0.47
08051968 23 -0.49
09051968 23 -0.52
10051968 23 -0.54
11051968 23 -0.56
12051968 23 -0.57
13051968 23 -0.57
14051968 23 -0.57
15051968 23 -0.55
16051968 23 -0.52
17051968 23 -0.49
18051968 23 -0.45
19051968 23 -0.42
20051968 23 -0.40
21051968 23 -0.40
22051968 23 -0.40
23051968 23 -0.42
24051968 23 -0.44
25051968 23 -0.46
26051968 23 -0.48
27051968 23 -0.50
28051968 23 -0.51
29051968 23 -0.51
30051968 23 -0.51
31051968 23 -0.50
01061968 23 -0.49
02061968 23 -0.47
03061968 23 -0.47
04061968 23 -0.47
05061968 23 -0.47
06061968 23 -0.48
07061968 23 -0.50
08061968 23 -0.52
09061968 23 -0.54
10061968 23 -0.56
11061968 23 -0.56
12061968 23 -0.56
13061968 23 -0.55
14061968 23 -0.52
15061968 23 -0.49
16061968 23 -0.45
17061968 23 -0.42
18061968 23 -0.40
19061968 23 -0.39
20061968 23 -0.39
21061968 23 -0.41
22061968 23 -0.43
23061968 23 -0.45
24061968 23 -0.47
25061968 23 -0.50
26061968 23 -0.52
27061968 23 -0.53
28061968 23 -0.53
29061968 23 -0.53
30061968 23 -0.52
01071968 23 -0.50
02071968 23 -0.49
03071968 23 -0.48
04071968 23 -0.47
05071968 23 -0.47
06071968 23 -0.48
07071968 23 -0.50
08071968 23 -0.52
09071968 23 -0.54
10071968 23 -0.55
11071968 23 -0.55
12071968 23 -0.54
13071968 23 -0.52
14071968 23 -0.49
15071968 23 -0.45
16071968 23 -0.42
17071968 23 -0.40
18071968 23 -0.39
19071968 23 -0.39
20071968 23 -0.40
21071968 23 -0.42
22071968 23 -0.44
23071968 23 -0.47
24071968 23 -0.50
25071968 23 -0.53
26071968 23 -0.55
27071968 23 -0.56
28071968 23 -0.55
29071968 23 -0.54
30071968 23 -0.52
31071968 23 -0.50
01081968 23 -0.48
02081968 23 -0.47
03081968 23 -0.46
04081968 23 -0.46
05081968 23 -0.48
06081968 23 -0.50
07081968 23 -0.52
08081968 23 -0.53
09081968 23 -0.54
10081968 23 -0.53
11081968 23 -0.52
12081968 23 -0.49
13081968 23 -0.46
14081968 23 -0.43
15081968 23 -0.41
16081968 23 -0.39
17081968 23 -0.39
18081968 23 -0.40
19081968 23 -0.41
20081968 23 -0.44
21081968 23 -0.47
22081968 23 -0.51
23081968 23 -0.54
24081968 23 -0.56
25081968 23 -0.58
26081968 23 -0.57
27081968 23 -0.56
28081968 23 -0.54
29081968 23 -0.51
30081968 23 -0.49
31081968 23 -0.46
01091968 23 -0.44
02091968 23 -0.44
03091968 23 -0.45
04091968 23 -0.47
05091968 23 -0.49
06091968 23 -0.51
07091968 23 -0.52
08091968 23 -0.52
09091968 23 -0.51
10091968 23 -0.49
11091968 23 -0.46
12091968 23 -0.44
13091968 23 -0.42
14091968 23 -0.41
15091968 23 -0.40
16091968 23 -0.40
17091968 23 -0.42
18091968 23 -0.44
19091968 23 -0.47
20091968 23 -0.51
21091968 23 -0.55
22091968 23 -0.57
23091968 23 -0.59
24091968 23 -0.59
25091968 23 -0.58
26091968 23 -0.55
27091968 23 -0.52
28091968 23 -0.49
29091968 23 -0.45
30091968 23 -0.43
01101968 23 -0.43
02101968 23 -0.43
03101968 23 -0.45
04101968 23 -0.47
05101968 23 -0.49
06101968 23 -0.50
07101968 23 -0.51
08101968 23 -0.51
09101968 23 -0.49
10101968 23 -0.48
11101968 23 -0.46
12101968 23 -0.44
13101968 23 -0.42
14101968 23 -0.42
15101968 23 -0.42
16101968 23 -0.42
17101968 23 -0.44
18101968 23 -0.47
19101968 23 -0.51
20101968 23 -0.55
21101968 23 -0.58
22101968 23 -0.59
23101968 23 -0.59
24101968 23 -0.58
25101968 23 -0.56
26101968 23 -0.52
27101968 23 -0.48
28101968 23 -0.45
29101968 23 -0.42
30101968 23 -0.41
31101968 23 -0.41
01111968 23 -0.43
02111968 23 -0.45
03111968 23 -0.47
04111968 23 -0.49
05111968 23 -0.50
06111968 23 -0.50
07111968 23 -0.50
08111968 23 -0.49
09111968 23 -0.48
10111968 23 -0.46
11111968 23 -0.45
12111968 23 -0.44
13111968 23 -0.43
14111968 23 -0.43
15111968 23 -0.45
16111968 23 -0.47
17111968 23 -0.51
18111968 23 -0.55
19111968 23 -0.57
20111968 23 -0.59
21111968 23 -0.59
22111968 23 -0.58
23111968 23 -0.55
24111968 23 -0.52
25111968 23 -0.48
26111968 23 -0.44
27111968 23 -0.42
28111968 23 -0.40
29111968 23 -0.40
30111968 23 -0.41
01121968 23 -0.43
02121968 23 -0.45
03121968 23 -0.47
04121968 23 -0.49
05121968 23 -0.50
06121968 23 -0.51
07121968 23 -0.51
08121968 23 -0.50
09121968 23 -0.49
10121968 23 -0.47
11121968 23 -0.46
12121968 23 -0.45
13121968 23 -0.44
14121968 23 -0.45
15121968 23 -0.47
16121968 23 -0.51
17121968 23 -0.54
18121968 23 -0.57
19121968 23 -0.58
20121968 23 -0.58
21121968 23 -0.57
22121968 23 -0.55
23121968 23 -0.51
24121968 23 -0.48
25121968 23 -0.44
26121968 23 -0.41
27121968 23 -0.39
28121968 23 -0.39
29121968 23 -0.39
30121968 23 -0.41
31121968 23 -0.43
