01011961 23 -0.49
02011961 23 -0.50
03011961 23 -0.50
04011961 23 -0.50
05011961 23 -0.49
06011961 23 -0.48
07011961 23 -0.46
08011961 23 -0.45
09011961 23 -0.44
10011961 23 -0.44
11011961 23 -0.45
12011961 23 -0.48
13011961 23 -0.51
14011961 23 -0.54
15011961 23 -0.57
16011961 23 -0.58
17011961 23 -0.58
18011961 23 -0.57
19011961 23 -0.55
20011961 23 -0.52
21011961 23 -0.49
22011961 23 -0.45
23011961 23 -0.42
24011961 23 -0.40
25011961 23 -0.39
26011961 23 -0.40
27011961 23 -0.41
28011961 23 -0.44
29011961 23 -0.46
30011961 23 -0.48
31011961 23 -0.50
01021961 23 -0.51
02021961 23 -0.51
03021961 23 -0.51
04021961 23 -0.50
05021961 23 -0.49
06021961 23 -0.47
07021961 23 -0.46
08021961 23 -0.46
09021961 23 -0.46
10021961 23 -0.48
11021961 23 -0.50
12021961 23 -0.53
13021961 23 -0.55
14021961 23 -0.56
15021961 23 -0.56
16021961 23 -0.56
17021961 23 -0.54
18021961 23 -0.52
19021961 23 -0.49
20021961 23 -0.45
21021961 23 -0.42
22021961 23 -0.40
23021961 23 -0.39
24021961 23 -0.39
25021961 23 -0.40
26021961 23 -0.42
27021961 23 -0.45
28021961 23 -0.48
01031961 23 -0.50
02031961 23 -0.52
03031961 23 -0.53
04031961 23 -0.53
05031961 23 -0.53
06031961 23 -0.51
07031961 23 -0.50
08031961 23 -0.48
09031961 23 -0.47
10031961 23 -0.47
11031961 23 -0.48
12031961 23 -0.49
13031961 23 -0.51
14031961 23 -0.53
15031961 23 -0.54
16031961 23 -0.54
17031961 23 -0.54
18031961 23 -0.53
19031961 23 -0.51
20031961 23 -0.49
21031961 23 -0.46
22031961 23 -0.43
23031961 23 -0.40
24031961 23 -0.39
25031961 23 -0.38
26031961 23 -0.40
27031961 23 -0.42
28031961 23 -0.44
29031961 23 -0.47
30031961 23 -0.50
31031961 23 -0.52
01041961 23 -0.54
02041961 23 -0.55
03041961 23 -0.55
04041961 23 -0.54
05041961 23 -0.52
06041961 23 -0.50
07041961 23 -0.48
08041961 23 -0.47
09041961 23 -0.47
10041961 23 -0.48
11041961 23 -0.49
12041961 23 -0.50
13041961 23 -0.51
14041961 23 -0.52
15041961 23 -0.52
16041961 23 -0.52
17041961 23 -0.51
18041961 23 -0.49
19041961 23 -0.46
20041961 23 -0.44
21041961 23 -0.41
22041961 23 -0.39
23041961 23 -0.39
24041961 23 -0.40
25041961 23 -0.42
26041961 23 -0.44
27041961 23 -0.47
28041961 23 -0.50
29041961 23 -0.53
30041961 23 -0.55
01051961 23 -0.56
02051961 23 -0.57
03051961 23 -0.56
04051961 23 -0.54
05051961 23 -0.52
06051961 23 -0.50
07051961 23 -0.48
08051961 23 -0.46
09051961 23 -0.46
10051961 23 -0.46
11051961 23 -0.47
12051961 23 -0.48
13051961 23 -0.49
14051961 23 -0.50
15051961 23 -0.51
16051961 23 -0.51
17051961 23 -0.49
18051961 23 -0.47
19051961 23 -0.45
20051961 23 -0.43
21051961 23 -0.41
22051961 23 -0.40
23051961 23 -0.41
24051961 23 -0.42
25051961 23 -0.44
26051961 23 -0.47
27051961 23 -0.50
28051961 23 -0.53
29051961 23 -0.55
30051961 23 -0.57
31051961 23 -0.58
01061961 23 -0.58
02061961 23 -0.56
03061961 23 -0.54
04061961 23 -0.51
05061961 23 -0.48
06061961 23 -0.45
07061961 23 -0.44
08061961 23 -0.44
09061961 23 -0.44
10061961 23 -0.45
11061961 23 -0.47
12061961 23 -0.48
13061961 23 -0.50
14061961 23 -0.50
15061961 23 -0.50
16061961 23 -0.48
17061961 23 -0.47
18061961 23 -0.45
19061961 23 -0.43
20061961 23 -0.43
21061961 23 -0.43
22061961 23 -0.43
23061961 23 -0.45
24061961 23 -0.47
25061961 23 -0.49
26061961 23 -0.52
27061961 23 -0.55
28061961 23 -0.57
29061961 23 -0.58
30061961 23 -0.58
01071961 23 -0.57
02071961 23 -0.55
03071961 23 -0.51
04071961 23 -0.48
05071961 23 -0.45
06071961 23 -0.42
07071961 23 -0.41
08071961 23 -0.42
09071961 23 -0.43
10071961 23 -0.45
11071961 23 -0.47
12071961 23 -0.48
13071961 23 -0.49
14071961 23 -0.50
15071961 23 -0.50
16071961 23 -0.49
17071961 23 -0.48
18071961 23 -0.46
19071961 23 -0.45
20071961 23 -0.44
21071961 23 -0.44
22071961 23 -0.45
23071961 23 -0.46
24071961 23 -0.49
25071961 23 -0.52
26071961 23 -0.54
27071961 23 -0.57
28071961 23 -0.58
29071961 23 -0.59
30071961 23 -0.58
31071961 23 -0.55
01081961 23 -0.51
02081961 23 -0.47
03081961 23 -0.44
04081961 23 -0.41
05081961 23 -0.40
06081961 23 -0.40
07081961 23 -0.41
08081961 23 -0.43
09081961 23 -0.45
10081961 23 -0.47
11081961 23 -0.49
12081961 23 -0.51
13081961 23 -0.51
14081961 23 -0.51
15081961 23 -0.50
16081961 23 -0.49
17081961 23 -0.48
18081961 23 -0.46
19081961 23 -0.46
20081961 23 -0.45
21081961 23 -0.46
22081961 23 -0.48
23081961 23 -0.51
24081961 23 -0.53
25081961 23 -0.56
26081961 23 -0.58
27081961 23 -0.58
28081961 23 -0.57
29081961 23 -0.55
30081961 23 -0.51
31081961 23 -0.47
01091961 23 -0.43
02091961 23 -0.40
03091961 23 -0.39
04091961 23 -0.39
05091961 23 -0.40
06091961 23 -0.41
07091961 23 -0.44
08091961 23 -0.47
09091961 23 -0.49
10091961 23 -0.52
11091961 23 -0.53
12091961 23 -0.53
13091961 23 -0.53
14091961 23 -0.52
15091961 23 -0.50
16091961 23 -0.48
17091961 23 -0.47
18091961 23 -0.46
19091961 23 -0.46
20091961 23 -0.47
21091961 23 -0.49
22091961 23 -0.52
23091961 23 -0.55
24091961 23 -0.56
25091961 23 -0.57
26091961 23 -0.56
27091961 23 -0.54
28091961 23 -0.50
29091961 23 -0.47
30091961 23 -0.43
01101961 23 -0.40
02101961 23 -0.39
03101961 23 -0.38
04101961 23 -0.39
05101961 23 -0.40
06101961 23 -0.43
07101961 23 -0.46
08101961 23 -0.49
09101961 23 -0.52
10101961 23 -0.54
11101961 23 -0.55
12101961 23 -0.55
13101961 23 -0.54
14101961 23 -0.52
15101961 23 -0.50
16101961 23 -0.48
17101961 23 -0.46
18101961 23 -0.45
19101961 23 -0.46
20101961 23 -0.48
21101961 23 -0.50
22101961 23 -0.53
23101961 23 -0.54
24101961 23 -0.55
25101961 23 -0.54
26101961 23 -0.52
27101961 23 -0.50
28101961 23 -0.47
29101961 23 -0.44
30101961 23 -0.41
31101961 23 -0.39
01111961 23 -0.38
02111961 23 -0.39
03111961 23 -0.40
04111961 23 -0.43
05111961 23 -0.46
06111961 23 -0.50
07111961 23 -0.53
08111961 23 -0.55
09111961 23 -0.57
10111961 23 -0.57
11111961 23 -0.56
12111961 23 -0.54
13111961 23 -0.52
14111961 23 -0.49
15111961 23 -0.46
16111961 23 -0.45
17111961 23 -0.45
18111961 23 -0.46
19111961 23 -0.48
20111961 23 -0.50
21111961 23 -0.52
22111961 23 -0.53
23111961 23 -0.52
24111961 23 -0.51
25111961 23 -0.49
26111961 23 -0.47
27111961 23 -0.44
28111961 23 -0.42
29111961 23 -0.40
30111961 23 -0.39
01121961 23 -0.39
02121961 23 -0.40
03121961 23 -0.43
04121961 23 -0.46
05121961 23 -0.50
06121961 23 -0.54
07121961 23 -0.56
08121961 23 -0.58
09121961 23 -0.58
10121961 23 -0.57
11121961 23 -0.55
12121961 23 -0.53
13121961 23 -0.49
14121961 23 -0.46
15121961 23 -0.44
16121961 23 -0.44
17121961 23 -0.44
18121961 23 -0.46
19121961 23 -0.48
20121961 23 -0.49
21121961 23 -0.50
22121961 23 -0.51
23121961 23 -0.50
24121961 23 -0.49
25121961 23 -0.48
26121961 23 -0.46
27121961 23 -0.44
28121961 23 -0.42
29121961 23 -0.41
30121961 23 -0.40
31121961 23 -0.41
