01011984 23 -0.48
02011984 23 -0.49
03011984 23 -0.50
04011984 23 -0.50
05011984 23 -0.49
06011984 23 -0.48
07011984 23 -0.46
08011984 23 -0.44
09011984 23 -0.43
10011984 23 -0.42
11011984 23 -0.41
12011984 23 -0.42
13011984 23 -0.44
14011984 23 -0.48
15011984 23 -0.51
16011984 23 -0.55
17011984 23 -0.57
18011984 23 -0.58
19011984 23 -0.59
20011984 23 -0.58
21011984 23 -0.56
22011984 23 -0.53
23011984 23 -0.49
24011984 23 -0.46
25011984 23 -0.43
26011984 23 -0.42
27011984 23 -0.42
28011984 23 -0.42
29011984 23 -0.44
30011984 23 -0.46
31011984 23 -0.48
01021984 23 -0.49
02021984 23 -0.50
03021984 23 -0.50
04021984 23 -0.49
05021984 23 -0.48
06021984 23 -0.47
07021984 23 -0.45
08021984 23 -0.44
09021984 23 -0.43
10021984 23 -0.44
11021984 23 -0.45
12021984 23 -0.48
13021984 23 -0.51
14021984 23 -0.54
15021984 23 -0.56
16021984 23 -0.58
17021984 23 -0.58
18021984 23 -0.57
19021984 23 -0.55
20021984 23 -0.53
21021984 23 -0.50
22021984 23 -0.46
23021984 23 -0.43
24021984 23 -0.41
25021984 23 -0.40
26021984 23 -0.41
27021984 23 -0.42
28021984 23 -0.44
29021984 23 -0.46
01031984 23 -0.48
02031984 23 -0.49
03031984 23 -0.50
04031984 23 -0.50
05031984 23 -0.50
06031984 23 -0.49
07031984 23 -0.48
08031984 23 -0.47
09031984 23 -0.46
10031984 23 -0.45
11031984 23 -0.46
12031984 23 -0.48
13031984 23 -0.50
14031984 23 -0.53
15031984 23 -0.55
16031984 23 -0.56
17031984 23 -0.57
18031984 23 -0.56
19031984 23 -0.55
20031984 23 -0.53
21031984 23 -0.50
22031984 23 -0.46
23031984 23 -0.43
24031984 23 -0.40
25031984 23 -0.39
26031984 23 -0.39
27031984 23 -0.40
28031984 23 -0.42
29031984 23 -0.45
30031984 23 -0.47
31031984 23 -0.49
01041984 23 -0.51
02041984 23 -0.52
03041984 23 -0.52
04041984 23 -0.52
05041984 23 -0.51
06041984 23 -0.50
07041984 23 -0.48
08041984 23 -0.47
09041984 23 -0.47
10041984 23 -0.48
11041984 23 -0.49
12041984 23 -0.51
13041984 23 -0.53
14041984 23 -0.54
15041984 23 -0.55
16041984 23 -0.55
17041984 23 -0.54
18041984 23 -0.53
19041984 23 -0.50
20041984 23 -0.47
21041984 23 -0.43
22041984 23 -0.40
23041984 23 -0.39
24041984 23 -0.38
25041984 23 -0.39
26041984 23 -0.41
27041984 23 -0.44
28041984 23 -0.46
29041984 23 -0.49
30041984 23 -0.51
01051984 23 -0.53
02051984 23 -0.54
03051984 23 -0.54
04051984 23 -0.54
05051984 23 -0.52
06051984 23 -0.50
07051984 23 -0.49
08051984 23 -0.48
09051984 23 -0.47
10051984 23 -0.48
11051984 23 -0.49
12051984 23 -0.50
13051984 23 -0.51
14051984 23 -0.52
15051984 23 -0.53
16051984 23 -0.53
17051984 23 -0.52
18051984 23 -0.50
19051984 23 -0.47
20051984 23 -0.44
21051984 23 -0.41
22051984 23 -0.39
23051984 23 -0.39
24051984 23 -0.40
25051984 23 -0.41
26051984 23 -0.43
27051984 23 -0.46
28051984 23 -0.49
29051984 23 -0.52
30051984 23 -0.54
31051984 23 -0.56
01061984 23 -0.56
02061984 23 -0.56
03061984 23 -0.55
04061984 23 -0.53
05061984 23 -0.50
06061984 23 -0.48
07061984 23 -0.47
08061984 23 -0.46
09061984 23 -0.46
10061984 23 -0.47
11061984 23 -0.49
12061984 23 -0.50
13061984 23 -0.51
14061984 23 -0.52
15061984 23 -0.51
16061984 23 -0.50
17061984 23 -0.48
18061984 23 -0.45
19061984 23 -0.43
20061984 23 -0.41
21061984 23 -0.40
22061984 23 -0.40
23061984 23 -0.42
24061984 23 -0.43
25061984 23 -0.46
26061984 23 -0.49
27061984 23 -0.52
28061984 23 -0.55
29061984 23 -0.57
30061984 23 -0.58
01071984 23 -0.58
02071984 23 -0.56
03071984 23 -0.54
04071984 23 -0.51
05071984 23 -0.48
06071984 23 -0.46
07071984 23 -0.44
08071984 23 -0.44
09071984 23 -0.44
10071984 23 -0.46
11071984 23 -0.48
12071984 23 -0.49
13071984 23 -0.50
14071984 23 -0.51
15071984 23 -0.50
16071984 23 -0.49
17071984 23 -0.47
18071984 23 -0.45
19071984 23 -0.43
20071984 23 -0.42
21071984 23 -0.42
22071984 23 -0.42
23071984 23 -0.43
24071984 23 -0.46
25071984 23 -0.48
26071984 23 -0.52
27071984 23 -0.55
28071984 23 -0.57
29071984 23 -0.59
30071984 23 -0.59
31071984 23 -0.58
01081984 23 -0.55
02081984 23 -0.52
03081984 23 -0.48
04081984 23 -0.45
05081984 23 -0.43
06081984 23 -0.42
07081984 23 -0.42
08081984 23 -0.43
09081984 23 -0.45
10081984 23 -0.47
11081984 23 -0.49
12081984 23 -0.50
13081984 23 -0.50
14081984 23 -0.50
15081984 23 -0.49
16081984 23 -0.47
17081984 23 -0.45
18081984 23 -0.44
19081984 23 -0.43
20081984 23 -0.43
21081984 23 -0.44
22081984 23 -0.46
23081984 23 -0.48
24081984 23 -0.51
25081984 23 -0.55
26081984 23 -0.57
27081984 23 -0.59
28081984 23 -0.59
29081984 23 -0.58
30081984 23 -0.55
31081984 23 -0.52
01091984 23 -0.48
02091984 23 -0.44
03091984 23 -0.41
04091984 23 -0.40
05091984 23 -0.40
06091984 23 -0.41
07091984 23 -0.43
08091984 23 -0.45
09091984 23 -0.48
10091984 23 -0.50
11091984 23 -0.51
12091984 23 -0.51
13091984 23 -0.51
14091984 23 -0.49
15091984 23 -0.48
16091984 23 -0.47
17091984 23 -0.46
18091984 23 -0.45
19091984 23 -0.45
20091984 23 -0.46
21091984 23 -0.48
22091984 23 -0.51
23091984 23 -0.54
24091984 23 -0.57
25091984 23 -0.58
26091984 23 -0.59
27091984 23 -0.57
28091984 23 -0.55
29091984 23 -0.51
30091984 23 -0.47
01101984 23 -0.43
02101984 23 -0.41
03101984 23 -0.39
04101984 23 -0.39
05101984 23 -0.40
06101984 23 -0.42
07101984 23 -0.44
08101984 23 -0.47
09101984 23 -0.49
10101984 23 -0.51
11101984 23 -0.52
12101984 23 -0.52
13101984 23 -0.52
14101984 23 -0.51
15101984 23 -0.49
16101984 23 -0.48
17101984 23 -0.46
18101984 23 -0.45
19101984 23 -0.46
20101984 23 -0.47
21101984 23 -0.50
22101984 23 -0.53
23101984 23 -0.55
24101984 23 -0.57
25101984 23 -0.57
26101984 23 -0.56
27101984 23 -0.54
28101984 23 -0.51
29101984 23 -0.47
30101984 23 -0.43
31101984 23 -0.40
01111984 23 -0.39
02111984 23 -0.38
03111984 23 -0.39
04111984 23 -0.40
05111984 23 -0.43
06111984 23 -0.46
07111984 23 -0.49
08111984 23 -0.52
09111984 23 -0.54
10111984 23 -0.54
11111984 23 -0.54
12111984 23 -0.53
13111984 23 -0.52
14111984 23 -0.50
15111984 23 -0.47
16111984 23 -0.46
17111984 23 -0.45
18111984 23 -0.46
19111984 23 -0.48
20111984 23 -0.51
21111984 23 -0.54
22111984 23 -0.55
23111984 23 -0.55
24111984 23 -0.55
25111984 23 -0.53
26111984 23 -0.50
27111984 23 -0.47
28111984 23 -0.44
29111984 23 -0.41
30111984 23 -0.39
01121984 23 -0.38
02121984 23 -0.38
03121984 23 -0.40
04121984 23 -0.43
05121984 23 -0.46
06121984 23 -0.50
07121984 23 -0.53
08121984 23 -0.55
09121984 23 -0.56
10121984 23 -0.56
11121984 23 -0.55
12121984 23 -0.54
13121984 23 -0.51
14121984 23 -0.48
15121984 23 -0.46
16121984 23 -0.45
17121984 23 -0.45
18121984 23 -0.47
19121984 23 -0.49
20121984 23 -0.51
21121984 23 -0.53
22121984 23 -0.53
23121984 23 -0.53
24121984 23 -0.52
25121984 23 -0.50
26121984 23 -0.47
27121984 23 -0.44
28121984 23 -0.42
29121984 23 -0.40
30121984 23 -0.39
31121984 23 -0.39
