01011951 23 -0.45
02011951 23 -0.46
03011951 23 -0.48
04011951 23 -0.51
05011951 23 -0.53
06011951 23 -0.55
07011951 23 -0.56
08011951 23 -0.56
09011951 23 -0.55
10011951 23 -0.53
11011951 23 -0.50
12011951 23 -0.47
13011951 23 -0.43
14011951 23 -0.40
15011951 23 -0.39
16011951 23 -0.38
17011951 23 -0.39
18011951 23 -0.41
19011951 23 -0.44
20011951 23 -0.47
21011951 23 -0.50
22011951 23 -0.52
23011951 23 -0.53
24011951 23 -0.54
25011951 23 -0.54
26011951 23 -0.53
27011951 23 -0.52
28011951 23 -0.50
29011951 23 -0.48
30011951 23 -0.46
31011951 23 -0.46
01021951 23 -0.47
02021951 23 -0.49
03021951 23 -0.51
04021951 23 -0.53
05021951 23 -0.54
06021951 23 -0.54
07021951 23 -0.53
08021951 23 -0.52
09021951 23 -0.50
10021951 23 -0.47
11021951 23 -0.44
12021951 23 -0.41
13021951 23 -0.39
14021951 23 -0.38
15021951 23 -0.39
16021951 23 -0.41
17021951 23 -0.43
18021951 23 -0.46
19021951 23 -0.50
20021951 23 -0.52
21021951 23 -0.54
22021951 23 -0.55
23021951 23 -0.56
24021951 23 -0.55
25021951 23 -0.54
26021951 23 -0.52
27021951 23 -0.49
28021951 23 -0.47
01031951 23 -0.46
02031951 23 -0.46
03031951 23 -0.47
04031951 23 -0.49
05031951 23 -0.50
06031951 23 -0.51
07031951 23 -0.52
08031951 23 -0.51
09031951 23 -0.51
10031951 23 -0.49
11031951 23 -0.47
12031951 23 -0.45
13031951 23 -0.42
14031951 23 -0.40
15031951 23 -0.39
16031951 23 -0.39
17031951 23 -0.41
18031951 23 -0.43
19031951 23 -0.46
20031951 23 -0.49
21031951 23 -0.52
22031951 23 -0.55
23031951 23 -0.56
24031951 23 -0.57
25031951 23 -0.57
26031951 23 -0.56
27031951 23 -0.53
28031951 23 -0.51
29031951 23 -0.48
30031951 23 -0.46
31031951 23 -0.45
01041951 23 -0.45
02041951 23 -0.46
03041951 23 -0.47
04041951 23 -0.48
05041951 23 -0.49
06041951 23 -0.50
07041951 23 -0.50
08041951 23 -0.49
09041951 23 -0.48
10041951 23 -0.46
11041951 23 -0.44
12041951 23 -0.42
13041951 23 -0.41
14041951 23 -0.41
15041951 23 -0.42
16041951 23 -0.44
17041951 23 -0.46
18041951 23 -0.49
19041951 23 -0.52
20041951 23 -0.55
21041951 23 -0.57
22041951 23 -0.58
23041951 23 -0.58
24041951 23 -0.57
25041951 23 -0.55
26041951 23 -0.52
27041951 23 -0.49
28041951 23 -0.46
29041951 23 -0.44
30041951 23 -0.43
01051951 23 -0.43
02051951 23 -0.44
03051951 23 -0.46
04051951 23 -0.47
05051951 23 -0.48
06051951 23 -0.49
07051951 23 -0.49
08051951 23 -0.49
09051951 23 -0.48
10051951 23 -0.46
11051951 23 -0.45
12051951 23 -0.43
13051951 23 -0.43
14051951 23 -0.43
15051951 23 -0.45
16051951 23 -0.47
17051951 23 -0.49
18051951 23 -0.52
19051951 23 -0.54
20051951 23 -0.56
21051951 23 -0.58
22051951 23 -0.58
23051951 23 -0.57
24051951 23 -0.55
25051951 23 -0.52
26051951 23 -0.49
27051951 23 -0.46
28051951 23 -0.43
29051951 23 -0.41
30051951 23 -0.41
31051951 23 -0.42
01061951 23 -0.43
02061951 23 -0.45
03061951 23 -0.47
04061951 23 -0.48
05061951 23 -0.50
06061951 23 -0.50
07061951 23 -0.50
08061951 23 -0.49
09061951 23 -0.48
10061951 23 -0.46
11061951 23 -0.46
12061951 23 -0.45
13061951 23 -0.46
14061951 23 -0.47
15061951 23 -0.48
16061951 23 -0.51
17061951 23 -0.53
18061951 23 -0.55
19061951 23 -0.57
20061951 23 -0.58
21061951 23 -0.57
22061951 23 -0.56
23061951 23 -0.53
24061951 23 -0.49
25061951 23 -0.45
26061951 23 -0.42
27061951 23 -0.40
28061951 23 -0.39
29061951 23 -0.40
30061951 23 -0.41
01071951 23 -0.43
02071951 23 -0.46
03071951 23 -0.48
04071951 23 -0.50
05071951 23 -0.51
06071951 23 -0.52
07071951 23 -0.52
08071951 23 -0.51
09071951 23 -0.50
10071951 23 -0.48
11071951 23 -0.47
12071951 23 -0.47
13071951 23 -0.47
14071951 23 -0.47
15071951 23 -0.49
16071951 23 -0.51
17071951 23 -0.54
18071951 23 -0.56
19071951 23 -0.57
20071951 23 -0.57
21071951 23 -0.55
22071951 23 -0.53
23071951 23 -0.49
24071951 23 -0.45
25071951 23 -0.42
26071951 23 -0.40
27071951 23 -0.39
28071951 23 -0.39
29071951 23 -0.40
30071951 23 -0.42
31071951 23 -0.45
01081951 23 -0.47
02081951 23 -0.50
03081951 23 -0.52
04081951 23 -0.54
05081951 23 -0.54
06081951 23 -0.54
07081951 23 -0.52
08081951 23 -0.51
09081951 23 -0.49
10081951 23 -0.47
11081951 23 -0.46
12081951 23 -0.46
13081951 23 -0.47
14081951 23 -0.49
15081951 23 -0.52
16081951 23 -0.54
17081951 23 -0.55
18081951 23 -0.55
19081951 23 -0.54
20081951 23 -0.52
21081951 23 -0.49
22081951 23 -0.45
23081951 23 -0.42
24081951 23 -0.40
25081951 23 -0.39
26081951 23 -0.39
27081951 23 -0.39
28081951 23 -0.41
29081951 23 -0.44
30081951 23 -0.47
31081951 23 -0.51
01091951 23 -0.54
02091951 23 -0.56
03091951 23 -0.56
04091951 23 -0.56
05091951 23 -0.55
06091951 23 -0.53
07091951 23 -0.50
08091951 23 -0.48
09091951 23 -0.46
10091951 23 -0.45
11091951 23 -0.46
12091951 23 -0.47
13091951 23 -0.50
14091951 23 -0.52
15091951 23 -0.53
16091951 23 -0.54
17091951 23 -0.53
18091951 23 -0.51
19091951 23 -0.49
20091951 23 -0.46
21091951 23 -0.43
22091951 23 -0.41
23091951 23 -0.39
24091951 23 -0.39
25091951 23 -0.40
26091951 23 -0.41
27091951 23 -0.44
28091951 23 -0.48
29091951 23 -0.51
30091951 23 -0.54
01101951 23 -0.57
02101951 23 -0.58
03101951 23 -0.58
04101951 23 -0.56
05101951 23 -0.54
06101951 23 -0.51
07101951 23 -0.48
08101951 23 -0.46
09101951 23 -0.44
10101951 23 -0.44
11101951 23 -0.45
12101951 23 -0.47
13101951 23 -0.50
14101951 23 -0.51
15101951 23 -0.52
16101951 23 -0.52
17101951 23 -0.51
18101951 23 -0.49
19101951 23 -0.46
20101951 23 -0.44
21101951 23 -0.42
22101951 23 -0.41
23101951 23 -0.40
24101951 23 -0.40
25101951 23 -0.42
26101951 23 -0.44
27101951 23 -0.48
28101951 23 -0.52
29101951 23 -0.55
30101951 23 -0.57
31101951 23 -0.59
01111951 23 -0.59
02111951 23 -0.58
03111951 23 -0.55
04111951 23 -0.52
05111951 23 -0.48
06111951 23 -0.45
07111951 23 -0.43
08111951 23 -0.42
09111951 23 -0.43
10111951 23 -0.45
11111951 23 -0.47
12111951 23 -0.49
13111951 23 -0.50
14111951 23 -0.50
15111951 23 -0.50
16111951 23 -0.49
17111951 23 -0.48
18111951 23 -0.46
19111951 23 -0.44
20111951 23 -0.43
21111951 23 -0.42
22111951 23 -0.41
23111951 23 -0.42
24111951 23 -0.45
25111951 23 -0.48
26111951 23 -0.52
27111951 23 -0.55
28111951 23 -0.58
29111951 23 -0.59
30111951 23 -0.59
01121951 23 -0.58
02121951 23 -0.55
03121951 23 -0.52
04121951 23 -0.48
05121951 23 -0.45
06121951 23 -0.42
07121951 23 -0.41
08121951 23 -0.41
09121951 23 -0.43
10121951 23 -0.45
11121951 23 -0.47
12121951 23 -0.48
13121951 23 -0.50
14121951 23 -0.50
15121951 23 -0.50
16121951 23 -0.49
17121951 23 -0.48
18121951 23 -0.46
19121951 23 -0.45
20121951 23 -0.43
21121951 23 -0.43
22121951 23 -0.43
23121951 23 -0.45
24121951 23 -0.48
25121951 23 -0.52
26121951 23 -0.55
27121951 23 -0.57
28121951 23 -0.59
29121951 23 -0.59
30121951 23 -0.57
31121951 23 -0.55
