01011996 23 -0.41
02011996 23 -0.43
03011996 23 -0.46
04011996 23 -0.48
05011996 23 -0.50
06011996 23 -0.51
07011996 23 -0.51
08011996 23 -0.51
09011996 23 -0.50
10011996 23 -0.49
11011996 23 -0.47
12011996 23 -0.46
13011996 23 -0.45
14011996 23 -0.45
15011996 23 -0.47
16011996 23 -0.49
17011996 23 -0.52
18011996 23 -0.55
19011996 23 -0.57
20011996 23 -0.57
21011996 23 -0.57
22011996 23 -0.55
23011996 23 -0.53
24011996 23 -0.50
25011996 23 -0.46
26011996 23 -0.43
27011996 23 -0.40
28011996 23 -0.39
29011996 23 -0.39
30011996 23 -0.40
31011996 23 -0.42
01021996 23 -0.44
02021996 23 -0.47
03021996 23 -0.50
04021996 23 -0.51
05021996 23 -0.52
06021996 23 -0.52
07021996 23 -0.52
08021996 23 -0.51
09021996 23 -0.50
10021996 23 -0.48
11021996 23 -0.47
12021996 23 -0.46
13021996 23 -0.47
14021996 23 -0.49
15021996 23 -0.51
16021996 23 -0.53
17021996 23 -0.55
18021996 23 -0.55
19021996 23 -0.55
20021996 23 -0.54
21021996 23 -0.52
22021996 23 -0.50
23021996 23 -0.47
24021996 23 -0.43
25021996 23 -0.41
26021996 23 -0.39
27021996 23 -0.38
28021996 23 -0.39
29021996 23 -0.41
01031996 23 -0.44
02031996 23 -0.47
03031996 23 -0.49
04031996 23 -0.52
05031996 23 -0.53
06031996 23 -0.54
07031996 23 -0.54
08031996 23 -0.54
09031996 23 -0.52
10031996 23 -0.50
11031996 23 -0.48
12031996 23 -0.47
13031996 23 -0.47
14031996 23 -0.48
15031996 23 -0.49
16031996 23 -0.51
17031996 23 -0.52
18031996 23 -0.53
19031996 23 -0.53
20031996 23 -0.53
21031996 23 -0.52
22031996 23 -0.50
23031996 23 -0.47
24031996 23 -0.44
25031996 23 -0.41
26031996 23 -0.39
27031996 23 -0.39
28031996 23 -0.39
29031996 23 -0.41
30031996 23 -0.43
31031996 23 -0.46
01041996 23 -0.49
02041996 23 -0.52
03041996 23 -0.54
04041996 23 -0.56
05041996 23 -0.56
06041996 23 -0.56
07041996 23 -0.54
08041996 23 -0.52
09041996 23 -0.50
10041996 23 -0.48
11041996 23 -0.47
12041996 23 -0.46
13041996 23 -0.47
14041996 23 -0.48
15041996 23 -0.49
16041996 23 -0.50
17041996 23 -0.51
18041996 23 -0.51
19041996 23 -0.51
20041996 23 -0.50
21041996 23 -0.48
22041996 23 -0.45
23041996 23 -0.43
24041996 23 -0.41
25041996 23 -0.40
26041996 23 -0.40
27041996 23 -0.41
28041996 23 -0.43
29041996 23 -0.46
30041996 23 -0.49
01051996 23 -0.52
02051996 23 -0.55
03051996 23 -0.56
04051996 23 -0.57
05051996 23 -0.57
06051996 23 -0.56
07051996 23 -0.54
08051996 23 -0.51
09051996 23 -0.49
10051996 23 -0.46
11051996 23 -0.45
12051996 23 -0.44
13051996 23 -0.45
14051996 23 -0.46
15051996 23 -0.47
16051996 23 -0.49
17051996 23 -0.50
18051996 23 -0.50
19051996 23 -0.50
20051996 23 -0.49
21051996 23 -0.47
22051996 23 -0.45
23051996 23 -0.43
24051996 23 -0.42
25051996 23 -0.42
26051996 23 -0.43
27051996 23 -0.44
28051996 23 -0.46
29051996 23 -0.49
30051996 23 -0.52
31051996 23 -0.54
01061996 23 -0.57
02061996 23 -0.58
03061996 23 -0.58
04061996 23 -0.57
05061996 23 -0.55
06061996 23 -0.52
07061996 23 -0.49
08061996 23 -0.46
09061996 23 -0.43
10061996 23 -0.42
11061996 23 -0.42
12061996 23 -0.43
13061996 23 -0.45
14061996 23 -0.47
15061996 23 -0.48
16061996 23 -0.49
17061996 23 -0.50
18061996 23 -0.49
19061996 23 -0.48
20061996 23 -0.47
21061996 23 -0.46
22061996 23 -0.44
23061996 23 -0.44
24061996 23 -0.44
25061996 23 -0.45
26061996 23 -0.46
27061996 23 -0.48
28061996 23 -0.51
29061996 23 -0.54
30061996 23 -0.56
01071996 23 -0.58
02071996 23 -0.58
03071996 23 -0.58
04071996 23 -0.56
05071996 23 -0.53
06071996 23 -0.49
07071996 23 -0.45
08071996 23 -0.42
09071996 23 -0.41
10071996 23 -0.40
11071996 23 -0.41
12071996 23 -0.43
13071996 23 -0.45
14071996 23 -0.47
15071996 23 -0.48
16071996 23 -0.50
17071996 23 -0.51
18071996 23 -0.51
19071996 23 -0.50
20071996 23 -0.49
21071996 23 -0.47
22071996 23 -0.46
23071996 23 -0.46
24071996 23 -0.45
25071996 23 -0.46
26071996 23 -0.47
27071996 23 -0.50
28071996 23 -0.53
29071996 23 -0.55
30071996 23 -0.57
31071996 23 -0.58
01081996 23 -0.58
02081996 23 -0.56
03081996 23 -0.53
04081996 23 -0.49
05081996 23 -0.45
06081996 23 -0.42
07081996 23 -0.40
08081996 23 -0.39
09081996 23 -0.39
10081996 23 -0.41
11081996 23 -0.43
12081996 23 -0.46
13081996 23 -0.48
14081996 23 -0.50
15081996 23 -0.52
16081996 23 -0.53
17081996 23 -0.52
18081996 23 -0.51
19081996 23 -0.50
20081996 23 -0.49
21081996 23 -0.47
22081996 23 -0.46
23081996 23 -0.46
24081996 23 -0.47
25081996 23 -0.49
26081996 23 -0.51
27081996 23 -0.54
28081996 23 -0.56
29081996 23 -0.57
30081996 23 -0.57
31081996 23 -0.55
01091996 23 -0.52
02091996 23 -0.48
03091996 23 -0.45
04091996 23 -0.41
05091996 23 -0.39
06091996 23 -0.38
07091996 23 -0.39
08091996 23 -0.40
09091996 23 -0.42
10091996 23 -0.45
11091996 23 -0.48
12091996 23 -0.51
13091996 23 -0.53
14091996 23 -0.55
15091996 23 -0.55
16091996 23 -0.54
17091996 23 -0.53
18091996 23 -0.51
19091996 23 -0.49
20091996 23 -0.47
21091996 23 -0.46
22091996 23 -0.46
23091996 23 -0.47
24091996 23 -0.49
25091996 23 -0.52
26091996 23 -0.54
27091996 23 -0.55
28091996 23 -0.55
29091996 23 -0.54
30091996 23 -0.51
01101996 23 -0.48
02101996 23 -0.45
03101996 23 -0.42
04101996 23 -0.40
05101996 23 -0.38
06101996 23 -0.38
07101996 23 -0.39
08101996 23 -0.42
09101996 23 -0.45
10101996 23 -0.48
11101996 23 -0.52
12101996 23 -0.54
13101996 23 -0.56
14101996 23 -0.57
15101996 23 -0.56
16101996 23 -0.55
17101996 23 -0.53
18101996 23 -0.50
19101996 23 -0.47
20101996 23 -0.45
21101996 23 -0.45
22101996 23 -0.45
23101996 23 -0.47
24101996 23 -0.50
25101996 23 -0.52
26101996 23 -0.53
27101996 23 -0.53
28101996 23 -0.52
29101996 23 -0.51
30101996 23 -0.48
31101996 23 -0.45
01111996 23 -0.43
02111996 23 -0.41
03111996 23 -0.39
04111996 23 -0.39
05111996 23 -0.40
06111996 23 -0.42
07111996 23 -0.45
08111996 23 -0.48
09111996 23 -0.52
10111996 23 -0.55
11111996 23 -0.57
12111996 23 -0.58
13111996 23 -0.58
14111996 23 -0.56
15111996 23 -0.54
16111996 23 -0.51
17111996 23 -0.47
18111996 23 -0.45
19111996 23 -0.44
20111996 23 -0.44
21111996 23 -0.45
22111996 23 -0.48
23111996 23 -0.49
24111996 23 -0.51
25111996 23 -0.51
26111996 23 -0.51
27111996 23 -0.50
28111996 23 -0.48
29111996 23 -0.46
30111996 23 -0.44
01121996 23 -0.42
02121996 23 -0.41
03121996 23 -0.40
04121996 23 -0.40
05121996 23 -0.42
06121996 23 -0.45
07121996 23 -0.49
08121996 23 -0.52
09121996 23 -0.56
10121996 23 -0.58
11121996 23 -0.59
12121996 23 -0.59
13121996 23 -0.57
14121996 23 -0.54
15121996 23 -0.51
16121996 23 -0.48
17121996 23 -0.45
18121996 23 -0.43
19121996 23 -0.43
20121996 23 -0.43
21121996 23 -0.45
22121996 23 -0.47
23121996 23 -0.48
24121996 23 -0.50
25121996 23 -0.50
26121996 23 -0.50
27121996 23 -0.49
28121996 23 -0.48
29121996 23 -0.46
30121996 23 -0.44
31121996 23 -0.43
