01011966 23 -0.43
02011966 23 -0.45
03011966 23 -0.49
04011966 23 -0.52
05011966 23 -0.56
06011966 23 -0.58
07011966 23 -0.59
08011966 23 -0.59
09011966 23 -0.57
10011966 23 -0.55
11011966 23 -0.51
12011966 23 -0.48
13011966 23 -0.45
14011966 23 -0.42
15011966 23 -0.41
16011966 23 -0.41
17011966 23 -0.43
18011966 23 -0.44
19011966 23 -0.46
20011966 23 -0.48
21011966 23 -0.49
22011966 23 -0.50
23011966 23 -0.50
24011966 23 -0.49
25011966 23 -0.48
26011966 23 -0.46
27011966 23 -0.45
28011966 23 -0.44
29011966 23 -0.43
30011966 23 -0.44
31011966 23 -0.46
01021966 23 -0.49
02021966 23 -0.52
03021966 23 -0.55
04021966 23 -0.57
05021966 23 -0.58
06021966 23 -0.58
07021966 23 -0.57
08021966 23 -0.54
09021966 23 -0.52
10021966 23 -0.48
11021966 23 -0.45
12021966 23 -0.42
13021966 23 -0.40
14021966 23 -0.40
15021966 23 -0.41
16021966 23 -0.42
17021966 23 -0.45
18021966 23 -0.47
19021966 23 -0.48
20021966 23 -0.50
21021966 23 -0.50
22021966 23 -0.51
23021966 23 -0.50
24021966 23 -0.49
25021966 23 -0.48
26021966 23 -0.46
27021966 23 -0.46
28021966 23 -0.46
01031966 23 -0.47
02031966 23 -0.49
03031966 23 -0.51
04031966 23 -0.54
05031966 23 -0.55
06031966 23 -0.56
07031966 23 -0.56
08031966 23 -0.56
09031966 23 -0.54
10031966 23 -0.52
11031966 23 -0.48
12031966 23 -0.45
13031966 23 -0.42
14031966 23 -0.40
15031966 23 -0.39
16031966 23 -0.39
17031966 23 -0.41
18031966 23 -0.43
19031966 23 -0.46
20031966 23 -0.48
21031966 23 -0.50
22031966 23 -0.51
23031966 23 -0.52
24031966 23 -0.52
25031966 23 -0.52
26031966 23 -0.51
27031966 23 -0.49
28031966 23 -0.48
29031966 23 -0.47
30031966 23 -0.47
31031966 23 -0.48
01041966 23 -0.50
02041966 23 -0.52
03041966 23 -0.53
04041966 23 -0.54
05041966 23 -0.55
06041966 23 -0.54
07041966 23 -0.53
08041966 23 -0.51
09041966 23 -0.49
10041966 23 -0.45
11041966 23 -0.42
12041966 23 -0.40
13041966 23 -0.38
14041966 23 -0.39
15041966 23 -0.40
16041966 23 -0.42
17041966 23 -0.45
18041966 23 -0.48
19041966 23 -0.50
20041966 23 -0.52
21041966 23 -0.54
22041966 23 -0.55
23041966 23 -0.54
24041966 23 -0.53
25041966 23 -0.52
26041966 23 -0.50
27041966 23 -0.48
28041966 23 -0.47
29041966 23 -0.47
30041966 23 -0.48
01051966 23 -0.49
02051966 23 -0.51
03051966 23 -0.52
04051966 23 -0.52
05051966 23 -0.53
06051966 23 -0.52
07051966 23 -0.51
08051966 23 -0.49
09051966 23 -0.46
10051966 23 -0.43
11051966 23 -0.40
12051966 23 -0.39
13051966 23 -0.39
14051966 23 -0.40
15051966 23 -0.42
16051966 23 -0.45
17051966 23 -0.47
18051966 23 -0.50
19051966 23 -0.53
20051966 23 -0.55
21051966 23 -0.56
22051966 23 -0.56
23051966 23 -0.56
24051966 23 -0.54
25051966 23 -0.52
26051966 23 -0.49
27051966 23 -0.48
28051966 23 -0.46
29051966 23 -0.46
30051966 23 -0.46
31051966 23 -0.48
01061966 23 -0.49
02061966 23 -0.50
03061966 23 -0.51
04061966 23 -0.51
05061966 23 -0.51
06061966 23 -0.49
07061966 23 -0.47
08061966 23 -0.44
09061966 23 -0.42
10061966 23 -0.40
11061966 23 -0.40
12061966 23 -0.41
13061966 23 -0.42
14061966 23 -0.44
15061966 23 -0.47
16061966 23 -0.50
17061966 23 -0.53
18061966 23 -0.56
19061966 23 -0.57
20061966 23 -0.58
21061966 23 -0.57
22061966 23 -0.56
23061966 23 -0.53
24061966 23 -0.50
25061966 23 -0.47
26061966 23 -0.45
27061966 23 -0.44
28061966 23 -0.44
29061966 23 -0.45
30061966 23 -0.46
01071966 23 -0.48
02071966 23 -0.49
03071966 23 -0.50
04071966 23 -0.50
05071966 23 -0.50
06071966 23 -0.48
07071966 23 -0.46
08071966 23 -0.44
09071966 23 -0.43
10071966 23 -0.42
11071966 23 -0.42
12071966 23 -0.43
13071966 23 -0.44
14071966 23 -0.47
15071966 23 -0.50
16071966 23 -0.53
17071966 23 -0.56
18071966 23 -0.58
19071966 23 -0.59
20071966 23 -0.59
21071966 23 -0.57
22071966 23 -0.54
23071966 23 -0.51
24071966 23 -0.47
25071966 23 -0.44
26071966 23 -0.42
27071966 23 -0.42
28071966 23 -0.42
29071966 23 -0.44
30071966 23 -0.46
31071966 23 -0.48
01081966 23 -0.49
02081966 23 -0.50
03081966 23 -0.50
04081966 23 -0.50
05081966 23 -0.48
06081966 23 -0.47
07081966 23 -0.45
08081966 23 -0.44
09081966 23 -0.44
10081966 23 -0.44
11081966 23 -0.45
12081966 23 -0.46
13081966 23 -0.49
14081966 23 -0.52
15081966 23 -0.56
16081966 23 -0.58
17081966 23 -0.59
18081966 23 -0.59
19081966 23 -0.57
20081966 23 -0.54
21081966 23 -0.50
22081966 23 -0.46
23081966 23 -0.43
24081966 23 -0.41
25081966 23 -0.40
26081966 23 -0.40
27081966 23 -0.42
28081966 23 -0.44
29081966 23 -0.46
30081966 23 -0.48
31081966 23 -0.50
01091966 23 -0.51
02091966 23 -0.51
03091966 23 -0.50
04091966 23 -0.49
05091966 23 -0.48
06091966 23 -0.47
07091966 23 -0.45
08091966 23 -0.45
09091966 23 -0.45
10091966 23 -0.46
11091966 23 -0.49
12091966 23 -0.52
13091966 23 -0.55
14091966 23 -0.57
15091966 23 -0.58
16091966 23 -0.58
17091966 23 -0.57
18091966 23 -0.54
19091966 23 -0.50
20091966 23 -0.46
21091966 23 -0.42
22091966 23 -0.40
23091966 23 -0.39
24091966 23 -0.39
25091966 23 -0.40
26091966 23 -0.42
27091966 23 -0.45
28091966 23 -0.48
29091966 23 -0.50
30091966 23 -0.52
01101966 23 -0.53
02101966 23 -0.53
03101966 23 -0.52
04101966 23 -0.51
05101966 23 -0.49
06101966 23 -0.47
07101966 23 -0.46
08101966 23 -0.45
09101966 23 -0.46
10101966 23 -0.48
11101966 23 -0.50
12101966 23 -0.53
13101966 23 -0.56
14101966 23 -0.57
15101966 23 -0.57
16101966 23 -0.56
17101966 23 -0.53
18101966 23 -0.49
19101966 23 -0.46
20101966 23 -0.42
21101966 23 -0.40
22101966 23 -0.38
23101966 23 -0.38
24101966 23 -0.39
25101966 23 -0.41
26101966 23 -0.44
27101966 23 -0.47
28101966 23 -0.50
29101966 23 -0.53
30101966 23 -0.54
31101966 23 -0.55
01111966 23 -0.54
02111966 23 -0.53
03111966 23 -0.51
04111966 23 -0.49
05111966 23 -0.47
06111966 23 -0.46
07111966 23 -0.45
08111966 23 -0.47
09111966 23 -0.49
10111966 23 -0.52
11111966 23 -0.54
12111966 23 -0.55
13111966 23 -0.55
14111966 23 -0.54
15111966 23 -0.52
16111966 23 -0.49
17111966 23 -0.46
18111966 23 -0.43
19111966 23 -0.40
20111966 23 -0.39
21111966 23 -0.38
22111966 23 -0.39
23111966 23 -0.41
24111966 23 -0.44
25111966 23 -0.47
26111966 23 -0.51
27111966 23 -0.54
28111966 23 -0.56
29111966 23 -0.56
30111966 23 -0.56
01121966 23 -0.55
02121966 23 -0.53
03121966 23 -0.50
04121966 23 -0.48
05121966 23 -0.46
06121966 23 -0.45
07121966 23 -0.45
08121966 23 -0.47
09121966 23 -0.50
10121966 23 -0.52
11121966 23 -0.53
12121966 23 -0.53
13121966 23 -0.52
14121966 23 -0.51
15121966 23 -0.49
16121966 23 -0.46
17121966 23 -0.44
18121966 23 -0.41
19121966 23 -0.39
20121966 23 -0.39
21121966 23 -0.39
22121966 23 -0.41
23121966 23 -0.44
24121966 23 -0.47
25121966 23 -0.51
26121966 23 -0.54
27121966 23 -0.56
28121966 23 -0.58
29121966 23 -0.58
30121966 23 -0.56
31121966 23 -0.54
