01011942 23 -0.50
02011942 23 -0.52
03011942 23 -0.53
04011942 23 -0.54
05011942 23 -0.53
06011942 23 -0.52
07011942 23 -0.50
08011942 23 -0.48
09011942 23 -0.47
10011942 23 -0.46
11011942 23 -0.46
12011942 23 -0.48
13011942 23 -0.50
14011942 23 -0.53
15011942 23 -0.54
16011942 23 -0.55
17011942 23 -0.55
18011942 23 -0.54
19011942 23 -0.52
20011942 23 -0.49
21011942 23 -0.46
22011942 23 -0.43
23011942 23 -0.40
24011942 23 -0.38
25011942 23 -0.38
26011942 23 -0.39
27011942 23 -0.41
28011942 23 -0.44
29011942 23 -0.47
30011942 23 -0.50
31011942 23 -0.53
01021942 23 -0.54
02021942 23 -0.55
03021942 23 -0.55
04021942 23 -0.54
05021942 23 -0.52
06021942 23 -0.50
07021942 23 -0.48
08021942 23 -0.47
09021942 23 -0.46
10021942 23 -0.47
11021942 23 -0.48
12021942 23 -0.50
13021942 23 -0.52
14021942 23 -0.53
15021942 23 -0.53
16021942 23 -0.52
17021942 23 -0.51
18021942 23 -0.49
19021942 23 -0.47
20021942 23 -0.44
21021942 23 -0.41
22021942 23 -0.39
23021942 23 -0.39
24021942 23 -0.39
25021942 23 -0.41
26021942 23 -0.44
27021942 23 -0.47
28021942 23 -0.50
01031942 23 -0.53
02031942 23 -0.55
03031942 23 -0.56
04031942 23 -0.57
05031942 23 -0.56
06031942 23 -0.54
07031942 23 -0.52
08031942 23 -0.49
09031942 23 -0.47
10031942 23 -0.46
11031942 23 -0.46
12031942 23 -0.46
13031942 23 -0.48
14031942 23 -0.49
15031942 23 -0.50
16031942 23 -0.50
17031942 23 -0.51
18031942 23 -0.50
19031942 23 -0.49
20031942 23 -0.47
21031942 23 -0.45
22031942 23 -0.43
23031942 23 -0.41
24031942 23 -0.40
25031942 23 -0.40
26031942 23 -0.42
27031942 23 -0.44
28031942 23 -0.47
29031942 23 -0.50
30031942 23 -0.53
31031942 23 -0.55
01041942 23 -0.57
02041942 23 -0.58
03041942 23 -0.57
04041942 23 -0.56
05041942 23 -0.53
06041942 23 -0.51
07041942 23 -0.48
08041942 23 -0.46
09041942 23 -0.44
10041942 23 -0.44
11041942 23 -0.45
12041942 23 -0.46
13041942 23 -0.47
14041942 23 -0.48
15041942 23 -0.49
16041942 23 -0.49
17041942 23 -0.49
18041942 23 -0.48
19041942 23 -0.47
20041942 23 -0.45
21041942 23 -0.43
22041942 23 -0.42
23041942 23 -0.42
24041942 23 -0.43
25041942 23 -0.45
26041942 23 -0.47
27041942 23 -0.50
28041942 23 -0.53
29041942 23 -0.55
30041942 23 -0.57
01051942 23 -0.58
02051942 23 -0.58
03051942 23 -0.57
04051942 23 -0.54
05051942 23 -0.51
06051942 23 -0.48
07051942 23 -0.45
08051942 23 -0.43
09051942 23 -0.42
10051942 23 -0.42
11051942 23 -0.43
12051942 23 -0.45
13051942 23 -0.46
14051942 23 -0.48
15051942 23 -0.49
16051942 23 -0.50
17051942 23 -0.49
18051942 23 -0.49
19051942 23 -0.47
20051942 23 -0.46
21051942 23 -0.45
22051942 23 -0.44
23051942 23 -0.45
24051942 23 -0.46
25051942 23 -0.47
26051942 23 -0.49
27051942 23 -0.52
28051942 23 -0.54
29051942 23 -0.56
30051942 23 -0.57
31051942 23 -0.58
01061942 23 -0.57
02061942 23 -0.55
03061942 23 -0.52
04061942 23 -0.48
05061942 23 -0.45
06061942 23 -0.42
07061942 23 -0.40
08061942 23 -0.40
09061942 23 -0.41
10061942 23 -0.43
11061942 23 -0.45
12061942 23 -0.47
13061942 23 -0.48
14061942 23 -0.50
15061942 23 -0.51
16061942 23 -0.51
17061942 23 -0.50
18061942 23 -0.49
19061942 23 -0.48
20061942 23 -0.47
21061942 23 -0.46
22061942 23 -0.46
23061942 23 -0.47
24061942 23 -0.48
25061942 23 -0.50
26061942 23 -0.53
27061942 23 -0.55
28061942 23 -0.56
29061942 23 -0.57
30061942 23 -0.57
01071942 23 -0.55
02071942 23 -0.52
03071942 23 -0.48
04071942 23 -0.44
05071942 23 -0.41
06071942 23 -0.39
07071942 23 -0.39
08071942 23 -0.40
09071942 23 -0.41
10071942 23 -0.43
11071942 23 -0.45
12071942 23 -0.48
13071942 23 -0.50
14071942 23 -0.52
15071942 23 -0.53
16071942 23 -0.53
17071942 23 -0.52
18071942 23 -0.51
19071942 23 -0.49
20071942 23 -0.48
21071942 23 -0.47
22071942 23 -0.47
23071942 23 -0.47
24071942 23 -0.49
25071942 23 -0.51
26071942 23 -0.53
27071942 23 -0.55
28071942 23 -0.56
29071942 23 -0.56
30071942 23 -0.54
31071942 23 -0.52
01081942 23 -0.48
02081942 23 -0.44
03081942 23 -0.41
04081942 23 -0.39
05081942 23 -0.38
06081942 23 -0.39
07081942 23 -0.40
08081942 23 -0.42
09081942 23 -0.45
10081942 23 -0.48
11081942 23 -0.51
12081942 23 -0.53
13081942 23 -0.55
14081942 23 -0.55
15081942 23 -0.55
16081942 23 -0.53
17081942 23 -0.51
18081942 23 -0.49
19081942 23 -0.47
20081942 23 -0.46
21081942 23 -0.46
22081942 23 -0.47
23081942 23 -0.49
24081942 23 -0.51
25081942 23 -0.53
26081942 23 -0.54
27081942 23 -0.55
28081942 23 -0.53
29081942 23 -0.51
30081942 23 -0.48
31081942 23 -0.45
01091942 23 -0.42
02091942 23 -0.40
03091942 23 -0.39
04091942 23 -0.39
05091942 23 -0.40
06091942 23 -0.42
07091942 23 -0.45
08091942 23 -0.48
09091942 23 -0.52
10091942 23 -0.55
11091942 23 -0.56
12091942 23 -0.57
13091942 23 -0.57
14091942 23 -0.55
15091942 23 -0.53
16091942 23 -0.50
17091942 23 -0.48
18091942 23 -0.45
19091942 23 -0.44
20091942 23 -0.45
21091942 23 -0.46
22091942 23 -0.49
23091942 23 -0.51
24091942 23 -0.52
25091942 23 -0.53
26091942 23 -0.52
27091942 23 -0.51
28091942 23 -0.48
29091942 23 -0.45
30091942 23 -0.43
01101942 23 -0.41
02101942 23 -0.40
03101942 23 -0.40
04101942 23 -0.40
05101942 23 -0.42
06101942 23 -0.45
07101942 23 -0.48
08101942 23 -0.52
09101942 23 -0.55
10101942 23 -0.57
11101942 23 -0.58
12101942 23 -0.58
13101942 23 -0.57
14101942 23 -0.54
15101942 23 -0.51
16101942 23 -0.48
17101942 23 -0.45
18101942 23 -0.43
19101942 23 -0.43
20101942 23 -0.44
21101942 23 -0.46
22101942 23 -0.48
23101942 23 -0.50
24101942 23 -0.51
25101942 23 -0.51
26101942 23 -0.50
27101942 23 -0.49
28101942 23 -0.47
29101942 23 -0.45
30101942 23 -0.43
31101942 23 -0.42
01111942 23 -0.41
02111942 23 -0.41
03111942 23 -0.42
04111942 23 -0.45
05111942 23 -0.48
06111942 23 -0.52
07111942 23 -0.56
08111942 23 -0.58
09111942 23 -0.59
10111942 23 -0.59
11111942 23 -0.57
12111942 23 -0.55
13111942 23 -0.51
14111942 23 -0.47
15111942 23 -0.44
16111942 23 -0.42
17111942 23 -0.42
18111942 23 -0.42
19111942 23 -0.44
20111942 23 -0.46
21111942 23 -0.48
22111942 23 -0.49
23111942 23 -0.50
24111942 23 -0.50
25111942 23 -0.49
26111942 23 -0.48
27111942 23 -0.47
28111942 23 -0.45
29111942 23 -0.44
30111942 23 -0.43
01121942 23 -0.42
02121942 23 -0.43
03121942 23 -0.45
04121942 23 -0.49
05121942 23 -0.52
06121942 23 -0.56
07121942 23 -0.58
08121942 23 -0.59
09121942 23 -0.59
10121942 23 -0.57
11121942 23 -0.55
12121942 23 -0.51
13121942 23 -0.47
14121942 23 -0.44
15121942 23 -0.41
16121942 23 -0.40
17121942 23 -0.41
18121942 23 -0.42
19121942 23 -0.44
20121942 23 -0.46
21121942 23 -0.48
22121942 23 -0.49
23121942 23 -0.50
24121942 23 -0.50
25121942 23 -0.50
26121942 23 -0.49
27121942 23 -0.47
28121942 23 -0.46
29121942 23 -0.45
30121942 23 -0.44
31121942 23 -0.44
