01011948 23 -0.50
02011948 23 -0.46
03011948 23 -0.43
04011948 23 -0.42
05011948 23 -0.41
06011948 23 -0.41
07011948 23 -0.43
08011948 23 -0.45
09011948 23 -0.47
10011948 23 -0.49
11011948 23 -0.50
12011948 23 -0.50
13011948 23 -0.50
14011948 23 -0.49
15011948 23 -0.48
16011948 23 -0.46
17011948 23 -0.45
18011948 23 -0.44
19011948 23 -0.44
20011948 23 -0.45
21011948 23 -0.47
22011948 23 -0.50
23011948 23 -0.53
24011948 23 -0.56
25011948 23 -0.58
26011948 23 -0.58
27011948 23 -0.58
28011948 23 -0.56
29011948 23 -0.53
30011948 23 -0.50
31011948 23 -0.47
01021948 23 -0.43
02021948 23 -0.41
03021948 23 -0.40
04021948 23 -0.40
05021948 23 -0.41
06021948 23 -0.43
07021948 23 -0.45
08021948 23 -0.47
09021948 23 -0.49
10021948 23 -0.50
11021948 23 -0.51
12021948 23 -0.51
13021948 23 -0.50
14021948 23 -0.49
15021948 23 -0.47
16021948 23 -0.46
17021948 23 -0.45
18021948 23 -0.46
19021948 23 -0.47
20021948 23 -0.49
21021948 23 -0.52
22021948 23 -0.54
23021948 23 -0.56
24021948 23 -0.57
25021948 23 -0.56
26021948 23 -0.55
27021948 23 -0.53
28021948 23 -0.50
29021948 23 -0.47
01031948 23 -0.44
02031948 23 -0.41
03031948 23 -0.39
04031948 23 -0.39
05031948 23 -0.40
06031948 23 -0.42
07031948 23 -0.44
08031948 23 -0.47
09031948 23 -0.49
10031948 23 -0.51
11031948 23 -0.52
12031948 23 -0.53
13031948 23 -0.52
14031948 23 -0.52
15031948 23 -0.50
16031948 23 -0.49
17031948 23 -0.47
18031948 23 -0.47
19031948 23 -0.47
20031948 23 -0.49
21031948 23 -0.50
22031948 23 -0.52
23031948 23 -0.54
24031948 23 -0.54
25031948 23 -0.55
26031948 23 -0.54
27031948 23 -0.52
28031948 23 -0.50
29031948 23 -0.47
30031948 23 -0.44
31031948 23 -0.41
01041948 23 -0.39
02041948 23 -0.38
03041948 23 -0.39
04041948 23 -0.41
05041948 23 -0.43
06041948 23 -0.46
07041948 23 -0.49
08041948 23 -0.51
09041948 23 -0.53
10041948 23 -0.54
11041948 23 -0.55
12041948 23 -0.54
13041948 23 -0.53
14041948 23 -0.51
15041948 23 -0.49
16041948 23 -0.48
17041948 23 -0.47
18041948 23 -0.47
19041948 23 -0.48
20041948 23 -0.50
21041948 23 -0.51
22041948 23 -0.52
23041948 23 -0.52
24041948 23 -0.53
25041948 23 -0.52
26041948 23 -0.50
27041948 23 -0.48
28041948 23 -0.45
29041948 23 -0.42
30041948 23 -0.40
01051948 23 -0.39
02051948 23 -0.39
03051948 23 -0.41
04051948 23 -0.43
05051948 23 -0.46
06051948 23 -0.49
07051948 23 -0.51
08051948 23 -0.54
09051948 23 -0.56
10051948 23 -0.56
11051948 23 -0.56
12051948 23 -0.55
13051948 23 -0.53
14051948 23 -0.51
15051948 23 -0.49
16051948 23 -0.47
17051948 23 -0.46
18051948 23 -0.46
19051948 23 -0.47
20051948 23 -0.48
21051948 23 -0.49
22051948 23 -0.50
23051948 23 -0.51
24051948 23 -0.51
25051948 23 -0.50
26051948 23 -0.48
27051948 23 -0.46
28051948 23 -0.43
29051948 23 -0.41
30051948 23 -0.40
31051948 23 -0.40
01061948 23 -0.42
02061948 23 -0.43
03061948 23 -0.46
04061948 23 -0.48
05061948 23 -0.51
06061948 23 -0.54
07061948 23 -0.56
08061948 23 -0.58
09061948 23 -0.58
10061948 23 -0.57
11061948 23 -0.55
12061948 23 -0.52
13061948 23 -0.49
14061948 23 -0.46
15061948 23 -0.45
16061948 23 -0.44
17061948 23 -0.44
18061948 23 -0.45
19061948 23 -0.47
20061948 23 -0.48
21061948 23 -0.49
22061948 23 -0.50
23061948 23 -0.50
24061948 23 -0.49
25061948 23 -0.47
26061948 23 -0.45
27061948 23 -0.44
28061948 23 -0.43
29061948 23 -0.42
30061948 23 -0.43
01071948 23 -0.44
02071948 23 -0.46
03071948 23 -0.48
04071948 23 -0.51
05071948 23 -0.54
06071948 23 -0.56
07071948 23 -0.58
08071948 23 -0.59
09071948 23 -0.58
10071948 23 -0.56
11071948 23 -0.53
12071948 23 -0.49
13071948 23 -0.46
14071948 23 -0.43
15071948 23 -0.42
16071948 23 -0.42
17071948 23 -0.43
18071948 23 -0.44
19071948 23 -0.46
20071948 23 -0.48
21071948 23 -0.49
22071948 23 -0.50
23071948 23 -0.50
24071948 23 -0.49
25071948 23 -0.48
26071948 23 -0.46
27071948 23 -0.45
28071948 23 -0.44
29071948 23 -0.44
30071948 23 -0.44
31071948 23 -0.45
01081948 23 -0.48
02081948 23 -0.50
03081948 23 -0.53
04081948 23 -0.56
05081948 23 -0.58
06081948 23 -0.59
07081948 23 -0.58
08081948 23 -0.56
09081948 23 -0.53
10081948 23 -0.49
11081948 23 -0.45
12081948 23 -0.42
13081948 23 -0.40
14081948 23 -0.40
15081948 23 -0.41
16081948 23 -0.42
17081948 23 -0.44
18081948 23 -0.47
19081948 23 -0.49
20081948 23 -0.50
21081948 23 -0.51
22081948 23 -0.51
23081948 23 -0.50
24081948 23 -0.49
25081948 23 -0.48
26081948 23 -0.46
27081948 23 -0.46
28081948 23 -0.45
29081948 23 -0.46
30081948 23 -0.47
31081948 23 -0.50
01091948 23 -0.53
02091948 23 -0.55
03091948 23 -0.57
04091948 23 -0.58
05091948 23 -0.58
06091948 23 -0.56
07091948 23 -0.52
08091948 23 -0.49
09091948 23 -0.45
10091948 23 -0.41
11091948 23 -0.39
12091948 23 -0.39
13091948 23 -0.39
14091948 23 -0.41
15091948 23 -0.43
16091948 23 -0.46
17091948 23 -0.48
18091948 23 -0.51
19091948 23 -0.52
20091948 23 -0.53
21091948 23 -0.53
22091948 23 -0.52
23091948 23 -0.50
24091948 23 -0.49
25091948 23 -0.47
26091948 23 -0.46
27091948 23 -0.46
28091948 23 -0.46
29091948 23 -0.48
30091948 23 -0.51
01101948 23 -0.54
02101948 23 -0.56
03101948 23 -0.57
04101948 23 -0.57
05101948 23 -0.55
06101948 23 -0.52
07101948 23 -0.48
08101948 23 -0.44
09101948 23 -0.41
10101948 23 -0.39
11101948 23 -0.38
12101948 23 -0.38
13101948 23 -0.40
14101948 23 -0.42
15101948 23 -0.45
16101948 23 -0.48
17101948 23 -0.51
18101948 23 -0.53
19101948 23 -0.55
20101948 23 -0.55
21101948 23 -0.54
22101948 23 -0.53
23101948 23 -0.51
24101948 23 -0.49
25101948 23 -0.47
26101948 23 -0.45
27101948 23 -0.46
28101948 23 -0.47
29101948 23 -0.50
30101948 23 -0.52
31101948 23 -0.54
01111948 23 -0.55
02111948 23 -0.55
03111948 23 -0.53
04111948 23 -0.51
05111948 23 -0.48
06111948 23 -0.45
07111948 23 -0.42
08111948 23 -0.40
09111948 23 -0.38
10111948 23 -0.38
11111948 23 -0.39
12111948 23 -0.42
13111948 23 -0.45
14111948 23 -0.48
15111948 23 -0.52
16111948 23 -0.54
17111948 23 -0.56
18111948 23 -0.57
19111948 23 -0.56
20111948 23 -0.55
21111948 23 -0.53
22111948 23 -0.50
23111948 23 -0.47
24111948 23 -0.45
25111948 23 -0.45
26111948 23 -0.46
27111948 23 -0.48
28111948 23 -0.50
29111948 23 -0.52
30111948 23 -0.53
01121948 23 -0.53
02121948 23 -0.52
03121948 23 -0.50
04121948 23 -0.48
05121948 23 -0.45
06121948 23 -0.43
07121948 23 -0.41
08121948 23 -0.39
09121948 23 -0.39
10121948 23 -0.40
11121948 23 -0.42
12121948 23 -0.45
13121948 23 -0.49
14121948 23 -0.52
15121948 23 -0.55
16121948 23 -0.57
17121948 23 -0.58
18121948 23 -0.58
19121948 23 -0.56
20121948 23 -0.54
21121948 23 -0.50
22121948 23 -0.47
23121948 23 -0.45
24121948 23 -0.44
25121948 23 -0.44
26121948 23 -0.46
27121948 23 -0.47
28121948 23 -0.49
29121948 23 -0.50
30121948 23 -0.51
31121948 23 -0.51
