01012015 23 -0.45
02012015 23 -0.47
03012015 23 -0.48
04012015 23 -0.49
05012015 23 -0.50
06012015 23 -0.50
07012015 23 -0.49
08012015 23 -0.48
09012015 23 -0.46
10012015 23 -0.44
11012015 23 -0.43
12012015 23 -0.42
13012015 23 -0.41
14012015 23 -0.42
15012015 23 -0.45
16012015 23 -0.48
17012015 23 -0.51
18012015 23 -0.55
19012015 23 -0.57
20012015 23 -0.58
21012015 23 -0.59
22012015 23 -0.58
23012015 23 -0.55
24012015 23 -0.53
25012015 23 -0.49
26012015 23 -0.46
27012015 23 -0.43
28012015 23 -0.42
29012015 23 -0.42
30012015 23 -0.42
31012015 23 -0.44
01022015 23 -0.46
02022015 23 -0.48
03022015 23 -0.49
04022015 23 -0.50
05022015 23 -0.50
06022015 23 -0.49
07022015 23 -0.48
08022015 23 -0.47
09022015 23 -0.45
10022015 23 -0.44
11022015 23 -0.43
12022015 23 -0.44
13022015 23 -0.45
14022015 23 -0.48
15022015 23 -0.51
16022015 23 -0.54
17022015 23 -0.56
18022015 23 -0.58
19022015 23 -0.58
20022015 23 -0.57
21022015 23 -0.55
22022015 23 -0.53
23022015 23 -0.49
24022015 23 -0.46
25022015 23 -0.43
26022015 23 -0.41
27022015 23 -0.40
28022015 23 -0.40
01032015 23 -0.42
02032015 23 -0.44
03032015 23 -0.46
04032015 23 -0.48
05032015 23 -0.49
06032015 23 -0.50
07032015 23 -0.50
08032015 23 -0.50
09032015 23 -0.49
10032015 23 -0.48
11032015 23 -0.47
12032015 23 -0.46
13032015 23 -0.46
14032015 23 -0.46
15032015 23 -0.48
16032015 23 -0.50
17032015 23 -0.53
18032015 23 -0.55
19032015 23 -0.56
20032015 23 -0.57
21032015 23 -0.56
22032015 23 -0.55
23032015 23 -0.53
24032015 23 -0.50
25032015 23 -0.46
26032015 23 -0.43
27032015 23 -0.40
28032015 23 -0.39
29032015 23 -0.39
30032015 23 -0.40
31032015 23 -0.42
01042015 23 -0.45
02042015 23 -0.47
03042015 23 -0.49
04042015 23 -0.51
05042015 23 -0.52
06042015 23 -0.52
07042015 23 -0.52
08042015 23 -0.51
09042015 23 -0.50
10042015 23 -0.48
11042015 23 -0.47
12042015 23 -0.47
13042015 23 -0.48
14042015 23 -0.49
15042015 23 -0.51
16042015 23 -0.53
17042015 23 -0.54
18042015 23 -0.55
19042015 23 -0.55
20042015 23 -0.54
21042015 23 -0.52
22042015 23 -0.50
23042015 23 -0.47
24042015 23 -0.43
25042015 23 -0.40
26042015 23 -0.39
27042015 23 -0.38
28042015 23 -0.39
29042015 23 -0.41
30042015 23 -0.44
01052015 23 -0.47
02052015 23 -0.49
03052015 23 -0.51
04052015 23 -0.53
05052015 23 -0.54
06052015 23 -0.54
07052015 23 -0.54
08052015 23 -0.52
09052015 23 -0.50
10052015 23 -0.49
11052015 23 -0.48
12052015 23 -0.47
13052015 23 -0.48
14052015 23 -0.49
15052015 23 -0.50
16052015 23 -0.51
17052015 23 -0.52
18052015 23 -0.53
19052015 23 -0.53
20052015 23 -0.52
21052015 23 -0.50
22052015 23 -0.47
23052015 23 -0.44
24052015 23 -0.41
25052015 23 -0.39
26052015 23 -0.39
27052015 23 -0.40
28052015 23 -0.41
29052015 23 -0.44
30052015 23 -0.46
31052015 23 -0.49
01062015 23 -0.52
02062015 23 -0.54
03062015 23 -0.56
04062015 23 -0.56
05062015 23 -0.56
06062015 23 -0.55
07062015 23 -0.53
08062015 23 -0.50
09062015 23 -0.48
10062015 23 -0.47
11062015 23 -0.46
12062015 23 -0.46
13062015 23 -0.47
14062015 23 -0.49
15062015 23 -0.50
16062015 23 -0.51
17062015 23 -0.52
18062015 23 -0.51
19062015 23 -0.50
20062015 23 -0.48
21062015 23 -0.45
22062015 23 -0.43
23062015 23 -0.41
24062015 23 -0.40
25062015 23 -0.40
26062015 23 -0.42
27062015 23 -0.43
28062015 23 -0.46
29062015 23 -0.49
30062015 23 -0.52
01072015 23 -0.55
02072015 23 -0.57
03072015 23 -0.58
04072015 23 -0.58
05072015 23 -0.56
06072015 23 -0.54
07072015 23 -0.51
08072015 23 -0.48
09072015 23 -0.46
10072015 23 -0.44
11072015 23 -0.44
12072015 23 -0.44
13072015 23 -0.46
14072015 23 -0.48
15072015 23 -0.49
16072015 23 -0.50
17072015 23 -0.51
18072015 23 -0.50
19072015 23 -0.49
20072015 23 -0.47
21072015 23 -0.45
22072015 23 -0.43
23072015 23 -0.42
24072015 23 -0.42
25072015 23 -0.42
26072015 23 -0.44
27072015 23 -0.46
28072015 23 -0.49
29072015 23 -0.52
30072015 23 -0.55
31072015 23 -0.57
01082015 23 -0.59
02082015 23 -0.59
03082015 23 -0.58
04082015 23 -0.55
05082015 23 -0.52
06082015 23 -0.48
07082015 23 -0.45
08082015 23 -0.42
09082015 23 -0.42
10082015 23 -0.42
11082015 23 -0.43
12082015 23 -0.45
13082015 23 -0.47
14082015 23 -0.49
15082015 23 -0.50
16082015 23 -0.50
17082015 23 -0.50
18082015 23 -0.49
19082015 23 -0.47
20082015 23 -0.45
21082015 23 -0.44
22082015 23 -0.43
23082015 23 -0.43
24082015 23 -0.44
25082015 23 -0.46
26082015 23 -0.48
27082015 23 -0.52
28082015 23 -0.55
29082015 23 -0.57
30082015 23 -0.59
31082015 23 -0.59
01092015 23 -0.58
02092015 23 -0.55
03092015 23 -0.52
04092015 23 -0.47
05092015 23 -0.44
06092015 23 -0.41
07092015 23 -0.40
08092015 23 -0.40
09092015 23 -0.41
10092015 23 -0.43
11092015 23 -0.46
12092015 23 -0.48
13092015 23 -0.50
14092015 23 -0.51
15092015 23 -0.51
16092015 23 -0.51
17092015 23 -0.49
18092015 23 -0.48
19092015 23 -0.47
20092015 23 -0.46
21092015 23 -0.45
22092015 23 -0.45
23092015 23 -0.46
24092015 23 -0.48
25092015 23 -0.51
26092015 23 -0.54
27092015 23 -0.57
28092015 23 -0.58
29092015 23 -0.59
30092015 23 -0.57
01102015 23 -0.55
02102015 23 -0.51
03102015 23 -0.47
04102015 23 -0.43
05102015 23 -0.40
06102015 23 -0.39
07102015 23 -0.39
08102015 23 -0.40
09102015 23 -0.42
10102015 23 -0.44
11102015 23 -0.47
12102015 23 -0.49
13102015 23 -0.51
14102015 23 -0.52
15102015 23 -0.52
16102015 23 -0.52
17102015 23 -0.51
18102015 23 -0.49
19102015 23 -0.48
20102015 23 -0.46
21102015 23 -0.45
22102015 23 -0.46
23102015 23 -0.47
24102015 23 -0.50
25102015 23 -0.53
26102015 23 -0.55
27102015 23 -0.57
28102015 23 -0.57
29102015 23 -0.56
30102015 23 -0.54
31102015 23 -0.50
01112015 23 -0.47
02112015 23 -0.43
03112015 23 -0.40
04112015 23 -0.39
05112015 23 -0.38
06112015 23 -0.39
07112015 23 -0.41
08112015 23 -0.43
09112015 23 -0.46
10112015 23 -0.49
11112015 23 -0.52
12112015 23 -0.54
13112015 23 -0.54
14112015 23 -0.54
15112015 23 -0.53
16112015 23 -0.52
17112015 23 -0.50
18112015 23 -0.47
19112015 23 -0.46
20112015 23 -0.45
21112015 23 -0.46
22112015 23 -0.48
23112015 23 -0.51
24112015 23 -0.54
25112015 23 -0.55
26112015 23 -0.55
27112015 23 -0.54
28112015 23 -0.53
29112015 23 -0.50
30112015 23 -0.47
01122015 23 -0.44
02122015 23 -0.41
03122015 23 -0.39
04122015 23 -0.38
05122015 23 -0.38
06122015 23 -0.40
07122015 23 -0.43
08122015 23 -0.46
09122015 23 -0.50
10122015 23 -0.53
11122015 23 -0.55
12122015 23 -0.56
13122015 23 -0.56
14122015 23 -0.55
15122015 23 -0.54
16122015 23 -0.51
17122015 23 -0.48
18122015 23 -0.46
19122015 23 -0.45
20122015 23 -0.45
21122015 23 -0.47
22122015 23 -0.49
23122015 23 -0.51
24122015 23 -0.53
25122015 23 -0.53
26122015 23 -0.53
27122015 23 -0.51
28122015 23 -0.49
29122015 23 -0.47
30122015 23 -0.44
31122015 23 -0.42
