01012012 23 -0.38
02012012 23 -0.38
03012012 23 -0.39
04012012 23 -0.41
05012012 23 -0.44
06012012 23 -0.48
07012012 23 -0.51
08012012 23 -0.54
09012012 23 -0.56
10012012 23 -0.56
11012012 23 -0.56
12012012 23 -0.55
13012012 23 -0.53
14012012 23 -0.50
15012012 23 -0.48
16012012 23 -0.46
17012012 23 -0.45
18012012 23 -0.46
19012012 23 -0.48
20012012 23 -0.50
21012012 23 -0.51
22012012 23 -0.52
23012012 23 -0.52
24012012 23 -0.52
25012012 23 -0.50
26012012 23 -0.48
27012012 23 -0.46
28012012 23 -0.43
29012012 23 -0.41
30012012 23 -0.39
31012012 23 -0.39
01022012 23 -0.40
02022012 23 -0.42
03022012 23 -0.45
04022012 23 -0.48
05022012 23 -0.51
06022012 23 -0.54
07022012 23 -0.56
08022012 23 -0.57
09022012 23 -0.57
10022012 23 -0.56
11022012 23 -0.54
12022012 23 -0.52
13022012 23 -0.49
14022012 23 -0.46
15022012 23 -0.45
16022012 23 -0.45
17022012 23 -0.45
18022012 23 -0.47
19022012 23 -0.48
20022012 23 -0.49
21022012 23 -0.50
22022012 23 -0.50
23022012 23 -0.50
24022012 23 -0.49
25022012 23 -0.47
26022012 23 -0.45
27022012 23 -0.43
28022012 23 -0.41
29022012 23 -0.41
01032012 23 -0.41
02032012 23 -0.42
03032012 23 -0.45
04032012 23 -0.48
05032012 23 -0.51
06032012 23 -0.54
07032012 23 -0.56
08032012 23 -0.58
09032012 23 -0.58
10032012 23 -0.57
11032012 23 -0.55
12032012 23 -0.53
13032012 23 -0.50
14032012 23 -0.47
15032012 23 -0.44
16032012 23 -0.43
17032012 23 -0.43
18032012 23 -0.44
19032012 23 -0.45
20032012 23 -0.47
21032012 23 -0.48
22032012 23 -0.49
23032012 23 -0.49
24032012 23 -0.49
25032012 23 -0.48
26032012 23 -0.47
27032012 23 -0.45
28032012 23 -0.44
29032012 23 -0.43
30032012 23 -0.43
31032012 23 -0.44
01042012 23 -0.46
02042012 23 -0.48
03042012 23 -0.51
04042012 23 -0.54
05042012 23 -0.56
06042012 23 -0.57
07042012 23 -0.58
08042012 23 -0.57
09042012 23 -0.56
10042012 23 -0.53
11042012 23 -0.50
12042012 23 -0.47
13042012 23 -0.44
14042012 23 -0.42
15042012 23 -0.41
16042012 23 -0.42
17042012 23 -0.43
18042012 23 -0.44
19042012 23 -0.46
20042012 23 -0.48
21042012 23 -0.49
22042012 23 -0.50
23042012 23 -0.50
24042012 23 -0.49
25042012 23 -0.48
26042012 23 -0.47
27042012 23 -0.45
28042012 23 -0.45
29042012 23 -0.45
30042012 23 -0.46
01052012 23 -0.48
02052012 23 -0.50
03052012 23 -0.53
04052012 23 -0.55
05052012 23 -0.56
06052012 23 -0.57
07052012 23 -0.57
08052012 23 -0.56
09052012 23 -0.54
10052012 23 -0.51
11052012 23 -0.47
12052012 23 -0.44
13052012 23 -0.41
14052012 23 -0.40
15052012 23 -0.40
16052012 23 -0.41
17052012 23 -0.43
18052012 23 -0.45
19052012 23 -0.47
20052012 23 -0.49
21052012 23 -0.50
22052012 23 -0.51
23052012 23 -0.51
24052012 23 -0.51
25052012 23 -0.50
26052012 23 -0.48
27052012 23 -0.47
28052012 23 -0.47
29052012 23 -0.47
30052012 23 -0.48
31052012 23 -0.49
01062012 23 -0.51
02062012 23 -0.53
03062012 23 -0.55
04062012 23 -0.56
05062012 23 -0.56
06062012 23 -0.56
07062012 23 -0.54
08062012 23 -0.51
09062012 23 -0.47
10062012 23 -0.43
11062012 23 -0.41
12062012 23 -0.39
13062012 23 -0.39
14062012 23 -0.40
15062012 23 -0.42
16062012 23 -0.44
17062012 23 -0.46
18062012 23 -0.49
19062012 23 -0.51
20062012 23 -0.53
21062012 23 -0.54
22062012 23 -0.53
23062012 23 -0.53
24062012 23 -0.51
25062012 23 -0.50
26062012 23 -0.48
27062012 23 -0.47
28062012 23 -0.47
29062012 23 -0.47
30062012 23 -0.49
01072012 23 -0.51
02072012 23 -0.52
03072012 23 -0.54
04072012 23 -0.55
05072012 23 -0.55
06072012 23 -0.53
07072012 23 -0.51
08072012 23 -0.47
09072012 23 -0.44
10072012 23 -0.41
11072012 23 -0.39
12072012 23 -0.39
13072012 23 -0.39
14072012 23 -0.41
15072012 23 -0.43
16072012 23 -0.46
17072012 23 -0.49
18072012 23 -0.52
19072012 23 -0.54
20072012 23 -0.56
21072012 23 -0.56
22072012 23 -0.55
23072012 23 -0.54
24072012 23 -0.52
25072012 23 -0.50
26072012 23 -0.48
27072012 23 -0.46
28072012 23 -0.46
29072012 23 -0.46
30072012 23 -0.48
31072012 23 -0.50
01082012 23 -0.52
02082012 23 -0.53
03082012 23 -0.53
04082012 23 -0.52
05082012 23 -0.50
06082012 23 -0.48
07082012 23 -0.44
08082012 23 -0.42
09082012 23 -0.40
10082012 23 -0.39
11082012 23 -0.39
12082012 23 -0.41
13082012 23 -0.42
14082012 23 -0.45
15082012 23 -0.49
16082012 23 -0.52
17082012 23 -0.55
18082012 23 -0.57
19082012 23 -0.58
20082012 23 -0.57
21082012 23 -0.56
22082012 23 -0.53
23082012 23 -0.50
24082012 23 -0.48
25082012 23 -0.45
26082012 23 -0.44
27082012 23 -0.44
28082012 23 -0.46
29082012 23 -0.48
30082012 23 -0.50
31082012 23 -0.51
01092012 23 -0.52
02092012 23 -0.52
03092012 23 -0.50
04092012 23 -0.48
05092012 23 -0.46
06092012 23 -0.43
07092012 23 -0.42
08092012 23 -0.41
09092012 23 -0.40
10092012 23 -0.41
11092012 23 -0.43
12092012 23 -0.45
13092012 23 -0.49
14092012 23 -0.53
15092012 23 -0.56
16092012 23 -0.58
17092012 23 -0.59
18092012 23 -0.59
19092012 23 -0.57
20092012 23 -0.54
21092012 23 -0.51
22092012 23 -0.47
23092012 23 -0.44
24092012 23 -0.43
25092012 23 -0.42
26092012 23 -0.43
27092012 23 -0.45
28092012 23 -0.47
29092012 23 -0.49
30092012 23 -0.50
01102012 23 -0.51
02102012 23 -0.50
03102012 23 -0.49
04102012 23 -0.47
05102012 23 -0.45
06102012 23 -0.44
07102012 23 -0.42
08102012 23 -0.42
09102012 23 -0.42
10102012 23 -0.43
11102012 23 -0.46
12102012 23 -0.49
13102012 23 -0.53
14102012 23 -0.56
15102012 23 -0.58
16102012 23 -0.59
17102012 23 -0.59
18102012 23 -0.57
19102012 23 -0.54
20102012 23 -0.51
21102012 23 -0.47
22102012 23 -0.43
23102012 23 -0.41
24102012 23 -0.41
25102012 23 -0.41
26102012 23 -0.43
27102012 23 -0.45
28102012 23 -0.47
29102012 23 -0.49
30102012 23 -0.50
31102012 23 -0.50
01112012 23 -0.50
02112012 23 -0.49
03112012 23 -0.48
04112012 23 -0.46
05112012 23 -0.45
06112012 23 -0.44
07112012 23 -0.43
08112012 23 -0.44
09112012 23 -0.46
10112012 23 -0.49
11112012 23 -0.52
12112012 23 -0.56
13112012 23 -0.58
14112012 23 -0.59
15112012 23 -0.59
16112012 23 -0.57
17112012 23 -0.54
18112012 23 -0.50
19112012 23 -0.46
20112012 23 -0.43
21112012 23 -0.41
22112012 23 -0.40
23112012 23 -0.40
24112012 23 -0.41
25112012 23 -0.43
26112012 23 -0.46
27112012 23 -0.48
28112012 23 -0.50
29112012 23 -0.51
30112012 23 -0.51
01122012 23 -0.51
02122012 23 -0.50
03122012 23 -0.49
04122012 23 -0.47
05122012 23 -0.46
06122012 23 -0.45
07122012 23 -0.45
08122012 23 -0.46
09122012 23 -0.48
10122012 23 -0.52
11122012 23 -0.55
12122012 23 -0.57
13122012 23 -0.58
14122012 23 -0.58
15122012 23 -0.56
16122012 23 -0.53
17122012 23 -0.50
18122012 23 -0.46
19122012 23 -0.43
20122012 23 -0.40
21122012 23 -0.39
22122012 23 -0.39
23122012 23 -0.40
24122012 23 -0.42
25122012 23 -0.44
26122012 23 -0.47
27122012 23 -0.50
28122012 23 -0.52
29122012 23 -0.53
30122012 23 -0.53
31122012 23 -0.52
