01011988 23 -0.46
02011988 23 -0.48
03011988 23 -0.49
04011988 23 -0.50
05011988 23 -0.50
06011988 23 -0.49
07011988 23 -0.48
08011988 23 -0.47
09011988 23 -0.45
10011988 23 -0.44
11011988 23 -0.43
12011988 23 -0.43
13011988 23 -0.44
14011988 23 -0.46
15011988 23 -0.49
16011988 23 -0.53
17011988 23 -0.56
18011988 23 -0.58
19011988 23 -0.58
20011988 23 -0.58
21011988 23 -0.57
22011988 23 -0.54
23011988 23 -0.51
24011988 23 -0.47
25011988 23 -0.44
26011988 23 -0.42
27011988 23 -0.40
28011988 23 -0.41
29011988 23 -0.42
30011988 23 -0.44
31011988 23 -0.46
01021988 23 -0.48
02021988 23 -0.49
03021988 23 -0.50
04021988 23 -0.50
05021988 23 -0.50
06021988 23 -0.49
07021988 23 -0.48
08021988 23 -0.46
09021988 23 -0.45
10021988 23 -0.45
11021988 23 -0.45
12021988 23 -0.47
13021988 23 -0.49
14021988 23 -0.52
15021988 23 -0.55
16021988 23 -0.57
17021988 23 -0.57
18021988 23 -0.57
19021988 23 -0.56
20021988 23 -0.54
21021988 23 -0.51
22021988 23 -0.47
23021988 23 -0.44
24021988 23 -0.41
25021988 23 -0.40
26021988 23 -0.39
27021988 23 -0.40
28021988 23 -0.42
29021988 23 -0.44
01031988 23 -0.47
02031988 23 -0.49
03031988 23 -0.50
04031988 23 -0.51
05031988 23 -0.52
06031988 23 -0.51
07031988 23 -0.50
08031988 23 -0.49
09031988 23 -0.48
10031988 23 -0.47
11031988 23 -0.46
12031988 23 -0.47
13031988 23 -0.49
14031988 23 -0.51
15031988 23 -0.53
16031988 23 -0.55
17031988 23 -0.55
18031988 23 -0.55
19031988 23 -0.55
20031988 23 -0.53
21031988 23 -0.51
22031988 23 -0.48
23031988 23 -0.44
24031988 23 -0.41
25031988 23 -0.39
26031988 23 -0.38
27031988 23 -0.39
28031988 23 -0.41
29031988 23 -0.43
30031988 23 -0.46
31031988 23 -0.48
01041988 23 -0.51
02041988 23 -0.52
03041988 23 -0.53
04041988 23 -0.54
05041988 23 -0.53
06041988 23 -0.52
07041988 23 -0.50
08041988 23 -0.49
09041988 23 -0.47
10041988 23 -0.47
11041988 23 -0.48
12041988 23 -0.49
13041988 23 -0.51
14041988 23 -0.52
15041988 23 -0.53
16041988 23 -0.53
17041988 23 -0.53
18041988 23 -0.53
19041988 23 -0.51
20041988 23 -0.48
21041988 23 -0.45
22041988 23 -0.42
23041988 23 -0.40
24041988 23 -0.38
25041988 23 -0.39
26041988 23 -0.40
27041988 23 -0.43
28041988 23 -0.45
29041988 23 -0.48
30041988 23 -0.51
01051988 23 -0.53
02051988 23 -0.55
03051988 23 -0.56
04051988 23 -0.55
05051988 23 -0.54
06051988 23 -0.52
07051988 23 -0.50
08051988 23 -0.49
09051988 23 -0.47
10051988 23 -0.47
11051988 23 -0.47
12051988 23 -0.48
13051988 23 -0.49
14051988 23 -0.50
15051988 23 -0.51
16051988 23 -0.52
17051988 23 -0.52
18051988 23 -0.51
19051988 23 -0.48
20051988 23 -0.46
21051988 23 -0.43
22051988 23 -0.41
23051988 23 -0.40
24051988 23 -0.40
25051988 23 -0.41
26051988 23 -0.43
27051988 23 -0.45
28051988 23 -0.48
29051988 23 -0.51
30051988 23 -0.54
31051988 23 -0.56
01061988 23 -0.57
02061988 23 -0.57
03061988 23 -0.56
04061988 23 -0.54
05061988 23 -0.52
06061988 23 -0.49
07061988 23 -0.47
08061988 23 -0.45
09061988 23 -0.45
10061988 23 -0.45
11061988 23 -0.46
12061988 23 -0.48
13061988 23 -0.49
14061988 23 -0.50
15061988 23 -0.51
16061988 23 -0.50
17061988 23 -0.49
18061988 23 -0.47
19061988 23 -0.45
20061988 23 -0.43
21061988 23 -0.41
22061988 23 -0.41
23061988 23 -0.42
24061988 23 -0.43
25061988 23 -0.45
26061988 23 -0.48
27061988 23 -0.51
28061988 23 -0.54
29061988 23 -0.56
30061988 23 -0.58
01071988 23 -0.58
02071988 23 -0.58
03071988 23 -0.56
04071988 23 -0.53
05071988 23 -0.50
06071988 23 -0.46
07071988 23 -0.44
08071988 23 -0.43
09071988 23 -0.43
10071988 23 -0.44
11071988 23 -0.45
12071988 23 -0.47
13071988 23 -0.49
14071988 23 -0.50
15071988 23 -0.50
16071988 23 -0.50
17071988 23 -0.48
18071988 23 -0.47
19071988 23 -0.45
20071988 23 -0.44
21071988 23 -0.43
22071988 23 -0.43
23071988 23 -0.44
24071988 23 -0.45
25071988 23 -0.47
26071988 23 -0.50
27071988 23 -0.53
28071988 23 -0.56
29071988 23 -0.58
30071988 23 -0.59
31071988 23 -0.59
01081988 23 -0.57
02081988 23 -0.53
03081988 23 -0.50
04081988 23 -0.46
05081988 23 -0.43
06081988 23 -0.41
07081988 23 -0.41
08081988 23 -0.41
09081988 23 -0.43
10081988 23 -0.45
11081988 23 -0.47
12081988 23 -0.49
13081988 23 -0.50
14081988 23 -0.51
15081988 23 -0.50
16081988 23 -0.49
17081988 23 -0.48
18081988 23 -0.47
19081988 23 -0.45
20081988 23 -0.45
21081988 23 -0.44
22081988 23 -0.45
23081988 23 -0.47
24081988 23 -0.50
25081988 23 -0.53
26081988 23 -0.56
27081988 23 -0.58
28081988 23 -0.59
29081988 23 -0.58
30081988 23 -0.56
31081988 23 -0.53
01091988 23 -0.49
02091988 23 -0.45
03091988 23 -0.42
04091988 23 -0.40
05091988 23 -0.39
06091988 23 -0.40
07091988 23 -0.41
08091988 23 -0.43
09091988 23 -0.46
10091988 23 -0.48
11091988 23 -0.50
12091988 23 -0.52
13091988 23 -0.52
14091988 23 -0.52
15091988 23 -0.50
16091988 23 -0.49
17091988 23 -0.48
18091988 23 -0.46
19091988 23 -0.46
20091988 23 -0.45
21091988 23 -0.46
22091988 23 -0.49
23091988 23 -0.52
24091988 23 -0.55
25091988 23 -0.57
26091988 23 -0.58
27091988 23 -0.57
28091988 23 -0.56
29091988 23 -0.53
30091988 23 -0.49
01101988 23 -0.45
02101988 23 -0.42
03101988 23 -0.39
04101988 23 -0.38
05101988 23 -0.39
06101988 23 -0.40
07101988 23 -0.42
08101988 23 -0.45
09101988 23 -0.48
10101988 23 -0.51
11101988 23 -0.53
12101988 23 -0.54
13101988 23 -0.54
14101988 23 -0.53
15101988 23 -0.52
16101988 23 -0.50
17101988 23 -0.48
18101988 23 -0.46
19101988 23 -0.45
20101988 23 -0.46
21101988 23 -0.47
22101988 23 -0.50
23101988 23 -0.53
24101988 23 -0.55
25101988 23 -0.56
26101988 23 -0.56
27101988 23 -0.54
28101988 23 -0.52
29101988 23 -0.48
30101988 23 -0.45
31101988 23 -0.42
01111988 23 -0.39
02111988 23 -0.38
03111988 23 -0.38
04111988 23 -0.39
05111988 23 -0.41
06111988 23 -0.44
07111988 23 -0.48
08111988 23 -0.51
09111988 23 -0.54
10111988 23 -0.55
11111988 23 -0.56
12111988 23 -0.55
13111988 23 -0.54
14111988 23 -0.52
15111988 23 -0.49
16111988 23 -0.47
17111988 23 -0.45
18111988 23 -0.45
19111988 23 -0.46
20111988 23 -0.48
21111988 23 -0.51
22111988 23 -0.53
23111988 23 -0.54
24111988 23 -0.54
25111988 23 -0.53
26111988 23 -0.51
27111988 23 -0.48
28111988 23 -0.45
29111988 23 -0.43
30111988 23 -0.40
01121988 23 -0.39
02121988 23 -0.38
03121988 23 -0.39
04121988 23 -0.41
05121988 23 -0.44
06121988 23 -0.48
07121988 23 -0.52
08121988 23 -0.55
09121988 23 -0.56
10121988 23 -0.57
11121988 23 -0.57
12121988 23 -0.56
13121988 23 -0.53
14121988 23 -0.50
15121988 23 -0.48
16121988 23 -0.45
17121988 23 -0.44
18121988 23 -0.45
19121988 23 -0.47
20121988 23 -0.49
21121988 23 -0.50
22121988 23 -0.52
23121988 23 -0.52
24121988 23 -0.51
25121988 23 -0.50
26121988 23 -0.48
27121988 23 -0.46
28121988 23 -0.44
29121988 23 -0.42
30121988 23 -0.40
31121988 23 -0.39
