01011913 23 -0.42
02011913 23 -0.42
03011913 23 -0.44
04011913 23 -0.45
05011913 23 -0.47
06011913 23 -0.49
07011913 23 -0.50
08011913 23 -0.50
09011913 23 -0.50
10011913 23 -0.48
11011913 23 -0.47
12011913 23 -0.45
13011913 23 -0.44
14011913 23 -0.43
15011913 23 -0.42
16011913 23 -0.43
17011913 23 -0.45
18011913 23 -0.48
19011913 23 -0.51
20011913 23 -0.55
21011913 23 -0.57
22011913 23 -0.58
23011913 23 -0.58
24011913 23 -0.57
25011913 23 -0.55
26011913 23 -0.52
27011913 23 -0.49
28011913 23 -0.45
29011913 23 -0.43
30011913 23 -0.41
31011913 23 -0.41
01021913 23 -0.42
02021913 23 -0.43
03021913 23 -0.45
04021913 23 -0.47
05021913 23 -0.49
06021913 23 -0.50
07021913 23 -0.50
08021913 23 -0.50
09021913 23 -0.49
10021913 23 -0.48
11021913 23 -0.46
12021913 23 -0.45
13021913 23 -0.44
14021913 23 -0.45
15021913 23 -0.46
16021913 23 -0.48
17021913 23 -0.51
18021913 23 -0.54
19021913 23 -0.56
20021913 23 -0.57
21021913 23 -0.57
22021913 23 -0.57
23021913 23 -0.55
24021913 23 -0.52
25021913 23 -0.49
26021913 23 -0.46
27021913 23 -0.43
28021913 23 -0.40
01031913 23 -0.39
02031913 23 -0.40
03031913 23 -0.41
04031913 23 -0.43
05031913 23 -0.46
06031913 23 -0.48
07031913 23 -0.49
08031913 23 -0.51
09031913 23 -0.51
10031913 23 -0.51
11031913 23 -0.50
12031913 23 -0.49
13031913 23 -0.48
14031913 23 -0.47
15031913 23 -0.46
16031913 23 -0.47
17031913 23 -0.48
18031913 23 -0.50
19031913 23 -0.52
20031913 23 -0.54
21031913 23 -0.55
22031913 23 -0.56
23031913 23 -0.55
24031913 23 -0.54
25031913 23 -0.52
26031913 23 -0.49
27031913 23 -0.46
28031913 23 -0.43
29031913 23 -0.40
30031913 23 -0.39
31031913 23 -0.39
01041913 23 -0.40
02041913 23 -0.42
03041913 23 -0.45
04041913 23 -0.47
05041913 23 -0.49
06041913 23 -0.51
07041913 23 -0.53
08041913 23 -0.53
09041913 23 -0.53
10041913 23 -0.52
11041913 23 -0.51
12041913 23 -0.49
13041913 23 -0.48
14041913 23 -0.47
15041913 23 -0.48
16041913 23 -0.49
17041913 23 -0.50
18041913 23 -0.52
19041913 23 -0.53
20041913 23 -0.54
21041913 23 -0.54
22041913 23 -0.53
23041913 23 -0.52
24041913 23 -0.50
25041913 23 -0.46
26041913 23 -0.43
27041913 23 -0.40
28041913 23 -0.39
29041913 23 -0.38
30041913 23 -0.40
01051913 23 -0.41
02051913 23 -0.44
03051913 23 -0.47
04051913 23 -0.49
05051913 23 -0.52
06051913 23 -0.54
07051913 23 -0.55
08051913 23 -0.55
09051913 23 -0.55
10051913 23 -0.53
11051913 23 -0.51
12051913 23 -0.49
13051913 23 -0.48
14051913 23 -0.47
15051913 23 -0.47
16051913 23 -0.48
17051913 23 -0.49
18051913 23 -0.50
19051913 23 -0.51
20051913 23 -0.52
21051913 23 -0.52
22051913 23 -0.51
23051913 23 -0.50
24051913 23 -0.47
25051913 23 -0.44
26051913 23 -0.41
27051913 23 -0.40
28051913 23 -0.39
29051913 23 -0.40
30051913 23 -0.42
31051913 23 -0.44
01061913 23 -0.46
02061913 23 -0.49
03061913 23 -0.52
04061913 23 -0.55
05061913 23 -0.56
06061913 23 -0.57
07061913 23 -0.57
08061913 23 -0.55
09061913 23 -0.53
10061913 23 -0.51
11061913 23 -0.48
12061913 23 -0.46
13061913 23 -0.45
14061913 23 -0.45
15061913 23 -0.46
16061913 23 -0.47
17061913 23 -0.49
18061913 23 -0.50
19061913 23 -0.51
20061913 23 -0.51
21061913 23 -0.50
22061913 23 -0.48
23061913 23 -0.45
24061913 23 -0.43
25061913 23 -0.42
26061913 23 -0.41
27061913 23 -0.41
28061913 23 -0.42
29061913 23 -0.44
30061913 23 -0.46
01071913 23 -0.49
02071913 23 -0.52
03071913 23 -0.55
04071913 23 -0.57
05071913 23 -0.58
06071913 23 -0.58
07071913 23 -0.57
08071913 23 -0.54
09071913 23 -0.51
10071913 23 -0.48
11071913 23 -0.45
12071913 23 -0.43
13071913 23 -0.43
14071913 23 -0.43
15071913 23 -0.45
16071913 23 -0.47
17071913 23 -0.48
18071913 23 -0.50
19071913 23 -0.50
20071913 23 -0.50
21071913 23 -0.49
22071913 23 -0.47
23071913 23 -0.46
24071913 23 -0.44
25071913 23 -0.43
26071913 23 -0.43
27071913 23 -0.43
28071913 23 -0.44
29071913 23 -0.46
30071913 23 -0.49
31071913 23 -0.52
01081913 23 -0.55
02081913 23 -0.58
03081913 23 -0.59
04081913 23 -0.59
05081913 23 -0.58
06081913 23 -0.55
07081913 23 -0.51
08081913 23 -0.48
09081913 23 -0.44
10081913 23 -0.42
11081913 23 -0.41
12081913 23 -0.41
13081913 23 -0.43
14081913 23 -0.44
15081913 23 -0.46
16081913 23 -0.48
17081913 23 -0.50
18081913 23 -0.50
19081913 23 -0.50
20081913 23 -0.49
21081913 23 -0.48
22081913 23 -0.47
23081913 23 -0.45
24081913 23 -0.44
25081913 23 -0.44
26081913 23 -0.44
27081913 23 -0.46
28081913 23 -0.48
29081913 23 -0.51
30081913 23 -0.55
31081913 23 -0.57
01091913 23 -0.59
02091913 23 -0.59
03091913 23 -0.58
04091913 23 -0.55
05091913 23 -0.51
06091913 23 -0.47
07091913 23 -0.43
08091913 23 -0.41
09091913 23 -0.39
10091913 23 -0.39
11091913 23 -0.41
12091913 23 -0.43
13091913 23 -0.45
14091913 23 -0.47
15091913 23 -0.50
16091913 23 -0.51
17091913 23 -0.52
18091913 23 -0.51
19091913 23 -0.51
20091913 23 -0.49
21091913 23 -0.48
22091913 23 -0.47
23091913 23 -0.46
24091913 23 -0.45
25091913 23 -0.46
26091913 23 -0.48
27091913 23 -0.51
28091913 23 -0.54
29091913 23 -0.56
30091913 23 -0.58
01101913 23 -0.58
02101913 23 -0.57
03101913 23 -0.54
04101913 23 -0.51
05101913 23 -0.47
06101913 23 -0.43
07101913 23 -0.40
08101913 23 -0.39
09101913 23 -0.38
10101913 23 -0.39
11101913 23 -0.41
12101913 23 -0.44
13101913 23 -0.47
14101913 23 -0.49
15101913 23 -0.52
16101913 23 -0.53
17101913 23 -0.53
18101913 23 -0.53
19101913 23 -0.52
20101913 23 -0.50
21101913 23 -0.49
22101913 23 -0.47
23101913 23 -0.46
24101913 23 -0.46
25101913 23 -0.47
26101913 23 -0.49
27101913 23 -0.52
28101913 23 -0.55
29101913 23 -0.56
30101913 23 -0.56
31101913 23 -0.55
01111913 23 -0.53
02111913 23 -0.50
03111913 23 -0.46
04111913 23 -0.43
05111913 23 -0.40
06111913 23 -0.39
07111913 23 -0.38
08111913 23 -0.39
09111913 23 -0.40
10111913 23 -0.43
11111913 23 -0.46
12111913 23 -0.50
13111913 23 -0.52
14111913 23 -0.54
15111913 23 -0.55
16111913 23 -0.55
17111913 23 -0.54
18111913 23 -0.53
19111913 23 -0.50
20111913 23 -0.48
21111913 23 -0.46
22111913 23 -0.45
23111913 23 -0.46
24111913 23 -0.48
25111913 23 -0.50
26111913 23 -0.53
27111913 23 -0.54
28111913 23 -0.54
29111913 23 -0.54
30111913 23 -0.52
01121913 23 -0.50
02121913 23 -0.47
03121913 23 -0.44
04121913 23 -0.41
05121913 23 -0.39
06121913 23 -0.38
07121913 23 -0.39
08121913 23 -0.40
09121913 23 -0.43
10121913 23 -0.46
11121913 23 -0.50
12121913 23 -0.53
13121913 23 -0.56
14121913 23 -0.57
15121913 23 -0.57
16121913 23 -0.56
17121913 23 -0.54
18121913 23 -0.52
19121913 23 -0.49
20121913 23 -0.46
21121913 23 -0.45
22121913 23 -0.45
23121913 23 -0.46
24121913 23 -0.48
25121913 23 -0.50
26121913 23 -0.52
27121913 23 -0.52
28121913 23 -0.52
29121913 23 -0.51
30121913 23 -0.49
31121913 23 -0.47
