01011916 23 -0.50
02011916 23 -0.53
03011916 23 -0.56
04011916 23 -0.57
05011916 23 -0.57
06011916 23 -0.57
07011916 23 -0.55
08011916 23 -0.52
09011916 23 -0.49
10011916 23 -0.45
11011916 23 -0.42
12011916 23 -0.40
13011916 23 -0.39
14011916 23 -0.39
15011916 23 -0.40
16011916 23 -0.42
17011916 23 -0.45
18011916 23 -0.48
19011916 23 -0.50
20011916 23 -0.52
21011916 23 -0.53
22011916 23 -0.53
23011916 23 -0.52
24011916 23 -0.51
25011916 23 -0.49
26011916 23 -0.47
27011916 23 -0.46
28011916 23 -0.46
29011916 23 -0.47
30011916 23 -0.49
31011916 23 -0.51
01021916 23 -0.54
02021916 23 -0.55
03021916 23 -0.55
04021916 23 -0.55
05021916 23 -0.54
06021916 23 -0.51
07021916 23 -0.49
08021916 23 -0.45
09021916 23 -0.42
10021916 23 -0.40
11021916 23 -0.38
12021916 23 -0.38
13021916 23 -0.39
14021916 23 -0.42
15021916 23 -0.45
16021916 23 -0.48
17021916 23 -0.50
18021916 23 -0.52
19021916 23 -0.54
20021916 23 -0.54
21021916 23 -0.54
22021916 23 -0.53
23021916 23 -0.52
24021916 23 -0.50
25021916 23 -0.48
26021916 23 -0.47
27021916 23 -0.47
28021916 23 -0.48
29021916 23 -0.49
01031916 23 -0.51
02031916 23 -0.52
03031916 23 -0.53
04031916 23 -0.53
05031916 23 -0.52
06031916 23 -0.51
07031916 23 -0.49
08031916 23 -0.46
09031916 23 -0.43
10031916 23 -0.41
11031916 23 -0.39
12031916 23 -0.39
13031916 23 -0.39
14031916 23 -0.42
15031916 23 -0.44
16031916 23 -0.47
17031916 23 -0.50
18031916 23 -0.53
19031916 23 -0.55
20031916 23 -0.56
21031916 23 -0.56
22031916 23 -0.55
23031916 23 -0.54
24031916 23 -0.51
25031916 23 -0.49
26031916 23 -0.47
27031916 23 -0.46
28031916 23 -0.46
29031916 23 -0.47
30031916 23 -0.48
31031916 23 -0.49
01041916 23 -0.50
02041916 23 -0.51
03041916 23 -0.51
04041916 23 -0.50
05041916 23 -0.49
06041916 23 -0.47
07041916 23 -0.44
08041916 23 -0.42
09041916 23 -0.40
10041916 23 -0.40
11041916 23 -0.40
12041916 23 -0.42
13041916 23 -0.44
14041916 23 -0.47
15041916 23 -0.50
16041916 23 -0.53
17041916 23 -0.55
18041916 23 -0.57
19041916 23 -0.57
20041916 23 -0.57
21041916 23 -0.55
22041916 23 -0.53
23041916 23 -0.50
24041916 23 -0.48
25041916 23 -0.46
26041916 23 -0.45
27041916 23 -0.45
28041916 23 -0.45
29041916 23 -0.46
30041916 23 -0.48
01051916 23 -0.49
02051916 23 -0.50
03051916 23 -0.50
04051916 23 -0.49
05051916 23 -0.48
06051916 23 -0.46
07051916 23 -0.44
08051916 23 -0.42
09051916 23 -0.42
10051916 23 -0.42
11051916 23 -0.43
12051916 23 -0.45
13051916 23 -0.47
14051916 23 -0.50
15051916 23 -0.53
16051916 23 -0.55
17051916 23 -0.57
18051916 23 -0.58
19051916 23 -0.58
20051916 23 -0.56
21051916 23 -0.54
22051916 23 -0.51
23051916 23 -0.48
24051916 23 -0.45
25051916 23 -0.43
26051916 23 -0.42
27051916 23 -0.43
28051916 23 -0.44
29051916 23 -0.45
30051916 23 -0.47
31051916 23 -0.48
01061916 23 -0.49
02061916 23 -0.50
03061916 23 -0.49
04061916 23 -0.48
05061916 23 -0.47
06061916 23 -0.45
07061916 23 -0.44
08061916 23 -0.44
09061916 23 -0.44
10061916 23 -0.45
11061916 23 -0.47
12061916 23 -0.49
13061916 23 -0.52
14061916 23 -0.55
15061916 23 -0.57
16061916 23 -0.58
17061916 23 -0.58
18061916 23 -0.57
19061916 23 -0.55
20061916 23 -0.52
21061916 23 -0.48
22061916 23 -0.44
23061916 23 -0.42
24061916 23 -0.40
25061916 23 -0.40
26061916 23 -0.42
27061916 23 -0.43
28061916 23 -0.45
29061916 23 -0.47
30061916 23 -0.49
01071916 23 -0.50
02071916 23 -0.51
03071916 23 -0.50
04071916 23 -0.49
05071916 23 -0.48
06071916 23 -0.47
07071916 23 -0.46
08071916 23 -0.46
09071916 23 -0.46
10071916 23 -0.47
11071916 23 -0.48
12071916 23 -0.51
13071916 23 -0.53
14071916 23 -0.56
15071916 23 -0.57
16071916 23 -0.58
17071916 23 -0.57
18071916 23 -0.55
19071916 23 -0.52
20071916 23 -0.48
21071916 23 -0.44
22071916 23 -0.41
23071916 23 -0.39
24071916 23 -0.39
25071916 23 -0.40
26071916 23 -0.42
27071916 23 -0.44
28071916 23 -0.46
29071916 23 -0.49
30071916 23 -0.51
31071916 23 -0.52
01081916 23 -0.53
02081916 23 -0.52
03081916 23 -0.51
04081916 23 -0.50
05081916 23 -0.48
06081916 23 -0.47
07081916 23 -0.46
08081916 23 -0.46
09081916 23 -0.47
10081916 23 -0.49
11081916 23 -0.52
12081916 23 -0.54
13081916 23 -0.56
14081916 23 -0.57
15081916 23 -0.56
16081916 23 -0.54
17081916 23 -0.51
18081916 23 -0.47
19081916 23 -0.44
20081916 23 -0.41
21081916 23 -0.39
22081916 23 -0.38
23081916 23 -0.39
24081916 23 -0.40
25081916 23 -0.43
26081916 23 -0.46
27081916 23 -0.49
28081916 23 -0.52
29081916 23 -0.54
30081916 23 -0.55
31081916 23 -0.55
01091916 23 -0.54
02091916 23 -0.52
03091916 23 -0.50
04091916 23 -0.48
05091916 23 -0.47
06091916 23 -0.46
07091916 23 -0.46
08091916 23 -0.48
09091916 23 -0.50
10091916 23 -0.52
11091916 23 -0.54
12091916 23 -0.55
13091916 23 -0.55
14091916 23 -0.53
15091916 23 -0.51
16091916 23 -0.47
17091916 23 -0.44
18091916 23 -0.41
19091916 23 -0.39
20091916 23 -0.38
21091916 23 -0.39
22091916 23 -0.40
23091916 23 -0.42
24091916 23 -0.45
25091916 23 -0.49
26091916 23 -0.52
27091916 23 -0.55
28091916 23 -0.56
29091916 23 -0.57
30091916 23 -0.56
01101916 23 -0.54
02101916 23 -0.52
03101916 23 -0.49
04101916 23 -0.47
05101916 23 -0.45
06101916 23 -0.45
07101916 23 -0.46
08101916 23 -0.48
09101916 23 -0.50
10101916 23 -0.52
11101916 23 -0.53
12101916 23 -0.53
13101916 23 -0.52
14101916 23 -0.50
15101916 23 -0.47
16101916 23 -0.45
17101916 23 -0.42
18101916 23 -0.40
19101916 23 -0.39
20101916 23 -0.39
21101916 23 -0.40
22101916 23 -0.42
23101916 23 -0.46
24101916 23 -0.49
25101916 23 -0.53
26101916 23 -0.56
27101916 23 -0.58
28101916 23 -0.58
29101916 23 -0.58
30101916 23 -0.56
31101916 23 -0.53
01111916 23 -0.50
02111916 23 -0.47
03111916 23 -0.44
04111916 23 -0.43
05111916 23 -0.44
06111916 23 -0.46
07111916 23 -0.48
08111916 23 -0.50
09111916 23 -0.51
10111916 23 -0.51
11111916 23 -0.51
12111916 23 -0.50
13111916 23 -0.48
14111916 23 -0.46
15111916 23 -0.44
16111916 23 -0.42
17111916 23 -0.41
18111916 23 -0.40
19111916 23 -0.41
20111916 23 -0.43
21111916 23 -0.46
22111916 23 -0.49
23111916 23 -0.53
24111916 23 -0.56
25111916 23 -0.58
26111916 23 -0.59
27111916 23 -0.58
28111916 23 -0.57
29111916 23 -0.54
30111916 23 -0.50
01121916 23 -0.47
02121916 23 -0.44
03121916 23 -0.42
04121916 23 -0.42
05121916 23 -0.43
06121916 23 -0.45
07121916 23 -0.47
08121916 23 -0.49
09121916 23 -0.50
10121916 23 -0.50
11121916 23 -0.50
12121916 23 -0.49
13121916 23 -0.47
14121916 23 -0.46
15121916 23 -0.44
16121916 23 -0.42
17121916 23 -0.42
18121916 23 -0.42
19121916 23 -0.43
20121916 23 -0.46
21121916 23 -0.50
22121916 23 -0.53
23121916 23 -0.56
24121916 23 -0.58
25121916 23 -0.59
26121916 23 -0.58
27121916 23 -0.57
28121916 23 -0.54
29121916 23 -0.50
30121916 23 -0.47
31121916 23 -0.44
