01011945 23 -0.49
02011945 23 -0.47
03011945 23 -0.45
04011945 23 -0.42
05011945 23 -0.40
06011945 23 -0.39
07011945 23 -0.39
08011945 23 -0.41
09011945 23 -0.43
10011945 23 -0.47
11011945 23 -0.51
12011945 23 -0.54
13011945 23 -0.56
14011945 23 -0.58
15011945 23 -0.58
16011945 23 -0.57
17011945 23 -0.55
18011945 23 -0.53
19011945 23 -0.49
20011945 23 -0.47
21011945 23 -0.45
22011945 23 -0.44
23011945 23 -0.44
24011945 23 -0.46
25011945 23 -0.47
26011945 23 -0.49
27011945 23 -0.50
28011945 23 -0.50
29011945 23 -0.50
30011945 23 -0.49
31011945 23 -0.48
01021945 23 -0.46
02021945 23 -0.44
03021945 23 -0.42
04021945 23 -0.41
05021945 23 -0.41
06021945 23 -0.42
07021945 23 -0.44
08021945 23 -0.47
09021945 23 -0.51
10021945 23 -0.54
11021945 23 -0.56
12021945 23 -0.58
13021945 23 -0.58
14021945 23 -0.58
15021945 23 -0.56
16021945 23 -0.53
17021945 23 -0.50
18021945 23 -0.47
19021945 23 -0.44
20021945 23 -0.43
21021945 23 -0.43
22021945 23 -0.43
23021945 23 -0.45
24021945 23 -0.46
25021945 23 -0.48
26021945 23 -0.49
27021945 23 -0.49
28021945 23 -0.49
01031945 23 -0.49
02031945 23 -0.47
03031945 23 -0.46
04031945 23 -0.44
05031945 23 -0.43
06031945 23 -0.43
07031945 23 -0.43
08031945 23 -0.45
09031945 23 -0.47
10031945 23 -0.50
11031945 23 -0.53
12031945 23 -0.56
13031945 23 -0.57
14031945 23 -0.58
15031945 23 -0.58
16031945 23 -0.56
17031945 23 -0.54
18031945 23 -0.51
19031945 23 -0.47
20031945 23 -0.44
21031945 23 -0.42
22031945 23 -0.41
23031945 23 -0.41
24031945 23 -0.42
25031945 23 -0.44
26031945 23 -0.46
27031945 23 -0.47
28031945 23 -0.49
29031945 23 -0.50
30031945 23 -0.50
31031945 23 -0.50
01041945 23 -0.49
02041945 23 -0.47
03041945 23 -0.46
04041945 23 -0.45
05041945 23 -0.45
06041945 23 -0.46
07041945 23 -0.48
08041945 23 -0.50
09041945 23 -0.52
10041945 23 -0.54
11041945 23 -0.56
12041945 23 -0.57
13041945 23 -0.57
14041945 23 -0.56
15041945 23 -0.54
16041945 23 -0.51
17041945 23 -0.48
18041945 23 -0.44
19041945 23 -0.41
20041945 23 -0.40
21041945 23 -0.39
22041945 23 -0.40
23041945 23 -0.42
24041945 23 -0.44
25041945 23 -0.46
26041945 23 -0.48
27041945 23 -0.50
28041945 23 -0.51
29041945 23 -0.52
30041945 23 -0.51
01051945 23 -0.50
02051945 23 -0.49
03051945 23 -0.48
04051945 23 -0.47
05051945 23 -0.47
06051945 23 -0.48
07051945 23 -0.49
08051945 23 -0.51
09051945 23 -0.53
10051945 23 -0.54
11051945 23 -0.55
12051945 23 -0.56
13051945 23 -0.55
14051945 23 -0.54
15051945 23 -0.51
16051945 23 -0.48
17051945 23 -0.44
18051945 23 -0.41
19051945 23 -0.39
20051945 23 -0.39
21051945 23 -0.39
22051945 23 -0.41
23051945 23 -0.43
24051945 23 -0.46
25051945 23 -0.48
26051945 23 -0.50
27051945 23 -0.52
28051945 23 -0.53
29051945 23 -0.54
30051945 23 -0.53
31051945 23 -0.52
01061945 23 -0.50
02061945 23 -0.49
03061945 23 -0.48
04061945 23 -0.47
05061945 23 -0.48
06061945 23 -0.49
07061945 23 -0.50
08061945 23 -0.52
09061945 23 -0.53
10061945 23 -0.54
11061945 23 -0.54
12061945 23 -0.53
13061945 23 -0.51
14061945 23 -0.48
15061945 23 -0.45
16061945 23 -0.42
17061945 23 -0.40
18061945 23 -0.39
19061945 23 -0.39
20061945 23 -0.41
21061945 23 -0.43
22061945 23 -0.45
23061945 23 -0.48
24061945 23 -0.51
25061945 23 -0.53
26061945 23 -0.55
27061945 23 -0.56
28061945 23 -0.56
29061945 23 -0.55
30061945 23 -0.53
01071945 23 -0.51
02071945 23 -0.49
03071945 23 -0.47
04071945 23 -0.46
05071945 23 -0.46
06071945 23 -0.47
07071945 23 -0.49
08071945 23 -0.51
09071945 23 -0.52
10071945 23 -0.53
11071945 23 -0.52
12071945 23 -0.51
13071945 23 -0.48
14071945 23 -0.45
15071945 23 -0.43
16071945 23 -0.41
17071945 23 -0.40
18071945 23 -0.40
19071945 23 -0.41
20071945 23 -0.42
21071945 23 -0.45
22071945 23 -0.48
23071945 23 -0.51
24071945 23 -0.54
25071945 23 -0.56
26071945 23 -0.58
27071945 23 -0.58
28071945 23 -0.57
29071945 23 -0.54
30071945 23 -0.52
31071945 23 -0.49
01081945 23 -0.46
02081945 23 -0.44
03081945 23 -0.44
04081945 23 -0.45
05081945 23 -0.47
06081945 23 -0.48
07081945 23 -0.50
08081945 23 -0.51
09081945 23 -0.51
10081945 23 -0.51
11081945 23 -0.49
12081945 23 -0.47
13081945 23 -0.44
14081945 23 -0.42
15081945 23 -0.41
16081945 23 -0.41
17081945 23 -0.41
18081945 23 -0.42
19081945 23 -0.45
20081945 23 -0.48
21081945 23 -0.51
22081945 23 -0.55
23081945 23 -0.57
24081945 23 -0.59
25081945 23 -0.59
26081945 23 -0.58
27081945 23 -0.55
28081945 23 -0.52
29081945 23 -0.49
30081945 23 -0.45
31081945 23 -0.43
01091945 23 -0.42
02091945 23 -0.43
03091945 23 -0.44
04091945 23 -0.46
05091945 23 -0.48
06091945 23 -0.50
07091945 23 -0.50
08091945 23 -0.50
09091945 23 -0.50
10091945 23 -0.48
11091945 23 -0.46
12091945 23 -0.45
13091945 23 -0.43
14091945 23 -0.42
15091945 23 -0.42
16091945 23 -0.43
17091945 23 -0.45
18091945 23 -0.48
19091945 23 -0.51
20091945 23 -0.55
21091945 23 -0.57
22091945 23 -0.59
23091945 23 -0.59
24091945 23 -0.58
25091945 23 -0.56
26091945 23 -0.52
27091945 23 -0.48
28091945 23 -0.45
29091945 23 -0.42
30091945 23 -0.41
01101945 23 -0.41
02101945 23 -0.42
03101945 23 -0.44
04101945 23 -0.46
05101945 23 -0.48
06101945 23 -0.50
07101945 23 -0.50
08101945 23 -0.51
09101945 23 -0.50
10101945 23 -0.48
11101945 23 -0.47
12101945 23 -0.46
13101945 23 -0.45
14101945 23 -0.44
15101945 23 -0.44
16101945 23 -0.45
17101945 23 -0.47
18101945 23 -0.51
19101945 23 -0.54
20101945 23 -0.57
21101945 23 -0.59
22101945 23 -0.59
23101945 23 -0.58
24101945 23 -0.55
25101945 23 -0.52
26101945 23 -0.48
27101945 23 -0.44
28101945 23 -0.41
29101945 23 -0.39
30101945 23 -0.39
31101945 23 -0.40
01111945 23 -0.42
02111945 23 -0.44
03111945 23 -0.47
04111945 23 -0.49
05111945 23 -0.51
06111945 23 -0.52
07111945 23 -0.52
08111945 23 -0.51
09111945 23 -0.50
10111945 23 -0.48
11111945 23 -0.47
12111945 23 -0.45
13111945 23 -0.45
14111945 23 -0.45
15111945 23 -0.47
16111945 23 -0.50
17111945 23 -0.53
18111945 23 -0.56
19111945 23 -0.58
20111945 23 -0.58
21111945 23 -0.57
22111945 23 -0.54
23111945 23 -0.51
24111945 23 -0.47
25111945 23 -0.44
26111945 23 -0.41
27111945 23 -0.39
28111945 23 -0.38
29111945 23 -0.39
30111945 23 -0.41
01121945 23 -0.43
02121945 23 -0.46
03121945 23 -0.49
04121945 23 -0.51
05121945 23 -0.53
06121945 23 -0.53
07121945 23 -0.53
08121945 23 -0.52
09121945 23 -0.51
10121945 23 -0.49
11121945 23 -0.47
12121945 23 -0.46
13121945 23 -0.45
14121945 23 -0.47
15121945 23 -0.49
16121945 23 -0.52
17121945 23 -0.54
18121945 23 -0.56
19121945 23 -0.56
20121945 23 -0.55
21121945 23 -0.53
22121945 23 -0.51
23121945 23 -0.47
24121945 23 -0.44
25121945 23 -0.41
26121945 23 -0.39
27121945 23 -0.38
28121945 23 -0.38
29121945 23 -0.40
30121945 23 -0.42
31121945 23 -0.46
