01011938 23 -0.51
02011938 23 -0.52
03011938 23 -0.52
04011938 23 -0.52
05011938 23 -0.51
06011938 23 -0.50
07011938 23 -0.48
08011938 23 -0.46
09011938 23 -0.45
10011938 23 -0.46
11011938 23 -0.47
12011938 23 -0.50
13011938 23 -0.53
14011938 23 -0.55
15011938 23 -0.56
16011938 23 -0.56
17011938 23 -0.55
18011938 23 -0.54
19011938 23 -0.51
20011938 23 -0.48
21011938 23 -0.45
22011938 23 -0.42
23011938 23 -0.39
24011938 23 -0.38
25011938 23 -0.38
26011938 23 -0.40
27011938 23 -0.42
28011938 23 -0.46
29011938 23 -0.48
30011938 23 -0.51
31011938 23 -0.53
01021938 23 -0.54
02021938 23 -0.54
03021938 23 -0.53
04021938 23 -0.52
05021938 23 -0.50
06021938 23 -0.48
07021938 23 -0.47
08021938 23 -0.46
09021938 23 -0.47
10021938 23 -0.49
11021938 23 -0.51
12021938 23 -0.53
13021938 23 -0.54
14021938 23 -0.54
15021938 23 -0.54
16021938 23 -0.53
17021938 23 -0.51
18021938 23 -0.48
19021938 23 -0.45
20021938 23 -0.42
21021938 23 -0.40
22021938 23 -0.38
23021938 23 -0.38
24021938 23 -0.40
25021938 23 -0.42
26021938 23 -0.45
27021938 23 -0.48
28021938 23 -0.51
01031938 23 -0.53
02031938 23 -0.55
03031938 23 -0.55
04031938 23 -0.55
05031938 23 -0.54
06031938 23 -0.52
07031938 23 -0.50
08031938 23 -0.48
09031938 23 -0.47
10031938 23 -0.46
11031938 23 -0.47
12031938 23 -0.48
13031938 23 -0.50
14031938 23 -0.51
15031938 23 -0.52
16031938 23 -0.52
17031938 23 -0.51
18031938 23 -0.50
19031938 23 -0.48
20031938 23 -0.46
21031938 23 -0.43
22031938 23 -0.41
23031938 23 -0.39
24031938 23 -0.39
25031938 23 -0.40
26031938 23 -0.42
27031938 23 -0.45
28031938 23 -0.48
29031938 23 -0.51
30031938 23 -0.54
31031938 23 -0.56
01041938 23 -0.57
02041938 23 -0.57
03041938 23 -0.56
04041938 23 -0.54
05041938 23 -0.52
06041938 23 -0.49
07041938 23 -0.47
08041938 23 -0.46
09041938 23 -0.45
10041938 23 -0.46
11041938 23 -0.47
12041938 23 -0.48
13041938 23 -0.49
14041938 23 -0.50
15041938 23 -0.50
16041938 23 -0.50
17041938 23 -0.49
18041938 23 -0.47
19041938 23 -0.45
20041938 23 -0.43
21041938 23 -0.41
22041938 23 -0.41
23041938 23 -0.41
24041938 23 -0.43
25041938 23 -0.45
26041938 23 -0.48
27041938 23 -0.51
28041938 23 -0.54
29041938 23 -0.56
30041938 23 -0.57
01051938 23 -0.58
02051938 23 -0.57
03051938 23 -0.56
04051938 23 -0.53
05051938 23 -0.50
06051938 23 -0.47
07051938 23 -0.45
08051938 23 -0.44
09051938 23 -0.43
10051938 23 -0.44
11051938 23 -0.45
12051938 23 -0.47
13051938 23 -0.48
14051938 23 -0.49
15051938 23 -0.50
16051938 23 -0.49
17051938 23 -0.48
18051938 23 -0.47
19051938 23 -0.45
20051938 23 -0.44
21051938 23 -0.43
22051938 23 -0.43
23051938 23 -0.44
24051938 23 -0.46
25051938 23 -0.48
26051938 23 -0.50
27051938 23 -0.53
28051938 23 -0.55
29051938 23 -0.57
30051938 23 -0.58
31051938 23 -0.58
01061938 23 -0.56
02061938 23 -0.54
03061938 23 -0.51
04061938 23 -0.47
05061938 23 -0.44
06061938 23 -0.42
07061938 23 -0.41
08061938 23 -0.41
09061938 23 -0.43
10061938 23 -0.45
11061938 23 -0.46
12061938 23 -0.48
13061938 23 -0.49
14061938 23 -0.50
15061938 23 -0.50
16061938 23 -0.49
17061938 23 -0.48
18061938 23 -0.47
19061938 23 -0.46
20061938 23 -0.45
21061938 23 -0.45
22061938 23 -0.46
23061938 23 -0.47
24061938 23 -0.49
25061938 23 -0.52
26061938 23 -0.54
27061938 23 -0.56
28061938 23 -0.58
29061938 23 -0.58
30061938 23 -0.57
01071938 23 -0.54
02071938 23 -0.51
03071938 23 -0.47
04071938 23 -0.43
05071938 23 -0.41
06071938 23 -0.40
07071938 23 -0.40
08071938 23 -0.41
09071938 23 -0.43
10071938 23 -0.45
11071938 23 -0.47
12071938 23 -0.49
13071938 23 -0.51
14071938 23 -0.52
15071938 23 -0.52
16071938 23 -0.51
17071938 23 -0.50
18071938 23 -0.48
19071938 23 -0.47
20071938 23 -0.47
21071938 23 -0.46
22071938 23 -0.47
23071938 23 -0.48
24071938 23 -0.50
25071938 23 -0.53
26071938 23 -0.55
27071938 23 -0.57
28071938 23 -0.57
29071938 23 -0.56
30071938 23 -0.54
31071938 23 -0.51
01081938 23 -0.47
02081938 23 -0.43
03081938 23 -0.40
04081938 23 -0.39
05081938 23 -0.39
06081938 23 -0.40
07081938 23 -0.41
08081938 23 -0.44
09081938 23 -0.46
10081938 23 -0.49
11081938 23 -0.52
12081938 23 -0.53
13081938 23 -0.54
14081938 23 -0.54
15081938 23 -0.52
16081938 23 -0.51
17081938 23 -0.49
18081938 23 -0.48
19081938 23 -0.46
20081938 23 -0.46
21081938 23 -0.47
22081938 23 -0.49
23081938 23 -0.51
24081938 23 -0.54
25081938 23 -0.55
26081938 23 -0.56
27081938 23 -0.55
28081938 23 -0.53
29081938 23 -0.50
30081938 23 -0.46
31081938 23 -0.43
01091938 23 -0.40
02091938 23 -0.39
03091938 23 -0.38
04091938 23 -0.39
05091938 23 -0.41
06091938 23 -0.43
07091938 23 -0.46
08091938 23 -0.50
09091938 23 -0.53
10091938 23 -0.55
11091938 23 -0.56
12091938 23 -0.56
13091938 23 -0.55
14091938 23 -0.53
15091938 23 -0.51
16091938 23 -0.49
17091938 23 -0.47
18091938 23 -0.45
19091938 23 -0.45
20091938 23 -0.47
21091938 23 -0.49
22091938 23 -0.52
23091938 23 -0.53
24091938 23 -0.54
25091938 23 -0.54
26091938 23 -0.52
27091938 23 -0.50
28091938 23 -0.47
29091938 23 -0.44
30091938 23 -0.41
01101938 23 -0.39
02101938 23 -0.39
03101938 23 -0.39
04101938 23 -0.40
05101938 23 -0.43
06101938 23 -0.46
07101938 23 -0.50
08101938 23 -0.53
09101938 23 -0.56
10101938 23 -0.57
11101938 23 -0.58
12101938 23 -0.57
13101938 23 -0.55
14101938 23 -0.52
15101938 23 -0.49
16101938 23 -0.46
17101938 23 -0.44
18101938 23 -0.44
19101938 23 -0.45
20101938 23 -0.47
21101938 23 -0.49
22101938 23 -0.51
23101938 23 -0.52
24101938 23 -0.52
25101938 23 -0.51
26101938 23 -0.49
27101938 23 -0.47
28101938 23 -0.45
29101938 23 -0.43
30101938 23 -0.41
31101938 23 -0.40
01111938 23 -0.40
02111938 23 -0.41
03111938 23 -0.43
04111938 23 -0.46
05111938 23 -0.50
06111938 23 -0.54
07111938 23 -0.57
08111938 23 -0.58
09111938 23 -0.59
10111938 23 -0.58
11111938 23 -0.56
12111938 23 -0.53
13111938 23 -0.49
14111938 23 -0.46
15111938 23 -0.44
16111938 23 -0.43
17111938 23 -0.43
18111938 23 -0.45
19111938 23 -0.47
20111938 23 -0.49
21111938 23 -0.50
22111938 23 -0.50
23111938 23 -0.50
24111938 23 -0.50
25111938 23 -0.48
26111938 23 -0.46
27111938 23 -0.44
28111938 23 -0.43
29111938 23 -0.42
30111938 23 -0.41
01121938 23 -0.42
02121938 23 -0.44
03121938 23 -0.47
04121938 23 -0.50
05121938 23 -0.54
06121938 23 -0.57
07121938 23 -0.59
08121938 23 -0.59
09121938 23 -0.58
10121938 23 -0.56
11121938 23 -0.53
12121938 23 -0.49
13121938 23 -0.46
14121938 23 -0.43
15121938 23 -0.42
16121938 23 -0.42
17121938 23 -0.43
18121938 23 -0.44
19121938 23 -0.46
20121938 23 -0.48
21121938 23 -0.49
22121938 23 -0.50
23121938 23 -0.50
24121938 23 -0.49
25121938 23 -0.48
26121938 23 -0.47
27121938 23 -0.45
28121938 23 -0.44
29121938 23 -0.43
30121938 23 -0.43
31121938 23 -0.44
