01011987 23 -0.57
02011987 23 -0.56
03011987 23 -0.53
04011987 23 -0.49
05011987 23 -0.46
06011987 23 -0.42
07011987 23 -0.40
08011987 23 -0.39
09011987 23 -0.39
10011987 23 -0.40
11011987 23 -0.43
12011987 23 -0.45
13011987 23 -0.48
14011987 23 -0.50
15011987 23 -0.51
16011987 23 -0.52
17011987 23 -0.52
18011987 23 -0.51
19011987 23 -0.50
20011987 23 -0.48
21011987 23 -0.47
22011987 23 -0.46
23011987 23 -0.46
24011987 23 -0.47
25011987 23 -0.49
26011987 23 -0.52
27011987 23 -0.54
28011987 23 -0.56
29011987 23 -0.56
30011987 23 -0.56
31011987 23 -0.54
01021987 23 -0.52
02021987 23 -0.49
03021987 23 -0.46
04021987 23 -0.43
05021987 23 -0.40
06021987 23 -0.38
07021987 23 -0.38
08021987 23 -0.39
09021987 23 -0.42
10021987 23 -0.45
11021987 23 -0.47
12021987 23 -0.50
13021987 23 -0.52
14021987 23 -0.53
15021987 23 -0.53
16021987 23 -0.53
17021987 23 -0.52
18021987 23 -0.51
19021987 23 -0.49
20021987 23 -0.47
21021987 23 -0.47
22021987 23 -0.47
23021987 23 -0.48
24021987 23 -0.50
25021987 23 -0.52
26021987 23 -0.54
27021987 23 -0.54
28021987 23 -0.54
01031987 23 -0.53
02031987 23 -0.51
03031987 23 -0.49
04031987 23 -0.46
05031987 23 -0.43
06031987 23 -0.40
07031987 23 -0.39
08031987 23 -0.38
09031987 23 -0.39
10031987 23 -0.41
11031987 23 -0.44
12031987 23 -0.47
13031987 23 -0.50
14031987 23 -0.52
15031987 23 -0.54
16031987 23 -0.55
17031987 23 -0.55
18031987 23 -0.55
19031987 23 -0.53
20031987 23 -0.51
21031987 23 -0.49
22031987 23 -0.47
23031987 23 -0.47
24031987 23 -0.47
25031987 23 -0.48
26031987 23 -0.49
27031987 23 -0.51
28031987 23 -0.51
29031987 23 -0.52
30031987 23 -0.52
31031987 23 -0.51
01041987 23 -0.49
02041987 23 -0.47
03041987 23 -0.44
04041987 23 -0.42
05041987 23 -0.40
06041987 23 -0.39
07041987 23 -0.40
08041987 23 -0.41
09041987 23 -0.44
10041987 23 -0.47
11041987 23 -0.50
12041987 23 -0.53
13041987 23 -0.55
14041987 23 -0.56
15041987 23 -0.57
16041987 23 -0.56
17041987 23 -0.55
18041987 23 -0.53
19041987 23 -0.50
20041987 23 -0.48
21041987 23 -0.46
22041987 23 -0.46
23041987 23 -0.46
24041987 23 -0.46
25041987 23 -0.48
26041987 23 -0.49
27041987 23 -0.50
28041987 23 -0.50
29041987 23 -0.50
30041987 23 -0.49
01051987 23 -0.48
02051987 23 -0.46
03051987 23 -0.43
04051987 23 -0.41
05051987 23 -0.41
06051987 23 -0.41
07051987 23 -0.42
08051987 23 -0.44
09051987 23 -0.47
10051987 23 -0.50
11051987 23 -0.53
12051987 23 -0.55
13051987 23 -0.57
14051987 23 -0.58
15051987 23 -0.58
16051987 23 -0.56
17051987 23 -0.54
18051987 23 -0.51
19051987 23 -0.48
20051987 23 -0.46
21051987 23 -0.44
22051987 23 -0.43
23051987 23 -0.44
24051987 23 -0.45
25051987 23 -0.46
26051987 23 -0.48
27051987 23 -0.49
28051987 23 -0.50
29051987 23 -0.50
30051987 23 -0.49
31051987 23 -0.47
01061987 23 -0.46
02061987 23 -0.44
03061987 23 -0.43
04061987 23 -0.43
05061987 23 -0.44
06061987 23 -0.45
07061987 23 -0.47
08061987 23 -0.49
09061987 23 -0.52
10061987 23 -0.55
11061987 23 -0.57
12061987 23 -0.58
13061987 23 -0.58
14061987 23 -0.57
15061987 23 -0.55
16061987 23 -0.52
17061987 23 -0.48
18061987 23 -0.45
19061987 23 -0.42
20061987 23 -0.41
21061987 23 -0.41
22061987 23 -0.42
23061987 23 -0.44
24061987 23 -0.46
25061987 23 -0.48
26061987 23 -0.49
27061987 23 -0.50
28061987 23 -0.50
29061987 23 -0.49
30061987 23 -0.48
01071987 23 -0.47
02071987 23 -0.46
03071987 23 -0.45
04071987 23 -0.45
05071987 23 -0.45
06071987 23 -0.47
07071987 23 -0.48
08071987 23 -0.51
09071987 23 -0.54
10071987 23 -0.56
11071987 23 -0.58
12071987 23 -0.58
13071987 23 -0.57
14071987 23 -0.55
15071987 23 -0.52
16071987 23 -0.48
17071987 23 -0.44
18071987 23 -0.41
19071987 23 -0.40
20071987 23 -0.40
21071987 23 -0.40
22071987 23 -0.42
23071987 23 -0.44
24071987 23 -0.46
25071987 23 -0.49
26071987 23 -0.50
27071987 23 -0.51
28071987 23 -0.52
29071987 23 -0.51
30071987 23 -0.50
31071987 23 -0.49
01081987 23 -0.47
02081987 23 -0.46
03081987 23 -0.46
04081987 23 -0.46
05081987 23 -0.47
06081987 23 -0.50
07081987 23 -0.52
08081987 23 -0.55
09081987 23 -0.57
10081987 23 -0.58
11081987 23 -0.57
12081987 23 -0.55
13081987 23 -0.52
14081987 23 -0.48
15081987 23 -0.44
16081987 23 -0.41
17081987 23 -0.39
18081987 23 -0.38
19081987 23 -0.39
20081987 23 -0.41
21081987 23 -0.43
22081987 23 -0.46
23081987 23 -0.48
24081987 23 -0.51
25081987 23 -0.53
26081987 23 -0.54
27081987 23 -0.54
28081987 23 -0.53
29081987 23 -0.51
30081987 23 -0.50
31081987 23 -0.48
01091987 23 -0.46
02091987 23 -0.46
03091987 23 -0.46
04091987 23 -0.48
05091987 23 -0.51
06091987 23 -0.53
07091987 23 -0.55
08091987 23 -0.56
09091987 23 -0.56
10091987 23 -0.54
11091987 23 -0.51
12091987 23 -0.48
13091987 23 -0.44
14091987 23 -0.41
15091987 23 -0.39
16091987 23 -0.38
17091987 23 -0.39
18091987 23 -0.40
19091987 23 -0.42
20091987 23 -0.45
21091987 23 -0.49
22091987 23 -0.52
23091987 23 -0.54
24091987 23 -0.56
25091987 23 -0.56
26091987 23 -0.55
27091987 23 -0.54
28091987 23 -0.51
29091987 23 -0.49
30091987 23 -0.47
01101987 23 -0.45
02101987 23 -0.45
03101987 23 -0.46
04101987 23 -0.49
05101987 23 -0.51
06101987 23 -0.53
07101987 23 -0.54
08101987 23 -0.54
09101987 23 -0.53
10101987 23 -0.51
11101987 23 -0.47
12101987 23 -0.44
13101987 23 -0.42
14101987 23 -0.40
15101987 23 -0.39
16101987 23 -0.39
17101987 23 -0.40
18101987 23 -0.42
19101987 23 -0.45
20101987 23 -0.49
21101987 23 -0.52
22101987 23 -0.55
23101987 23 -0.57
24101987 23 -0.57
25101987 23 -0.57
26101987 23 -0.55
27101987 23 -0.53
28101987 23 -0.50
29101987 23 -0.47
30101987 23 -0.45
31101987 23 -0.44
01111987 23 -0.45
02111987 23 -0.47
03111987 23 -0.49
04111987 23 -0.51
05111987 23 -0.52
06111987 23 -0.52
07111987 23 -0.52
08111987 23 -0.50
09111987 23 -0.48
10111987 23 -0.45
11111987 23 -0.43
12111987 23 -0.41
13111987 23 -0.40
14111987 23 -0.40
15111987 23 -0.40
16111987 23 -0.42
17111987 23 -0.45
18111987 23 -0.49
19111987 23 -0.53
20111987 23 -0.56
21111987 23 -0.58
22111987 23 -0.59
23111987 23 -0.58
24111987 23 -0.57
25111987 23 -0.54
26111987 23 -0.50
27111987 23 -0.47
28111987 23 -0.44
29111987 23 -0.43
30111987 23 -0.43
01121987 23 -0.44
02121987 23 -0.46
03121987 23 -0.48
04121987 23 -0.50
05121987 23 -0.50
06121987 23 -0.50
07121987 23 -0.50
08121987 23 -0.49
09121987 23 -0.47
10121987 23 -0.45
11121987 23 -0.43
12121987 23 -0.42
13121987 23 -0.41
14121987 23 -0.41
15121987 23 -0.43
16121987 23 -0.46
17121987 23 -0.49
18121987 23 -0.53
19121987 23 -0.56
20121987 23 -0.58
21121987 23 -0.59
22121987 23 -0.59
23121987 23 -0.57
24121987 23 -0.54
25121987 23 -0.51
26121987 23 -0.47
27121987 23 -0.44
28121987 23 -0.42
29121987 23 -0.42
30121987 23 -0.42
31121987 23 -0.44
