01011972 23 -0.53
02011972 23 -0.52
03011972 23 -0.50
04011972 23 -0.48
05011972 23 -0.45
06011972 23 -0.43
07011972 23 -0.40
08011972 23 -0.39
09011972 23 -0.38
10011972 23 -0.39
11011972 23 -0.42
12011972 23 -0.45
13011972 23 -0.49
14011972 23 -0.52
15011972 23 -0.55
16011972 23 -0.56
17011972 23 -0.57
18011972 23 -0.57
19011972 23 -0.55
20011972 23 -0.53
21011972 23 -0.51
22011972 23 -0.48
23011972 23 -0.46
24011972 23 -0.45
25011972 23 -0.45
26011972 23 -0.47
27011972 23 -0.48
28011972 23 -0.50
29011972 23 -0.51
30011972 23 -0.51
31011972 23 -0.51
01021972 23 -0.50
02021972 23 -0.48
03021972 23 -0.46
04021972 23 -0.44
05021972 23 -0.42
06021972 23 -0.40
07021972 23 -0.40
08021972 23 -0.40
09021972 23 -0.42
10021972 23 -0.45
11021972 23 -0.49
12021972 23 -0.52
13021972 23 -0.55
14021972 23 -0.57
15021972 23 -0.58
16021972 23 -0.58
17021972 23 -0.57
18021972 23 -0.54
19021972 23 -0.52
20021972 23 -0.49
21021972 23 -0.46
22021972 23 -0.44
23021972 23 -0.44
24021972 23 -0.44
25021972 23 -0.46
26021972 23 -0.47
27021972 23 -0.48
28021972 23 -0.49
29021972 23 -0.50
01031972 23 -0.49
02031972 23 -0.49
03031972 23 -0.47
04031972 23 -0.46
05031972 23 -0.44
06031972 23 -0.42
07031972 23 -0.42
08031972 23 -0.42
09031972 23 -0.43
10031972 23 -0.46
11031972 23 -0.49
12031972 23 -0.52
13031972 23 -0.55
14031972 23 -0.57
15031972 23 -0.58
16031972 23 -0.58
17031972 23 -0.57
18031972 23 -0.55
19031972 23 -0.52
20031972 23 -0.49
21031972 23 -0.46
22031972 23 -0.44
23031972 23 -0.42
24031972 23 -0.42
25031972 23 -0.43
26031972 23 -0.44
27031972 23 -0.46
28031972 23 -0.47
29031972 23 -0.48
30031972 23 -0.49
31031972 23 -0.49
01041972 23 -0.49
02041972 23 -0.48
03041972 23 -0.46
04041972 23 -0.45
05041972 23 -0.44
06041972 23 -0.44
07041972 23 -0.45
08041972 23 -0.46
09041972 23 -0.48
10041972 23 -0.51
11041972 23 -0.54
12041972 23 -0.56
13041972 23 -0.57
14041972 23 -0.58
15041972 23 -0.57
16041972 23 -0.56
17041972 23 -0.53
18041972 23 -0.50
19041972 23 -0.46
20041972 23 -0.43
21041972 23 -0.41
22041972 23 -0.40
23041972 23 -0.41
24041972 23 -0.42
25041972 23 -0.44
26041972 23 -0.46
27041972 23 -0.48
28041972 23 -0.49
29041972 23 -0.50
30041972 23 -0.50
01051972 23 -0.50
02051972 23 -0.49
03051972 23 -0.48
04051972 23 -0.47
05051972 23 -0.46
06051972 23 -0.46
07051972 23 -0.47
08051972 23 -0.48
09051972 23 -0.50
10051972 23 -0.52
11051972 23 -0.54
12051972 23 -0.56
13051972 23 -0.56
14051972 23 -0.56
15051972 23 -0.55
16051972 23 -0.53
17051972 23 -0.50
18051972 23 -0.46
19051972 23 -0.43
20051972 23 -0.40
21051972 23 -0.39
22051972 23 -0.39
23051972 23 -0.40
24051972 23 -0.42
25051972 23 -0.45
26051972 23 -0.47
27051972 23 -0.49
28051972 23 -0.51
29051972 23 -0.52
30051972 23 -0.52
31051972 23 -0.52
01061972 23 -0.51
02061972 23 -0.50
03061972 23 -0.48
04061972 23 -0.48
05061972 23 -0.47
06061972 23 -0.48
07061972 23 -0.49
08061972 23 -0.50
09061972 23 -0.52
10061972 23 -0.54
11061972 23 -0.55
12061972 23 -0.55
13061972 23 -0.55
14061972 23 -0.53
15061972 23 -0.50
16061972 23 -0.46
17061972 23 -0.43
18061972 23 -0.40
19061972 23 -0.39
20061972 23 -0.39
21061972 23 -0.40
22061972 23 -0.41
23061972 23 -0.44
24061972 23 -0.46
25061972 23 -0.49
26061972 23 -0.52
27061972 23 -0.54
28061972 23 -0.55
29061972 23 -0.55
30061972 23 -0.54
01071972 23 -0.52
02071972 23 -0.51
03071972 23 -0.49
04071972 23 -0.48
05071972 23 -0.47
06071972 23 -0.47
07071972 23 -0.48
08071972 23 -0.50
09071972 23 -0.51
10071972 23 -0.53
11071972 23 -0.54
12071972 23 -0.54
13071972 23 -0.53
14071972 23 -0.50
15071972 23 -0.47
16071972 23 -0.44
17071972 23 -0.41
18071972 23 -0.39
19071972 23 -0.39
20071972 23 -0.40
21071972 23 -0.41
22071972 23 -0.43
23071972 23 -0.46
24071972 23 -0.49
25071972 23 -0.52
26071972 23 -0.55
27071972 23 -0.57
28071972 23 -0.57
29071972 23 -0.56
30071972 23 -0.55
31071972 23 -0.52
01081972 23 -0.50
02081972 23 -0.47
03081972 23 -0.46
04081972 23 -0.45
05081972 23 -0.46
06081972 23 -0.47
07081972 23 -0.49
08081972 23 -0.51
09081972 23 -0.52
10081972 23 -0.53
11081972 23 -0.52
12081972 23 -0.50
13081972 23 -0.47
14081972 23 -0.45
15081972 23 -0.42
16081972 23 -0.41
17081972 23 -0.40
18081972 23 -0.40
19081972 23 -0.41
20081972 23 -0.43
21081972 23 -0.46
22081972 23 -0.49
23081972 23 -0.53
24081972 23 -0.56
25081972 23 -0.58
26081972 23 -0.59
27081972 23 -0.58
28081972 23 -0.56
29081972 23 -0.53
30081972 23 -0.50
31081972 23 -0.47
01091972 23 -0.45
02091972 23 -0.43
03091972 23 -0.43
04091972 23 -0.45
05091972 23 -0.47
06091972 23 -0.49
07091972 23 -0.50
08091972 23 -0.51
09091972 23 -0.51
10091972 23 -0.50
11091972 23 -0.48
12091972 23 -0.46
13091972 23 -0.44
14091972 23 -0.42
15091972 23 -0.41
16091972 23 -0.41
17091972 23 -0.42
18091972 23 -0.43
19091972 23 -0.46
20091972 23 -0.49
21091972 23 -0.53
22091972 23 -0.56
23091972 23 -0.58
24091972 23 -0.59
25091972 23 -0.59
26091972 23 -0.57
27091972 23 -0.54
28091972 23 -0.50
29091972 23 -0.47
30091972 23 -0.44
01101972 23 -0.42
02101972 23 -0.41
03101972 23 -0.43
04101972 23 -0.44
05101972 23 -0.46
06101972 23 -0.48
07101972 23 -0.50
08101972 23 -0.50
09101972 23 -0.50
10101972 23 -0.49
11101972 23 -0.48
12101972 23 -0.46
13101972 23 -0.45
14101972 23 -0.43
15101972 23 -0.43
16101972 23 -0.43
17101972 23 -0.44
18101972 23 -0.46
19101972 23 -0.49
20101972 23 -0.53
21101972 23 -0.56
22101972 23 -0.58
23101972 23 -0.59
24101972 23 -0.59
25101972 23 -0.57
26101972 23 -0.54
27101972 23 -0.50
28101972 23 -0.46
29101972 23 -0.43
30101972 23 -0.41
31101972 23 -0.40
01111972 23 -0.41
02111972 23 -0.42
03111972 23 -0.44
04111972 23 -0.47
05111972 23 -0.49
06111972 23 -0.50
07111972 23 -0.51
08111972 23 -0.51
09111972 23 -0.50
10111972 23 -0.49
11111972 23 -0.47
12111972 23 -0.46
13111972 23 -0.45
14111972 23 -0.44
15111972 23 -0.44
16111972 23 -0.46
17111972 23 -0.49
18111972 23 -0.52
19111972 23 -0.56
20111972 23 -0.58
21111972 23 -0.59
22111972 23 -0.58
23111972 23 -0.56
24111972 23 -0.53
25111972 23 -0.50
26111972 23 -0.46
27111972 23 -0.42
28111972 23 -0.40
29111972 23 -0.39
30111972 23 -0.39
01121972 23 -0.40
02121972 23 -0.43
03121972 23 -0.45
04121972 23 -0.48
05121972 23 -0.50
06121972 23 -0.51
07121972 23 -0.52
08121972 23 -0.52
09121972 23 -0.51
10121972 23 -0.50
11121972 23 -0.48
12121972 23 -0.46
13121972 23 -0.45
14121972 23 -0.45
15121972 23 -0.46
16121972 23 -0.49
17121972 23 -0.52
18121972 23 -0.55
19121972 23 -0.57
20121972 23 -0.57
21121972 23 -0.57
22121972 23 -0.55
23121972 23 -0.53
24121972 23 -0.49
25121972 23 -0.46
26121972 23 -0.42
27121972 23 -0.40
28121972 23 -0.38
29121972 23 -0.38
30121972 23 -0.39
31121972 23 -0.41
