01011960 23 -0.54
02011960 23 -0.51
03011960 23 -0.47
04011960 23 -0.44
05011960 23 -0.41
06011960 23 -0.39
07011960 23 -0.38
08011960 23 -0.39
09011960 23 -0.41
10011960 23 -0.43
11011960 23 -0.46
12011960 23 -0.49
13011960 23 -0.51
14011960 23 -0.53
15011960 23 -0.53
16011960 23 -0.53
17011960 23 -0.52
18011960 23 -0.51
19011960 23 -0.49
20011960 23 -0.47
21011960 23 -0.46
22011960 23 -0.46
23011960 23 -0.47
24011960 23 -0.50
25011960 23 -0.52
26011960 23 -0.54
27011960 23 -0.55
28011960 23 -0.55
29011960 23 -0.54
30011960 23 -0.53
31011960 23 -0.50
01021960 23 -0.47
02021960 23 -0.44
03021960 23 -0.41
04021960 23 -0.39
05021960 23 -0.38
06021960 23 -0.38
07021960 23 -0.40
08021960 23 -0.43
09021960 23 -0.46
10021960 23 -0.49
11021960 23 -0.52
12021960 23 -0.53
13021960 23 -0.55
14021960 23 -0.55
15021960 23 -0.54
16021960 23 -0.53
17021960 23 -0.51
18021960 23 -0.49
19021960 23 -0.47
20021960 23 -0.46
21021960 23 -0.47
22021960 23 -0.48
23021960 23 -0.50
24021960 23 -0.51
25021960 23 -0.52
26021960 23 -0.53
27021960 23 -0.52
28021960 23 -0.52
29021960 23 -0.50
01031960 23 -0.48
02031960 23 -0.45
03031960 23 -0.42
04031960 23 -0.40
05031960 23 -0.39
06031960 23 -0.39
07031960 23 -0.40
08031960 23 -0.43
09031960 23 -0.46
10031960 23 -0.49
11031960 23 -0.52
12031960 23 -0.54
13031960 23 -0.56
14031960 23 -0.56
15031960 23 -0.56
16031960 23 -0.55
17031960 23 -0.53
18031960 23 -0.50
19031960 23 -0.48
20031960 23 -0.47
21031960 23 -0.46
22031960 23 -0.46
23031960 23 -0.47
24031960 23 -0.48
25031960 23 -0.50
26031960 23 -0.50
27031960 23 -0.51
28031960 23 -0.50
29031960 23 -0.50
30031960 23 -0.48
31031960 23 -0.46
01041960 23 -0.44
02041960 23 -0.41
03041960 23 -0.40
04041960 23 -0.40
05041960 23 -0.41
06041960 23 -0.43
07041960 23 -0.46
08041960 23 -0.49
09041960 23 -0.52
10041960 23 -0.54
11041960 23 -0.56
12041960 23 -0.57
13041960 23 -0.58
14041960 23 -0.56
15041960 23 -0.54
16041960 23 -0.52
17041960 23 -0.49
18041960 23 -0.47
19041960 23 -0.45
20041960 23 -0.44
21041960 23 -0.44
22041960 23 -0.45
23041960 23 -0.47
24041960 23 -0.48
25041960 23 -0.49
26041960 23 -0.50
27041960 23 -0.50
28041960 23 -0.49
29041960 23 -0.47
30041960 23 -0.45
01051960 23 -0.44
02051960 23 -0.42
03051960 23 -0.42
04051960 23 -0.42
05051960 23 -0.44
06051960 23 -0.46
07051960 23 -0.49
08051960 23 -0.51
09051960 23 -0.54
10051960 23 -0.56
11051960 23 -0.58
12051960 23 -0.58
13051960 23 -0.57
14051960 23 -0.56
15051960 23 -0.53
16051960 23 -0.50
17051960 23 -0.46
18051960 23 -0.44
19051960 23 -0.42
20051960 23 -0.42
21051960 23 -0.43
22051960 23 -0.44
23051960 23 -0.46
24051960 23 -0.47
25051960 23 -0.49
26051960 23 -0.49
27051960 23 -0.50
28051960 23 -0.49
29051960 23 -0.48
30051960 23 -0.46
31051960 23 -0.45
01061960 23 -0.44
02061960 23 -0.44
03061960 23 -0.45
04061960 23 -0.46
05061960 23 -0.48
06061960 23 -0.51
07061960 23 -0.53
08061960 23 -0.55
09061960 23 -0.57
10061960 23 -0.58
11061960 23 -0.58
12061960 23 -0.56
13061960 23 -0.53
14061960 23 -0.50
15061960 23 -0.46
16061960 23 -0.43
17061960 23 -0.41
18061960 23 -0.40
19061960 23 -0.41
20061960 23 -0.42
21061960 23 -0.44
22061960 23 -0.46
23061960 23 -0.48
24061960 23 -0.49
25061960 23 -0.50
26061960 23 -0.51
27061960 23 -0.50
28061960 23 -0.49
29061960 23 -0.48
30061960 23 -0.47
01071960 23 -0.46
02071960 23 -0.46
03071960 23 -0.46
04071960 23 -0.47
05071960 23 -0.49
06071960 23 -0.52
07071960 23 -0.54
08071960 23 -0.56
09071960 23 -0.57
10071960 23 -0.57
11071960 23 -0.56
12071960 23 -0.53
13071960 23 -0.50
14071960 23 -0.46
15071960 23 -0.42
16071960 23 -0.40
17071960 23 -0.39
18071960 23 -0.39
19071960 23 -0.40
20071960 23 -0.42
21071960 23 -0.45
22071960 23 -0.47
23071960 23 -0.50
24071960 23 -0.52
25071960 23 -0.53
26071960 23 -0.53
27071960 23 -0.52
28071960 23 -0.51
29071960 23 -0.50
30071960 23 -0.48
31071960 23 -0.47
01081960 23 -0.46
02081960 23 -0.47
03081960 23 -0.48
04081960 23 -0.50
05081960 23 -0.52
06081960 23 -0.55
07081960 23 -0.56
08081960 23 -0.56
09081960 23 -0.55
10081960 23 -0.53
11081960 23 -0.49
12081960 23 -0.46
13081960 23 -0.42
14081960 23 -0.40
15081960 23 -0.39
16081960 23 -0.38
17081960 23 -0.39
18081960 23 -0.41
19081960 23 -0.44
20081960 23 -0.47
21081960 23 -0.50
22081960 23 -0.53
23081960 23 -0.55
24081960 23 -0.55
25081960 23 -0.55
26081960 23 -0.54
27081960 23 -0.52
28081960 23 -0.50
29081960 23 -0.48
30081960 23 -0.46
31081960 23 -0.46
01091960 23 -0.46
02091960 23 -0.48
03091960 23 -0.51
04091960 23 -0.53
05091960 23 -0.54
06091960 23 -0.55
07091960 23 -0.54
08091960 23 -0.52
09091960 23 -0.49
10091960 23 -0.46
11091960 23 -0.43
12091960 23 -0.40
13091960 23 -0.39
14091960 23 -0.39
15091960 23 -0.39
16091960 23 -0.41
17091960 23 -0.44
18091960 23 -0.47
19091960 23 -0.51
20091960 23 -0.54
21091960 23 -0.56
22091960 23 -0.57
23091960 23 -0.57
24091960 23 -0.56
25091960 23 -0.54
26091960 23 -0.51
27091960 23 -0.48
28091960 23 -0.46
29091960 23 -0.45
30091960 23 -0.45
01101960 23 -0.46
02101960 23 -0.48
03101960 23 -0.51
04101960 23 -0.52
05101960 23 -0.53
06101960 23 -0.53
07101960 23 -0.51
08101960 23 -0.49
09101960 23 -0.46
10101960 23 -0.44
11101960 23 -0.41
12101960 23 -0.40
13101960 23 -0.39
14101960 23 -0.40
15101960 23 -0.41
16101960 23 -0.44
17101960 23 -0.47
18101960 23 -0.51
19101960 23 -0.54
20101960 23 -0.57
21101960 23 -0.58
22101960 23 -0.58
23101960 23 -0.57
24101960 23 -0.55
25101960 23 -0.52
26101960 23 -0.49
27101960 23 -0.46
28101960 23 -0.44
29101960 23 -0.43
30101960 23 -0.44
31101960 23 -0.46
01111960 23 -0.48
02111960 23 -0.50
03111960 23 -0.51
04111960 23 -0.51
05111960 23 -0.51
06111960 23 -0.49
07111960 23 -0.47
08111960 23 -0.45
09111960 23 -0.43
10111960 23 -0.42
11111960 23 -0.41
12111960 23 -0.41
13111960 23 -0.42
14111960 23 -0.44
15111960 23 -0.47
16111960 23 -0.51
17111960 23 -0.55
18111960 23 -0.57
19111960 23 -0.59
20111960 23 -0.59
21111960 23 -0.58
22111960 23 -0.56
23111960 23 -0.52
24111960 23 -0.49
25111960 23 -0.45
26111960 23 -0.43
27111960 23 -0.42
28111960 23 -0.42
29111960 23 -0.44
30111960 23 -0.46
01121960 23 -0.48
02121960 23 -0.49
03121960 23 -0.50
04121960 23 -0.50
05121960 23 -0.50
06121960 23 -0.49
07121960 23 -0.47
08121960 23 -0.45
09121960 23 -0.44
10121960 23 -0.42
11121960 23 -0.42
12121960 23 -0.43
13121960 23 -0.44
14121960 23 -0.47
15121960 23 -0.51
16121960 23 -0.55
17121960 23 -0.57
18121960 23 -0.59
19121960 23 -0.59
20121960 23 -0.58
21121960 23 -0.56
22121960 23 -0.52
23121960 23 -0.49
24121960 23 -0.45
25121960 23 -0.42
26121960 23 -0.41
27121960 23 -0.41
28121960 23 -0.42
29121960 23 -0.43
30121960 23 -0.45
31121960 23 -0.47
