01011956 23 -0.53
02011956 23 -0.49
03011956 23 -0.46
04011956 23 -0.42
05011956 23 -0.40
06011956 23 -0.39
07011956 23 -0.39
08011956 23 -0.40
09011956 23 -0.43
10011956 23 -0.45
11011956 23 -0.48
12011956 23 -0.50
13011956 23 -0.51
14011956 23 -0.52
15011956 23 -0.52
16011956 23 -0.51
17011956 23 -0.50
18011956 23 -0.48
19011956 23 -0.47
20011956 23 -0.46
21011956 23 -0.46
22011956 23 -0.47
23011956 23 -0.49
24011956 23 -0.52
25011956 23 -0.54
26011956 23 -0.56
27011956 23 -0.56
28011956 23 -0.56
29011956 23 -0.54
30011956 23 -0.52
31011956 23 -0.49
01021956 23 -0.46
02021956 23 -0.43
03021956 23 -0.40
04021956 23 -0.38
05021956 23 -0.38
06021956 23 -0.39
07021956 23 -0.42
08021956 23 -0.44
09021956 23 -0.47
10021956 23 -0.50
11021956 23 -0.52
12021956 23 -0.53
13021956 23 -0.53
14021956 23 -0.53
15021956 23 -0.52
16021956 23 -0.51
17021956 23 -0.49
18021956 23 -0.47
19021956 23 -0.47
20021956 23 -0.47
21021956 23 -0.48
22021956 23 -0.50
23021956 23 -0.52
24021956 23 -0.54
25021956 23 -0.54
26021956 23 -0.54
27021956 23 -0.53
28021956 23 -0.52
29021956 23 -0.49
01031956 23 -0.46
02031956 23 -0.43
03031956 23 -0.41
04031956 23 -0.39
05031956 23 -0.38
06031956 23 -0.39
07031956 23 -0.41
08031956 23 -0.44
09031956 23 -0.47
10031956 23 -0.50
11031956 23 -0.52
12031956 23 -0.54
13031956 23 -0.55
14031956 23 -0.55
15031956 23 -0.55
16031956 23 -0.53
17031956 23 -0.51
18031956 23 -0.49
19031956 23 -0.47
20031956 23 -0.47
21031956 23 -0.47
22031956 23 -0.48
23031956 23 -0.49
24031956 23 -0.51
25031956 23 -0.52
26031956 23 -0.52
27031956 23 -0.52
28031956 23 -0.51
29031956 23 -0.49
30031956 23 -0.47
31031956 23 -0.44
01041956 23 -0.42
02041956 23 -0.40
03041956 23 -0.39
04041956 23 -0.40
05041956 23 -0.41
06041956 23 -0.44
07041956 23 -0.47
08041956 23 -0.50
09041956 23 -0.53
10041956 23 -0.55
11041956 23 -0.56
12041956 23 -0.57
13041956 23 -0.56
14041956 23 -0.55
15041956 23 -0.53
16041956 23 -0.50
17041956 23 -0.48
18041956 23 -0.46
19041956 23 -0.46
20041956 23 -0.46
21041956 23 -0.47
22041956 23 -0.48
23041956 23 -0.49
24041956 23 -0.50
25041956 23 -0.50
26041956 23 -0.50
27041956 23 -0.49
28041956 23 -0.48
29041956 23 -0.46
30041956 23 -0.43
01051956 23 -0.41
02051956 23 -0.41
03051956 23 -0.41
04051956 23 -0.42
05051956 23 -0.44
06051956 23 -0.47
07051956 23 -0.50
08051956 23 -0.53
09051956 23 -0.55
10051956 23 -0.57
11051956 23 -0.58
12051956 23 -0.58
13051956 23 -0.56
14051956 23 -0.54
15051956 23 -0.51
16051956 23 -0.48
17051956 23 -0.46
18051956 23 -0.44
19051956 23 -0.43
20051956 23 -0.44
21051956 23 -0.45
22051956 23 -0.46
23051956 23 -0.48
24051956 23 -0.49
25051956 23 -0.50
26051956 23 -0.50
27051956 23 -0.49
28051956 23 -0.47
29051956 23 -0.45
30051956 23 -0.44
31051956 23 -0.43
01061956 23 -0.43
02061956 23 -0.43
03061956 23 -0.45
04061956 23 -0.47
05061956 23 -0.49
06061956 23 -0.52
07061956 23 -0.55
08061956 23 -0.57
09061956 23 -0.58
10061956 23 -0.58
11061956 23 -0.57
12061956 23 -0.55
13061956 23 -0.52
14061956 23 -0.48
15061956 23 -0.45
16061956 23 -0.43
17061956 23 -0.41
18061956 23 -0.41
19061956 23 -0.42
20061956 23 -0.44
21061956 23 -0.46
22061956 23 -0.48
23061956 23 -0.49
24061956 23 -0.50
25061956 23 -0.50
26061956 23 -0.49
27061956 23 -0.48
28061956 23 -0.47
29061956 23 -0.46
30061956 23 -0.45
01071956 23 -0.45
02071956 23 -0.45
03071956 23 -0.47
04071956 23 -0.48
05071956 23 -0.51
06071956 23 -0.54
07071956 23 -0.56
08071956 23 -0.58
09071956 23 -0.58
10071956 23 -0.58
11071956 23 -0.55
12071956 23 -0.52
13071956 23 -0.48
14071956 23 -0.44
15071956 23 -0.42
16071956 23 -0.40
17071956 23 -0.40
18071956 23 -0.40
19071956 23 -0.42
20071956 23 -0.44
21071956 23 -0.46
22071956 23 -0.48
23071956 23 -0.50
24071956 23 -0.51
25071956 23 -0.52
26071956 23 -0.51
27071956 23 -0.50
28071956 23 -0.49
29071956 23 -0.47
30071956 23 -0.46
31071956 23 -0.46
01081956 23 -0.46
02081956 23 -0.47
03081956 23 -0.50
04081956 23 -0.52
05081956 23 -0.55
06081956 23 -0.57
07081956 23 -0.57
08081956 23 -0.57
09081956 23 -0.55
10081956 23 -0.52
11081956 23 -0.48
12081956 23 -0.44
13081956 23 -0.41
14081956 23 -0.39
15081956 23 -0.39
16081956 23 -0.39
17081956 23 -0.41
18081956 23 -0.43
19081956 23 -0.45
20081956 23 -0.48
21081956 23 -0.51
22081956 23 -0.53
23081956 23 -0.54
24081956 23 -0.54
25081956 23 -0.53
26081956 23 -0.51
27081956 23 -0.50
28081956 23 -0.48
29081956 23 -0.47
30081956 23 -0.46
31081956 23 -0.46
01091956 23 -0.48
02091956 23 -0.51
03091956 23 -0.53
04091956 23 -0.55
05091956 23 -0.56
06091956 23 -0.56
07091956 23 -0.54
08091956 23 -0.51
09091956 23 -0.48
10091956 23 -0.44
11091956 23 -0.41
12091956 23 -0.39
13091956 23 -0.38
14091956 23 -0.39
15091956 23 -0.40
16091956 23 -0.42
17091956 23 -0.45
18091956 23 -0.49
19091956 23 -0.52
20091956 23 -0.54
21091956 23 -0.55
22091956 23 -0.56
23091956 23 -0.55
24091956 23 -0.54
25091956 23 -0.52
26091956 23 -0.49
27091956 23 -0.47
28091956 23 -0.46
29091956 23 -0.45
30091956 23 -0.46
01101956 23 -0.49
02101956 23 -0.51
03101956 23 -0.53
04101956 23 -0.54
05101956 23 -0.54
06101956 23 -0.53
07101956 23 -0.51
08101956 23 -0.48
09101956 23 -0.44
10101956 23 -0.42
11101956 23 -0.40
12101956 23 -0.39
13101956 23 -0.39
14101956 23 -0.40
15101956 23 -0.42
16101956 23 -0.45
17101956 23 -0.49
18101956 23 -0.52
19101956 23 -0.55
20101956 23 -0.57
21101956 23 -0.57
22101956 23 -0.57
23101956 23 -0.55
24101956 23 -0.53
25101956 23 -0.50
26101956 23 -0.47
27101956 23 -0.45
28101956 23 -0.44
29101956 23 -0.45
30101956 23 -0.47
31101956 23 -0.49
01111956 23 -0.51
02111956 23 -0.52
03111956 23 -0.52
04111956 23 -0.52
05111956 23 -0.50
06111956 23 -0.48
07111956 23 -0.45
08111956 23 -0.43
09111956 23 -0.41
10111956 23 -0.40
11111956 23 -0.40
12111956 23 -0.40
13111956 23 -0.42
14111956 23 -0.45
15111956 23 -0.49
16111956 23 -0.53
17111956 23 -0.56
18111956 23 -0.58
19111956 23 -0.59
20111956 23 -0.58
21111956 23 -0.57
22111956 23 -0.54
23111956 23 -0.50
24111956 23 -0.47
25111956 23 -0.44
26111956 23 -0.43
27111956 23 -0.43
28111956 23 -0.44
29111956 23 -0.46
30111956 23 -0.48
01121956 23 -0.50
02121956 23 -0.50
03121956 23 -0.51
04121956 23 -0.50
05121956 23 -0.49
06121956 23 -0.47
07121956 23 -0.45
08121956 23 -0.43
09121956 23 -0.42
10121956 23 -0.41
11121956 23 -0.41
12121956 23 -0.43
13121956 23 -0.45
14121956 23 -0.49
15121956 23 -0.53
16121956 23 -0.56
17121956 23 -0.58
18121956 23 -0.59
19121956 23 -0.59
20121956 23 -0.57
21121956 23 -0.54
22121956 23 -0.51
23121956 23 -0.47
24121956 23 -0.44
25121956 23 -0.42
26121956 23 -0.42
27121956 23 -0.42
28121956 23 -0.44
29121956 23 -0.46
30121956 23 -0.48
31121956 23 -0.49
