01011991 23 -0.57
02011991 23 -0.56
03011991 23 -0.54
04011991 23 -0.50
05011991 23 -0.47
06011991 23 -0.44
07011991 23 -0.41
08011991 23 -0.39
09011991 23 -0.38
10011991 23 -0.39
11011991 23 -0.41
12011991 23 -0.43
13011991 23 -0.46
14011991 23 -0.49
15011991 23 -0.51
16011991 23 -0.53
17011991 23 -0.53
18011991 23 -0.53
19011991 23 -0.52
20011991 23 -0.51
21011991 23 -0.49
22011991 23 -0.47
23011991 23 -0.46
24011991 23 -0.46
25011991 23 -0.48
26011991 23 -0.50
27011991 23 -0.52
28011991 23 -0.54
29011991 23 -0.55
30011991 23 -0.55
31011991 23 -0.54
01021991 23 -0.53
02021991 23 -0.50
03021991 23 -0.47
04021991 23 -0.44
05021991 23 -0.41
06021991 23 -0.39
07021991 23 -0.38
08021991 23 -0.39
09021991 23 -0.40
10021991 23 -0.43
11021991 23 -0.46
12021991 23 -0.49
13021991 23 -0.52
14021991 23 -0.53
15021991 23 -0.55
16021991 23 -0.55
17021991 23 -0.54
18021991 23 -0.53
19021991 23 -0.51
20021991 23 -0.49
21021991 23 -0.47
22021991 23 -0.46
23021991 23 -0.47
24021991 23 -0.48
25021991 23 -0.50
26021991 23 -0.51
27021991 23 -0.52
28021991 23 -0.53
01031991 23 -0.52
02031991 23 -0.51
03031991 23 -0.50
04031991 23 -0.47
05031991 23 -0.45
06031991 23 -0.42
07031991 23 -0.40
08031991 23 -0.39
09031991 23 -0.39
10031991 23 -0.40
11031991 23 -0.43
12031991 23 -0.46
13031991 23 -0.49
14031991 23 -0.52
15031991 23 -0.54
16031991 23 -0.56
17031991 23 -0.56
18031991 23 -0.56
19031991 23 -0.55
20031991 23 -0.53
21031991 23 -0.50
22031991 23 -0.48
23031991 23 -0.47
24031991 23 -0.46
25031991 23 -0.46
26031991 23 -0.47
27031991 23 -0.48
28031991 23 -0.49
29031991 23 -0.50
30031991 23 -0.51
31031991 23 -0.50
01041991 23 -0.50
02041991 23 -0.48
03041991 23 -0.46
04041991 23 -0.43
05041991 23 -0.41
06041991 23 -0.40
07041991 23 -0.40
08041991 23 -0.41
09041991 23 -0.43
10041991 23 -0.46
11041991 23 -0.49
12041991 23 -0.52
13041991 23 -0.54
14041991 23 -0.56
15041991 23 -0.57
16041991 23 -0.58
17041991 23 -0.56
18041991 23 -0.54
19041991 23 -0.52
20041991 23 -0.49
21041991 23 -0.46
22041991 23 -0.45
23041991 23 -0.44
24041991 23 -0.44
25041991 23 -0.45
26041991 23 -0.47
27041991 23 -0.48
28041991 23 -0.49
29041991 23 -0.50
30041991 23 -0.50
01051991 23 -0.49
02051991 23 -0.47
03051991 23 -0.45
04051991 23 -0.44
05051991 23 -0.42
06051991 23 -0.42
07051991 23 -0.42
08051991 23 -0.44
09051991 23 -0.46
10051991 23 -0.49
11051991 23 -0.52
12051991 23 -0.54
13051991 23 -0.56
14051991 23 -0.58
15051991 23 -0.58
16051991 23 -0.57
17051991 23 -0.55
18051991 23 -0.53
19051991 23 -0.49
20051991 23 -0.46
21051991 23 -0.44
22051991 23 -0.42
23051991 23 -0.42
24051991 23 -0.43
25051991 23 -0.44
26051991 23 -0.46
27051991 23 -0.47
28051991 23 -0.49
29051991 23 -0.49
30051991 23 -0.50
31051991 23 -0.49
01061991 23 -0.48
02061991 23 -0.46
03061991 23 -0.45
04061991 23 -0.44
05061991 23 -0.44
06061991 23 -0.45
07061991 23 -0.46
08061991 23 -0.48
09061991 23 -0.51
10061991 23 -0.53
11061991 23 -0.55
12061991 23 -0.57
13061991 23 -0.58
14061991 23 -0.58
15061991 23 -0.56
16061991 23 -0.53
17061991 23 -0.50
18061991 23 -0.46
19061991 23 -0.43
20061991 23 -0.41
21061991 23 -0.40
22061991 23 -0.41
23061991 23 -0.42
24061991 23 -0.44
25061991 23 -0.46
26061991 23 -0.48
27061991 23 -0.49
28061991 23 -0.51
29061991 23 -0.51
30061991 23 -0.50
01071991 23 -0.49
02071991 23 -0.48
03071991 23 -0.47
04071991 23 -0.46
05071991 23 -0.46
06071991 23 -0.46
07071991 23 -0.47
08071991 23 -0.49
09071991 23 -0.52
10071991 23 -0.54
11071991 23 -0.56
12071991 23 -0.57
13071991 23 -0.57
14071991 23 -0.56
15071991 23 -0.53
16071991 23 -0.50
17071991 23 -0.46
18071991 23 -0.42
19071991 23 -0.40
20071991 23 -0.39
21071991 23 -0.39
22071991 23 -0.40
23071991 23 -0.42
24071991 23 -0.45
25071991 23 -0.47
26071991 23 -0.50
27071991 23 -0.52
28071991 23 -0.53
29071991 23 -0.53
30071991 23 -0.52
31071991 23 -0.51
01081991 23 -0.50
02081991 23 -0.48
03081991 23 -0.47
04081991 23 -0.46
05081991 23 -0.47
06081991 23 -0.48
07081991 23 -0.50
08081991 23 -0.53
09081991 23 -0.55
10081991 23 -0.56
11081991 23 -0.56
12081991 23 -0.55
13081991 23 -0.53
14081991 23 -0.49
15081991 23 -0.46
16081991 23 -0.42
17081991 23 -0.40
18081991 23 -0.38
19081991 23 -0.38
20081991 23 -0.39
21081991 23 -0.41
22081991 23 -0.44
23081991 23 -0.47
24081991 23 -0.50
25081991 23 -0.53
26081991 23 -0.55
27081991 23 -0.55
28081991 23 -0.55
29081991 23 -0.54
30081991 23 -0.52
31081991 23 -0.50
01091991 23 -0.48
02091991 23 -0.46
03091991 23 -0.46
04091991 23 -0.46
05091991 23 -0.48
06091991 23 -0.51
07091991 23 -0.53
08091991 23 -0.54
09091991 23 -0.55
10091991 23 -0.54
11091991 23 -0.52
12091991 23 -0.49
13091991 23 -0.46
14091991 23 -0.43
15091991 23 -0.40
16091991 23 -0.39
17091991 23 -0.39
18091991 23 -0.39
19091991 23 -0.41
20091991 23 -0.44
21091991 23 -0.47
22091991 23 -0.51
23091991 23 -0.54
24091991 23 -0.56
25091991 23 -0.57
26091991 23 -0.57
27091991 23 -0.56
28091991 23 -0.54
29091991 23 -0.51
30091991 23 -0.48
01101991 23 -0.46
02101991 23 -0.45
03101991 23 -0.45
04101991 23 -0.46
05101991 23 -0.48
06101991 23 -0.51
07101991 23 -0.52
08101991 23 -0.53
09101991 23 -0.53
10101991 23 -0.51
11101991 23 -0.49
12101991 23 -0.46
13101991 23 -0.44
14101991 23 -0.41
15101991 23 -0.40
16101991 23 -0.39
17101991 23 -0.40
18101991 23 -0.41
19101991 23 -0.44
20101991 23 -0.47
21101991 23 -0.51
22101991 23 -0.54
23101991 23 -0.57
24101991 23 -0.58
25101991 23 -0.58
26101991 23 -0.57
27101991 23 -0.55
28101991 23 -0.52
29101991 23 -0.49
30101991 23 -0.46
31101991 23 -0.44
01111991 23 -0.43
02111991 23 -0.44
03111991 23 -0.46
04111991 23 -0.48
05111991 23 -0.50
06111991 23 -0.51
07111991 23 -0.51
08111991 23 -0.50
09111991 23 -0.49
10111991 23 -0.47
11111991 23 -0.45
12111991 23 -0.43
13111991 23 -0.42
14111991 23 -0.41
15111991 23 -0.41
16111991 23 -0.42
17111991 23 -0.44
18111991 23 -0.47
19111991 23 -0.51
20111991 23 -0.55
21111991 23 -0.57
22111991 23 -0.59
23111991 23 -0.59
24111991 23 -0.58
25111991 23 -0.56
26111991 23 -0.52
27111991 23 -0.48
28111991 23 -0.45
29111991 23 -0.43
30111991 23 -0.42
01121991 23 -0.42
02121991 23 -0.44
03121991 23 -0.46
04121991 23 -0.48
05121991 23 -0.49
06121991 23 -0.50
07121991 23 -0.50
08121991 23 -0.50
09121991 23 -0.49
10121991 23 -0.47
11121991 23 -0.45
12121991 23 -0.44
13121991 23 -0.42
14121991 23 -0.42
15121991 23 -0.43
16121991 23 -0.45
17121991 23 -0.48
18121991 23 -0.51
19121991 23 -0.55
20121991 23 -0.57
21121991 23 -0.59
22121991 23 -0.59
23121991 23 -0.58
24121991 23 -0.55
25121991 23 -0.52
26121991 23 -0.48
27121991 23 -0.45
28121991 23 -0.42
29121991 23 -0.41
30121991 23 -0.41
31121991 23 -0.42
