01011999 23 -0.55
02011999 23 -0.55
03011999 23 -0.54
04011999 23 -0.52
05011999 23 -0.50
06011999 23 -0.47
07011999 23 -0.44
08011999 23 -0.41
09011999 23 -0.39
10011999 23 -0.38
11011999 23 -0.38
12011999 23 -0.40
13011999 23 -0.43
14011999 23 -0.47
15011999 23 -0.50
16011999 23 -0.53
17011999 23 -0.55
18011999 23 -0.56
19011999 23 -0.56
20011999 23 -0.55
21011999 23 -0.53
22011999 23 -0.51
23011999 23 -0.49
24011999 23 -0.47
25011999 23 -0.46
26011999 23 -0.46
27011999 23 -0.47
28011999 23 -0.49
29011999 23 -0.51
30011999 23 -0.52
31011999 23 -0.52
01021999 23 -0.52
02021999 23 -0.51
03021999 23 -0.49
04021999 23 -0.47
05021999 23 -0.44
06021999 23 -0.42
07021999 23 -0.40
08021999 23 -0.39
09021999 23 -0.39
10021999 23 -0.41
11021999 23 -0.43
12021999 23 -0.47
13021999 23 -0.50
14021999 23 -0.53
15021999 23 -0.55
16021999 23 -0.57
17021999 23 -0.57
18021999 23 -0.57
19021999 23 -0.55
20021999 23 -0.53
21021999 23 -0.50
22021999 23 -0.47
23021999 23 -0.46
24021999 23 -0.45
25021999 23 -0.45
26021999 23 -0.47
27021999 23 -0.48
28021999 23 -0.49
01031999 23 -0.50
02031999 23 -0.50
03031999 23 -0.50
04031999 23 -0.49
05031999 23 -0.48
06031999 23 -0.46
07031999 23 -0.43
08031999 23 -0.42
09031999 23 -0.41
10031999 23 -0.41
11031999 23 -0.42
12031999 23 -0.44
13031999 23 -0.47
14031999 23 -0.50
15031999 23 -0.53
16031999 23 -0.55
17031999 23 -0.57
18031999 23 -0.58
19031999 23 -0.58
20031999 23 -0.56
21031999 23 -0.54
22031999 23 -0.51
23031999 23 -0.48
24031999 23 -0.45
25031999 23 -0.44
26031999 23 -0.43
27031999 23 -0.44
28031999 23 -0.45
29031999 23 -0.46
30031999 23 -0.48
31031999 23 -0.49
01041999 23 -0.49
02041999 23 -0.49
03041999 23 -0.49
04041999 23 -0.47
05041999 23 -0.46
06041999 23 -0.44
07041999 23 -0.43
08041999 23 -0.42
09041999 23 -0.43
10041999 23 -0.45
11041999 23 -0.47
12041999 23 -0.50
13041999 23 -0.53
14041999 23 -0.55
15041999 23 -0.57
16041999 23 -0.58
17041999 23 -0.58
18041999 23 -0.57
19041999 23 -0.55
20041999 23 -0.52
21041999 23 -0.48
22041999 23 -0.45
23041999 23 -0.43
24041999 23 -0.42
25041999 23 -0.41
26041999 23 -0.42
27041999 23 -0.44
28041999 23 -0.46
29041999 23 -0.47
30041999 23 -0.49
01051999 23 -0.49
02051999 23 -0.50
03051999 23 -0.49
04051999 23 -0.48
05051999 23 -0.47
06051999 23 -0.46
07051999 23 -0.45
08051999 23 -0.45
09051999 23 -0.46
10051999 23 -0.47
11051999 23 -0.49
12051999 23 -0.52
13051999 23 -0.54
14051999 23 -0.56
15051999 23 -0.57
16051999 23 -0.57
17051999 23 -0.57
18051999 23 -0.55
19051999 23 -0.52
20051999 23 -0.49
21051999 23 -0.45
22051999 23 -0.42
23051999 23 -0.40
24051999 23 -0.40
25051999 23 -0.40
26051999 23 -0.42
27051999 23 -0.44
28051999 23 -0.46
29051999 23 -0.48
30051999 23 -0.50
31051999 23 -0.51
01061999 23 -0.51
02061999 23 -0.51
03061999 23 -0.50
04061999 23 -0.49
05061999 23 -0.48
06061999 23 -0.47
07061999 23 -0.47
08061999 23 -0.47
09061999 23 -0.48
10061999 23 -0.50
11061999 23 -0.52
12061999 23 -0.54
13061999 23 -0.56
14061999 23 -0.56
15061999 23 -0.56
16061999 23 -0.55
17061999 23 -0.52
18061999 23 -0.49
19061999 23 -0.45
20061999 23 -0.42
21061999 23 -0.39
22061999 23 -0.39
23061999 23 -0.39
24061999 23 -0.41
25061999 23 -0.43
26061999 23 -0.45
27061999 23 -0.48
28061999 23 -0.50
29061999 23 -0.52
30061999 23 -0.53
01071999 23 -0.53
02071999 23 -0.53
03071999 23 -0.52
04071999 23 -0.50
05071999 23 -0.49
06071999 23 -0.48
07071999 23 -0.47
08071999 23 -0.47
09071999 23 -0.48
10071999 23 -0.50
11071999 23 -0.52
12071999 23 -0.54
13071999 23 -0.55
14071999 23 -0.55
15071999 23 -0.54
16071999 23 -0.52
17071999 23 -0.49
18071999 23 -0.45
19071999 23 -0.42
20071999 23 -0.40
21071999 23 -0.39
22071999 23 -0.39
23071999 23 -0.40
24071999 23 -0.42
25071999 23 -0.44
26071999 23 -0.47
27071999 23 -0.50
28071999 23 -0.53
29071999 23 -0.55
30071999 23 -0.56
31071999 23 -0.56
01081999 23 -0.54
02081999 23 -0.52
03081999 23 -0.50
04081999 23 -0.48
05081999 23 -0.47
06081999 23 -0.46
07081999 23 -0.46
08081999 23 -0.48
09081999 23 -0.50
10081999 23 -0.52
11081999 23 -0.53
12081999 23 -0.54
13081999 23 -0.53
14081999 23 -0.51
15081999 23 -0.49
16081999 23 -0.46
17081999 23 -0.43
18081999 23 -0.40
19081999 23 -0.39
20081999 23 -0.39
21081999 23 -0.40
22081999 23 -0.41
23081999 23 -0.44
24081999 23 -0.47
25081999 23 -0.51
26081999 23 -0.54
27081999 23 -0.56
28081999 23 -0.58
29081999 23 -0.57
30081999 23 -0.56
31081999 23 -0.54
01091999 23 -0.51
02091999 23 -0.48
03091999 23 -0.46
04091999 23 -0.44
05091999 23 -0.44
06091999 23 -0.45
07091999 23 -0.47
08091999 23 -0.50
09091999 23 -0.51
10091999 23 -0.52
11091999 23 -0.52
12091999 23 -0.51
13091999 23 -0.49
14091999 23 -0.46
15091999 23 -0.44
16091999 23 -0.42
17091999 23 -0.41
18091999 23 -0.40
19091999 23 -0.40
20091999 23 -0.42
21091999 23 -0.44
22091999 23 -0.48
23091999 23 -0.51
24091999 23 -0.55
25091999 23 -0.57
26091999 23 -0.59
27091999 23 -0.59
28091999 23 -0.58
29091999 23 -0.55
30091999 23 -0.52
01101999 23 -0.48
02101999 23 -0.45
03101999 23 -0.43
04101999 23 -0.42
05101999 23 -0.43
06101999 23 -0.45
07101999 23 -0.47
08101999 23 -0.49
09101999 23 -0.50
10101999 23 -0.51
11101999 23 -0.50
12101999 23 -0.49
13101999 23 -0.48
14101999 23 -0.46
15101999 23 -0.44
16101999 23 -0.42
17101999 23 -0.42
18101999 23 -0.42
19101999 23 -0.42
20101999 23 -0.44
21101999 23 -0.48
22101999 23 -0.51
23101999 23 -0.55
24101999 23 -0.58
25101999 23 -0.59
26101999 23 -0.59
27101999 23 -0.58
28101999 23 -0.56
29101999 23 -0.52
30101999 23 -0.48
31101999 23 -0.45
01111999 23 -0.42
02111999 23 -0.41
03111999 23 -0.41
04111999 23 -0.43
05111999 23 -0.45
06111999 23 -0.47
07111999 23 -0.49
08111999 23 -0.50
09111999 23 -0.50
10111999 23 -0.50
11111999 23 -0.49
12111999 23 -0.48
13111999 23 -0.46
14111999 23 -0.45
15111999 23 -0.44
16111999 23 -0.43
17111999 23 -0.43
18111999 23 -0.45
19111999 23 -0.48
20111999 23 -0.51
21111999 23 -0.55
22111999 23 -0.57
23111999 23 -0.59
24111999 23 -0.59
25111999 23 -0.58
26111999 23 -0.55
27111999 23 -0.52
28111999 23 -0.48
29111999 23 -0.44
30111999 23 -0.41
01121999 23 -0.40
02121999 23 -0.40
03121999 23 -0.41
04121999 23 -0.43
05121999 23 -0.45
06121999 23 -0.47
07121999 23 -0.49
08121999 23 -0.50
09121999 23 -0.51
10121999 23 -0.51
11121999 23 -0.50
12121999 23 -0.49
13121999 23 -0.47
14121999 23 -0.46
15121999 23 -0.45
16121999 23 -0.44
17121999 23 -0.45
18121999 23 -0.48
19121999 23 -0.51
20121999 23 -0.54
21121999 23 -0.57
22121999 23 -0.58
23121999 23 -0.58
24121999 23 -0.57
25121999 23 -0.54
26121999 23 -0.51
27121999 23 -0.48
28121999 23 -0.44
29121999 23 -0.41
30121999 23 -0.39
31121999 23 -0.39
