01011936 23 -0.46
02011936 23 -0.44
03011936 23 -0.44
04011936 23 -0.45
05011936 23 -0.47
06011936 23 -0.49
07011936 23 -0.50
08011936 23 -0.51
09011936 23 -0.51
10011936 23 -0.50
11011936 23 -0.49
12011936 23 -0.47
13011936 23 -0.45
14011936 23 -0.43
15011936 23 -0.41
16011936 23 -0.40
17011936 23 -0.40
18011936 23 -0.42
19011936 23 -0.44
20011936 23 -0.48
21011936 23 -0.51
22011936 23 -0.54
23011936 23 -0.57
24011936 23 -0.58
25011936 23 -0.58
26011936 23 -0.57
27011936 23 -0.55
28011936 23 -0.52
29011936 23 -0.49
30011936 23 -0.46
31011936 23 -0.44
01021936 23 -0.43
02021936 23 -0.43
03021936 23 -0.45
04021936 23 -0.46
05021936 23 -0.48
06021936 23 -0.49
07021936 23 -0.49
08021936 23 -0.50
09021936 23 -0.49
10021936 23 -0.48
11021936 23 -0.46
12021936 23 -0.45
13021936 23 -0.43
14021936 23 -0.42
15021936 23 -0.42
16021936 23 -0.43
17021936 23 -0.45
18021936 23 -0.48
19021936 23 -0.51
20021936 23 -0.54
21021936 23 -0.56
22021936 23 -0.58
23021936 23 -0.58
24021936 23 -0.57
25021936 23 -0.56
26021936 23 -0.53
27021936 23 -0.50
28021936 23 -0.46
29021936 23 -0.44
01031936 23 -0.42
02031936 23 -0.42
03031936 23 -0.42
04031936 23 -0.44
05031936 23 -0.45
06031936 23 -0.47
07031936 23 -0.48
08031936 23 -0.49
09031936 23 -0.49
10031936 23 -0.49
11031936 23 -0.48
12031936 23 -0.47
13031936 23 -0.46
14031936 23 -0.45
15031936 23 -0.44
16031936 23 -0.44
17031936 23 -0.46
18031936 23 -0.48
19031936 23 -0.51
20031936 23 -0.53
21031936 23 -0.56
22031936 23 -0.57
23031936 23 -0.57
24031936 23 -0.57
25031936 23 -0.56
26031936 23 -0.53
27031936 23 -0.50
28031936 23 -0.47
29031936 23 -0.44
30031936 23 -0.41
31031936 23 -0.40
01041936 23 -0.40
02041936 23 -0.41
03041936 23 -0.43
04041936 23 -0.45
05041936 23 -0.47
06041936 23 -0.49
07041936 23 -0.50
08041936 23 -0.51
09041936 23 -0.51
10041936 23 -0.50
11041936 23 -0.49
12041936 23 -0.47
13041936 23 -0.46
14041936 23 -0.46
15041936 23 -0.47
16041936 23 -0.48
17041936 23 -0.50
18041936 23 -0.52
19041936 23 -0.54
20041936 23 -0.55
21041936 23 -0.56
22041936 23 -0.56
23041936 23 -0.55
24041936 23 -0.53
25041936 23 -0.50
26041936 23 -0.47
27041936 23 -0.44
28041936 23 -0.41
29041936 23 -0.39
30041936 23 -0.39
01051936 23 -0.40
02051936 23 -0.42
03051936 23 -0.44
04051936 23 -0.46
05051936 23 -0.49
06051936 23 -0.51
07051936 23 -0.52
08051936 23 -0.53
09051936 23 -0.53
10051936 23 -0.52
11051936 23 -0.50
12051936 23 -0.49
13051936 23 -0.48
14051936 23 -0.47
15051936 23 -0.48
16051936 23 -0.49
17051936 23 -0.50
18051936 23 -0.52
19051936 23 -0.53
20051936 23 -0.54
21051936 23 -0.55
22051936 23 -0.54
23051936 23 -0.53
24051936 23 -0.51
25051936 23 -0.47
26051936 23 -0.44
27051936 23 -0.41
28051936 23 -0.39
29051936 23 -0.39
30051936 23 -0.39
31051936 23 -0.41
01061936 23 -0.43
02061936 23 -0.46
03061936 23 -0.49
04061936 23 -0.51
05061936 23 -0.53
06061936 23 -0.55
07061936 23 -0.55
08061936 23 -0.54
09061936 23 -0.53
10061936 23 -0.51
11061936 23 -0.50
12061936 23 -0.48
13061936 23 -0.47
14061936 23 -0.47
15061936 23 -0.48
16061936 23 -0.49
17061936 23 -0.51
18061936 23 -0.52
19061936 23 -0.53
20061936 23 -0.53
21061936 23 -0.52
22061936 23 -0.50
23061936 23 -0.48
24061936 23 -0.44
25061936 23 -0.42
26061936 23 -0.40
27061936 23 -0.39
28061936 23 -0.40
29061936 23 -0.41
30061936 23 -0.43
01071936 23 -0.45
02071936 23 -0.48
03071936 23 -0.51
04071936 23 -0.54
05071936 23 -0.56
06071936 23 -0.57
07071936 23 -0.57
08071936 23 -0.55
09071936 23 -0.53
10071936 23 -0.51
11071936 23 -0.48
12071936 23 -0.46
13071936 23 -0.45
14071936 23 -0.45
15071936 23 -0.46
16071936 23 -0.48
17071936 23 -0.50
18071936 23 -0.51
19071936 23 -0.52
20071936 23 -0.52
21071936 23 -0.50
22071936 23 -0.48
23071936 23 -0.46
24071936 23 -0.43
25071936 23 -0.41
26071936 23 -0.40
27071936 23 -0.40
28071936 23 -0.41
29071936 23 -0.43
30071936 23 -0.45
31071936 23 -0.48
01081936 23 -0.52
02081936 23 -0.55
03081936 23 -0.57
04081936 23 -0.58
05081936 23 -0.58
06081936 23 -0.57
07081936 23 -0.55
08081936 23 -0.51
09081936 23 -0.48
10081936 23 -0.45
11081936 23 -0.43
12081936 23 -0.43
13081936 23 -0.44
14081936 23 -0.45
15081936 23 -0.47
16081936 23 -0.49
17081936 23 -0.50
18081936 23 -0.51
19081936 23 -0.50
20081936 23 -0.49
21081936 23 -0.47
22081936 23 -0.45
23081936 23 -0.43
24081936 23 -0.42
25081936 23 -0.42
26081936 23 -0.42
27081936 23 -0.43
28081936 23 -0.45
29081936 23 -0.48
30081936 23 -0.52
31081936 23 -0.55
01091936 23 -0.58
02091936 23 -0.59
03091936 23 -0.59
04091936 23 -0.58
05091936 23 -0.55
06091936 23 -0.52
07091936 23 -0.48
08091936 23 -0.44
09091936 23 -0.42
10091936 23 -0.41
11091936 23 -0.42
12091936 23 -0.43
13091936 23 -0.45
14091936 23 -0.47
15091936 23 -0.49
16091936 23 -0.50
17091936 23 -0.50
18091936 23 -0.50
19091936 23 -0.49
20091936 23 -0.47
21091936 23 -0.46
22091936 23 -0.44
23091936 23 -0.43
24091936 23 -0.43
25091936 23 -0.44
26091936 23 -0.45
27091936 23 -0.48
28091936 23 -0.52
29091936 23 -0.55
30091936 23 -0.58
01101936 23 -0.59
02101936 23 -0.59
03101936 23 -0.58
04101936 23 -0.55
05101936 23 -0.51
06101936 23 -0.47
07101936 23 -0.44
08101936 23 -0.41
09101936 23 -0.40
10101936 23 -0.40
11101936 23 -0.41
12101936 23 -0.43
13101936 23 -0.45
14101936 23 -0.48
15101936 23 -0.50
16101936 23 -0.51
17101936 23 -0.51
18101936 23 -0.51
19101936 23 -0.50
20101936 23 -0.48
21101936 23 -0.47
22101936 23 -0.46
23101936 23 -0.45
24101936 23 -0.45
25101936 23 -0.45
26101936 23 -0.48
27101936 23 -0.51
28101936 23 -0.54
29101936 23 -0.57
30101936 23 -0.58
31101936 23 -0.58
01111936 23 -0.57
02111936 23 -0.54
03111936 23 -0.51
04111936 23 -0.47
05111936 23 -0.43
06111936 23 -0.40
07111936 23 -0.39
08111936 23 -0.39
09111936 23 -0.40
10111936 23 -0.42
11111936 23 -0.44
12111936 23 -0.47
13111936 23 -0.49
14111936 23 -0.51
15111936 23 -0.52
16111936 23 -0.53
17111936 23 -0.52
18111936 23 -0.51
19111936 23 -0.49
20111936 23 -0.48
21111936 23 -0.46
22111936 23 -0.45
23111936 23 -0.45
24111936 23 -0.47
25111936 23 -0.50
26111936 23 -0.53
27111936 23 -0.56
28111936 23 -0.57
29111936 23 -0.57
30111936 23 -0.56
01121936 23 -0.53
02121936 23 -0.50
03121936 23 -0.47
04121936 23 -0.43
05121936 23 -0.40
06121936 23 -0.39
07121936 23 -0.38
08121936 23 -0.39
09121936 23 -0.40
10121936 23 -0.43
11121936 23 -0.46
12121936 23 -0.49
13121936 23 -0.52
14121936 23 -0.54
15121936 23 -0.54
16121936 23 -0.54
17121936 23 -0.53
18121936 23 -0.52
19121936 23 -0.49
20121936 23 -0.47
21121936 23 -0.46
22121936 23 -0.46
23121936 23 -0.47
24121936 23 -0.49
25121936 23 -0.51
26121936 23 -0.54
27121936 23 -0.55
28121936 23 -0.55
29121936 23 -0.54
30121936 23 -0.52
31121936 23 -0.50
