01011983 23 -0.57
02011983 23 -0.55
03011983 23 -0.51
04011983 23 -0.48
05011983 23 -0.44
06011983 23 -0.42
07011983 23 -0.40
08011983 23 -0.40
09011983 23 -0.41
10011983 23 -0.43
11011983 23 -0.45
12011983 23 -0.47
13011983 23 -0.49
14011983 23 -0.50
15011983 23 -0.51
16011983 23 -0.51
17011983 23 -0.50
18011983 23 -0.49
19011983 23 -0.47
20011983 23 -0.46
21011983 23 -0.45
22011983 23 -0.45
23011983 23 -0.46
24011983 23 -0.48
25011983 23 -0.51
26011983 23 -0.54
27011983 23 -0.56
28011983 23 -0.57
29011983 23 -0.57
30011983 23 -0.56
31011983 23 -0.54
01021983 23 -0.51
02021983 23 -0.48
03021983 23 -0.44
04021983 23 -0.41
05021983 23 -0.39
06021983 23 -0.39
07021983 23 -0.39
08021983 23 -0.41
09021983 23 -0.43
10021983 23 -0.46
11021983 23 -0.49
12021983 23 -0.50
13021983 23 -0.52
14021983 23 -0.52
15021983 23 -0.52
16021983 23 -0.51
17021983 23 -0.50
18021983 23 -0.48
19021983 23 -0.47
20021983 23 -0.46
21021983 23 -0.47
22021983 23 -0.48
23021983 23 -0.50
24021983 23 -0.52
25021983 23 -0.54
26021983 23 -0.55
27021983 23 -0.55
28021983 23 -0.55
01031983 23 -0.53
02031983 23 -0.51
03031983 23 -0.48
04031983 23 -0.45
05031983 23 -0.42
06031983 23 -0.39
07031983 23 -0.38
08031983 23 -0.39
09031983 23 -0.40
10031983 23 -0.43
11031983 23 -0.45
12031983 23 -0.48
13031983 23 -0.50
14031983 23 -0.52
15031983 23 -0.54
16031983 23 -0.54
17031983 23 -0.54
18031983 23 -0.53
19031983 23 -0.51
20031983 23 -0.49
21031983 23 -0.48
22031983 23 -0.47
23031983 23 -0.47
24031983 23 -0.49
25031983 23 -0.50
26031983 23 -0.52
27031983 23 -0.53
28031983 23 -0.53
29031983 23 -0.53
30031983 23 -0.52
31031983 23 -0.51
01041983 23 -0.48
02041983 23 -0.45
03041983 23 -0.42
04041983 23 -0.40
05041983 23 -0.39
06041983 23 -0.39
07041983 23 -0.40
08041983 23 -0.42
09041983 23 -0.45
10041983 23 -0.48
11041983 23 -0.51
12041983 23 -0.53
13041983 23 -0.55
14041983 23 -0.56
15041983 23 -0.56
16041983 23 -0.55
17041983 23 -0.53
18041983 23 -0.51
19041983 23 -0.49
20041983 23 -0.47
21041983 23 -0.47
22041983 23 -0.47
23041983 23 -0.48
24041983 23 -0.49
25041983 23 -0.50
26041983 23 -0.51
27041983 23 -0.51
28041983 23 -0.51
29041983 23 -0.50
30041983 23 -0.49
01051983 23 -0.46
02051983 23 -0.44
03051983 23 -0.41
04051983 23 -0.40
05051983 23 -0.40
06051983 23 -0.41
07051983 23 -0.42
08051983 23 -0.45
09051983 23 -0.48
10051983 23 -0.51
11051983 23 -0.53
12051983 23 -0.56
13051983 23 -0.57
14051983 23 -0.57
15051983 23 -0.57
16051983 23 -0.55
17051983 23 -0.52
18051983 23 -0.50
19051983 23 -0.47
20051983 23 -0.46
21051983 23 -0.45
22051983 23 -0.45
23051983 23 -0.46
24051983 23 -0.47
25051983 23 -0.48
26051983 23 -0.49
27051983 23 -0.50
28051983 23 -0.50
29051983 23 -0.49
30051983 23 -0.47
31051983 23 -0.45
01061983 23 -0.43
02061983 23 -0.42
03061983 23 -0.41
04061983 23 -0.42
05061983 23 -0.43
06061983 23 -0.45
07061983 23 -0.48
08061983 23 -0.50
09061983 23 -0.53
10061983 23 -0.56
11061983 23 -0.57
12061983 23 -0.58
13061983 23 -0.58
14061983 23 -0.56
15061983 23 -0.54
16061983 23 -0.50
17061983 23 -0.47
18061983 23 -0.44
19061983 23 -0.43
20061983 23 -0.42
21061983 23 -0.43
22061983 23 -0.44
23061983 23 -0.46
24061983 23 -0.48
25061983 23 -0.49
26061983 23 -0.50
27061983 23 -0.50
28061983 23 -0.49
29061983 23 -0.47
30061983 23 -0.46
01071983 23 -0.45
02071983 23 -0.44
03071983 23 -0.44
04071983 23 -0.44
05071983 23 -0.45
06071983 23 -0.47
07071983 23 -0.50
08071983 23 -0.53
09071983 23 -0.55
10071983 23 -0.57
11071983 23 -0.59
12071983 23 -0.58
13071983 23 -0.57
14071983 23 -0.54
15071983 23 -0.51
16071983 23 -0.47
17071983 23 -0.43
18071983 23 -0.41
19071983 23 -0.40
20071983 23 -0.41
21071983 23 -0.42
22071983 23 -0.44
23071983 23 -0.46
24071983 23 -0.48
25071983 23 -0.50
26071983 23 -0.51
27071983 23 -0.51
28071983 23 -0.50
29071983 23 -0.49
30071983 23 -0.48
31071983 23 -0.46
01081983 23 -0.45
02081983 23 -0.45
03081983 23 -0.45
04081983 23 -0.47
05081983 23 -0.49
06081983 23 -0.52
07081983 23 -0.54
08081983 23 -0.57
09081983 23 -0.58
10081983 23 -0.58
11081983 23 -0.57
12081983 23 -0.54
13081983 23 -0.50
14081983 23 -0.46
15081983 23 -0.43
16081983 23 -0.40
17081983 23 -0.39
18081983 23 -0.39
19081983 23 -0.40
20081983 23 -0.42
21081983 23 -0.45
22081983 23 -0.47
23081983 23 -0.50
24081983 23 -0.51
25081983 23 -0.52
26081983 23 -0.52
27081983 23 -0.52
28081983 23 -0.50
29081983 23 -0.49
30081983 23 -0.47
31081983 23 -0.46
01091983 23 -0.46
02091983 23 -0.46
03091983 23 -0.48
04091983 23 -0.50
05091983 23 -0.53
06091983 23 -0.56
07091983 23 -0.57
08091983 23 -0.57
09091983 23 -0.56
10091983 23 -0.53
11091983 23 -0.50
12091983 23 -0.46
13091983 23 -0.42
14091983 23 -0.40
15091983 23 -0.38
16091983 23 -0.38
17091983 23 -0.39
18091983 23 -0.41
19091983 23 -0.44
20091983 23 -0.47
21091983 23 -0.50
22091983 23 -0.52
23091983 23 -0.54
24091983 23 -0.54
25091983 23 -0.54
26091983 23 -0.53
27091983 23 -0.51
28091983 23 -0.49
29091983 23 -0.47
30091983 23 -0.46
01101983 23 -0.46
02101983 23 -0.47
03101983 23 -0.49
04101983 23 -0.51
05101983 23 -0.54
06101983 23 -0.55
07101983 23 -0.56
08101983 23 -0.55
09101983 23 -0.52
10101983 23 -0.49
11101983 23 -0.46
12101983 23 -0.43
13101983 23 -0.40
14101983 23 -0.39
15101983 23 -0.38
16101983 23 -0.39
17101983 23 -0.41
18101983 23 -0.43
19101983 23 -0.47
20101983 23 -0.50
21101983 23 -0.53
22101983 23 -0.55
23101983 23 -0.56
24101983 23 -0.56
25101983 23 -0.55
26101983 23 -0.53
27101983 23 -0.51
28101983 23 -0.48
29101983 23 -0.46
30101983 23 -0.45
31101983 23 -0.45
01111983 23 -0.47
02111983 23 -0.49
03111983 23 -0.52
04111983 23 -0.53
05111983 23 -0.54
06111983 23 -0.53
07111983 23 -0.51
08111983 23 -0.49
09111983 23 -0.46
10111983 23 -0.43
11111983 23 -0.41
12111983 23 -0.39
13111983 23 -0.39
14111983 23 -0.39
15111983 23 -0.41
16111983 23 -0.43
17111983 23 -0.47
18111983 23 -0.51
19111983 23 -0.54
20111983 23 -0.56
21111983 23 -0.58
22111983 23 -0.58
23111983 23 -0.57
24111983 23 -0.55
25111983 23 -0.52
26111983 23 -0.49
27111983 23 -0.46
28111983 23 -0.44
29111983 23 -0.44
30111983 23 -0.45
01121983 23 -0.47
02121983 23 -0.49
03121983 23 -0.51
04121983 23 -0.51
05121983 23 -0.51
06121983 23 -0.51
07121983 23 -0.49
08121983 23 -0.47
09121983 23 -0.45
10121983 23 -0.43
11121983 23 -0.41
12121983 23 -0.40
13121983 23 -0.40
14121983 23 -0.41
15121983 23 -0.44
16121983 23 -0.47
17121983 23 -0.51
18121983 23 -0.55
19121983 23 -0.57
20121983 23 -0.58
21121983 23 -0.59
22121983 23 -0.58
23121983 23 -0.55
24121983 23 -0.52
25121983 23 -0.49
26121983 23 -0.46
27121983 23 -0.44
28121983 23 -0.43
29121983 23 -0.43
30121983 23 -0.45
31121983 23 -0.47
