01011957 23 -0.50
02011957 23 -0.50
03011957 23 -0.49
04011957 23 -0.48
05011957 23 -0.47
06011957 23 -0.45
07011957 23 -0.44
08011957 23 -0.43
09011957 23 -0.43
10011957 23 -0.44
11011957 23 -0.46
12011957 23 -0.49
13011957 23 -0.53
14011957 23 -0.56
15011957 23 -0.58
16011957 23 -0.59
17011957 23 -0.58
18011957 23 -0.57
19011957 23 -0.54
20011957 23 -0.51
21011957 23 -0.47
22011957 23 -0.44
23011957 23 -0.42
24011957 23 -0.40
25011957 23 -0.41
26011957 23 -0.42
27011957 23 -0.44
28011957 23 -0.46
29011957 23 -0.48
30011957 23 -0.49
31011957 23 -0.50
01021957 23 -0.50
02021957 23 -0.50
03021957 23 -0.49
04021957 23 -0.48
05021957 23 -0.46
06021957 23 -0.45
07021957 23 -0.45
08021957 23 -0.45
09021957 23 -0.47
10021957 23 -0.49
11021957 23 -0.52
12021957 23 -0.55
13021957 23 -0.57
14021957 23 -0.57
15021957 23 -0.57
16021957 23 -0.56
17021957 23 -0.54
18021957 23 -0.51
19021957 23 -0.47
20021957 23 -0.44
21021957 23 -0.41
22021957 23 -0.40
23021957 23 -0.39
24021957 23 -0.40
25021957 23 -0.42
26021957 23 -0.44
27021957 23 -0.47
28021957 23 -0.49
01031957 23 -0.50
02031957 23 -0.51
03031957 23 -0.51
04031957 23 -0.51
05031957 23 -0.50
06031957 23 -0.49
07031957 23 -0.48
08031957 23 -0.47
09031957 23 -0.46
10031957 23 -0.47
11031957 23 -0.49
12031957 23 -0.51
13031957 23 -0.53
14031957 23 -0.55
15031957 23 -0.56
16031957 23 -0.56
17031957 23 -0.55
18031957 23 -0.53
19031957 23 -0.51
20031957 23 -0.48
21031957 23 -0.44
22031957 23 -0.41
23031957 23 -0.39
24031957 23 -0.38
25031957 23 -0.39
26031957 23 -0.41
27031957 23 -0.43
28031957 23 -0.46
29031957 23 -0.48
30031957 23 -0.50
31031957 23 -0.52
01041957 23 -0.53
02041957 23 -0.54
03041957 23 -0.53
04041957 23 -0.52
05041957 23 -0.50
06041957 23 -0.48
07041957 23 -0.47
08041957 23 -0.47
09041957 23 -0.48
10041957 23 -0.49
11041957 23 -0.51
12041957 23 -0.52
13041957 23 -0.53
14041957 23 -0.54
15041957 23 -0.53
16041957 23 -0.53
17041957 23 -0.51
18041957 23 -0.48
19041957 23 -0.45
20041957 23 -0.42
21041957 23 -0.40
22041957 23 -0.38
23041957 23 -0.39
24041957 23 -0.40
25041957 23 -0.43
26041957 23 -0.45
27041957 23 -0.48
28041957 23 -0.51
29041957 23 -0.53
30041957 23 -0.55
01051957 23 -0.56
02051957 23 -0.55
03051957 23 -0.54
04051957 23 -0.52
05051957 23 -0.50
06051957 23 -0.49
07051957 23 -0.47
08051957 23 -0.47
09051957 23 -0.47
10051957 23 -0.48
11051957 23 -0.49
12051957 23 -0.50
13051957 23 -0.51
14051957 23 -0.52
15051957 23 -0.52
16051957 23 -0.51
17051957 23 -0.48
18051957 23 -0.46
19051957 23 -0.43
20051957 23 -0.41
21051957 23 -0.39
22051957 23 -0.40
23051957 23 -0.41
24051957 23 -0.43
25051957 23 -0.45
26051957 23 -0.48
27051957 23 -0.51
28051957 23 -0.54
29051957 23 -0.56
30051957 23 -0.57
31051957 23 -0.57
01061957 23 -0.56
02061957 23 -0.54
03061957 23 -0.52
04061957 23 -0.49
05061957 23 -0.47
06061957 23 -0.46
07061957 23 -0.45
08061957 23 -0.45
09061957 23 -0.46
10061957 23 -0.48
11061957 23 -0.49
12061957 23 -0.50
13061957 23 -0.51
14061957 23 -0.50
15061957 23 -0.49
16061957 23 -0.47
17061957 23 -0.45
18061957 23 -0.43
19061957 23 -0.41
20061957 23 -0.41
21061957 23 -0.42
22061957 23 -0.43
23061957 23 -0.45
24061957 23 -0.48
25061957 23 -0.51
26061957 23 -0.54
27061957 23 -0.56
28061957 23 -0.58
29061957 23 -0.58
30061957 23 -0.58
01071957 23 -0.56
02071957 23 -0.53
03071957 23 -0.50
04071957 23 -0.47
05071957 23 -0.44
06071957 23 -0.43
07071957 23 -0.43
08071957 23 -0.44
09071957 23 -0.45
10071957 23 -0.47
11071957 23 -0.49
12071957 23 -0.50
13071957 23 -0.50
14071957 23 -0.50
15071957 23 -0.48
16071957 23 -0.47
17071957 23 -0.45
18071957 23 -0.44
19071957 23 -0.43
20071957 23 -0.43
21071957 23 -0.44
22071957 23 -0.45
23071957 23 -0.47
24071957 23 -0.50
25071957 23 -0.53
26071957 23 -0.56
27071957 23 -0.58
28071957 23 -0.59
29071957 23 -0.59
30071957 23 -0.57
31071957 23 -0.54
01081957 23 -0.50
02081957 23 -0.46
03081957 23 -0.43
04081957 23 -0.41
05081957 23 -0.41
06081957 23 -0.41
07081957 23 -0.43
08081957 23 -0.45
09081957 23 -0.47
10081957 23 -0.49
11081957 23 -0.50
12081957 23 -0.51
13081957 23 -0.50
14081957 23 -0.49
15081957 23 -0.48
16081957 23 -0.46
17081957 23 -0.45
18081957 23 -0.45
19081957 23 -0.44
20081957 23 -0.45
21081957 23 -0.47
22081957 23 -0.49
23081957 23 -0.53
24081957 23 -0.56
25081957 23 -0.58
26081957 23 -0.59
27081957 23 -0.58
28081957 23 -0.57
29081957 23 -0.53
30081957 23 -0.49
31081957 23 -0.45
01091957 23 -0.42
02091957 23 -0.40
03091957 23 -0.39
04091957 23 -0.40
05091957 23 -0.41
06091957 23 -0.43
07091957 23 -0.46
08091957 23 -0.48
09091957 23 -0.50
10091957 23 -0.52
11091957 23 -0.52
12091957 23 -0.52
13091957 23 -0.50
14091957 23 -0.49
15091957 23 -0.48
16091957 23 -0.46
17091957 23 -0.46
18091957 23 -0.45
19091957 23 -0.46
20091957 23 -0.49
21091957 23 -0.52
22091957 23 -0.54
23091957 23 -0.57
24091957 23 -0.58
25091957 23 -0.57
26091957 23 -0.56
27091957 23 -0.53
28091957 23 -0.49
29091957 23 -0.45
30091957 23 -0.42
01101957 23 -0.39
02101957 23 -0.38
03101957 23 -0.39
04101957 23 -0.40
05101957 23 -0.42
06101957 23 -0.45
07101957 23 -0.48
08101957 23 -0.51
09101957 23 -0.53
10101957 23 -0.54
11101957 23 -0.54
12101957 23 -0.53
13101957 23 -0.52
14101957 23 -0.50
15101957 23 -0.48
16101957 23 -0.46
17101957 23 -0.46
18101957 23 -0.46
19101957 23 -0.47
20101957 23 -0.50
21101957 23 -0.53
22101957 23 -0.55
23101957 23 -0.56
24101957 23 -0.56
25101957 23 -0.54
26101957 23 -0.52
27101957 23 -0.48
28101957 23 -0.45
29101957 23 -0.42
30101957 23 -0.40
31101957 23 -0.38
01111957 23 -0.38
02111957 23 -0.39
03111957 23 -0.41
04111957 23 -0.44
05111957 23 -0.48
06111957 23 -0.51
07111957 23 -0.54
08111957 23 -0.55
09111957 23 -0.56
10111957 23 -0.55
11111957 23 -0.54
12111957 23 -0.52
13111957 23 -0.50
14111957 23 -0.47
15111957 23 -0.45
16111957 23 -0.45
17111957 23 -0.46
18111957 23 -0.48
19111957 23 -0.51
20111957 23 -0.53
21111957 23 -0.54
22111957 23 -0.54
23111957 23 -0.53
24111957 23 -0.51
25111957 23 -0.48
26111957 23 -0.45
27111957 23 -0.43
28111957 23 -0.40
29111957 23 -0.39
30111957 23 -0.38
01121957 23 -0.39
02121957 23 -0.41
03121957 23 -0.44
04121957 23 -0.48
05121957 23 -0.52
06121957 23 -0.54
07121957 23 -0.56
08121957 23 -0.57
09121957 23 -0.57
10121957 23 -0.56
11121957 23 -0.53
12121957 23 -0.51
13121957 23 -0.48
14121957 23 -0.45
15121957 23 -0.44
16121957 23 -0.45
17121957 23 -0.46
18121957 23 -0.49
19121957 23 -0.50
20121957 23 -0.52
21121957 23 -0.52
22121957 23 -0.51
23121957 23 -0.50
24121957 23 -0.48
25121957 23 -0.46
26121957 23 -0.44
27121957 23 -0.42
28121957 23 -0.40
29121957 23 -0.39
30121957 23 -0.40
31121957 23 -0.42
