01011918 23 -0.46
02011918 23 -0.44
03011918 23 -0.42
04011918 23 -0.41
05011918 23 -0.40
06011918 23 -0.40
07011918 23 -0.42
08011918 23 -0.45
09011918 23 -0.49
10011918 23 -0.53
11011918 23 -0.56
12011918 23 -0.58
13011918 23 -0.58
14011918 23 -0.58
15011918 23 -0.57
16011918 23 -0.54
17011918 23 -0.51
18011918 23 -0.48
19011918 23 -0.45
20011918 23 -0.43
21011918 23 -0.43
22011918 23 -0.43
23011918 23 -0.45
24011918 23 -0.47
25011918 23 -0.48
26011918 23 -0.49
27011918 23 -0.50
28011918 23 -0.50
29011918 23 -0.49
30011918 23 -0.48
31011918 23 -0.46
01021918 23 -0.44
02021918 23 -0.43
03021918 23 -0.42
04021918 23 -0.42
05021918 23 -0.43
06021918 23 -0.46
07021918 23 -0.49
08021918 23 -0.52
09021918 23 -0.55
10021918 23 -0.57
11021918 23 -0.58
12021918 23 -0.58
13021918 23 -0.57
14021918 23 -0.55
15021918 23 -0.52
16021918 23 -0.48
17021918 23 -0.45
18021918 23 -0.43
19021918 23 -0.42
20021918 23 -0.41
21021918 23 -0.42
22021918 23 -0.44
23021918 23 -0.46
24021918 23 -0.47
25021918 23 -0.49
26021918 23 -0.49
27021918 23 -0.50
28021918 23 -0.49
01031918 23 -0.48
02031918 23 -0.47
03031918 23 -0.45
04031918 23 -0.44
05031918 23 -0.44
06031918 23 -0.45
07031918 23 -0.46
08031918 23 -0.49
09031918 23 -0.52
10031918 23 -0.54
11031918 23 -0.56
12031918 23 -0.57
13031918 23 -0.57
14031918 23 -0.57
15031918 23 -0.55
16031918 23 -0.52
17031918 23 -0.49
18031918 23 -0.45
19031918 23 -0.42
20031918 23 -0.40
21031918 23 -0.40
22031918 23 -0.40
23031918 23 -0.42
24031918 23 -0.44
25031918 23 -0.46
26031918 23 -0.48
27031918 23 -0.49
28031918 23 -0.50
29031918 23 -0.51
30031918 23 -0.51
31031918 23 -0.50
01041918 23 -0.48
02041918 23 -0.47
03041918 23 -0.46
04041918 23 -0.46
05041918 23 -0.47
06041918 23 -0.49
07041918 23 -0.51
08041918 23 -0.53
09041918 23 -0.55
10041918 23 -0.56
11041918 23 -0.56
12041918 23 -0.56
13041918 23 -0.54
14041918 23 -0.52
15041918 23 -0.49
16041918 23 -0.46
17041918 23 -0.42
18041918 23 -0.40
19041918 23 -0.39
20041918 23 -0.39
21041918 23 -0.40
22041918 23 -0.43
23041918 23 -0.45
24041918 23 -0.47
25041918 23 -0.50
26041918 23 -0.51
27041918 23 -0.53
28041918 23 -0.53
29041918 23 -0.52
30041918 23 -0.51
01051918 23 -0.50
02051918 23 -0.48
03051918 23 -0.48
04051918 23 -0.47
05051918 23 -0.48
06051918 23 -0.49
07051918 23 -0.51
08051918 23 -0.52
09051918 23 -0.53
10051918 23 -0.54
11051918 23 -0.54
12051918 23 -0.54
13051918 23 -0.52
14051918 23 -0.49
15051918 23 -0.46
16051918 23 -0.42
17051918 23 -0.40
18051918 23 -0.39
19051918 23 -0.39
20051918 23 -0.40
21051918 23 -0.42
22051918 23 -0.44
23051918 23 -0.47
24051918 23 -0.50
25051918 23 -0.52
26051918 23 -0.54
27051918 23 -0.55
28051918 23 -0.55
29051918 23 -0.54
30051918 23 -0.52
31051918 23 -0.51
01061918 23 -0.49
02061918 23 -0.48
03061918 23 -0.47
04061918 23 -0.47
05061918 23 -0.48
06061918 23 -0.49
07061918 23 -0.51
08061918 23 -0.52
09061918 23 -0.53
10061918 23 -0.53
11061918 23 -0.52
12061918 23 -0.49
13061918 23 -0.46
14061918 23 -0.43
15061918 23 -0.41
16061918 23 -0.39
17061918 23 -0.39
18061918 23 -0.40
19061918 23 -0.42
20061918 23 -0.44
21061918 23 -0.47
22061918 23 -0.50
23061918 23 -0.53
24061918 23 -0.55
25061918 23 -0.57
26061918 23 -0.57
27061918 23 -0.56
28061918 23 -0.55
29061918 23 -0.52
30061918 23 -0.50
01071918 23 -0.48
02071918 23 -0.46
03071918 23 -0.45
04071918 23 -0.45
05071918 23 -0.47
06071918 23 -0.48
07071918 23 -0.50
08071918 23 -0.51
09071918 23 -0.52
10071918 23 -0.51
11071918 23 -0.50
12071918 23 -0.47
13071918 23 -0.45
14071918 23 -0.43
15071918 23 -0.41
16071918 23 -0.41
17071918 23 -0.41
18071918 23 -0.42
19071918 23 -0.44
20071918 23 -0.46
21071918 23 -0.50
22071918 23 -0.53
23071918 23 -0.56
24071918 23 -0.58
25071918 23 -0.59
26071918 23 -0.58
27071918 23 -0.56
28071918 23 -0.54
29071918 23 -0.50
30071918 23 -0.47
31071918 23 -0.45
01081918 23 -0.43
02081918 23 -0.43
03081918 23 -0.44
04081918 23 -0.46
05081918 23 -0.48
06081918 23 -0.49
07081918 23 -0.50
08081918 23 -0.51
09081918 23 -0.50
10081918 23 -0.48
11081918 23 -0.47
12081918 23 -0.45
13081918 23 -0.43
14081918 23 -0.42
15081918 23 -0.42
16081918 23 -0.42
17081918 23 -0.44
18081918 23 -0.46
19081918 23 -0.49
20081918 23 -0.53
21081918 23 -0.56
22081918 23 -0.58
23081918 23 -0.59
24081918 23 -0.59
25081918 23 -0.57
26081918 23 -0.54
27081918 23 -0.50
28081918 23 -0.47
29081918 23 -0.43
30081918 23 -0.41
31081918 23 -0.41
01091918 23 -0.42
02091918 23 -0.44
03091918 23 -0.46
04091918 23 -0.48
05091918 23 -0.49
06091918 23 -0.50
07091918 23 -0.50
08091918 23 -0.50
09091918 23 -0.49
10091918 23 -0.47
11091918 23 -0.46
12091918 23 -0.44
13091918 23 -0.44
14091918 23 -0.44
15091918 23 -0.44
16091918 23 -0.46
17091918 23 -0.49
18091918 23 -0.53
19091918 23 -0.56
20091918 23 -0.58
21091918 23 -0.59
22091918 23 -0.59
23091918 23 -0.57
24091918 23 -0.54
25091918 23 -0.50
26091918 23 -0.46
27091918 23 -0.43
28091918 23 -0.40
29091918 23 -0.40
30091918 23 -0.40
01101918 23 -0.42
02101918 23 -0.44
03101918 23 -0.46
04101918 23 -0.48
05101918 23 -0.50
06101918 23 -0.51
07101918 23 -0.51
08101918 23 -0.51
09101918 23 -0.49
10101918 23 -0.48
11101918 23 -0.47
12101918 23 -0.46
13101918 23 -0.45
14101918 23 -0.45
15101918 23 -0.46
16101918 23 -0.49
17101918 23 -0.52
18101918 23 -0.55
19101918 23 -0.57
20101918 23 -0.58
21101918 23 -0.58
22101918 23 -0.56
23101918 23 -0.53
24101918 23 -0.50
25101918 23 -0.46
26101918 23 -0.42
27101918 23 -0.40
28101918 23 -0.39
29101918 23 -0.39
30101918 23 -0.40
31101918 23 -0.42
01111918 23 -0.45
02111918 23 -0.48
03111918 23 -0.50
04111918 23 -0.52
05111918 23 -0.53
06111918 23 -0.53
07111918 23 -0.52
08111918 23 -0.51
09111918 23 -0.49
10111918 23 -0.47
11111918 23 -0.46
12111918 23 -0.45
13111918 23 -0.46
14111918 23 -0.48
15111918 23 -0.51
16111918 23 -0.54
17111918 23 -0.56
18111918 23 -0.57
19111918 23 -0.57
20111918 23 -0.55
21111918 23 -0.52
22111918 23 -0.49
23111918 23 -0.45
24111918 23 -0.42
25111918 23 -0.40
26111918 23 -0.38
27111918 23 -0.38
28111918 23 -0.39
29111918 23 -0.41
30111918 23 -0.44
01121918 23 -0.47
02121918 23 -0.50
03121918 23 -0.53
04121918 23 -0.54
05121918 23 -0.55
06121918 23 -0.54
07121918 23 -0.53
08121918 23 -0.51
09121918 23 -0.49
10121918 23 -0.47
11121918 23 -0.46
12121918 23 -0.46
13121918 23 -0.47
14121918 23 -0.49
15121918 23 -0.52
16121918 23 -0.54
17121918 23 -0.55
18121918 23 -0.55
19121918 23 -0.53
20121918 23 -0.51
21121918 23 -0.49
22121918 23 -0.46
23121918 23 -0.43
24121918 23 -0.40
25121918 23 -0.39
26121918 23 -0.38
27121918 23 -0.39
28121918 23 -0.41
29121918 23 -0.44
30121918 23 -0.47
31121918 23 -0.51
