01011911 23 -0.53
02011911 23 -0.54
03011911 23 -0.53
04011911 23 -0.52
05011911 23 -0.50
06011911 23 -0.48
07011911 23 -0.47
08011911 23 -0.46
09011911 23 -0.46
10011911 23 -0.48
11011911 23 -0.50
12011911 23 -0.53
13011911 23 -0.54
14011911 23 -0.55
15011911 23 -0.55
16011911 23 -0.54
17011911 23 -0.52
18011911 23 -0.49
19011911 23 -0.46
20011911 23 -0.43
21011911 23 -0.40
22011911 23 -0.39
23011911 23 -0.38
24011911 23 -0.39
25011911 23 -0.41
26011911 23 -0.44
27011911 23 -0.47
28011911 23 -0.50
29011911 23 -0.53
30011911 23 -0.54
31011911 23 -0.55
01021911 23 -0.55
02021911 23 -0.54
03021911 23 -0.53
04021911 23 -0.50
05021911 23 -0.48
06021911 23 -0.47
07021911 23 -0.46
08021911 23 -0.47
09021911 23 -0.48
10021911 23 -0.50
11021911 23 -0.52
12021911 23 -0.53
13021911 23 -0.53
14021911 23 -0.52
15021911 23 -0.51
16021911 23 -0.49
17021911 23 -0.47
18021911 23 -0.44
19021911 23 -0.41
20021911 23 -0.39
21021911 23 -0.39
22021911 23 -0.39
23021911 23 -0.41
24021911 23 -0.44
25021911 23 -0.47
26021911 23 -0.50
27021911 23 -0.53
28021911 23 -0.55
01031911 23 -0.56
02031911 23 -0.57
03031911 23 -0.56
04031911 23 -0.54
05031911 23 -0.52
06031911 23 -0.50
07031911 23 -0.47
08031911 23 -0.46
09031911 23 -0.46
10031911 23 -0.46
11031911 23 -0.48
12031911 23 -0.49
13031911 23 -0.50
14031911 23 -0.50
15031911 23 -0.51
16031911 23 -0.50
17031911 23 -0.49
18031911 23 -0.47
19031911 23 -0.45
20031911 23 -0.43
21031911 23 -0.41
22031911 23 -0.40
23031911 23 -0.40
24031911 23 -0.42
25031911 23 -0.44
26031911 23 -0.47
27031911 23 -0.50
28031911 23 -0.53
29031911 23 -0.55
30031911 23 -0.57
31031911 23 -0.58
01041911 23 -0.57
02041911 23 -0.56
03041911 23 -0.53
04041911 23 -0.51
05041911 23 -0.48
06041911 23 -0.46
07041911 23 -0.44
08041911 23 -0.44
09041911 23 -0.45
10041911 23 -0.46
11041911 23 -0.47
12041911 23 -0.48
13041911 23 -0.49
14041911 23 -0.49
15041911 23 -0.49
16041911 23 -0.48
17041911 23 -0.47
18041911 23 -0.45
19041911 23 -0.43
20041911 23 -0.42
21041911 23 -0.42
22041911 23 -0.43
23041911 23 -0.45
24041911 23 -0.47
25041911 23 -0.50
26041911 23 -0.53
27041911 23 -0.55
28041911 23 -0.57
29041911 23 -0.58
30041911 23 -0.58
01051911 23 -0.57
02051911 23 -0.54
03051911 23 -0.52
04051911 23 -0.48
05051911 23 -0.45
06051911 23 -0.43
07051911 23 -0.42
08051911 23 -0.42
09051911 23 -0.43
10051911 23 -0.45
11051911 23 -0.46
12051911 23 -0.48
13051911 23 -0.49
14051911 23 -0.50
15051911 23 -0.49
16051911 23 -0.49
17051911 23 -0.47
18051911 23 -0.46
19051911 23 -0.45
20051911 23 -0.44
21051911 23 -0.44
22051911 23 -0.45
23051911 23 -0.47
24051911 23 -0.49
25051911 23 -0.52
26051911 23 -0.54
27051911 23 -0.56
28051911 23 -0.57
29051911 23 -0.58
30051911 23 -0.57
31051911 23 -0.55
01061911 23 -0.52
02061911 23 -0.48
03061911 23 -0.45
04061911 23 -0.42
05061911 23 -0.40
06061911 23 -0.40
07061911 23 -0.41
08061911 23 -0.43
09061911 23 -0.45
10061911 23 -0.47
11061911 23 -0.48
12061911 23 -0.50
13061911 23 -0.51
14061911 23 -0.51
15061911 23 -0.50
16061911 23 -0.49
17061911 23 -0.48
18061911 23 -0.47
19061911 23 -0.46
20061911 23 -0.46
21061911 23 -0.47
22061911 23 -0.48
23061911 23 -0.50
24061911 23 -0.53
25061911 23 -0.55
26061911 23 -0.56
27061911 23 -0.57
28061911 23 -0.57
29061911 23 -0.55
30061911 23 -0.52
01071911 23 -0.48
02071911 23 -0.45
03071911 23 -0.41
04071911 23 -0.39
05071911 23 -0.39
06071911 23 -0.40
07071911 23 -0.41
08071911 23 -0.43
09071911 23 -0.45
10071911 23 -0.48
11071911 23 -0.50
12071911 23 -0.52
13071911 23 -0.53
14071911 23 -0.53
15071911 23 -0.52
16071911 23 -0.51
17071911 23 -0.49
18071911 23 -0.48
19071911 23 -0.47
20071911 23 -0.47
21071911 23 -0.47
22071911 23 -0.49
23071911 23 -0.51
24071911 23 -0.53
25071911 23 -0.55
26071911 23 -0.56
27071911 23 -0.56
28071911 23 -0.55
29071911 23 -0.52
30071911 23 -0.48
31071911 23 -0.45
01081911 23 -0.41
02081911 23 -0.39
03081911 23 -0.38
04081911 23 -0.39
05081911 23 -0.40
06081911 23 -0.42
07081911 23 -0.45
08081911 23 -0.48
09081911 23 -0.51
10081911 23 -0.53
11081911 23 -0.55
12081911 23 -0.55
13081911 23 -0.55
14081911 23 -0.53
15081911 23 -0.51
16081911 23 -0.49
17081911 23 -0.48
18081911 23 -0.46
19081911 23 -0.46
20081911 23 -0.47
21081911 23 -0.49
22081911 23 -0.51
23081911 23 -0.53
24081911 23 -0.54
25081911 23 -0.55
26081911 23 -0.54
27081911 23 -0.51
28081911 23 -0.48
29081911 23 -0.45
30081911 23 -0.42
31081911 23 -0.40
01091911 23 -0.39
02091911 23 -0.39
03091911 23 -0.40
04091911 23 -0.42
05091911 23 -0.44
06091911 23 -0.48
07091911 23 -0.51
08091911 23 -0.54
09091911 23 -0.56
10091911 23 -0.57
11091911 23 -0.57
12091911 23 -0.55
13091911 23 -0.53
14091911 23 -0.51
15091911 23 -0.48
16091911 23 -0.46
17091911 23 -0.45
18091911 23 -0.45
19091911 23 -0.46
20091911 23 -0.49
21091911 23 -0.51
22091911 23 -0.52
23091911 23 -0.53
24091911 23 -0.52
25091911 23 -0.51
26091911 23 -0.48
27091911 23 -0.46
28091911 23 -0.43
29091911 23 -0.41
30091911 23 -0.40
01101911 23 -0.39
02101911 23 -0.40
03101911 23 -0.42
04101911 23 -0.45
05101911 23 -0.48
06101911 23 -0.52
07101911 23 -0.55
08101911 23 -0.57
09101911 23 -0.58
10101911 23 -0.58
11101911 23 -0.57
12101911 23 -0.54
13101911 23 -0.51
14101911 23 -0.48
15101911 23 -0.45
16101911 23 -0.43
17101911 23 -0.43
18101911 23 -0.44
19101911 23 -0.46
20101911 23 -0.48
21101911 23 -0.50
22101911 23 -0.51
23101911 23 -0.51
24101911 23 -0.50
25101911 23 -0.49
26101911 23 -0.47
27101911 23 -0.45
28101911 23 -0.43
29101911 23 -0.42
30101911 23 -0.41
31101911 23 -0.41
01111911 23 -0.42
02111911 23 -0.45
03111911 23 -0.48
04111911 23 -0.52
05111911 23 -0.56
06111911 23 -0.58
07111911 23 -0.59
08111911 23 -0.59
09111911 23 -0.58
10111911 23 -0.55
11111911 23 -0.51
12111911 23 -0.48
13111911 23 -0.44
14111911 23 -0.42
15111911 23 -0.42
16111911 23 -0.42
17111911 23 -0.44
18111911 23 -0.46
19111911 23 -0.48
20111911 23 -0.49
21111911 23 -0.50
22111911 23 -0.50
23111911 23 -0.50
24111911 23 -0.48
25111911 23 -0.47
26111911 23 -0.45
27111911 23 -0.44
28111911 23 -0.43
29111911 23 -0.42
30111911 23 -0.43
01121911 23 -0.45
02121911 23 -0.48
03121911 23 -0.52
04121911 23 -0.56
05121911 23 -0.58
06121911 23 -0.59
07121911 23 -0.59
08121911 23 -0.57
09121911 23 -0.55
10121911 23 -0.51
11121911 23 -0.47
12121911 23 -0.44
13121911 23 -0.42
14121911 23 -0.40
15121911 23 -0.41
16121911 23 -0.42
17121911 23 -0.44
18121911 23 -0.46
19121911 23 -0.48
20121911 23 -0.49
21121911 23 -0.50
22121911 23 -0.50
23121911 23 -0.50
24121911 23 -0.49
25121911 23 -0.47
26121911 23 -0.46
27121911 23 -0.45
28121911 23 -0.44
29121911 23 -0.44
30121911 23 -0.46
31121911 23 -0.48
