01011947 23 -0.45
02011947 23 -0.47
03011947 23 -0.50
04011947 23 -0.53
05011947 23 -0.56
06011947 23 -0.57
07011947 23 -0.57
08011947 23 -0.57
09011947 23 -0.55
10011947 23 -0.52
11011947 23 -0.49
12011947 23 -0.45
13011947 23 -0.42
14011947 23 -0.40
15011947 23 -0.38
16011947 23 -0.39
17011947 23 -0.40
18011947 23 -0.42
19011947 23 -0.45
20011947 23 -0.48
21011947 23 -0.50
22011947 23 -0.52
23011947 23 -0.53
24011947 23 -0.53
25011947 23 -0.52
26011947 23 -0.51
27011947 23 -0.49
28011947 23 -0.48
29011947 23 -0.46
30011947 23 -0.46
31011947 23 -0.47
01021947 23 -0.49
02021947 23 -0.51
03021947 23 -0.54
04021947 23 -0.55
05021947 23 -0.55
06021947 23 -0.55
07021947 23 -0.53
08021947 23 -0.51
09021947 23 -0.49
10021947 23 -0.45
11021947 23 -0.42
12021947 23 -0.40
13021947 23 -0.38
14021947 23 -0.38
15021947 23 -0.39
16021947 23 -0.42
17021947 23 -0.45
18021947 23 -0.48
19021947 23 -0.50
20021947 23 -0.52
21021947 23 -0.54
22021947 23 -0.54
23021947 23 -0.54
24021947 23 -0.53
25021947 23 -0.52
26021947 23 -0.50
27021947 23 -0.48
28021947 23 -0.47
01031947 23 -0.47
02031947 23 -0.48
03031947 23 -0.49
04031947 23 -0.51
05031947 23 -0.52
06031947 23 -0.53
07031947 23 -0.53
08031947 23 -0.52
09031947 23 -0.51
10031947 23 -0.49
11031947 23 -0.46
12031947 23 -0.43
13031947 23 -0.41
14031947 23 -0.39
15031947 23 -0.39
16031947 23 -0.40
17031947 23 -0.42
18031947 23 -0.44
19031947 23 -0.47
20031947 23 -0.50
21031947 23 -0.53
22031947 23 -0.55
23031947 23 -0.56
24031947 23 -0.56
25031947 23 -0.55
26031947 23 -0.54
27031947 23 -0.51
28031947 23 -0.49
29031947 23 -0.47
30031947 23 -0.46
31031947 23 -0.46
01041947 23 -0.47
02041947 23 -0.48
03041947 23 -0.49
04041947 23 -0.50
05041947 23 -0.51
06041947 23 -0.51
07041947 23 -0.50
08041947 23 -0.49
09041947 23 -0.47
10041947 23 -0.44
11041947 23 -0.42
12041947 23 -0.40
13041947 23 -0.40
14041947 23 -0.40
15041947 23 -0.42
16041947 23 -0.44
17041947 23 -0.47
18041947 23 -0.50
19041947 23 -0.53
20041947 23 -0.55
21041947 23 -0.57
22041947 23 -0.58
23041947 23 -0.57
24041947 23 -0.55
25041947 23 -0.53
26041947 23 -0.50
27041947 23 -0.48
28041947 23 -0.46
29041947 23 -0.45
30041947 23 -0.44
01051947 23 -0.45
02051947 23 -0.46
03051947 23 -0.48
04051947 23 -0.49
05051947 23 -0.50
06051947 23 -0.50
07051947 23 -0.49
08051947 23 -0.48
09051947 23 -0.46
10051947 23 -0.44
11051947 23 -0.42
12051947 23 -0.42
13051947 23 -0.42
14051947 23 -0.43
15051947 23 -0.45
16051947 23 -0.47
17051947 23 -0.50
18051947 23 -0.53
19051947 23 -0.55
20051947 23 -0.57
21051947 23 -0.58
22051947 23 -0.58
23051947 23 -0.56
24051947 23 -0.54
25051947 23 -0.51
26051947 23 -0.48
27051947 23 -0.45
28051947 23 -0.43
29051947 23 -0.42
30051947 23 -0.42
31051947 23 -0.44
01061947 23 -0.45
02061947 23 -0.47
03061947 23 -0.48
04061947 23 -0.49
05061947 23 -0.50
06061947 23 -0.49
07061947 23 -0.48
08061947 23 -0.47
09061947 23 -0.45
10061947 23 -0.44
11061947 23 -0.44
12061947 23 -0.44
13061947 23 -0.45
14061947 23 -0.47
15061947 23 -0.49
16061947 23 -0.52
17061947 23 -0.55
18061947 23 -0.57
19061947 23 -0.58
20061947 23 -0.58
21061947 23 -0.57
22061947 23 -0.55
23061947 23 -0.51
24061947 23 -0.48
25061947 23 -0.44
26061947 23 -0.42
27061947 23 -0.40
28061947 23 -0.40
29061947 23 -0.42
30061947 23 -0.43
01071947 23 -0.45
02071947 23 -0.47
03071947 23 -0.49
04071947 23 -0.50
05071947 23 -0.51
06071947 23 -0.50
07071947 23 -0.49
08071947 23 -0.48
09071947 23 -0.47
10071947 23 -0.46
11071947 23 -0.46
12071947 23 -0.46
13071947 23 -0.47
14071947 23 -0.48
15071947 23 -0.51
16071947 23 -0.53
17071947 23 -0.56
18071947 23 -0.57
19071947 23 -0.58
20071947 23 -0.57
21071947 23 -0.55
22071947 23 -0.51
23071947 23 -0.47
24071947 23 -0.44
25071947 23 -0.41
26071947 23 -0.39
27071947 23 -0.39
28071947 23 -0.40
29071947 23 -0.42
30071947 23 -0.44
31071947 23 -0.46
01081947 23 -0.49
02081947 23 -0.51
03081947 23 -0.52
04081947 23 -0.53
05081947 23 -0.52
06081947 23 -0.51
07081947 23 -0.50
08081947 23 -0.48
09081947 23 -0.47
10081947 23 -0.46
11081947 23 -0.46
12081947 23 -0.47
13081947 23 -0.49
14081947 23 -0.52
15081947 23 -0.54
16081947 23 -0.56
17081947 23 -0.57
18081947 23 -0.56
19081947 23 -0.54
20081947 23 -0.51
21081947 23 -0.47
22081947 23 -0.43
23081947 23 -0.41
24081947 23 -0.39
25081947 23 -0.38
26081947 23 -0.39
27081947 23 -0.40
28081947 23 -0.43
29081947 23 -0.46
30081947 23 -0.49
31081947 23 -0.52
01091947 23 -0.54
02091947 23 -0.55
03091947 23 -0.55
04091947 23 -0.54
05091947 23 -0.52
06091947 23 -0.50
07091947 23 -0.48
08091947 23 -0.47
09091947 23 -0.46
10091947 23 -0.46
11091947 23 -0.48
12091947 23 -0.50
13091947 23 -0.52
14091947 23 -0.54
15091947 23 -0.55
16091947 23 -0.55
17091947 23 -0.53
18091947 23 -0.50
19091947 23 -0.47
20091947 23 -0.44
21091947 23 -0.41
22091947 23 -0.39
23091947 23 -0.38
24091947 23 -0.39
25091947 23 -0.40
26091947 23 -0.42
27091947 23 -0.46
28091947 23 -0.49
29091947 23 -0.52
30091947 23 -0.55
01101947 23 -0.56
02101947 23 -0.57
03101947 23 -0.56
04101947 23 -0.54
05101947 23 -0.52
06101947 23 -0.49
07101947 23 -0.47
08101947 23 -0.45
09101947 23 -0.45
10101947 23 -0.46
11101947 23 -0.48
12101947 23 -0.50
13101947 23 -0.52
14101947 23 -0.53
15101947 23 -0.53
16101947 23 -0.52
17101947 23 -0.50
18101947 23 -0.47
19101947 23 -0.44
20101947 23 -0.42
21101947 23 -0.40
22101947 23 -0.39
23101947 23 -0.39
24101947 23 -0.40
25101947 23 -0.42
26101947 23 -0.46
27101947 23 -0.49
28101947 23 -0.53
29101947 23 -0.56
30101947 23 -0.58
31101947 23 -0.58
01111947 23 -0.58
02111947 23 -0.56
03111947 23 -0.53
04111947 23 -0.50
05111947 23 -0.47
06111947 23 -0.44
07111947 23 -0.43
08111947 23 -0.44
09111947 23 -0.46
10111947 23 -0.48
11111947 23 -0.50
12111947 23 -0.51
13111947 23 -0.51
14111947 23 -0.51
15111947 23 -0.50
16111947 23 -0.48
17111947 23 -0.46
18111947 23 -0.44
19111947 23 -0.42
20111947 23 -0.41
21111947 23 -0.40
22111947 23 -0.41
23111947 23 -0.43
24111947 23 -0.46
25111947 23 -0.50
26111947 23 -0.53
27111947 23 -0.56
28111947 23 -0.58
29111947 23 -0.59
30111947 23 -0.58
01121947 23 -0.57
02121947 23 -0.54
03121947 23 -0.50
04121947 23 -0.46
05121947 23 -0.44
06121947 23 -0.42
07121947 23 -0.42
08121947 23 -0.43
09121947 23 -0.45
10121947 23 -0.47
11121947 23 -0.49
12121947 23 -0.50
13121947 23 -0.50
14121947 23 -0.50
15121947 23 -0.49
16121947 23 -0.47
17121947 23 -0.46
18121947 23 -0.44
19121947 23 -0.42
20121947 23 -0.42
21121947 23 -0.42
22121947 23 -0.44
23121947 23 -0.46
24121947 23 -0.50
25121947 23 -0.54
26121947 23 -0.57
27121947 23 -0.58
28121947 23 -0.59
29121947 23 -0.58
30121947 23 -0.56
31121947 23 -0.54
