01011940 23 -0.47
02011940 23 -0.45
03011940 23 -0.43
04011940 23 -0.43
05011940 23 -0.45
06011940 23 -0.46
07011940 23 -0.48
08011940 23 -0.49
09011940 23 -0.50
10011940 23 -0.50
11011940 23 -0.50
12011940 23 -0.48
13011940 23 -0.47
14011940 23 -0.45
15011940 23 -0.43
16011940 23 -0.42
17011940 23 -0.41
18011940 23 -0.42
19011940 23 -0.43
20011940 23 -0.46
21011940 23 -0.50
22011940 23 -0.53
23011940 23 -0.56
24011940 23 -0.58
25011940 23 -0.58
26011940 23 -0.58
27011940 23 -0.57
28011940 23 -0.54
29011940 23 -0.51
30011940 23 -0.47
31011940 23 -0.44
01021940 23 -0.43
02021940 23 -0.42
03021940 23 -0.42
04021940 23 -0.44
05021940 23 -0.45
06021940 23 -0.47
07021940 23 -0.48
08021940 23 -0.49
09021940 23 -0.50
10021940 23 -0.49
11021940 23 -0.48
12021940 23 -0.47
13021940 23 -0.45
14021940 23 -0.44
15021940 23 -0.43
16021940 23 -0.43
17021940 23 -0.44
18021940 23 -0.47
19021940 23 -0.50
20021940 23 -0.53
21021940 23 -0.55
22021940 23 -0.57
23021940 23 -0.58
24021940 23 -0.58
25021940 23 -0.56
26021940 23 -0.54
27021940 23 -0.51
28021940 23 -0.48
29021940 23 -0.44
01031940 23 -0.42
02031940 23 -0.41
03031940 23 -0.41
04031940 23 -0.41
05031940 23 -0.43
06031940 23 -0.45
07031940 23 -0.47
08031940 23 -0.49
09031940 23 -0.50
10031940 23 -0.50
11031940 23 -0.50
12031940 23 -0.49
13031940 23 -0.48
14031940 23 -0.47
15031940 23 -0.46
16031940 23 -0.45
17031940 23 -0.46
18031940 23 -0.47
19031940 23 -0.49
20031940 23 -0.52
21031940 23 -0.54
22031940 23 -0.56
23031940 23 -0.57
24031940 23 -0.57
25031940 23 -0.56
26031940 23 -0.54
27031940 23 -0.51
28031940 23 -0.48
29031940 23 -0.45
30031940 23 -0.42
31031940 23 -0.40
01041940 23 -0.39
02041940 23 -0.40
03041940 23 -0.41
04041940 23 -0.44
05041940 23 -0.46
06041940 23 -0.48
07041940 23 -0.50
08041940 23 -0.51
09041940 23 -0.52
10041940 23 -0.52
11041940 23 -0.51
12041940 23 -0.50
13041940 23 -0.48
14041940 23 -0.47
15041940 23 -0.47
16041940 23 -0.47
17041940 23 -0.49
18041940 23 -0.50
19041940 23 -0.52
20041940 23 -0.54
21041940 23 -0.55
22041940 23 -0.55
23041940 23 -0.55
24041940 23 -0.54
25041940 23 -0.51
26041940 23 -0.48
27041940 23 -0.45
28041940 23 -0.42
29041940 23 -0.39
30041940 23 -0.38
01051940 23 -0.39
02051940 23 -0.40
03051940 23 -0.43
04051940 23 -0.45
05051940 23 -0.48
06051940 23 -0.50
07051940 23 -0.52
08051940 23 -0.54
09051940 23 -0.54
10051940 23 -0.54
11051940 23 -0.53
12051940 23 -0.51
13051940 23 -0.49
14051940 23 -0.48
15051940 23 -0.48
16051940 23 -0.48
17051940 23 -0.48
18051940 23 -0.50
19051940 23 -0.51
20051940 23 -0.52
21051940 23 -0.53
22051940 23 -0.54
23051940 23 -0.53
24051940 23 -0.51
25051940 23 -0.49
26051940 23 -0.45
27051940 23 -0.42
28051940 23 -0.40
29051940 23 -0.39
30051940 23 -0.39
31051940 23 -0.40
01061940 23 -0.42
02061940 23 -0.45
03061940 23 -0.48
04061940 23 -0.50
05061940 23 -0.53
06061940 23 -0.55
07061940 23 -0.56
08061940 23 -0.56
09061940 23 -0.55
10061940 23 -0.53
11061940 23 -0.51
12061940 23 -0.49
13061940 23 -0.47
14061940 23 -0.46
15061940 23 -0.46
16061940 23 -0.47
17061940 23 -0.48
18061940 23 -0.50
19061940 23 -0.51
20061940 23 -0.52
21061940 23 -0.52
22061940 23 -0.51
23061940 23 -0.49
24061940 23 -0.46
25061940 23 -0.43
26061940 23 -0.41
27061940 23 -0.40
28061940 23 -0.40
29061940 23 -0.41
30061940 23 -0.42
01071940 23 -0.44
02071940 23 -0.47
03071940 23 -0.50
04071940 23 -0.53
05071940 23 -0.56
06071940 23 -0.58
07071940 23 -0.58
08071940 23 -0.57
09071940 23 -0.55
10071940 23 -0.53
11071940 23 -0.50
12071940 23 -0.47
13071940 23 -0.45
14071940 23 -0.44
15071940 23 -0.44
16071940 23 -0.46
17071940 23 -0.47
18071940 23 -0.49
19071940 23 -0.50
20071940 23 -0.51
21071940 23 -0.51
22071940 23 -0.49
23071940 23 -0.47
24071940 23 -0.45
25071940 23 -0.43
26071940 23 -0.42
27071940 23 -0.41
28071940 23 -0.42
29071940 23 -0.43
30071940 23 -0.44
31071940 23 -0.47
01081940 23 -0.50
02081940 23 -0.54
03081940 23 -0.56
04081940 23 -0.58
05081940 23 -0.59
06081940 23 -0.58
07081940 23 -0.56
08081940 23 -0.53
09081940 23 -0.50
10081940 23 -0.46
11081940 23 -0.43
12081940 23 -0.42
13081940 23 -0.42
14081940 23 -0.43
15081940 23 -0.45
16081940 23 -0.47
17081940 23 -0.49
18081940 23 -0.50
19081940 23 -0.50
20081940 23 -0.50
21081940 23 -0.49
22081940 23 -0.47
23081940 23 -0.46
24081940 23 -0.44
25081940 23 -0.43
26081940 23 -0.43
27081940 23 -0.43
28081940 23 -0.45
29081940 23 -0.47
30081940 23 -0.50
31081940 23 -0.54
01091940 23 -0.57
02091940 23 -0.59
03091940 23 -0.59
04091940 23 -0.59
05091940 23 -0.57
06091940 23 -0.53
07091940 23 -0.49
08091940 23 -0.45
09091940 23 -0.42
10091940 23 -0.40
11091940 23 -0.40
12091940 23 -0.41
13091940 23 -0.43
14091940 23 -0.45
15091940 23 -0.47
16091940 23 -0.49
17091940 23 -0.50
18091940 23 -0.51
19091940 23 -0.51
20091940 23 -0.49
21091940 23 -0.48
22091940 23 -0.47
23091940 23 -0.46
24091940 23 -0.45
25091940 23 -0.44
26091940 23 -0.45
27091940 23 -0.47
28091940 23 -0.50
29091940 23 -0.53
30091940 23 -0.56
01101940 23 -0.58
02101940 23 -0.59
03101940 23 -0.58
04101940 23 -0.56
05101940 23 -0.53
06101940 23 -0.49
07101940 23 -0.45
08101940 23 -0.42
09101940 23 -0.40
10101940 23 -0.39
11101940 23 -0.39
12101940 23 -0.41
13101940 23 -0.43
14101940 23 -0.46
15101940 23 -0.48
16101940 23 -0.50
17101940 23 -0.52
18101940 23 -0.52
19101940 23 -0.52
20101940 23 -0.51
21101940 23 -0.49
22101940 23 -0.48
23101940 23 -0.46
24101940 23 -0.45
25101940 23 -0.45
26101940 23 -0.46
27101940 23 -0.49
28101940 23 -0.52
29101940 23 -0.55
30101940 23 -0.57
31101940 23 -0.58
01111940 23 -0.57
02111940 23 -0.55
03111940 23 -0.52
04111940 23 -0.48
05111940 23 -0.45
06111940 23 -0.42
07111940 23 -0.39
08111940 23 -0.38
09111940 23 -0.38
10111940 23 -0.40
11111940 23 -0.42
12111940 23 -0.45
13111940 23 -0.48
14111940 23 -0.51
15111940 23 -0.53
16111940 23 -0.54
17111940 23 -0.54
18111940 23 -0.53
19111940 23 -0.52
20111940 23 -0.50
21111940 23 -0.48
22111940 23 -0.46
23111940 23 -0.45
24111940 23 -0.46
25111940 23 -0.48
26111940 23 -0.50
27111940 23 -0.53
28111940 23 -0.55
29111940 23 -0.56
30111940 23 -0.55
01121940 23 -0.54
02121940 23 -0.51
03121940 23 -0.48
04121940 23 -0.45
05121940 23 -0.42
06121940 23 -0.40
07121940 23 -0.38
08121940 23 -0.38
09121940 23 -0.39
10121940 23 -0.41
11121940 23 -0.45
12121940 23 -0.48
13121940 23 -0.51
14121940 23 -0.54
15121940 23 -0.55
16121940 23 -0.56
17121940 23 -0.55
18121940 23 -0.54
19121940 23 -0.52
20121940 23 -0.49
21121940 23 -0.47
22121940 23 -0.46
23121940 23 -0.45
24121940 23 -0.47
25121940 23 -0.49
26121940 23 -0.51
27121940 23 -0.53
28121940 23 -0.53
29121940 23 -0.53
30121940 23 -0.52
31121940 23 -0.51
