01011958 23 -0.45
02011958 23 -0.48
03011958 23 -0.52
04011958 23 -0.55
05011958 23 -0.57
06011958 23 -0.58
07011958 23 -0.58
08011958 23 -0.57
09011958 23 -0.54
10011958 23 -0.51
11011958 23 -0.48
12011958 23 -0.45
13011958 23 -0.44
14011958 23 -0.44
15011958 23 -0.44
16011958 23 -0.46
17011958 23 -0.48
18011958 23 -0.49
19011958 23 -0.50
20011958 23 -0.50
21011958 23 -0.50
22011958 23 -0.49
23011958 23 -0.47
24011958 23 -0.45
25011958 23 -0.43
26011958 23 -0.42
27011958 23 -0.41
28011958 23 -0.41
29011958 23 -0.43
30011958 23 -0.45
31011958 23 -0.48
01021958 23 -0.52
02021958 23 -0.55
03021958 23 -0.57
04021958 23 -0.58
05021958 23 -0.58
06021958 23 -0.57
07021958 23 -0.55
08021958 23 -0.52
09021958 23 -0.49
10021958 23 -0.46
11021958 23 -0.43
12021958 23 -0.42
13021958 23 -0.42
14021958 23 -0.43
15021958 23 -0.45
16021958 23 -0.47
17021958 23 -0.48
18021958 23 -0.49
19021958 23 -0.49
20021958 23 -0.49
21021958 23 -0.48
22021958 23 -0.47
23021958 23 -0.46
24021958 23 -0.44
25021958 23 -0.43
26021958 23 -0.43
27021958 23 -0.44
28021958 23 -0.46
01031958 23 -0.48
02031958 23 -0.52
03031958 23 -0.54
04031958 23 -0.57
05031958 23 -0.58
06031958 23 -0.58
07031958 23 -0.57
08031958 23 -0.55
09031958 23 -0.52
10031958 23 -0.49
11031958 23 -0.46
12031958 23 -0.43
13031958 23 -0.41
14031958 23 -0.41
15031958 23 -0.41
16031958 23 -0.43
17031958 23 -0.44
18031958 23 -0.46
19031958 23 -0.48
20031958 23 -0.49
21031958 23 -0.50
22031958 23 -0.50
23031958 23 -0.49
24031958 23 -0.48
25031958 23 -0.47
26031958 23 -0.46
27031958 23 -0.45
28031958 23 -0.45
29031958 23 -0.46
30031958 23 -0.48
31031958 23 -0.51
01041958 23 -0.53
02041958 23 -0.55
03041958 23 -0.56
04041958 23 -0.57
05041958 23 -0.56
06041958 23 -0.55
07041958 23 -0.53
08041958 23 -0.50
09041958 23 -0.46
10041958 23 -0.43
11041958 23 -0.40
12041958 23 -0.39
13041958 23 -0.40
14041958 23 -0.41
15041958 23 -0.43
16041958 23 -0.45
17041958 23 -0.47
18041958 23 -0.49
19041958 23 -0.51
20041958 23 -0.52
21041958 23 -0.52
22041958 23 -0.51
23041958 23 -0.50
24041958 23 -0.49
25041958 23 -0.47
26041958 23 -0.47
27041958 23 -0.47
28041958 23 -0.48
29041958 23 -0.50
30041958 23 -0.51
01051958 23 -0.53
02051958 23 -0.54
03051958 23 -0.55
04051958 23 -0.55
05051958 23 -0.54
06051958 23 -0.53
07051958 23 -0.50
08051958 23 -0.46
09051958 23 -0.43
10051958 23 -0.40
11051958 23 -0.39
12051958 23 -0.39
13051958 23 -0.40
14051958 23 -0.42
15051958 23 -0.44
16051958 23 -0.47
17051958 23 -0.49
18051958 23 -0.51
19051958 23 -0.53
20051958 23 -0.54
21051958 23 -0.54
22051958 23 -0.53
23051958 23 -0.51
24051958 23 -0.50
25051958 23 -0.48
26051958 23 -0.48
27051958 23 -0.47
28051958 23 -0.48
29051958 23 -0.49
30051958 23 -0.51
31051958 23 -0.52
01061958 23 -0.53
02061958 23 -0.54
03061958 23 -0.54
04061958 23 -0.52
05061958 23 -0.50
06061958 23 -0.47
07061958 23 -0.43
08061958 23 -0.41
09061958 23 -0.39
10061958 23 -0.39
11061958 23 -0.40
12061958 23 -0.41
13061958 23 -0.44
14061958 23 -0.46
15061958 23 -0.49
16061958 23 -0.52
17061958 23 -0.54
18061958 23 -0.56
19061958 23 -0.56
20061958 23 -0.55
21061958 23 -0.54
22061958 23 -0.52
23061958 23 -0.50
24061958 23 -0.48
25061958 23 -0.47
26061958 23 -0.46
27061958 23 -0.46
28061958 23 -0.48
29061958 23 -0.49
30061958 23 -0.51
01071958 23 -0.52
02071958 23 -0.52
03071958 23 -0.52
04071958 23 -0.50
05071958 23 -0.47
06071958 23 -0.44
07071958 23 -0.42
08071958 23 -0.40
09071958 23 -0.40
10071958 23 -0.40
11071958 23 -0.41
12071958 23 -0.43
13071958 23 -0.46
14071958 23 -0.49
15071958 23 -0.52
16071958 23 -0.55
17071958 23 -0.57
18071958 23 -0.58
19071958 23 -0.58
20071958 23 -0.56
21071958 23 -0.54
22071958 23 -0.51
23071958 23 -0.48
24071958 23 -0.45
25071958 23 -0.44
26071958 23 -0.44
27071958 23 -0.45
28071958 23 -0.47
29071958 23 -0.49
30071958 23 -0.50
31071958 23 -0.51
01081958 23 -0.51
02081958 23 -0.50
03081958 23 -0.48
04081958 23 -0.46
05081958 23 -0.44
06081958 23 -0.42
07081958 23 -0.41
08081958 23 -0.41
09081958 23 -0.42
10081958 23 -0.43
11081958 23 -0.46
12081958 23 -0.49
13081958 23 -0.53
14081958 23 -0.56
15081958 23 -0.58
16081958 23 -0.59
17081958 23 -0.59
18081958 23 -0.57
19081958 23 -0.54
20081958 23 -0.51
21081958 23 -0.47
22081958 23 -0.44
23081958 23 -0.42
24081958 23 -0.42
25081958 23 -0.43
26081958 23 -0.44
27081958 23 -0.46
28081958 23 -0.48
29081958 23 -0.50
30081958 23 -0.50
31081958 23 -0.50
01091958 23 -0.49
02091958 23 -0.48
03091958 23 -0.46
04091958 23 -0.44
05091958 23 -0.43
06091958 23 -0.43
07091958 23 -0.43
08091958 23 -0.44
09091958 23 -0.46
10091958 23 -0.49
11091958 23 -0.52
12091958 23 -0.56
13091958 23 -0.58
14091958 23 -0.59
15091958 23 -0.59
16091958 23 -0.57
17091958 23 -0.55
18091958 23 -0.51
19091958 23 -0.47
20091958 23 -0.43
21091958 23 -0.41
22091958 23 -0.40
23091958 23 -0.41
24091958 23 -0.42
25091958 23 -0.44
26091958 23 -0.47
27091958 23 -0.49
28091958 23 -0.50
29091958 23 -0.51
30091958 23 -0.51
01101958 23 -0.50
02101958 23 -0.48
03101958 23 -0.47
04101958 23 -0.46
05101958 23 -0.45
06101958 23 -0.44
07101958 23 -0.44
08101958 23 -0.46
09101958 23 -0.49
10101958 23 -0.52
11101958 23 -0.55
12101958 23 -0.58
13101958 23 -0.59
14101958 23 -0.59
15101958 23 -0.57
16101958 23 -0.54
17101958 23 -0.50
18101958 23 -0.46
19101958 23 -0.43
20101958 23 -0.40
21101958 23 -0.39
22101958 23 -0.39
23101958 23 -0.41
24101958 23 -0.43
25101958 23 -0.45
26101958 23 -0.48
27101958 23 -0.50
28101958 23 -0.51
29101958 23 -0.52
30101958 23 -0.52
31101958 23 -0.51
01111958 23 -0.50
02111958 23 -0.48
03111958 23 -0.47
04111958 23 -0.45
05111958 23 -0.45
06111958 23 -0.46
07111958 23 -0.48
08111958 23 -0.51
09111958 23 -0.54
10111958 23 -0.57
11111958 23 -0.58
12111958 23 -0.57
13111958 23 -0.56
14111958 23 -0.53
15111958 23 -0.50
16111958 23 -0.46
17111958 23 -0.43
18111958 23 -0.40
19111958 23 -0.39
20111958 23 -0.38
21111958 23 -0.39
22111958 23 -0.41
23111958 23 -0.44
24111958 23 -0.47
25111958 23 -0.50
26111958 23 -0.52
27111958 23 -0.53
28111958 23 -0.54
29111958 23 -0.53
30111958 23 -0.52
01121958 23 -0.50
02121958 23 -0.48
03121958 23 -0.47
04121958 23 -0.45
05121958 23 -0.46
06121958 23 -0.47
07121958 23 -0.50
08121958 23 -0.53
09121958 23 -0.55
10121958 23 -0.56
11121958 23 -0.56
12121958 23 -0.54
13121958 23 -0.52
14121958 23 -0.49
15121958 23 -0.46
16121958 23 -0.43
17121958 23 -0.40
18121958 23 -0.38
19121958 23 -0.38
20121958 23 -0.39
21121958 23 -0.41
22121958 23 -0.44
23121958 23 -0.47
24121958 23 -0.50
25121958 23 -0.53
26121958 23 -0.55
27121958 23 -0.55
28121958 23 -0.55
29121958 23 -0.54
30121958 23 -0.52
31121958 23 -0.50
