01011931 23 -0.50
02011931 23 -0.54
03011931 23 -0.57
04011931 23 -0.58
05011931 23 -0.59
06011931 23 -0.58
07011931 23 -0.56
08011931 23 -0.53
09011931 23 -0.50
10011931 23 -0.47
11011931 23 -0.44
12011931 23 -0.43
13011931 23 -0.43
14011931 23 -0.44
15011931 23 -0.45
16011931 23 -0.47
17011931 23 -0.48
18011931 23 -0.49
19011931 23 -0.50
20011931 23 -0.50
21011931 23 -0.49
22011931 23 -0.47
23011931 23 -0.46
24011931 23 -0.44
25011931 23 -0.43
26011931 23 -0.42
27011931 23 -0.43
28011931 23 -0.44
29011931 23 -0.47
30011931 23 -0.50
31011931 23 -0.54
01021931 23 -0.56
02021931 23 -0.58
03021931 23 -0.58
04021931 23 -0.58
05021931 23 -0.56
06021931 23 -0.54
07021931 23 -0.50
08021931 23 -0.47
09021931 23 -0.44
10021931 23 -0.42
11021931 23 -0.41
12021931 23 -0.41
13021931 23 -0.43
14021931 23 -0.45
15021931 23 -0.46
16021931 23 -0.48
17021931 23 -0.49
18021931 23 -0.50
19021931 23 -0.50
20021931 23 -0.49
21021931 23 -0.48
22021931 23 -0.47
23021931 23 -0.45
24021931 23 -0.44
25021931 23 -0.44
26021931 23 -0.45
27021931 23 -0.47
28021931 23 -0.50
01031931 23 -0.53
02031931 23 -0.55
03031931 23 -0.57
04031931 23 -0.57
05031931 23 -0.57
06031931 23 -0.56
07031931 23 -0.54
08031931 23 -0.51
09031931 23 -0.47
10031931 23 -0.44
11031931 23 -0.41
12031931 23 -0.40
13031931 23 -0.40
14031931 23 -0.41
15031931 23 -0.43
16031931 23 -0.45
17031931 23 -0.47
18031931 23 -0.49
19031931 23 -0.50
20031931 23 -0.51
21031931 23 -0.51
22031931 23 -0.51
23031931 23 -0.50
24031931 23 -0.48
25031931 23 -0.47
26031931 23 -0.46
27031931 23 -0.46
28031931 23 -0.47
29031931 23 -0.49
30031931 23 -0.51
31031931 23 -0.54
01041931 23 -0.55
02041931 23 -0.56
03041931 23 -0.56
04041931 23 -0.55
05041931 23 -0.53
06041931 23 -0.51
07041931 23 -0.47
08041931 23 -0.44
09041931 23 -0.41
10041931 23 -0.39
11041931 23 -0.39
12041931 23 -0.39
13041931 23 -0.41
14041931 23 -0.44
15041931 23 -0.46
16041931 23 -0.48
17041931 23 -0.50
18041931 23 -0.52
19041931 23 -0.53
20041931 23 -0.53
21041931 23 -0.52
22041931 23 -0.51
23041931 23 -0.49
24041931 23 -0.48
25041931 23 -0.47
26041931 23 -0.48
27041931 23 -0.48
28041931 23 -0.50
29041931 23 -0.51
30041931 23 -0.53
01051931 23 -0.54
02051931 23 -0.54
03051931 23 -0.54
04051931 23 -0.53
05051931 23 -0.51
06051931 23 -0.48
07051931 23 -0.44
08051931 23 -0.41
09051931 23 -0.39
10051931 23 -0.38
11051931 23 -0.39
12051931 23 -0.41
13051931 23 -0.43
14051931 23 -0.46
15051931 23 -0.48
16051931 23 -0.51
17051931 23 -0.53
18051931 23 -0.55
19051931 23 -0.55
20051931 23 -0.55
21051931 23 -0.54
22051931 23 -0.52
23051931 23 -0.50
24051931 23 -0.48
25051931 23 -0.47
26051931 23 -0.47
27051931 23 -0.47
28051931 23 -0.49
29051931 23 -0.50
30051931 23 -0.51
31051931 23 -0.52
01061931 23 -0.53
02061931 23 -0.52
03061931 23 -0.51
04061931 23 -0.48
05061931 23 -0.45
06061931 23 -0.42
07061931 23 -0.40
08061931 23 -0.39
09061931 23 -0.40
10061931 23 -0.41
11061931 23 -0.43
12061931 23 -0.45
13061931 23 -0.48
14061931 23 -0.51
15061931 23 -0.54
16061931 23 -0.56
17061931 23 -0.57
18061931 23 -0.57
19061931 23 -0.56
20061931 23 -0.54
21061931 23 -0.51
22061931 23 -0.49
23061931 23 -0.47
24061931 23 -0.45
25061931 23 -0.45
26061931 23 -0.46
27061931 23 -0.47
28061931 23 -0.49
29061931 23 -0.50
30061931 23 -0.51
01071931 23 -0.51
02071931 23 -0.50
03071931 23 -0.49
04071931 23 -0.46
05071931 23 -0.44
06071931 23 -0.42
07071931 23 -0.41
08071931 23 -0.41
09071931 23 -0.41
10071931 23 -0.43
11071931 23 -0.45
12071931 23 -0.48
13071931 23 -0.51
14071931 23 -0.54
15071931 23 -0.57
16071931 23 -0.58
17071931 23 -0.59
18071931 23 -0.58
19071931 23 -0.55
20071931 23 -0.52
21071931 23 -0.49
22071931 23 -0.46
23071931 23 -0.44
24071931 23 -0.43
25071931 23 -0.43
26071931 23 -0.44
27071931 23 -0.46
28071931 23 -0.48
29071931 23 -0.49
30071931 23 -0.50
31071931 23 -0.50
01081931 23 -0.49
02081931 23 -0.48
03081931 23 -0.46
04081931 23 -0.44
05081931 23 -0.43
06081931 23 -0.42
07081931 23 -0.42
08081931 23 -0.43
09081931 23 -0.45
10081931 23 -0.48
11081931 23 -0.51
12081931 23 -0.54
13081931 23 -0.57
14081931 23 -0.59
15081931 23 -0.59
16081931 23 -0.58
17081931 23 -0.56
18081931 23 -0.53
19081931 23 -0.49
20081931 23 -0.45
21081931 23 -0.42
22081931 23 -0.41
23081931 23 -0.41
24081931 23 -0.42
25081931 23 -0.44
26081931 23 -0.46
27081931 23 -0.48
28081931 23 -0.49
29081931 23 -0.50
30081931 23 -0.50
31081931 23 -0.50
01091931 23 -0.48
02091931 23 -0.47
03091931 23 -0.45
04091931 23 -0.44
05091931 23 -0.44
06091931 23 -0.44
07091931 23 -0.45
08091931 23 -0.47
09091931 23 -0.50
10091931 23 -0.54
11091931 23 -0.57
12091931 23 -0.58
13091931 23 -0.59
14091931 23 -0.58
15091931 23 -0.56
16091931 23 -0.53
17091931 23 -0.48
18091931 23 -0.45
19091931 23 -0.41
20091931 23 -0.40
21091931 23 -0.39
22091931 23 -0.40
23091931 23 -0.42
24091931 23 -0.44
25091931 23 -0.47
26091931 23 -0.49
27091931 23 -0.51
28091931 23 -0.51
29091931 23 -0.51
30091931 23 -0.51
01101931 23 -0.49
02101931 23 -0.48
03101931 23 -0.47
04101931 23 -0.46
05101931 23 -0.45
06101931 23 -0.45
07101931 23 -0.47
08101931 23 -0.50
09101931 23 -0.53
10101931 23 -0.56
11101931 23 -0.58
12101931 23 -0.58
13101931 23 -0.57
14101931 23 -0.55
15101931 23 -0.52
16101931 23 -0.48
17101931 23 -0.44
18101931 23 -0.41
19101931 23 -0.39
20101931 23 -0.38
21101931 23 -0.39
22101931 23 -0.41
23101931 23 -0.43
24101931 23 -0.46
25101931 23 -0.49
26101931 23 -0.51
27101931 23 -0.53
28101931 23 -0.53
29101931 23 -0.53
30101931 23 -0.52
31101931 23 -0.51
01111931 23 -0.49
02111931 23 -0.47
03111931 23 -0.46
04111931 23 -0.45
05111931 23 -0.46
06111931 23 -0.49
07111931 23 -0.52
08111931 23 -0.54
09111931 23 -0.56
10111931 23 -0.57
11111931 23 -0.56
12111931 23 -0.54
13111931 23 -0.51
14111931 23 -0.48
15111931 23 -0.44
16111931 23 -0.41
17111931 23 -0.39
18111931 23 -0.38
19111931 23 -0.38
20111931 23 -0.40
21111931 23 -0.42
22111931 23 -0.45
23111931 23 -0.49
24111931 23 -0.52
25111931 23 -0.54
26111931 23 -0.55
27111931 23 -0.55
28111931 23 -0.54
29111931 23 -0.53
30111931 23 -0.51
01121931 23 -0.48
02121931 23 -0.46
03121931 23 -0.45
04121931 23 -0.46
05121931 23 -0.47
06121931 23 -0.50
07121931 23 -0.52
08121931 23 -0.54
09121931 23 -0.55
10121931 23 -0.54
11121931 23 -0.53
12121931 23 -0.50
13121931 23 -0.48
14121931 23 -0.45
15121931 23 -0.42
16121931 23 -0.40
17121931 23 -0.38
18121931 23 -0.38
19121931 23 -0.39
20121931 23 -0.42
21121931 23 -0.45
22121931 23 -0.49
23121931 23 -0.52
24121931 23 -0.55
25121931 23 -0.56
26121931 23 -0.57
27121931 23 -0.56
28121931 23 -0.55
29121931 23 -0.52
30121931 23 -0.50
31121931 23 -0.47
