01011994 23 -0.55
02011994 23 -0.52
03011994 23 -0.49
04011994 23 -0.47
05011994 23 -0.45
06011994 23 -0.45
07011994 23 -0.46
08011994 23 -0.48
09011994 23 -0.50
10011994 23 -0.51
11011994 23 -0.52
12011994 23 -0.52
13011994 23 -0.51
14011994 23 -0.50
15011994 23 -0.48
16011994 23 -0.45
17011994 23 -0.43
18011994 23 -0.41
19011994 23 -0.39
20011994 23 -0.39
21011994 23 -0.40
22011994 23 -0.42
23011994 23 -0.46
24011994 23 -0.49
25011994 23 -0.53
26011994 23 -0.55
27011994 23 -0.57
28011994 23 -0.58
29011994 23 -0.57
30011994 23 -0.56
31011994 23 -0.53
01021994 23 -0.50
02021994 23 -0.48
03021994 23 -0.45
04021994 23 -0.44
05021994 23 -0.45
06021994 23 -0.46
07021994 23 -0.47
08021994 23 -0.49
09021994 23 -0.50
10021994 23 -0.50
11021994 23 -0.50
12021994 23 -0.49
13021994 23 -0.48
14021994 23 -0.46
15021994 23 -0.44
16021994 23 -0.42
17021994 23 -0.41
18021994 23 -0.41
19021994 23 -0.41
20021994 23 -0.43
21021994 23 -0.46
22021994 23 -0.49
23021994 23 -0.53
24021994 23 -0.55
25021994 23 -0.57
26021994 23 -0.58
27021994 23 -0.58
28021994 23 -0.57
01031994 23 -0.54
02031994 23 -0.51
03031994 23 -0.48
04031994 23 -0.45
05031994 23 -0.44
06031994 23 -0.43
07031994 23 -0.43
08031994 23 -0.44
09031994 23 -0.46
10031994 23 -0.47
11031994 23 -0.48
12031994 23 -0.49
13031994 23 -0.49
14031994 23 -0.49
15031994 23 -0.48
16031994 23 -0.46
17031994 23 -0.45
18031994 23 -0.44
19031994 23 -0.43
20031994 23 -0.43
21031994 23 -0.44
22031994 23 -0.46
23031994 23 -0.49
24031994 23 -0.52
25031994 23 -0.55
26031994 23 -0.57
27031994 23 -0.58
28031994 23 -0.58
29031994 23 -0.57
30031994 23 -0.55
31031994 23 -0.52
01041994 23 -0.49
02041994 23 -0.45
03041994 23 -0.43
04041994 23 -0.41
05041994 23 -0.41
06041994 23 -0.42
07041994 23 -0.43
08041994 23 -0.45
09041994 23 -0.47
10041994 23 -0.48
11041994 23 -0.49
12041994 23 -0.50
13041994 23 -0.50
14041994 23 -0.49
15041994 23 -0.48
16041994 23 -0.46
17041994 23 -0.45
18041994 23 -0.45
19041994 23 -0.45
20041994 23 -0.47
21041994 23 -0.49
22041994 23 -0.51
23041994 23 -0.54
24041994 23 -0.55
25041994 23 -0.57
26041994 23 -0.57
27041994 23 -0.57
28041994 23 -0.55
29041994 23 -0.52
30041994 23 -0.49
01051994 23 -0.45
02051994 23 -0.42
03051994 23 -0.40
04051994 23 -0.39
05051994 23 -0.40
06051994 23 -0.41
07051994 23 -0.43
08051994 23 -0.46
09051994 23 -0.48
10051994 23 -0.49
11051994 23 -0.51
12051994 23 -0.51
13051994 23 -0.51
14051994 23 -0.51
15051994 23 -0.49
16051994 23 -0.48
17051994 23 -0.47
18051994 23 -0.47
19051994 23 -0.47
20051994 23 -0.48
21051994 23 -0.50
22051994 23 -0.52
23051994 23 -0.53
24051994 23 -0.55
25051994 23 -0.56
26051994 23 -0.56
27051994 23 -0.55
28051994 23 -0.52
29051994 23 -0.49
30051994 23 -0.46
31051994 23 -0.42
01061994 23 -0.40
02061994 23 -0.39
03061994 23 -0.39
04061994 23 -0.40
05061994 23 -0.42
06061994 23 -0.45
07061994 23 -0.47
08061994 23 -0.50
09061994 23 -0.52
10061994 23 -0.53
11061994 23 -0.54
12061994 23 -0.53
13061994 23 -0.52
14061994 23 -0.51
15061994 23 -0.49
16061994 23 -0.48
17061994 23 -0.47
18061994 23 -0.47
19061994 23 -0.48
20061994 23 -0.49
21061994 23 -0.51
22061994 23 -0.53
23061994 23 -0.54
24061994 23 -0.55
25061994 23 -0.54
26061994 23 -0.52
27061994 23 -0.49
28061994 23 -0.46
29061994 23 -0.43
30061994 23 -0.40
01071994 23 -0.39
02071994 23 -0.39
03071994 23 -0.40
04071994 23 -0.42
05071994 23 -0.44
06071994 23 -0.47
07071994 23 -0.50
08071994 23 -0.52
09071994 23 -0.55
10071994 23 -0.56
11071994 23 -0.56
12071994 23 -0.55
13071994 23 -0.53
14071994 23 -0.51
15071994 23 -0.49
16071994 23 -0.47
17071994 23 -0.46
18071994 23 -0.46
19071994 23 -0.47
20071994 23 -0.49
21071994 23 -0.51
22071994 23 -0.52
23071994 23 -0.53
24071994 23 -0.53
25071994 23 -0.52
26071994 23 -0.49
27071994 23 -0.46
28071994 23 -0.44
29071994 23 -0.41
30071994 23 -0.40
31071994 23 -0.39
01081994 23 -0.40
02081994 23 -0.41
03081994 23 -0.44
04081994 23 -0.47
05081994 23 -0.50
06081994 23 -0.53
07081994 23 -0.56
08081994 23 -0.58
09081994 23 -0.58
10081994 23 -0.57
11081994 23 -0.55
12081994 23 -0.53
13081994 23 -0.50
14081994 23 -0.47
15081994 23 -0.45
16081994 23 -0.44
17081994 23 -0.44
18081994 23 -0.46
19081994 23 -0.48
20081994 23 -0.50
21081994 23 -0.51
22081994 23 -0.52
23081994 23 -0.51
24081994 23 -0.50
25081994 23 -0.47
26081994 23 -0.45
27081994 23 -0.43
28081994 23 -0.41
29081994 23 -0.41
30081994 23 -0.41
31081994 23 -0.42
01091994 23 -0.44
02091994 23 -0.47
03091994 23 -0.50
04091994 23 -0.54
05091994 23 -0.57
06091994 23 -0.59
07091994 23 -0.59
08091994 23 -0.58
09091994 23 -0.56
10091994 23 -0.53
11091994 23 -0.50
12091994 23 -0.46
13091994 23 -0.43
14091994 23 -0.42
15091994 23 -0.42
16091994 23 -0.44
17091994 23 -0.46
18091994 23 -0.48
19091994 23 -0.49
20091994 23 -0.50
21091994 23 -0.51
22091994 23 -0.50
23091994 23 -0.48
24091994 23 -0.47
25091994 23 -0.45
26091994 23 -0.43
27091994 23 -0.42
28091994 23 -0.42
29091994 23 -0.43
30091994 23 -0.44
01101994 23 -0.47
02101994 23 -0.50
03101994 23 -0.54
04101994 23 -0.57
05101994 23 -0.59
06101994 23 -0.59
07101994 23 -0.59
08101994 23 -0.57
09101994 23 -0.53
10101994 23 -0.49
11101994 23 -0.46
12101994 23 -0.43
13101994 23 -0.41
14101994 23 -0.41
15101994 23 -0.42
16101994 23 -0.44
17101994 23 -0.46
18101994 23 -0.48
19101994 23 -0.49
20101994 23 -0.50
21101994 23 -0.50
22101994 23 -0.50
23101994 23 -0.49
24101994 23 -0.47
25101994 23 -0.46
26101994 23 -0.45
27101994 23 -0.44
28101994 23 -0.44
29101994 23 -0.44
30101994 23 -0.47
31101994 23 -0.50
01111994 23 -0.53
02111994 23 -0.56
03111994 23 -0.58
04111994 23 -0.59
05111994 23 -0.58
06111994 23 -0.56
07111994 23 -0.53
08111994 23 -0.49
09111994 23 -0.45
10111994 23 -0.42
11111994 23 -0.40
12111994 23 -0.39
13111994 23 -0.40
14111994 23 -0.42
15111994 23 -0.44
16111994 23 -0.46
17111994 23 -0.48
18111994 23 -0.50
19111994 23 -0.51
20111994 23 -0.51
21111994 23 -0.51
22111994 23 -0.50
23111994 23 -0.48
24111994 23 -0.47
25111994 23 -0.45
26111994 23 -0.45
27111994 23 -0.45
28111994 23 -0.47
29111994 23 -0.49
30111994 23 -0.53
01121994 23 -0.56
02121994 23 -0.57
03121994 23 -0.58
04121994 23 -0.57
05121994 23 -0.55
06121994 23 -0.52
07121994 23 -0.49
08121994 23 -0.45
09121994 23 -0.42
10121994 23 -0.40
11121994 23 -0.38
12121994 23 -0.39
13121994 23 -0.40
14121994 23 -0.42
15121994 23 -0.45
16121994 23 -0.48
17121994 23 -0.51
18121994 23 -0.52
19121994 23 -0.53
20121994 23 -0.53
21121994 23 -0.52
22121994 23 -0.51
23121994 23 -0.49
24121994 23 -0.47
25121994 23 -0.46
26121994 23 -0.45
27121994 23 -0.46
28121994 23 -0.49
29121994 23 -0.51
30121994 23 -0.54
31121994 23 -0.56
