01011971 23 -0.53
02011971 23 -0.50
03011971 23 -0.47
04011971 23 -0.45
05011971 23 -0.43
06011971 23 -0.43
07011971 23 -0.45
08011971 23 -0.46
09011971 23 -0.48
10011971 23 -0.49
11011971 23 -0.50
12011971 23 -0.50
13011971 23 -0.50
14011971 23 -0.48
15011971 23 -0.47
16011971 23 -0.45
17011971 23 -0.43
18011971 23 -0.42
19011971 23 -0.41
20011971 23 -0.42
21011971 23 -0.43
22011971 23 -0.46
23011971 23 -0.50
24011971 23 -0.53
25011971 23 -0.56
26011971 23 -0.58
27011971 23 -0.58
28011971 23 -0.58
29011971 23 -0.56
30011971 23 -0.54
31011971 23 -0.51
01021971 23 -0.47
02021971 23 -0.44
03021971 23 -0.43
04021971 23 -0.42
05021971 23 -0.42
06021971 23 -0.44
07021971 23 -0.45
08021971 23 -0.47
09021971 23 -0.48
10021971 23 -0.49
11021971 23 -0.50
12021971 23 -0.49
13021971 23 -0.48
14021971 23 -0.47
15021971 23 -0.45
16021971 23 -0.44
17021971 23 -0.43
18021971 23 -0.43
19021971 23 -0.45
20021971 23 -0.47
21021971 23 -0.50
22021971 23 -0.53
23021971 23 -0.55
24021971 23 -0.57
25021971 23 -0.58
26021971 23 -0.58
27021971 23 -0.56
28021971 23 -0.54
01031971 23 -0.51
02031971 23 -0.48
03031971 23 -0.44
04031971 23 -0.42
05031971 23 -0.41
06031971 23 -0.40
07031971 23 -0.41
08031971 23 -0.43
09031971 23 -0.45
10031971 23 -0.47
11031971 23 -0.49
12031971 23 -0.50
13031971 23 -0.50
14031971 23 -0.50
15031971 23 -0.49
16031971 23 -0.48
17031971 23 -0.47
18031971 23 -0.46
19031971 23 -0.45
20031971 23 -0.46
21031971 23 -0.47
22031971 23 -0.49
23031971 23 -0.52
24031971 23 -0.54
25031971 23 -0.56
26031971 23 -0.57
27031971 23 -0.57
28031971 23 -0.56
29031971 23 -0.54
30031971 23 -0.51
31031971 23 -0.48
01041971 23 -0.44
02041971 23 -0.42
03041971 23 -0.40
04041971 23 -0.39
05041971 23 -0.40
06041971 23 -0.41
07041971 23 -0.44
08041971 23 -0.46
09041971 23 -0.48
10041971 23 -0.50
11041971 23 -0.51
12041971 23 -0.52
13041971 23 -0.52
14041971 23 -0.51
15041971 23 -0.50
16041971 23 -0.48
17041971 23 -0.47
18041971 23 -0.47
19041971 23 -0.47
20041971 23 -0.49
21041971 23 -0.50
22041971 23 -0.52
23041971 23 -0.54
24041971 23 -0.55
25041971 23 -0.55
26041971 23 -0.55
27041971 23 -0.54
28041971 23 -0.51
29041971 23 -0.48
30041971 23 -0.45
01051971 23 -0.42
02051971 23 -0.39
03051971 23 -0.38
04051971 23 -0.39
05051971 23 -0.41
06051971 23 -0.43
07051971 23 -0.45
08051971 23 -0.48
09051971 23 -0.50
10051971 23 -0.52
11051971 23 -0.54
12051971 23 -0.54
13051971 23 -0.54
14051971 23 -0.53
15051971 23 -0.51
16051971 23 -0.49
17051971 23 -0.48
18051971 23 -0.48
19051971 23 -0.48
20051971 23 -0.48
21051971 23 -0.50
22051971 23 -0.51
23051971 23 -0.52
24051971 23 -0.53
25051971 23 -0.53
26051971 23 -0.53
27051971 23 -0.51
28051971 23 -0.48
29051971 23 -0.45
30051971 23 -0.42
31051971 23 -0.40
01061971 23 -0.39
02061971 23 -0.39
03061971 23 -0.40
04061971 23 -0.42
05061971 23 -0.45
06061971 23 -0.48
07061971 23 -0.50
08061971 23 -0.53
09061971 23 -0.55
10061971 23 -0.56
11061971 23 -0.56
12061971 23 -0.55
13061971 23 -0.53
14061971 23 -0.51
15061971 23 -0.49
16061971 23 -0.47
17061971 23 -0.46
18061971 23 -0.46
19061971 23 -0.47
20061971 23 -0.48
21061971 23 -0.50
22061971 23 -0.51
23061971 23 -0.52
24061971 23 -0.52
25061971 23 -0.51
26061971 23 -0.49
27061971 23 -0.46
28061971 23 -0.43
29061971 23 -0.41
30061971 23 -0.40
01071971 23 -0.40
02071971 23 -0.41
03071971 23 -0.42
04071971 23 -0.45
05071971 23 -0.47
06071971 23 -0.50
07071971 23 -0.54
08071971 23 -0.56
09071971 23 -0.58
10071971 23 -0.58
11071971 23 -0.57
12071971 23 -0.55
13071971 23 -0.52
14071971 23 -0.50
15071971 23 -0.47
16071971 23 -0.45
17071971 23 -0.44
18071971 23 -0.44
19071971 23 -0.45
20071971 23 -0.47
21071971 23 -0.49
22071971 23 -0.50
23071971 23 -0.51
24071971 23 -0.51
25071971 23 -0.49
26071971 23 -0.47
27071971 23 -0.45
28071971 23 -0.43
29071971 23 -0.42
30071971 23 -0.41
31071971 23 -0.42
01081971 23 -0.43
02081971 23 -0.44
03081971 23 -0.47
04081971 23 -0.50
05081971 23 -0.54
06081971 23 -0.57
07081971 23 -0.58
08081971 23 -0.59
09081971 23 -0.58
10081971 23 -0.56
11081971 23 -0.53
12081971 23 -0.50
13081971 23 -0.46
14081971 23 -0.43
15081971 23 -0.42
16081971 23 -0.42
17081971 23 -0.43
18081971 23 -0.45
19081971 23 -0.47
20081971 23 -0.49
21081971 23 -0.50
22081971 23 -0.50
23081971 23 -0.50
24081971 23 -0.49
25081971 23 -0.47
26081971 23 -0.46
27081971 23 -0.44
28081971 23 -0.43
29081971 23 -0.43
30081971 23 -0.43
31081971 23 -0.45
01091971 23 -0.47
02091971 23 -0.50
03091971 23 -0.54
04091971 23 -0.57
05091971 23 -0.59
06091971 23 -0.59
07091971 23 -0.59
08091971 23 -0.57
09091971 23 -0.53
10091971 23 -0.49
11091971 23 -0.45
12091971 23 -0.42
13091971 23 -0.40
14091971 23 -0.40
15091971 23 -0.41
16091971 23 -0.43
17091971 23 -0.45
18091971 23 -0.47
19091971 23 -0.49
20091971 23 -0.50
21091971 23 -0.51
22091971 23 -0.51
23091971 23 -0.50
24091971 23 -0.48
25091971 23 -0.47
26091971 23 -0.46
27091971 23 -0.45
28091971 23 -0.44
29091971 23 -0.45
30091971 23 -0.47
01101971 23 -0.50
02101971 23 -0.53
03101971 23 -0.56
04101971 23 -0.58
05101971 23 -0.59
06101971 23 -0.58
07101971 23 -0.56
08101971 23 -0.53
09101971 23 -0.49
10101971 23 -0.45
11101971 23 -0.42
12101971 23 -0.40
13101971 23 -0.39
14101971 23 -0.39
15101971 23 -0.41
16101971 23 -0.43
17101971 23 -0.46
18101971 23 -0.48
19101971 23 -0.50
20101971 23 -0.52
21101971 23 -0.52
22101971 23 -0.52
23101971 23 -0.51
24101971 23 -0.49
25101971 23 -0.48
26101971 23 -0.46
27101971 23 -0.45
28101971 23 -0.45
29101971 23 -0.46
30101971 23 -0.49
31101971 23 -0.52
01111971 23 -0.55
02111971 23 -0.57
03111971 23 -0.58
04111971 23 -0.57
05111971 23 -0.55
06111971 23 -0.52
07111971 23 -0.48
08111971 23 -0.45
09111971 23 -0.41
10111971 23 -0.39
11111971 23 -0.38
12111971 23 -0.38
13111971 23 -0.40
14111971 23 -0.42
15111971 23 -0.45
16111971 23 -0.48
17111971 23 -0.51
18111971 23 -0.53
19111971 23 -0.54
20111971 23 -0.54
21111971 23 -0.53
22111971 23 -0.52
23111971 23 -0.50
24111971 23 -0.48
25111971 23 -0.46
26111971 23 -0.45
27111971 23 -0.46
28111971 23 -0.48
29111971 23 -0.51
30111971 23 -0.53
01121971 23 -0.55
02121971 23 -0.56
03121971 23 -0.55
04121971 23 -0.54
05121971 23 -0.51
06121971 23 -0.48
07121971 23 -0.45
08121971 23 -0.42
09121971 23 -0.39
10121971 23 -0.38
11121971 23 -0.38
12121971 23 -0.39
13121971 23 -0.42
14121971 23 -0.45
15121971 23 -0.48
16121971 23 -0.51
17121971 23 -0.54
18121971 23 -0.55
19121971 23 -0.56
20121971 23 -0.55
21121971 23 -0.54
22121971 23 -0.52
23121971 23 -0.49
24121971 23 -0.47
25121971 23 -0.46
26121971 23 -0.45
27121971 23 -0.47
28121971 23 -0.49
29121971 23 -0.51
30121971 23 -0.53
31121971 23 -0.53
