01011993 23 -0.40
02011993 23 -0.41
03011993 23 -0.44
04011993 23 -0.47
05011993 23 -0.51
06011993 23 -0.54
07011993 23 -0.57
08011993 23 -0.58
09011993 23 -0.59
10011993 23 -0.58
11011993 23 -0.56
12011993 23 -0.53
13011993 23 -0.50
14011993 23 -0.46
15011993 23 -0.44
16011993 23 -0.43
17011993 23 -0.43
18011993 23 -0.44
19011993 23 -0.45
20011993 23 -0.47
21011993 23 -0.48
22011993 23 -0.49
23011993 23 -0.50
24011993 23 -0.49
25011993 23 -0.49
26011993 23 -0.47
27011993 23 -0.46
28011993 23 -0.44
29011993 23 -0.43
30011993 23 -0.42
31011993 23 -0.43
01021993 23 -0.45
02021993 23 -0.47
03021993 23 -0.51
04021993 23 -0.54
05021993 23 -0.56
06021993 23 -0.58
07021993 23 -0.58
08021993 23 -0.58
09021993 23 -0.56
10021993 23 -0.53
11021993 23 -0.50
12021993 23 -0.47
13021993 23 -0.44
14021993 23 -0.42
15021993 23 -0.41
16021993 23 -0.41
17021993 23 -0.43
18021993 23 -0.45
19021993 23 -0.46
20021993 23 -0.48
21021993 23 -0.49
22021993 23 -0.50
23021993 23 -0.50
24021993 23 -0.49
25021993 23 -0.48
26021993 23 -0.47
27021993 23 -0.45
28021993 23 -0.45
01031993 23 -0.45
02031993 23 -0.46
03031993 23 -0.47
04031993 23 -0.50
05031993 23 -0.53
06031993 23 -0.55
07031993 23 -0.57
08031993 23 -0.57
09031993 23 -0.57
10031993 23 -0.56
11031993 23 -0.53
12031993 23 -0.50
13031993 23 -0.47
14031993 23 -0.44
15031993 23 -0.41
16031993 23 -0.40
17031993 23 -0.40
18031993 23 -0.41
19031993 23 -0.43
20031993 23 -0.45
21031993 23 -0.47
22031993 23 -0.49
23031993 23 -0.50
24031993 23 -0.51
25031993 23 -0.51
26031993 23 -0.51
27031993 23 -0.50
28031993 23 -0.48
29031993 23 -0.47
30031993 23 -0.46
31031993 23 -0.46
01041993 23 -0.48
02041993 23 -0.49
03041993 23 -0.52
04041993 23 -0.54
05041993 23 -0.55
06041993 23 -0.56
07041993 23 -0.56
08041993 23 -0.55
09041993 23 -0.53
10041993 23 -0.51
11041993 23 -0.47
12041993 23 -0.44
13041993 23 -0.41
14041993 23 -0.39
15041993 23 -0.39
16041993 23 -0.39
17041993 23 -0.41
18041993 23 -0.44
19041993 23 -0.46
20041993 23 -0.49
21041993 23 -0.51
22041993 23 -0.52
23041993 23 -0.53
24041993 23 -0.53
25041993 23 -0.52
26041993 23 -0.51
27041993 23 -0.49
28041993 23 -0.48
29041993 23 -0.47
30041993 23 -0.48
01051993 23 -0.48
02051993 23 -0.50
03051993 23 -0.51
04051993 23 -0.53
05051993 23 -0.54
06051993 23 -0.54
07051993 23 -0.54
08051993 23 -0.53
09051993 23 -0.51
10051993 23 -0.48
11051993 23 -0.44
12051993 23 -0.41
13051993 23 -0.39
14051993 23 -0.38
15051993 23 -0.39
16051993 23 -0.41
17051993 23 -0.43
18051993 23 -0.46
19051993 23 -0.48
20051993 23 -0.51
21051993 23 -0.53
22051993 23 -0.55
23051993 23 -0.55
24051993 23 -0.55
25051993 23 -0.54
26051993 23 -0.52
27051993 23 -0.50
28051993 23 -0.48
29051993 23 -0.47
30051993 23 -0.47
31051993 23 -0.47
01061993 23 -0.48
02061993 23 -0.50
03061993 23 -0.51
04061993 23 -0.52
05061993 23 -0.53
06061993 23 -0.52
07061993 23 -0.51
08061993 23 -0.48
09061993 23 -0.45
10061993 23 -0.42
11061993 23 -0.40
12061993 23 -0.39
13061993 23 -0.40
14061993 23 -0.41
15061993 23 -0.43
16061993 23 -0.45
17061993 23 -0.48
18061993 23 -0.51
19061993 23 -0.54
20061993 23 -0.56
21061993 23 -0.57
22061993 23 -0.57
23061993 23 -0.56
24061993 23 -0.54
25061993 23 -0.51
26061993 23 -0.49
27061993 23 -0.47
28061993 23 -0.45
29061993 23 -0.45
30061993 23 -0.46
01071993 23 -0.47
02071993 23 -0.49
03071993 23 -0.50
04071993 23 -0.51
05071993 23 -0.51
06071993 23 -0.50
07071993 23 -0.49
08071993 23 -0.46
09071993 23 -0.44
10071993 23 -0.42
11071993 23 -0.41
12071993 23 -0.41
13071993 23 -0.42
14071993 23 -0.43
15071993 23 -0.45
16071993 23 -0.48
17071993 23 -0.51
18071993 23 -0.54
19071993 23 -0.57
20071993 23 -0.58
21071993 23 -0.59
22071993 23 -0.58
23071993 23 -0.55
24071993 23 -0.52
25071993 23 -0.49
26071993 23 -0.46
27071993 23 -0.44
28071993 23 -0.43
29071993 23 -0.43
30071993 23 -0.44
31071993 23 -0.46
01081993 23 -0.48
02081993 23 -0.49
03081993 23 -0.50
04081993 23 -0.50
05081993 23 -0.49
06081993 23 -0.48
07081993 23 -0.46
08081993 23 -0.44
09081993 23 -0.43
10081993 23 -0.42
11081993 23 -0.42
12081993 23 -0.43
13081993 23 -0.45
14081993 23 -0.48
15081993 23 -0.51
16081993 23 -0.54
17081993 23 -0.57
18081993 23 -0.59
19081993 23 -0.59
20081993 23 -0.58
21081993 23 -0.56
22081993 23 -0.52
23081993 23 -0.49
24081993 23 -0.45
25081993 23 -0.42
26081993 23 -0.41
27081993 23 -0.41
28081993 23 -0.42
29081993 23 -0.44
30081993 23 -0.46
31081993 23 -0.48
01091993 23 -0.50
02091993 23 -0.50
03091993 23 -0.50
04091993 23 -0.50
05091993 23 -0.48
06091993 23 -0.47
07091993 23 -0.45
08091993 23 -0.44
09091993 23 -0.44
10091993 23 -0.44
11091993 23 -0.45
12091993 23 -0.47
13091993 23 -0.51
14091993 23 -0.54
15091993 23 -0.57
16091993 23 -0.59
17091993 23 -0.59
18091993 23 -0.58
19091993 23 -0.56
20091993 23 -0.52
21091993 23 -0.48
22091993 23 -0.44
23091993 23 -0.41
24091993 23 -0.40
25091993 23 -0.39
26091993 23 -0.40
27091993 23 -0.42
28091993 23 -0.44
29091993 23 -0.47
30091993 23 -0.49
01101993 23 -0.51
02101993 23 -0.52
03101993 23 -0.51
04101993 23 -0.51
05101993 23 -0.49
06101993 23 -0.48
07101993 23 -0.47
08101993 23 -0.46
09101993 23 -0.45
10101993 23 -0.45
11101993 23 -0.47
12101993 23 -0.50
13101993 23 -0.53
14101993 23 -0.56
15101993 23 -0.58
16101993 23 -0.58
17101993 23 -0.57
18101993 23 -0.55
19101993 23 -0.52
20101993 23 -0.48
21101993 23 -0.44
22101993 23 -0.41
23101993 23 -0.39
24101993 23 -0.38
25101993 23 -0.39
26101993 23 -0.41
27101993 23 -0.43
28101993 23 -0.46
29101993 23 -0.49
30101993 23 -0.51
31101993 23 -0.53
01111993 23 -0.53
02111993 23 -0.53
03111993 23 -0.52
04111993 23 -0.51
05111993 23 -0.49
06111993 23 -0.47
07111993 23 -0.46
08111993 23 -0.45
09111993 23 -0.46
10111993 23 -0.49
11111993 23 -0.52
12111993 23 -0.54
13111993 23 -0.56
14111993 23 -0.57
15111993 23 -0.56
16111993 23 -0.54
17111993 23 -0.51
18111993 23 -0.47
19111993 23 -0.44
20111993 23 -0.41
21111993 23 -0.39
22111993 23 -0.38
23111993 23 -0.38
24111993 23 -0.40
25111993 23 -0.42
26111993 23 -0.46
27111993 23 -0.49
28111993 23 -0.52
29111993 23 -0.54
30111993 23 -0.55
01121993 23 -0.55
02121993 23 -0.54
03121993 23 -0.53
04121993 23 -0.51
05121993 23 -0.48
06121993 23 -0.46
07121993 23 -0.45
08121993 23 -0.46
09121993 23 -0.47
10121993 23 -0.50
11121993 23 -0.52
12121993 23 -0.54
13121993 23 -0.54
14121993 23 -0.54
15121993 23 -0.52
16121993 23 -0.50
17121993 23 -0.47
18121993 23 -0.44
19121993 23 -0.42
20121993 23 -0.39
21121993 23 -0.38
22121993 23 -0.38
23121993 23 -0.40
24121993 23 -0.42
25121993 23 -0.45
26121993 23 -0.49
27121993 23 -0.52
28121993 23 -0.55
29121993 23 -0.56
30121993 23 -0.57
31121993 23 -0.56
