01011926 23 -0.49
02011926 23 -0.48
03011926 23 -0.47
04011926 23 -0.45
05011926 23 -0.44
06011926 23 -0.43
07011926 23 -0.43
08011926 23 -0.44
09011926 23 -0.46
10011926 23 -0.49
11011926 23 -0.53
12011926 23 -0.56
13011926 23 -0.58
14011926 23 -0.59
15011926 23 -0.58
16011926 23 -0.57
17011926 23 -0.54
18011926 23 -0.51
19011926 23 -0.47
20011926 23 -0.44
21011926 23 -0.42
22011926 23 -0.41
23011926 23 -0.41
24011926 23 -0.42
25011926 23 -0.44
26011926 23 -0.46
27011926 23 -0.48
28011926 23 -0.49
29011926 23 -0.50
30011926 23 -0.50
31011926 23 -0.50
01021926 23 -0.49
02021926 23 -0.48
03021926 23 -0.46
04021926 23 -0.45
05021926 23 -0.44
06021926 23 -0.45
07021926 23 -0.47
08021926 23 -0.49
09021926 23 -0.52
10021926 23 -0.55
11021926 23 -0.57
12021926 23 -0.57
13021926 23 -0.57
14021926 23 -0.56
15021926 23 -0.54
16021926 23 -0.51
17021926 23 -0.48
18021926 23 -0.44
19021926 23 -0.41
20021926 23 -0.40
21021926 23 -0.39
22021926 23 -0.40
23021926 23 -0.42
24021926 23 -0.44
25021926 23 -0.47
26021926 23 -0.49
27021926 23 -0.50
28021926 23 -0.51
01031926 23 -0.51
02031926 23 -0.51
03031926 23 -0.50
04031926 23 -0.49
05031926 23 -0.48
06031926 23 -0.46
07031926 23 -0.46
08031926 23 -0.47
09031926 23 -0.49
10031926 23 -0.51
11031926 23 -0.53
12031926 23 -0.55
13031926 23 -0.56
14031926 23 -0.56
15031926 23 -0.55
16031926 23 -0.53
17031926 23 -0.51
18031926 23 -0.48
19031926 23 -0.44
20031926 23 -0.41
21031926 23 -0.39
22031926 23 -0.38
23031926 23 -0.39
24031926 23 -0.41
25031926 23 -0.43
26031926 23 -0.46
27031926 23 -0.48
28031926 23 -0.50
29031926 23 -0.52
30031926 23 -0.53
31031926 23 -0.54
01041926 23 -0.53
02041926 23 -0.52
03041926 23 -0.50
04041926 23 -0.48
05041926 23 -0.47
06041926 23 -0.47
07041926 23 -0.48
08041926 23 -0.49
09041926 23 -0.51
10041926 23 -0.52
11041926 23 -0.53
12041926 23 -0.54
13041926 23 -0.53
14041926 23 -0.53
15041926 23 -0.51
16041926 23 -0.48
17041926 23 -0.45
18041926 23 -0.42
19041926 23 -0.40
20041926 23 -0.38
21041926 23 -0.39
22041926 23 -0.40
23041926 23 -0.42
24041926 23 -0.45
25041926 23 -0.48
26041926 23 -0.51
27041926 23 -0.53
28041926 23 -0.55
29041926 23 -0.56
30041926 23 -0.55
01051926 23 -0.54
02051926 23 -0.52
03051926 23 -0.50
04051926 23 -0.49
05051926 23 -0.47
06051926 23 -0.47
07051926 23 -0.47
08051926 23 -0.48
09051926 23 -0.49
10051926 23 -0.51
11051926 23 -0.51
12051926 23 -0.52
13051926 23 -0.52
14051926 23 -0.51
15051926 23 -0.49
16051926 23 -0.46
17051926 23 -0.43
18051926 23 -0.41
19051926 23 -0.39
20051926 23 -0.39
21051926 23 -0.41
22051926 23 -0.43
23051926 23 -0.45
24051926 23 -0.48
25051926 23 -0.51
26051926 23 -0.53
27051926 23 -0.56
28051926 23 -0.57
29051926 23 -0.57
30051926 23 -0.56
31051926 23 -0.54
01061926 23 -0.52
02061926 23 -0.49
03061926 23 -0.47
04061926 23 -0.46
05061926 23 -0.45
06061926 23 -0.45
07061926 23 -0.46
08061926 23 -0.48
09061926 23 -0.49
10061926 23 -0.50
11061926 23 -0.51
12061926 23 -0.50
13061926 23 -0.49
14061926 23 -0.47
15061926 23 -0.45
16061926 23 -0.43
17061926 23 -0.41
18061926 23 -0.41
19061926 23 -0.42
20061926 23 -0.43
21061926 23 -0.45
22061926 23 -0.48
23061926 23 -0.50
24061926 23 -0.53
25061926 23 -0.56
26061926 23 -0.58
27061926 23 -0.58
28061926 23 -0.58
29061926 23 -0.56
30061926 23 -0.53
01071926 23 -0.50
02071926 23 -0.47
03071926 23 -0.44
04071926 23 -0.43
05071926 23 -0.43
06071926 23 -0.44
07071926 23 -0.45
08071926 23 -0.47
09071926 23 -0.48
10071926 23 -0.50
11071926 23 -0.50
12071926 23 -0.50
13071926 23 -0.48
14071926 23 -0.47
15071926 23 -0.45
16071926 23 -0.44
17071926 23 -0.43
18071926 23 -0.43
19071926 23 -0.44
20071926 23 -0.45
21071926 23 -0.47
22071926 23 -0.50
23071926 23 -0.53
24071926 23 -0.56
25071926 23 -0.58
26071926 23 -0.59
27071926 23 -0.59
28071926 23 -0.57
29071926 23 -0.54
30071926 23 -0.50
31071926 23 -0.46
01081926 23 -0.43
02081926 23 -0.41
03081926 23 -0.41
04081926 23 -0.41
05081926 23 -0.43
06081926 23 -0.45
07081926 23 -0.47
08081926 23 -0.49
09081926 23 -0.50
10081926 23 -0.51
11081926 23 -0.50
12081926 23 -0.49
13081926 23 -0.48
14081926 23 -0.46
15081926 23 -0.45
16081926 23 -0.45
17081926 23 -0.44
18081926 23 -0.45
19081926 23 -0.47
20081926 23 -0.49
21081926 23 -0.53
22081926 23 -0.55
23081926 23 -0.58
24081926 23 -0.59
25081926 23 -0.58
26081926 23 -0.57
27081926 23 -0.54
28081926 23 -0.50
29081926 23 -0.46
30081926 23 -0.42
31081926 23 -0.40
01091926 23 -0.39
02091926 23 -0.40
03091926 23 -0.41
04091926 23 -0.43
05091926 23 -0.46
06091926 23 -0.48
07091926 23 -0.50
08091926 23 -0.52
09091926 23 -0.52
10091926 23 -0.52
11091926 23 -0.50
12091926 23 -0.49
13091926 23 -0.48
14091926 23 -0.46
15091926 23 -0.46
16091926 23 -0.45
17091926 23 -0.46
18091926 23 -0.49
19091926 23 -0.51
20091926 23 -0.54
21091926 23 -0.57
22091926 23 -0.58
23091926 23 -0.58
24091926 23 -0.56
25091926 23 -0.53
26091926 23 -0.49
27091926 23 -0.45
28091926 23 -0.42
29091926 23 -0.39
30091926 23 -0.38
01101926 23 -0.39
02101926 23 -0.40
03101926 23 -0.42
04101926 23 -0.45
05101926 23 -0.48
06101926 23 -0.50
07101926 23 -0.52
08101926 23 -0.54
09101926 23 -0.54
10101926 23 -0.53
11101926 23 -0.52
12101926 23 -0.50
13101926 23 -0.48
14101926 23 -0.47
15101926 23 -0.46
16101926 23 -0.46
17101926 23 -0.47
18101926 23 -0.50
19101926 23 -0.53
20101926 23 -0.55
21101926 23 -0.56
22101926 23 -0.56
23101926 23 -0.55
24101926 23 -0.52
25101926 23 -0.49
26101926 23 -0.45
27101926 23 -0.42
28101926 23 -0.40
29101926 23 -0.38
30101926 23 -0.38
31101926 23 -0.39
01111926 23 -0.41
02111926 23 -0.44
03111926 23 -0.48
04111926 23 -0.51
05111926 23 -0.53
06111926 23 -0.55
07111926 23 -0.56
08111926 23 -0.55
09111926 23 -0.54
10111926 23 -0.52
11111926 23 -0.50
12111926 23 -0.47
13111926 23 -0.46
14111926 23 -0.45
15111926 23 -0.46
16111926 23 -0.48
17111926 23 -0.51
18111926 23 -0.53
19111926 23 -0.54
20111926 23 -0.54
21111926 23 -0.53
22111926 23 -0.51
23111926 23 -0.48
24111926 23 -0.45
25111926 23 -0.43
26111926 23 -0.40
27111926 23 -0.39
28111926 23 -0.38
29111926 23 -0.39
30111926 23 -0.41
01121926 23 -0.44
02121926 23 -0.48
03121926 23 -0.51
04121926 23 -0.54
05121926 23 -0.56
06121926 23 -0.57
07121926 23 -0.57
08121926 23 -0.56
09121926 23 -0.54
10121926 23 -0.51
11121926 23 -0.48
12121926 23 -0.45
13121926 23 -0.44
14121926 23 -0.45
15121926 23 -0.46
16121926 23 -0.49
17121926 23 -0.50
18121926 23 -0.52
19121926 23 -0.52
20121926 23 -0.52
21121926 23 -0.50
22121926 23 -0.49
23121926 23 -0.46
24121926 23 -0.44
25121926 23 -0.42
26121926 23 -0.40
27121926 23 -0.39
28121926 23 -0.40
29121926 23 -0.41
30121926 23 -0.44
31121926 23 -0.48
