01011963 23 -0.49
02011963 23 -0.47
03011963 23 -0.45
04011963 23 -0.45
05011963 23 -0.46
06011963 23 -0.48
07011963 23 -0.50
08011963 23 -0.51
09011963 23 -0.52
10011963 23 -0.52
11011963 23 -0.51
12011963 23 -0.50
13011963 23 -0.48
14011963 23 -0.45
15011963 23 -0.43
16011963 23 -0.41
17011963 23 -0.39
18011963 23 -0.39
19011963 23 -0.40
20011963 23 -0.42
21011963 23 -0.46
22011963 23 -0.49
23011963 23 -0.53
24011963 23 -0.55
25011963 23 -0.57
26011963 23 -0.58
27011963 23 -0.57
28011963 23 -0.56
29011963 23 -0.53
30011963 23 -0.51
31011963 23 -0.48
01021963 23 -0.45
02021963 23 -0.44
03021963 23 -0.45
04021963 23 -0.46
05021963 23 -0.47
06021963 23 -0.49
07021963 23 -0.50
08021963 23 -0.50
09021963 23 -0.50
10021963 23 -0.49
11021963 23 -0.48
12021963 23 -0.46
13021963 23 -0.44
14021963 23 -0.42
15021963 23 -0.41
16021963 23 -0.41
17021963 23 -0.41
18021963 23 -0.43
19021963 23 -0.46
20021963 23 -0.49
21021963 23 -0.53
22021963 23 -0.55
23021963 23 -0.57
24021963 23 -0.58
25021963 23 -0.58
26021963 23 -0.57
27021963 23 -0.54
28021963 23 -0.51
01031963 23 -0.48
02031963 23 -0.46
03031963 23 -0.44
04031963 23 -0.43
05031963 23 -0.43
06031963 23 -0.44
07031963 23 -0.46
08031963 23 -0.47
09031963 23 -0.48
10031963 23 -0.49
11031963 23 -0.49
12031963 23 -0.49
13031963 23 -0.48
14031963 23 -0.46
15031963 23 -0.45
16031963 23 -0.43
17031963 23 -0.43
18031963 23 -0.43
19031963 23 -0.44
20031963 23 -0.46
21031963 23 -0.49
22031963 23 -0.52
23031963 23 -0.55
24031963 23 -0.57
25031963 23 -0.58
26031963 23 -0.58
27031963 23 -0.57
28031963 23 -0.55
29031963 23 -0.52
30031963 23 -0.49
31031963 23 -0.46
01041963 23 -0.43
02041963 23 -0.41
03041963 23 -0.41
04041963 23 -0.42
05041963 23 -0.43
06041963 23 -0.45
07041963 23 -0.47
08041963 23 -0.48
09041963 23 -0.49
10041963 23 -0.50
11041963 23 -0.50
12041963 23 -0.49
13041963 23 -0.48
14041963 23 -0.46
15041963 23 -0.45
16041963 23 -0.45
17041963 23 -0.45
18041963 23 -0.47
19041963 23 -0.49
20041963 23 -0.51
21041963 23 -0.54
22041963 23 -0.55
23041963 23 -0.57
24041963 23 -0.57
25041963 23 -0.57
26041963 23 -0.55
27041963 23 -0.52
28041963 23 -0.49
29041963 23 -0.46
30041963 23 -0.42
01051963 23 -0.40
02051963 23 -0.39
03051963 23 -0.40
04051963 23 -0.41
05051963 23 -0.43
06051963 23 -0.46
07051963 23 -0.48
08051963 23 -0.49
09051963 23 -0.51
10051963 23 -0.51
11051963 23 -0.51
12051963 23 -0.50
13051963 23 -0.49
14051963 23 -0.48
15051963 23 -0.47
16051963 23 -0.47
17051963 23 -0.47
18051963 23 -0.48
19051963 23 -0.50
20051963 23 -0.52
21051963 23 -0.54
22051963 23 -0.55
23051963 23 -0.56
24051963 23 -0.56
25051963 23 -0.55
26051963 23 -0.53
27051963 23 -0.49
28051963 23 -0.46
29051963 23 -0.42
30051963 23 -0.40
31051963 23 -0.39
01061963 23 -0.39
02061963 23 -0.40
03061963 23 -0.42
04061963 23 -0.45
05061963 23 -0.47
06061963 23 -0.49
07061963 23 -0.52
08061963 23 -0.53
09061963 23 -0.54
10061963 23 -0.53
11061963 23 -0.52
12061963 23 -0.51
13061963 23 -0.49
14061963 23 -0.48
15061963 23 -0.47
16061963 23 -0.47
17061963 23 -0.48
18061963 23 -0.49
19061963 23 -0.51
20061963 23 -0.53
21061963 23 -0.54
22061963 23 -0.55
23061963 23 -0.54
24061963 23 -0.52
25061963 23 -0.49
26061963 23 -0.46
27061963 23 -0.43
28061963 23 -0.40
29061963 23 -0.39
30061963 23 -0.39
01071963 23 -0.40
02071963 23 -0.42
03071963 23 -0.44
04071963 23 -0.47
05071963 23 -0.50
06071963 23 -0.52
07071963 23 -0.55
08071963 23 -0.56
09071963 23 -0.56
10071963 23 -0.55
11071963 23 -0.53
12071963 23 -0.51
13071963 23 -0.49
14071963 23 -0.47
15071963 23 -0.46
16071963 23 -0.46
17071963 23 -0.47
18071963 23 -0.49
19071963 23 -0.51
20071963 23 -0.52
21071963 23 -0.53
22071963 23 -0.53
23071963 23 -0.52
24071963 23 -0.49
25071963 23 -0.47
26071963 23 -0.44
27071963 23 -0.41
28071963 23 -0.40
29071963 23 -0.39
30071963 23 -0.40
31071963 23 -0.41
01081963 23 -0.43
02081963 23 -0.46
03081963 23 -0.50
04081963 23 -0.53
05081963 23 -0.56
06081963 23 -0.57
07081963 23 -0.58
08081963 23 -0.57
09081963 23 -0.55
10081963 23 -0.53
11081963 23 -0.50
12081963 23 -0.47
13081963 23 -0.45
14081963 23 -0.44
15081963 23 -0.45
16081963 23 -0.46
17081963 23 -0.48
18081963 23 -0.50
19081963 23 -0.51
20081963 23 -0.52
21081963 23 -0.51
22081963 23 -0.50
23081963 23 -0.47
24081963 23 -0.45
25081963 23 -0.43
26081963 23 -0.41
27081963 23 -0.41
28081963 23 -0.41
29081963 23 -0.42
30081963 23 -0.44
31081963 23 -0.46
01091963 23 -0.50
02091963 23 -0.54
03091963 23 -0.57
04091963 23 -0.58
05091963 23 -0.59
06091963 23 -0.58
07091963 23 -0.56
08091963 23 -0.53
09091963 23 -0.50
10091963 23 -0.46
11091963 23 -0.44
12091963 23 -0.42
13091963 23 -0.42
14091963 23 -0.44
15091963 23 -0.46
16091963 23 -0.48
17091963 23 -0.49
18091963 23 -0.50
19091963 23 -0.51
20091963 23 -0.50
21091963 23 -0.49
22091963 23 -0.47
23091963 23 -0.45
24091963 23 -0.43
25091963 23 -0.42
26091963 23 -0.42
27091963 23 -0.42
28091963 23 -0.44
29091963 23 -0.47
30091963 23 -0.50
01101963 23 -0.54
02101963 23 -0.57
03101963 23 -0.59
04101963 23 -0.59
05101963 23 -0.59
06101963 23 -0.57
07101963 23 -0.53
08101963 23 -0.50
09101963 23 -0.46
10101963 23 -0.43
11101963 23 -0.41
12101963 23 -0.41
13101963 23 -0.42
14101963 23 -0.44
15101963 23 -0.46
16101963 23 -0.48
17101963 23 -0.49
18101963 23 -0.50
19101963 23 -0.50
20101963 23 -0.50
21101963 23 -0.49
22101963 23 -0.47
23101963 23 -0.46
24101963 23 -0.45
25101963 23 -0.44
26101963 23 -0.44
27101963 23 -0.44
28101963 23 -0.47
29101963 23 -0.50
30101963 23 -0.53
31101963 23 -0.56
01111963 23 -0.58
02111963 23 -0.59
03111963 23 -0.58
04111963 23 -0.56
05111963 23 -0.53
06111963 23 -0.49
07111963 23 -0.45
08111963 23 -0.42
09111963 23 -0.40
10111963 23 -0.39
11111963 23 -0.40
12111963 23 -0.42
13111963 23 -0.44
14111963 23 -0.46
15111963 23 -0.48
16111963 23 -0.50
17111963 23 -0.51
18111963 23 -0.51
19111963 23 -0.51
20111963 23 -0.50
21111963 23 -0.48
22111963 23 -0.47
23111963 23 -0.45
24111963 23 -0.45
25111963 23 -0.45
26111963 23 -0.46
27111963 23 -0.49
28111963 23 -0.53
29111963 23 -0.56
30111963 23 -0.57
01121963 23 -0.58
02121963 23 -0.57
03121963 23 -0.55
04121963 23 -0.52
05121963 23 -0.49
06121963 23 -0.45
07121963 23 -0.42
08121963 23 -0.40
09121963 23 -0.39
10121963 23 -0.39
11121963 23 -0.40
12121963 23 -0.42
13121963 23 -0.45
14121963 23 -0.48
15121963 23 -0.50
16121963 23 -0.52
17121963 23 -0.53
18121963 23 -0.53
19121963 23 -0.52
20121963 23 -0.51
21121963 23 -0.49
22121963 23 -0.47
23121963 23 -0.46
24121963 23 -0.45
25121963 23 -0.46
26121963 23 -0.49
27121963 23 -0.51
28121963 23 -0.54
29121963 23 -0.56
30121963 23 -0.56
31121963 23 -0.56
