01011959 23 -0.48
02011959 23 -0.46
03011959 23 -0.46
04011959 23 -0.46
05011959 23 -0.48
06011959 23 -0.51
07011959 23 -0.52
08011959 23 -0.53
09011959 23 -0.54
10011959 23 -0.53
11011959 23 -0.51
12011959 23 -0.49
13011959 23 -0.46
14011959 23 -0.44
15011959 23 -0.41
16011959 23 -0.39
17011959 23 -0.38
18011959 23 -0.39
19011959 23 -0.41
20011959 23 -0.44
21011959 23 -0.47
22011959 23 -0.51
23011959 23 -0.53
24011959 23 -0.55
25011959 23 -0.56
26011959 23 -0.57
27011959 23 -0.56
28011959 23 -0.54
29011959 23 -0.52
30011959 23 -0.49
31011959 23 -0.47
01021959 23 -0.45
02021959 23 -0.45
03021959 23 -0.46
04021959 23 -0.48
05021959 23 -0.50
06021959 23 -0.51
07021959 23 -0.51
08021959 23 -0.51
09021959 23 -0.50
10021959 23 -0.49
11021959 23 -0.47
12021959 23 -0.45
13021959 23 -0.42
14021959 23 -0.40
15021959 23 -0.40
16021959 23 -0.40
17021959 23 -0.41
18021959 23 -0.44
19021959 23 -0.47
20021959 23 -0.51
21021959 23 -0.54
22021959 23 -0.56
23021959 23 -0.57
24021959 23 -0.58
25021959 23 -0.57
26021959 23 -0.55
27021959 23 -0.53
28021959 23 -0.50
01031959 23 -0.47
02031959 23 -0.45
03031959 23 -0.44
04031959 23 -0.44
05031959 23 -0.45
06031959 23 -0.47
07031959 23 -0.48
08031959 23 -0.49
09031959 23 -0.49
10031959 23 -0.50
11031959 23 -0.49
12031959 23 -0.48
13031959 23 -0.46
14031959 23 -0.44
15031959 23 -0.43
16031959 23 -0.42
17031959 23 -0.41
18031959 23 -0.42
19031959 23 -0.44
20031959 23 -0.47
21031959 23 -0.50
22031959 23 -0.53
23031959 23 -0.56
24031959 23 -0.57
25031959 23 -0.58
26031959 23 -0.58
27031959 23 -0.56
28031959 23 -0.54
29031959 23 -0.51
30031959 23 -0.48
31031959 23 -0.45
01041959 23 -0.43
02041959 23 -0.42
03041959 23 -0.43
04041959 23 -0.44
05041959 23 -0.45
06041959 23 -0.47
07041959 23 -0.48
08041959 23 -0.49
09041959 23 -0.49
10041959 23 -0.49
11041959 23 -0.48
12041959 23 -0.47
13041959 23 -0.45
14041959 23 -0.44
15041959 23 -0.43
16041959 23 -0.44
17041959 23 -0.45
18041959 23 -0.47
19041959 23 -0.50
20041959 23 -0.53
21041959 23 -0.55
22041959 23 -0.57
23041959 23 -0.58
24041959 23 -0.58
25041959 23 -0.56
26041959 23 -0.54
27041959 23 -0.51
28041959 23 -0.48
29041959 23 -0.45
30041959 23 -0.42
01051959 23 -0.41
02051959 23 -0.41
03051959 23 -0.42
04051959 23 -0.43
05051959 23 -0.45
06051959 23 -0.47
07051959 23 -0.49
08051959 23 -0.50
09051959 23 -0.50
10051959 23 -0.50
11051959 23 -0.49
12051959 23 -0.48
13051959 23 -0.47
14051959 23 -0.46
15051959 23 -0.46
16051959 23 -0.46
17051959 23 -0.48
18051959 23 -0.49
19051959 23 -0.51
20051959 23 -0.53
21051959 23 -0.55
22051959 23 -0.56
23051959 23 -0.57
24051959 23 -0.56
25051959 23 -0.54
26051959 23 -0.52
27051959 23 -0.48
28051959 23 -0.44
29051959 23 -0.41
30051959 23 -0.40
31051959 23 -0.39
01061959 23 -0.40
02061959 23 -0.42
03061959 23 -0.44
04061959 23 -0.46
05061959 23 -0.48
06061959 23 -0.50
07061959 23 -0.52
08061959 23 -0.52
09061959 23 -0.52
10061959 23 -0.51
11061959 23 -0.50
12061959 23 -0.49
13061959 23 -0.48
14061959 23 -0.47
15061959 23 -0.47
16061959 23 -0.48
17061959 23 -0.50
18061959 23 -0.51
19061959 23 -0.53
20061959 23 -0.55
21061959 23 -0.56
22061959 23 -0.56
23061959 23 -0.54
24061959 23 -0.52
25061959 23 -0.48
26061959 23 -0.44
27061959 23 -0.41
28061959 23 -0.39
29061959 23 -0.39
30061959 23 -0.39
01071959 23 -0.41
02071959 23 -0.43
03071959 23 -0.45
04071959 23 -0.48
05071959 23 -0.50
06071959 23 -0.53
07071959 23 -0.54
08071959 23 -0.55
09071959 23 -0.54
10071959 23 -0.53
11071959 23 -0.51
12071959 23 -0.49
13071959 23 -0.48
14071959 23 -0.47
15071959 23 -0.47
16071959 23 -0.47
17071959 23 -0.49
18071959 23 -0.51
19071959 23 -0.53
20071959 23 -0.54
21071959 23 -0.54
22071959 23 -0.53
23071959 23 -0.51
24071959 23 -0.48
25071959 23 -0.45
26071959 23 -0.42
27071959 23 -0.40
28071959 23 -0.39
29071959 23 -0.39
30071959 23 -0.40
31071959 23 -0.42
01081959 23 -0.45
02081959 23 -0.48
03081959 23 -0.51
04081959 23 -0.54
05081959 23 -0.56
06081959 23 -0.57
07081959 23 -0.56
08081959 23 -0.55
09081959 23 -0.53
10081959 23 -0.51
11081959 23 -0.48
12081959 23 -0.46
13081959 23 -0.45
14081959 23 -0.45
15081959 23 -0.47
16081959 23 -0.49
17081959 23 -0.51
18081959 23 -0.52
19081959 23 -0.53
20081959 23 -0.52
21081959 23 -0.51
22081959 23 -0.48
23081959 23 -0.46
24081959 23 -0.43
25081959 23 -0.41
26081959 23 -0.40
27081959 23 -0.40
28081959 23 -0.40
29081959 23 -0.42
30081959 23 -0.45
31081959 23 -0.48
01091959 23 -0.52
02091959 23 -0.55
03091959 23 -0.57
04091959 23 -0.58
05091959 23 -0.58
06091959 23 -0.57
07091959 23 -0.54
08091959 23 -0.51
09091959 23 -0.48
10091959 23 -0.45
11091959 23 -0.44
12091959 23 -0.43
13091959 23 -0.44
14091959 23 -0.46
15091959 23 -0.48
16091959 23 -0.50
17091959 23 -0.51
18091959 23 -0.51
19091959 23 -0.51
20091959 23 -0.49
21091959 23 -0.47
22091959 23 -0.44
23091959 23 -0.43
24091959 23 -0.41
25091959 23 -0.41
26091959 23 -0.41
27091959 23 -0.42
28091959 23 -0.45
29091959 23 -0.48
30091959 23 -0.52
01101959 23 -0.55
02101959 23 -0.58
03101959 23 -0.59
04101959 23 -0.59
05101959 23 -0.58
06101959 23 -0.55
07101959 23 -0.52
08101959 23 -0.48
09101959 23 -0.45
10101959 23 -0.42
11101959 23 -0.42
12101959 23 -0.42
13101959 23 -0.44
14101959 23 -0.46
15101959 23 -0.48
16101959 23 -0.49
17101959 23 -0.50
18101959 23 -0.50
19101959 23 -0.50
20101959 23 -0.48
21101959 23 -0.46
22101959 23 -0.45
23101959 23 -0.44
24101959 23 -0.43
25101959 23 -0.42
26101959 23 -0.43
27101959 23 -0.45
28101959 23 -0.48
29101959 23 -0.52
30101959 23 -0.55
31101959 23 -0.58
01111959 23 -0.59
02111959 23 -0.59
03111959 23 -0.58
04111959 23 -0.55
05111959 23 -0.52
06111959 23 -0.48
07111959 23 -0.44
08111959 23 -0.41
09111959 23 -0.40
10111959 23 -0.41
11111959 23 -0.42
12111959 23 -0.44
13111959 23 -0.46
14111959 23 -0.48
15111959 23 -0.50
16111959 23 -0.50
17111959 23 -0.51
18111959 23 -0.50
19111959 23 -0.49
20111959 23 -0.47
21111959 23 -0.46
22111959 23 -0.45
23111959 23 -0.44
24111959 23 -0.44
25111959 23 -0.45
26111959 23 -0.48
27111959 23 -0.51
28111959 23 -0.55
29111959 23 -0.57
30111959 23 -0.59
01121959 23 -0.59
02121959 23 -0.57
03121959 23 -0.55
04121959 23 -0.51
05121959 23 -0.47
06121959 23 -0.44
07121959 23 -0.41
08121959 23 -0.39
09121959 23 -0.39
10121959 23 -0.40
11121959 23 -0.42
12121959 23 -0.44
13121959 23 -0.47
14121959 23 -0.49
15121959 23 -0.51
16121959 23 -0.52
17121959 23 -0.52
18121959 23 -0.51
19121959 23 -0.50
20121959 23 -0.48
21121959 23 -0.47
22121959 23 -0.45
23121959 23 -0.45
24121959 23 -0.46
25121959 23 -0.48
26121959 23 -0.51
27121959 23 -0.54
28121959 23 -0.56
29121959 23 -0.57
30121959 23 -0.57
31121959 23 -0.56
