01011946 23 -0.49
02011946 23 -0.52
03011946 23 -0.54
04011946 23 -0.55
05011946 23 -0.55
06011946 23 -0.54
07011946 23 -0.53
08011946 23 -0.51
09011946 23 -0.48
10011946 23 -0.47
11011946 23 -0.46
12011946 23 -0.46
13011946 23 -0.48
14011946 23 -0.50
15011946 23 -0.52
16011946 23 -0.53
17011946 23 -0.54
18011946 23 -0.53
19011946 23 -0.52
20011946 23 -0.50
21011946 23 -0.47
22011946 23 -0.45
23011946 23 -0.42
24011946 23 -0.40
25011946 23 -0.38
26011946 23 -0.38
27011946 23 -0.40
28011946 23 -0.42
29011946 23 -0.46
30011946 23 -0.49
31011946 23 -0.52
01021946 23 -0.54
02021946 23 -0.56
03021946 23 -0.56
04021946 23 -0.56
05021946 23 -0.55
06021946 23 -0.52
07021946 23 -0.50
08021946 23 -0.47
09021946 23 -0.46
10021946 23 -0.46
11021946 23 -0.46
12021946 23 -0.48
13021946 23 -0.49
14021946 23 -0.51
15021946 23 -0.51
16021946 23 -0.51
17021946 23 -0.51
18021946 23 -0.50
19021946 23 -0.48
20021946 23 -0.45
21021946 23 -0.43
22021946 23 -0.41
23021946 23 -0.40
24021946 23 -0.39
25021946 23 -0.41
26021946 23 -0.43
27021946 23 -0.46
28021946 23 -0.49
01031946 23 -0.52
02031946 23 -0.55
03031946 23 -0.56
04031946 23 -0.57
05031946 23 -0.57
06031946 23 -0.56
07031946 23 -0.54
08031946 23 -0.51
09031946 23 -0.48
10031946 23 -0.46
11031946 23 -0.45
12031946 23 -0.45
13031946 23 -0.45
14031946 23 -0.46
15031946 23 -0.48
16031946 23 -0.49
17031946 23 -0.49
18031946 23 -0.50
19031946 23 -0.49
20031946 23 -0.48
21031946 23 -0.47
22031946 23 -0.45
23031946 23 -0.43
24031946 23 -0.42
25031946 23 -0.41
26031946 23 -0.42
27031946 23 -0.43
28031946 23 -0.46
29031946 23 -0.49
30031946 23 -0.52
31031946 23 -0.55
01041946 23 -0.57
02041946 23 -0.58
03041946 23 -0.58
04041946 23 -0.57
05041946 23 -0.55
06041946 23 -0.52
07041946 23 -0.49
08041946 23 -0.46
09041946 23 -0.44
10041946 23 -0.43
11041946 23 -0.43
12041946 23 -0.44
13041946 23 -0.45
14041946 23 -0.46
15041946 23 -0.48
16041946 23 -0.49
17041946 23 -0.49
18041946 23 -0.49
19041946 23 -0.48
20041946 23 -0.47
21041946 23 -0.45
22041946 23 -0.44
23041946 23 -0.43
24041946 23 -0.43
25041946 23 -0.45
26041946 23 -0.46
27041946 23 -0.49
28041946 23 -0.51
29041946 23 -0.54
30041946 23 -0.56
01051946 23 -0.57
02051946 23 -0.58
03051946 23 -0.57
04051946 23 -0.55
05051946 23 -0.53
06051946 23 -0.49
07051946 23 -0.46
08051946 23 -0.43
09051946 23 -0.41
10051946 23 -0.41
11051946 23 -0.41
12051946 23 -0.43
13051946 23 -0.44
14051946 23 -0.46
15051946 23 -0.48
16051946 23 -0.49
17051946 23 -0.50
18051946 23 -0.50
19051946 23 -0.49
20051946 23 -0.48
21051946 23 -0.47
22051946 23 -0.46
23051946 23 -0.46
24051946 23 -0.46
25051946 23 -0.47
26051946 23 -0.48
27051946 23 -0.50
28051946 23 -0.53
29051946 23 -0.55
30051946 23 -0.56
31051946 23 -0.57
01061946 23 -0.57
02061946 23 -0.56
03061946 23 -0.53
04061946 23 -0.50
05061946 23 -0.46
06061946 23 -0.42
07061946 23 -0.40
08061946 23 -0.39
09061946 23 -0.40
10061946 23 -0.41
11061946 23 -0.43
12061946 23 -0.45
13061946 23 -0.47
14061946 23 -0.49
15061946 23 -0.51
16061946 23 -0.52
17061946 23 -0.52
18061946 23 -0.51
19061946 23 -0.50
20061946 23 -0.49
21061946 23 -0.48
22061946 23 -0.47
23061946 23 -0.47
24061946 23 -0.48
25061946 23 -0.49
26061946 23 -0.51
27061946 23 -0.53
28061946 23 -0.55
29061946 23 -0.56
30061946 23 -0.56
01071946 23 -0.55
02071946 23 -0.53
03071946 23 -0.50
04071946 23 -0.46
05071946 23 -0.42
06071946 23 -0.40
07071946 23 -0.39
08071946 23 -0.39
09071946 23 -0.40
10071946 23 -0.42
11071946 23 -0.44
12071946 23 -0.47
13071946 23 -0.49
14071946 23 -0.52
15071946 23 -0.54
16071946 23 -0.54
17071946 23 -0.54
18071946 23 -0.53
19071946 23 -0.52
20071946 23 -0.50
21071946 23 -0.48
22071946 23 -0.47
23071946 23 -0.46
24071946 23 -0.47
25071946 23 -0.48
26071946 23 -0.51
27071946 23 -0.53
28071946 23 -0.54
29071946 23 -0.55
30071946 23 -0.54
31071946 23 -0.52
01081946 23 -0.50
02081946 23 -0.46
03081946 23 -0.43
04081946 23 -0.40
05081946 23 -0.39
06081946 23 -0.39
07081946 23 -0.39
08081946 23 -0.41
09081946 23 -0.43
10081946 23 -0.46
11081946 23 -0.50
12081946 23 -0.53
13081946 23 -0.55
14081946 23 -0.57
15081946 23 -0.57
16081946 23 -0.56
17081946 23 -0.54
18081946 23 -0.51
19081946 23 -0.49
20081946 23 -0.47
21081946 23 -0.45
22081946 23 -0.45
23081946 23 -0.46
24081946 23 -0.48
25081946 23 -0.50
26081946 23 -0.52
27081946 23 -0.53
28081946 23 -0.53
29081946 23 -0.52
30081946 23 -0.49
31081946 23 -0.47
01091946 23 -0.44
02091946 23 -0.41
03091946 23 -0.40
04091946 23 -0.39
05091946 23 -0.40
06091946 23 -0.41
07091946 23 -0.43
08091946 23 -0.47
09091946 23 -0.50
10091946 23 -0.54
11091946 23 -0.56
12091946 23 -0.58
13091946 23 -0.58
14091946 23 -0.57
15091946 23 -0.55
16091946 23 -0.52
17091946 23 -0.49
18091946 23 -0.46
19091946 23 -0.44
20091946 23 -0.43
21091946 23 -0.44
22091946 23 -0.46
23091946 23 -0.48
24091946 23 -0.50
25091946 23 -0.51
26091946 23 -0.52
27091946 23 -0.51
28091946 23 -0.50
29091946 23 -0.47
30091946 23 -0.45
01101946 23 -0.43
02101946 23 -0.41
03101946 23 -0.41
04101946 23 -0.41
05101946 23 -0.42
06101946 23 -0.44
07101946 23 -0.47
08101946 23 -0.50
09101946 23 -0.54
10101946 23 -0.57
11101946 23 -0.59
12101946 23 -0.59
13101946 23 -0.58
14101946 23 -0.56
15101946 23 -0.53
16101946 23 -0.49
17101946 23 -0.46
18101946 23 -0.43
19101946 23 -0.42
20101946 23 -0.42
21101946 23 -0.44
22101946 23 -0.46
23101946 23 -0.48
24101946 23 -0.49
25101946 23 -0.50
26101946 23 -0.50
27101946 23 -0.50
28101946 23 -0.48
29101946 23 -0.47
30101946 23 -0.45
31101946 23 -0.44
01111946 23 -0.43
02111946 23 -0.42
03111946 23 -0.42
04111946 23 -0.44
05111946 23 -0.47
06111946 23 -0.50
07111946 23 -0.54
08111946 23 -0.57
09111946 23 -0.59
10111946 23 -0.59
11111946 23 -0.58
12111946 23 -0.56
13111946 23 -0.53
14111946 23 -0.49
15111946 23 -0.45
16111946 23 -0.42
17111946 23 -0.41
18111946 23 -0.41
19111946 23 -0.42
20111946 23 -0.43
21111946 23 -0.46
22111946 23 -0.47
23111946 23 -0.49
24111946 23 -0.50
25111946 23 -0.50
26111946 23 -0.50
27111946 23 -0.49
28111946 23 -0.48
29111946 23 -0.46
30111946 23 -0.45
01121946 23 -0.44
02121946 23 -0.44
03121946 23 -0.45
04121946 23 -0.47
05121946 23 -0.50
06121946 23 -0.54
07121946 23 -0.57
08121946 23 -0.58
09121946 23 -0.59
10121946 23 -0.58
11121946 23 -0.56
12121946 23 -0.53
13121946 23 -0.49
14121946 23 -0.45
15121946 23 -0.42
16121946 23 -0.40
17121946 23 -0.39
18121946 23 -0.40
19121946 23 -0.41
20121946 23 -0.44
21121946 23 -0.46
22121946 23 -0.48
23121946 23 -0.50
24121946 23 -0.51
25121946 23 -0.51
26121946 23 -0.51
27121946 23 -0.50
28121946 23 -0.48
29121946 23 -0.47
30121946 23 -0.45
31121946 23 -0.45
