01011917 23 -0.42
02011917 23 -0.41
03011917 23 -0.41
04011917 23 -0.43
05011917 23 -0.45
06011917 23 -0.47
07011917 23 -0.48
08011917 23 -0.50
09011917 23 -0.50
10011917 23 -0.50
11011917 23 -0.49
12011917 23 -0.48
13011917 23 -0.46
14011917 23 -0.45
15011917 23 -0.44
16011917 23 -0.44
17011917 23 -0.45
18011917 23 -0.47
19011917 23 -0.50
20011917 23 -0.53
21011917 23 -0.56
22011917 23 -0.58
23011917 23 -0.58
24011917 23 -0.58
25011917 23 -0.56
26011917 23 -0.54
27011917 23 -0.50
28011917 23 -0.47
29011917 23 -0.43
30011917 23 -0.41
31011917 23 -0.40
01021917 23 -0.40
02021917 23 -0.41
03021917 23 -0.43
04021917 23 -0.45
05021917 23 -0.47
06021917 23 -0.49
07021917 23 -0.50
08021917 23 -0.51
09021917 23 -0.51
10021917 23 -0.50
11021917 23 -0.49
12021917 23 -0.47
13021917 23 -0.46
14021917 23 -0.45
15021917 23 -0.46
16021917 23 -0.47
17021917 23 -0.49
18021917 23 -0.52
19021917 23 -0.54
20021917 23 -0.56
21021917 23 -0.57
22021917 23 -0.56
23021917 23 -0.55
24021917 23 -0.53
25021917 23 -0.50
26021917 23 -0.47
27021917 23 -0.44
28021917 23 -0.41
01031917 23 -0.39
02031917 23 -0.39
03031917 23 -0.40
04031917 23 -0.42
05031917 23 -0.44
06031917 23 -0.47
07031917 23 -0.49
08031917 23 -0.51
09031917 23 -0.52
10031917 23 -0.52
11031917 23 -0.52
12031917 23 -0.52
13031917 23 -0.50
14031917 23 -0.49
15031917 23 -0.47
16031917 23 -0.47
17031917 23 -0.47
18031917 23 -0.49
19031917 23 -0.50
20031917 23 -0.52
21031917 23 -0.54
22031917 23 -0.55
23031917 23 -0.55
24031917 23 -0.54
25031917 23 -0.53
26031917 23 -0.50
27031917 23 -0.47
28031917 23 -0.44
29031917 23 -0.41
30031917 23 -0.39
31031917 23 -0.38
01041917 23 -0.39
02041917 23 -0.41
03041917 23 -0.43
04041917 23 -0.46
05041917 23 -0.49
06041917 23 -0.51
07041917 23 -0.53
08041917 23 -0.54
09041917 23 -0.55
10041917 23 -0.54
11041917 23 -0.53
12041917 23 -0.51
13041917 23 -0.49
14041917 23 -0.48
15041917 23 -0.47
16041917 23 -0.48
17041917 23 -0.48
18041917 23 -0.50
19041917 23 -0.51
20041917 23 -0.52
21041917 23 -0.53
22041917 23 -0.53
23041917 23 -0.52
24041917 23 -0.50
25041917 23 -0.48
26041917 23 -0.45
27041917 23 -0.42
28041917 23 -0.40
29041917 23 -0.39
30041917 23 -0.39
01051917 23 -0.41
02051917 23 -0.43
03051917 23 -0.46
04051917 23 -0.49
05051917 23 -0.51
06051917 23 -0.54
07051917 23 -0.56
08051917 23 -0.56
09051917 23 -0.56
10051917 23 -0.55
11051917 23 -0.53
12051917 23 -0.51
13051917 23 -0.49
14051917 23 -0.47
15051917 23 -0.46
16051917 23 -0.46
17051917 23 -0.47
18051917 23 -0.48
19051917 23 -0.49
20051917 23 -0.50
21051917 23 -0.51
22051917 23 -0.51
23051917 23 -0.50
24051917 23 -0.48
25051917 23 -0.46
26051917 23 -0.43
27051917 23 -0.41
28051917 23 -0.40
29051917 23 -0.40
30051917 23 -0.41
31051917 23 -0.43
01061917 23 -0.46
02061917 23 -0.48
03061917 23 -0.51
04061917 23 -0.54
05061917 23 -0.56
06061917 23 -0.58
07061917 23 -0.58
08061917 23 -0.57
09061917 23 -0.55
10061917 23 -0.52
11061917 23 -0.49
12061917 23 -0.47
13061917 23 -0.45
14061917 23 -0.44
15061917 23 -0.44
16061917 23 -0.45
17061917 23 -0.47
18061917 23 -0.48
19061917 23 -0.49
20061917 23 -0.50
21061917 23 -0.50
22061917 23 -0.49
23061917 23 -0.47
24061917 23 -0.45
25061917 23 -0.44
26061917 23 -0.42
27061917 23 -0.42
28061917 23 -0.43
29061917 23 -0.44
30061917 23 -0.45
01071917 23 -0.48
02071917 23 -0.51
03071917 23 -0.54
04071917 23 -0.56
05071917 23 -0.58
06071917 23 -0.59
07071917 23 -0.58
08071917 23 -0.56
09071917 23 -0.53
10071917 23 -0.49
11071917 23 -0.46
12071917 23 -0.43
13071917 23 -0.42
14071917 23 -0.42
15071917 23 -0.43
16071917 23 -0.44
17071917 23 -0.46
18071917 23 -0.48
19071917 23 -0.49
20071917 23 -0.50
21071917 23 -0.50
22071917 23 -0.49
23071917 23 -0.48
24071917 23 -0.46
25071917 23 -0.45
26071917 23 -0.44
27071917 23 -0.44
28071917 23 -0.44
29071917 23 -0.45
30071917 23 -0.47
31071917 23 -0.50
01081917 23 -0.53
02081917 23 -0.56
03081917 23 -0.58
04081917 23 -0.59
05081917 23 -0.58
06081917 23 -0.56
07081917 23 -0.53
08081917 23 -0.49
09081917 23 -0.45
10081917 23 -0.42
11081917 23 -0.40
12081917 23 -0.40
13081917 23 -0.41
14081917 23 -0.42
15081917 23 -0.44
16081917 23 -0.46
17081917 23 -0.49
18081917 23 -0.50
19081917 23 -0.51
20081917 23 -0.51
21081917 23 -0.50
22081917 23 -0.49
23081917 23 -0.48
24081917 23 -0.46
25081917 23 -0.46
26081917 23 -0.45
27081917 23 -0.45
28081917 23 -0.47
29081917 23 -0.49
30081917 23 -0.52
31081917 23 -0.55
01091917 23 -0.57
02091917 23 -0.58
03091917 23 -0.58
04091917 23 -0.56
05091917 23 -0.53
06091917 23 -0.49
07091917 23 -0.45
08091917 23 -0.41
09091917 23 -0.39
10091917 23 -0.39
11091917 23 -0.39
12091917 23 -0.41
13091917 23 -0.43
14091917 23 -0.46
15091917 23 -0.48
16091917 23 -0.51
17091917 23 -0.52
18091917 23 -0.53
19091917 23 -0.53
20091917 23 -0.52
21091917 23 -0.50
22091917 23 -0.49
23091917 23 -0.47
24091917 23 -0.46
25091917 23 -0.46
26091917 23 -0.46
27091917 23 -0.48
28091917 23 -0.51
29091917 23 -0.54
30091917 23 -0.56
01101917 23 -0.57
02101917 23 -0.57
03101917 23 -0.55
04101917 23 -0.52
05101917 23 -0.48
06101917 23 -0.44
07101917 23 -0.41
08101917 23 -0.39
09101917 23 -0.38
10101917 23 -0.38
11101917 23 -0.40
12101917 23 -0.42
13101917 23 -0.45
14101917 23 -0.48
15101917 23 -0.51
16101917 23 -0.53
17101917 23 -0.55
18101917 23 -0.55
19101917 23 -0.54
20101917 23 -0.53
21101917 23 -0.51
22101917 23 -0.49
23101917 23 -0.47
24101917 23 -0.45
25101917 23 -0.45
26101917 23 -0.47
27101917 23 -0.49
28101917 23 -0.52
29101917 23 -0.54
30101917 23 -0.55
31101917 23 -0.55
01111917 23 -0.54
02111917 23 -0.51
03111917 23 -0.48
04111917 23 -0.45
05111917 23 -0.42
06111917 23 -0.40
07111917 23 -0.38
08111917 23 -0.38
09111917 23 -0.39
10111917 23 -0.41
11111917 23 -0.45
12111917 23 -0.48
13111917 23 -0.52
14111917 23 -0.54
15111917 23 -0.56
16111917 23 -0.57
17111917 23 -0.56
18111917 23 -0.55
19111917 23 -0.53
20111917 23 -0.50
21111917 23 -0.47
22111917 23 -0.45
23111917 23 -0.45
24111917 23 -0.46
25111917 23 -0.48
26111917 23 -0.50
27111917 23 -0.52
28111917 23 -0.53
29111917 23 -0.53
30111917 23 -0.52
01121917 23 -0.50
02121917 23 -0.48
03121917 23 -0.45
04121917 23 -0.43
05121917 23 -0.41
06121917 23 -0.39
07121917 23 -0.39
08121917 23 -0.40
09121917 23 -0.42
10121917 23 -0.45
11121917 23 -0.49
12121917 23 -0.52
13121917 23 -0.55
14121917 23 -0.57
15121917 23 -0.58
16121917 23 -0.58
17121917 23 -0.56
18121917 23 -0.54
19121917 23 -0.51
20121917 23 -0.47
21121917 23 -0.45
22121917 23 -0.44
23121917 23 -0.44
24121917 23 -0.46
25121917 23 -0.47
26121917 23 -0.49
27121917 23 -0.50
28121917 23 -0.51
29121917 23 -0.51
30121917 23 -0.50
31121917 23 -0.48
