01011924 23 -0.46
02011924 23 -0.48
03011924 23 -0.51
04011924 23 -0.53
05011924 23 -0.55
06011924 23 -0.55
07011924 23 -0.55
08011924 23 -0.53
09011924 23 -0.51
10011924 23 -0.48
11011924 23 -0.45
12011924 23 -0.42
13011924 23 -0.40
14011924 23 -0.38
15011924 23 -0.38
16011924 23 -0.39
17011924 23 -0.42
18011924 23 -0.45
19011924 23 -0.48
20011924 23 -0.51
21011924 23 -0.54
22011924 23 -0.55
23011924 23 -0.55
24011924 23 -0.55
25011924 23 -0.54
26011924 23 -0.52
27011924 23 -0.50
28011924 23 -0.47
29011924 23 -0.46
30011924 23 -0.46
31011924 23 -0.47
01021924 23 -0.49
02021924 23 -0.51
03021924 23 -0.52
04021924 23 -0.53
05021924 23 -0.53
06021924 23 -0.52
07021924 23 -0.50
08021924 23 -0.48
09021924 23 -0.46
10021924 23 -0.43
11021924 23 -0.40
12021924 23 -0.39
13021924 23 -0.39
14021924 23 -0.40
15021924 23 -0.42
16021924 23 -0.45
17021924 23 -0.48
18021924 23 -0.52
19021924 23 -0.54
20021924 23 -0.56
21021924 23 -0.57
22021924 23 -0.57
23021924 23 -0.56
24021924 23 -0.54
25021924 23 -0.51
26021924 23 -0.48
27021924 23 -0.46
28021924 23 -0.45
29021924 23 -0.46
01031924 23 -0.46
02031924 23 -0.48
03031924 23 -0.49
04031924 23 -0.50
05031924 23 -0.50
06031924 23 -0.50
07031924 23 -0.50
08031924 23 -0.48
09031924 23 -0.46
10031924 23 -0.44
11031924 23 -0.42
12031924 23 -0.41
13031924 23 -0.40
14031924 23 -0.41
15031924 23 -0.43
16031924 23 -0.45
17031924 23 -0.48
18031924 23 -0.51
19031924 23 -0.54
20031924 23 -0.56
21031924 23 -0.57
22031924 23 -0.58
23031924 23 -0.57
24031924 23 -0.55
25031924 23 -0.52
26031924 23 -0.49
27031924 23 -0.47
28031924 23 -0.45
29031924 23 -0.44
30031924 23 -0.44
31031924 23 -0.45
01041924 23 -0.46
02041924 23 -0.47
03041924 23 -0.48
04041924 23 -0.49
05041924 23 -0.49
06041924 23 -0.49
07041924 23 -0.48
08041924 23 -0.46
09041924 23 -0.44
10041924 23 -0.43
11041924 23 -0.42
12041924 23 -0.42
13041924 23 -0.44
14041924 23 -0.46
15041924 23 -0.48
16041924 23 -0.51
17041924 23 -0.54
18041924 23 -0.56
19041924 23 -0.57
20041924 23 -0.58
21041924 23 -0.57
22041924 23 -0.56
23041924 23 -0.53
24041924 23 -0.50
25041924 23 -0.47
26041924 23 -0.44
27041924 23 -0.42
28041924 23 -0.42
29041924 23 -0.42
30041924 23 -0.43
01051924 23 -0.45
02051924 23 -0.47
03051924 23 -0.48
04051924 23 -0.49
05051924 23 -0.50
06051924 23 -0.49
07051924 23 -0.48
08051924 23 -0.47
09051924 23 -0.46
10051924 23 -0.45
11051924 23 -0.44
12051924 23 -0.45
13051924 23 -0.46
14051924 23 -0.48
15051924 23 -0.50
16051924 23 -0.53
17051924 23 -0.55
18051924 23 -0.57
19051924 23 -0.57
20051924 23 -0.57
21051924 23 -0.56
22051924 23 -0.54
23051924 23 -0.50
24051924 23 -0.47
25051924 23 -0.43
26051924 23 -0.41
27051924 23 -0.40
28051924 23 -0.40
29051924 23 -0.41
30051924 23 -0.43
31051924 23 -0.45
01061924 23 -0.47
02061924 23 -0.49
03061924 23 -0.50
04061924 23 -0.51
05061924 23 -0.51
06061924 23 -0.50
07061924 23 -0.49
08061924 23 -0.48
09061924 23 -0.47
10061924 23 -0.46
11061924 23 -0.47
12061924 23 -0.48
13061924 23 -0.49
14061924 23 -0.51
15061924 23 -0.53
16061924 23 -0.55
17061924 23 -0.56
18061924 23 -0.57
19061924 23 -0.56
20061924 23 -0.54
21061924 23 -0.51
22061924 23 -0.47
23061924 23 -0.43
24061924 23 -0.40
25061924 23 -0.39
26061924 23 -0.39
27061924 23 -0.40
28061924 23 -0.42
29061924 23 -0.44
30061924 23 -0.46
01071924 23 -0.49
02071924 23 -0.51
03071924 23 -0.52
04071924 23 -0.53
05071924 23 -0.53
06071924 23 -0.52
07071924 23 -0.50
08071924 23 -0.49
09071924 23 -0.48
10071924 23 -0.47
11071924 23 -0.47
12071924 23 -0.48
13071924 23 -0.49
14071924 23 -0.51
15071924 23 -0.53
16071924 23 -0.55
17071924 23 -0.56
18071924 23 -0.55
19071924 23 -0.53
20071924 23 -0.50
21071924 23 -0.47
22071924 23 -0.43
23071924 23 -0.40
24071924 23 -0.39
25071924 23 -0.39
26071924 23 -0.39
27071924 23 -0.41
28071924 23 -0.43
29071924 23 -0.46
30071924 23 -0.49
31071924 23 -0.52
01081924 23 -0.54
02081924 23 -0.55
03081924 23 -0.55
04081924 23 -0.55
05081924 23 -0.53
06081924 23 -0.51
07081924 23 -0.49
08081924 23 -0.47
09081924 23 -0.46
10081924 23 -0.46
11081924 23 -0.47
12081924 23 -0.49
13081924 23 -0.51
14081924 23 -0.53
15081924 23 -0.54
16081924 23 -0.54
17081924 23 -0.53
18081924 23 -0.50
19081924 23 -0.47
20081924 23 -0.44
21081924 23 -0.41
22081924 23 -0.39
23081924 23 -0.39
24081924 23 -0.39
25081924 23 -0.40
26081924 23 -0.43
27081924 23 -0.46
28081924 23 -0.49
29081924 23 -0.53
30081924 23 -0.55
31081924 23 -0.57
01091924 23 -0.57
02091924 23 -0.57
03091924 23 -0.55
04091924 23 -0.52
05091924 23 -0.50
06091924 23 -0.47
07091924 23 -0.45
08091924 23 -0.44
09091924 23 -0.45
10091924 23 -0.47
11091924 23 -0.49
12091924 23 -0.51
13091924 23 -0.52
14091924 23 -0.53
15091924 23 -0.52
16091924 23 -0.50
17091924 23 -0.47
18091924 23 -0.45
19091924 23 -0.42
20091924 23 -0.41
21091924 23 -0.40
22091924 23 -0.40
23091924 23 -0.41
24091924 23 -0.43
25091924 23 -0.46
26091924 23 -0.50
27091924 23 -0.53
28091924 23 -0.56
29091924 23 -0.58
30091924 23 -0.59
01101924 23 -0.58
02101924 23 -0.56
03101924 23 -0.53
04101924 23 -0.50
05101924 23 -0.47
06101924 23 -0.44
07101924 23 -0.43
08101924 23 -0.43
09101924 23 -0.45
10101924 23 -0.47
11101924 23 -0.49
12101924 23 -0.50
13101924 23 -0.51
14101924 23 -0.51
15101924 23 -0.50
16101924 23 -0.48
17101924 23 -0.46
18101924 23 -0.44
19101924 23 -0.43
20101924 23 -0.41
21101924 23 -0.41
22101924 23 -0.42
23101924 23 -0.43
24101924 23 -0.46
25101924 23 -0.50
26101924 23 -0.53
27101924 23 -0.57
28101924 23 -0.59
29101924 23 -0.59
30101924 23 -0.59
31101924 23 -0.57
01111924 23 -0.54
02111924 23 -0.50
03111924 23 -0.46
04111924 23 -0.43
05111924 23 -0.42
06111924 23 -0.41
07111924 23 -0.42
08111924 23 -0.44
09111924 23 -0.46
10111924 23 -0.48
11111924 23 -0.49
12111924 23 -0.50
13111924 23 -0.50
14111924 23 -0.49
15111924 23 -0.48
16111924 23 -0.46
17111924 23 -0.45
18111924 23 -0.44
19111924 23 -0.43
20111924 23 -0.43
21111924 23 -0.44
22111924 23 -0.46
23111924 23 -0.50
24111924 23 -0.53
25111924 23 -0.57
26111924 23 -0.59
27111924 23 -0.59
28111924 23 -0.59
29111924 23 -0.57
30111924 23 -0.54
01121924 23 -0.50
02121924 23 -0.46
03121924 23 -0.43
04121924 23 -0.41
05121924 23 -0.40
06121924 23 -0.41
07121924 23 -0.42
08121924 23 -0.44
09121924 23 -0.46
10121924 23 -0.48
11121924 23 -0.50
12121924 23 -0.51
13121924 23 -0.51
14121924 23 -0.50
15121924 23 -0.49
16121924 23 -0.47
17121924 23 -0.46
18121924 23 -0.45
19121924 23 -0.44
20121924 23 -0.45
21121924 23 -0.46
22121924 23 -0.49
23121924 23 -0.53
24121924 23 -0.56
25121924 23 -0.58
26121924 23 -0.58
27121924 23 -0.58
28121924 23 -0.56
29121924 23 -0.53
30121924 23 -0.49
31121924 23 -0.46
