01011962 23 -0.43
02011962 23 -0.47
03011962 23 -0.50
04011962 23 -0.54
05011962 23 -0.57
06011962 23 -0.58
07011962 23 -0.59
08011962 23 -0.58
09011962 23 -0.56
10011962 23 -0.53
11011962 23 -0.50
12011962 23 -0.46
13011962 23 -0.44
14011962 23 -0.43
15011962 23 -0.43
16011962 23 -0.44
17011962 23 -0.45
18011962 23 -0.47
19011962 23 -0.48
20011962 23 -0.49
21011962 23 -0.50
22011962 23 -0.50
23011962 23 -0.49
24011962 23 -0.47
25011962 23 -0.46
26011962 23 -0.44
27011962 23 -0.43
28011962 23 -0.42
29011962 23 -0.43
30011962 23 -0.44
31011962 23 -0.47
01021962 23 -0.50
02021962 23 -0.54
03021962 23 -0.56
04021962 23 -0.58
05021962 23 -0.58
06021962 23 -0.58
07021962 23 -0.56
08021962 23 -0.53
09021962 23 -0.50
10021962 23 -0.47
11021962 23 -0.44
12021962 23 -0.42
13021962 23 -0.41
14021962 23 -0.41
15021962 23 -0.43
16021962 23 -0.45
17021962 23 -0.46
18021962 23 -0.48
19021962 23 -0.49
20021962 23 -0.50
21021962 23 -0.50
22021962 23 -0.49
23021962 23 -0.48
24021962 23 -0.47
25021962 23 -0.45
26021962 23 -0.44
27021962 23 -0.44
28021962 23 -0.45
01031962 23 -0.47
02031962 23 -0.50
03031962 23 -0.53
04031962 23 -0.55
05031962 23 -0.57
06031962 23 -0.57
07031962 23 -0.57
08031962 23 -0.56
09031962 23 -0.53
10031962 23 -0.50
11031962 23 -0.47
12031962 23 -0.44
13031962 23 -0.41
14031962 23 -0.40
15031962 23 -0.40
16031962 23 -0.41
17031962 23 -0.43
18031962 23 -0.45
19031962 23 -0.47
20031962 23 -0.49
21031962 23 -0.50
22031962 23 -0.51
23031962 23 -0.51
24031962 23 -0.51
25031962 23 -0.50
26031962 23 -0.48
27031962 23 -0.47
28031962 23 -0.46
29031962 23 -0.46
30031962 23 -0.48
31031962 23 -0.49
01041962 23 -0.52
02041962 23 -0.54
03041962 23 -0.55
04041962 23 -0.56
05041962 23 -0.56
06041962 23 -0.55
07041962 23 -0.53
08041962 23 -0.51
09041962 23 -0.47
10041962 23 -0.44
11041962 23 -0.41
12041962 23 -0.39
13041962 23 -0.39
14041962 23 -0.39
15041962 23 -0.41
16041962 23 -0.44
17041962 23 -0.46
18041962 23 -0.48
19041962 23 -0.51
20041962 23 -0.52
21041962 23 -0.53
22041962 23 -0.53
23041962 23 -0.52
24041962 23 -0.51
25041962 23 -0.49
26041962 23 -0.48
27041962 23 -0.47
28041962 23 -0.48
29041962 23 -0.48
30041962 23 -0.50
01051962 23 -0.51
02051962 23 -0.53
03051962 23 -0.54
04051962 23 -0.54
05051962 23 -0.54
06051962 23 -0.53
07051962 23 -0.51
08051962 23 -0.48
09051962 23 -0.44
10051962 23 -0.41
11051962 23 -0.39
12051962 23 -0.38
13051962 23 -0.39
14051962 23 -0.41
15051962 23 -0.43
16051962 23 -0.46
17051962 23 -0.48
18051962 23 -0.51
19051962 23 -0.53
20051962 23 -0.55
21051962 23 -0.55
22051962 23 -0.55
23051962 23 -0.54
24051962 23 -0.52
25051962 23 -0.50
26051962 23 -0.48
27051962 23 -0.47
28051962 23 -0.47
29051962 23 -0.47
30051962 23 -0.48
31051962 23 -0.50
01061962 23 -0.51
02061962 23 -0.52
03061962 23 -0.53
04061962 23 -0.52
05061962 23 -0.51
06061962 23 -0.48
07061962 23 -0.45
08061962 23 -0.42
09061962 23 -0.40
10061962 23 -0.39
11061962 23 -0.40
12061962 23 -0.41
13061962 23 -0.43
14061962 23 -0.45
15061962 23 -0.48
16061962 23 -0.51
17061962 23 -0.54
18061962 23 -0.56
19061962 23 -0.57
20061962 23 -0.57
21061962 23 -0.56
22061962 23 -0.54
23061962 23 -0.51
24061962 23 -0.49
25061962 23 -0.47
26061962 23 -0.45
27061962 23 -0.45
28061962 23 -0.46
29061962 23 -0.47
30061962 23 -0.49
01071962 23 -0.50
02071962 23 -0.51
03071962 23 -0.51
04071962 23 -0.50
05071962 23 -0.49
06071962 23 -0.46
07071962 23 -0.44
08071962 23 -0.42
09071962 23 -0.41
10071962 23 -0.41
11071962 23 -0.41
12071962 23 -0.43
13071962 23 -0.45
14071962 23 -0.48
15071962 23 -0.51
16071962 23 -0.54
17071962 23 -0.57
18071962 23 -0.58
19071962 23 -0.59
20071962 23 -0.58
21071962 23 -0.55
22071962 23 -0.52
23071962 23 -0.49
24071962 23 -0.46
25071962 23 -0.44
26071962 23 -0.43
27071962 23 -0.43
28071962 23 -0.44
29071962 23 -0.46
30071962 23 -0.48
31071962 23 -0.49
01081962 23 -0.50
02081962 23 -0.50
03081962 23 -0.49
04081962 23 -0.48
05081962 23 -0.46
06081962 23 -0.44
07081962 23 -0.43
08081962 23 -0.42
09081962 23 -0.42
10081962 23 -0.43
11081962 23 -0.45
12081962 23 -0.48
13081962 23 -0.51
14081962 23 -0.54
15081962 23 -0.57
16081962 23 -0.59
17081962 23 -0.59
18081962 23 -0.58
19081962 23 -0.56
20081962 23 -0.53
21081962 23 -0.49
22081962 23 -0.45
23081962 23 -0.42
24081962 23 -0.41
25081962 23 -0.41
26081962 23 -0.42
27081962 23 -0.44
28081962 23 -0.46
29081962 23 -0.48
30081962 23 -0.50
31081962 23 -0.50
01091962 23 -0.50
02091962 23 -0.50
03091962 23 -0.48
04091962 23 -0.47
05091962 23 -0.45
06091962 23 -0.44
07091962 23 -0.44
08091962 23 -0.44
09091962 23 -0.45
10091962 23 -0.47
11091962 23 -0.51
12091962 23 -0.54
13091962 23 -0.57
14091962 23 -0.59
15091962 23 -0.59
16091962 23 -0.58
17091962 23 -0.56
18091962 23 -0.52
19091962 23 -0.48
20091962 23 -0.44
21091962 23 -0.41
22091962 23 -0.40
23091962 23 -0.39
24091962 23 -0.40
25091962 23 -0.42
26091962 23 -0.44
27091962 23 -0.47
28091962 23 -0.49
29091962 23 -0.51
30091962 23 -0.51
01101962 23 -0.51
02101962 23 -0.51
03101962 23 -0.49
04101962 23 -0.48
05101962 23 -0.47
06101962 23 -0.46
07101962 23 -0.45
08101962 23 -0.45
09101962 23 -0.47
10101962 23 -0.50
11101962 23 -0.53
12101962 23 -0.56
13101962 23 -0.58
14101962 23 -0.58
15101962 23 -0.57
16101962 23 -0.55
17101962 23 -0.52
18101962 23 -0.48
19101962 23 -0.44
20101962 23 -0.41
21101962 23 -0.39
22101962 23 -0.38
23101962 23 -0.39
24101962 23 -0.41
25101962 23 -0.43
26101962 23 -0.46
27101962 23 -0.49
28101962 23 -0.51
29101962 23 -0.53
30101962 23 -0.53
31101962 23 -0.53
01111962 23 -0.52
02111962 23 -0.51
03111962 23 -0.49
04111962 23 -0.47
05111962 23 -0.46
06111962 23 -0.45
07111962 23 -0.46
08111962 23 -0.49
09111962 23 -0.52
10111962 23 -0.54
11111962 23 -0.56
12111962 23 -0.57
13111962 23 -0.56
14111962 23 -0.54
15111962 23 -0.51
16111962 23 -0.47
17111962 23 -0.44
18111962 23 -0.41
19111962 23 -0.39
20111962 23 -0.38
21111962 23 -0.38
22111962 23 -0.40
23111962 23 -0.42
24111962 23 -0.45
25111962 23 -0.49
26111962 23 -0.52
27111962 23 -0.54
28111962 23 -0.55
29111962 23 -0.55
30111962 23 -0.54
01121962 23 -0.53
02121962 23 -0.51
03121962 23 -0.48
04121962 23 -0.46
05121962 23 -0.45
06121962 23 -0.46
07121962 23 -0.47
08121962 23 -0.50
09121962 23 -0.52
10121962 23 -0.54
11121962 23 -0.55
12121962 23 -0.54
13121962 23 -0.53
14121962 23 -0.50
15121962 23 -0.48
16121962 23 -0.45
17121962 23 -0.42
18121962 23 -0.40
19121962 23 -0.38
20121962 23 -0.38
21121962 23 -0.39
22121962 23 -0.42
23121962 23 -0.45
24121962 23 -0.49
25121962 23 -0.52
26121962 23 -0.55
27121962 23 -0.56
28121962 23 -0.57
29121962 23 -0.56
30121962 23 -0.55
31121962 23 -0.52
