01011973 23 -0.44
02011973 23 -0.47
03011973 23 -0.50
04011973 23 -0.52
05011973 23 -0.53
06011973 23 -0.54
07011973 23 -0.53
08011973 23 -0.52
09011973 23 -0.50
10011973 23 -0.48
11011973 23 -0.47
12011973 23 -0.46
13011973 23 -0.46
14011973 23 -0.48
15011973 23 -0.50
16011973 23 -0.53
17011973 23 -0.54
18011973 23 -0.55
19011973 23 -0.55
20011973 23 -0.54
21011973 23 -0.52
22011973 23 -0.49
23011973 23 -0.46
24011973 23 -0.43
25011973 23 -0.40
26011973 23 -0.38
27011973 23 -0.38
28011973 23 -0.39
29011973 23 -0.41
30011973 23 -0.44
31011973 23 -0.47
01021973 23 -0.50
02021973 23 -0.53
03021973 23 -0.54
04021973 23 -0.55
05021973 23 -0.55
06021973 23 -0.54
07021973 23 -0.53
08021973 23 -0.50
09021973 23 -0.48
10021973 23 -0.47
11021973 23 -0.46
12021973 23 -0.47
13021973 23 -0.48
14021973 23 -0.50
15021973 23 -0.52
16021973 23 -0.53
17021973 23 -0.53
18021973 23 -0.52
19021973 23 -0.51
20021973 23 -0.49
21021973 23 -0.46
22021973 23 -0.44
23021973 23 -0.41
24021973 23 -0.39
25021973 23 -0.39
26021973 23 -0.39
27021973 23 -0.41
28021973 23 -0.44
01031973 23 -0.47
02031973 23 -0.50
03031973 23 -0.53
04031973 23 -0.55
05031973 23 -0.56
06031973 23 -0.57
07031973 23 -0.56
08031973 23 -0.54
09031973 23 -0.52
10031973 23 -0.49
11031973 23 -0.47
12031973 23 -0.46
13031973 23 -0.46
14031973 23 -0.46
15031973 23 -0.47
16031973 23 -0.49
17031973 23 -0.50
18031973 23 -0.50
19031973 23 -0.50
20031973 23 -0.50
21031973 23 -0.49
22031973 23 -0.47
23031973 23 -0.45
24031973 23 -0.43
25031973 23 -0.41
26031973 23 -0.40
27031973 23 -0.40
28031973 23 -0.42
29031973 23 -0.44
30031973 23 -0.47
31031973 23 -0.50
01041973 23 -0.53
02041973 23 -0.55
03041973 23 -0.57
04041973 23 -0.58
05041973 23 -0.57
06041973 23 -0.56
07041973 23 -0.53
08041973 23 -0.51
09041973 23 -0.48
10041973 23 -0.46
11041973 23 -0.44
12041973 23 -0.44
13041973 23 -0.45
14041973 23 -0.46
15041973 23 -0.47
16041973 23 -0.48
17041973 23 -0.49
18041973 23 -0.49
19041973 23 -0.49
20041973 23 -0.48
21041973 23 -0.47
22041973 23 -0.45
23041973 23 -0.43
24041973 23 -0.42
25041973 23 -0.42
26041973 23 -0.43
27041973 23 -0.45
28041973 23 -0.47
29041973 23 -0.50
30041973 23 -0.53
01051973 23 -0.55
02051973 23 -0.57
03051973 23 -0.58
04051973 23 -0.58
05051973 23 -0.57
06051973 23 -0.54
07051973 23 -0.51
08051973 23 -0.48
09051973 23 -0.45
10051973 23 -0.43
11051973 23 -0.42
12051973 23 -0.42
13051973 23 -0.43
14051973 23 -0.45
15051973 23 -0.46
16051973 23 -0.48
17051973 23 -0.49
18051973 23 -0.50
19051973 23 -0.49
20051973 23 -0.49
21051973 23 -0.47
22051973 23 -0.46
23051973 23 -0.45
24051973 23 -0.44
25051973 23 -0.45
26051973 23 -0.46
27051973 23 -0.47
28051973 23 -0.49
29051973 23 -0.52
30051973 23 -0.54
31051973 23 -0.56
01061973 23 -0.57
02061973 23 -0.58
03061973 23 -0.57
04061973 23 -0.55
05061973 23 -0.52
06061973 23 -0.48
07061973 23 -0.45
08061973 23 -0.42
09061973 23 -0.40
10061973 23 -0.40
11061973 23 -0.41
12061973 23 -0.43
13061973 23 -0.45
14061973 23 -0.47
15061973 23 -0.48
16061973 23 -0.50
17061973 23 -0.51
18061973 23 -0.51
19061973 23 -0.50
20061973 23 -0.49
21061973 23 -0.48
22061973 23 -0.47
23061973 23 -0.46
24061973 23 -0.46
25061973 23 -0.47
26061973 23 -0.48
27061973 23 -0.50
28061973 23 -0.53
29061973 23 -0.55
30061973 23 -0.56
01071973 23 -0.57
02071973 23 -0.57
03071973 23 -0.55
04071973 23 -0.52
05071973 23 -0.48
06071973 23 -0.44
07071973 23 -0.41
08071973 23 -0.39
09071973 23 -0.39
10071973 23 -0.40
11071973 23 -0.41
12071973 23 -0.43
13071973 23 -0.46
14071973 23 -0.48
15071973 23 -0.50
16071973 23 -0.52
17071973 23 -0.53
18071973 23 -0.53
19071973 23 -0.52
20071973 23 -0.51
21071973 23 -0.49
22071973 23 -0.48
23071973 23 -0.47
24071973 23 -0.47
25071973 23 -0.47
26071973 23 -0.49
27071973 23 -0.51
28071973 23 -0.53
29071973 23 -0.55
30071973 23 -0.56
31071973 23 -0.56
01081973 23 -0.54
02081973 23 -0.52
03081973 23 -0.48
04081973 23 -0.44
05081973 23 -0.41
06081973 23 -0.39
07081973 23 -0.38
08081973 23 -0.39
09081973 23 -0.40
10081973 23 -0.42
11081973 23 -0.45
12081973 23 -0.48
13081973 23 -0.51
14081973 23 -0.54
15081973 23 -0.55
16081973 23 -0.55
17081973 23 -0.55
18081973 23 -0.53
19081973 23 -0.51
20081973 23 -0.49
21081973 23 -0.47
22081973 23 -0.46
23081973 23 -0.46
24081973 23 -0.47
25081973 23 -0.49
26081973 23 -0.51
27081973 23 -0.53
28081973 23 -0.54
29081973 23 -0.54
30081973 23 -0.53
31081973 23 -0.51
01091973 23 -0.48
02091973 23 -0.45
03091973 23 -0.42
04091973 23 -0.40
05091973 23 -0.39
06091973 23 -0.39
07091973 23 -0.40
08091973 23 -0.42
09091973 23 -0.45
10091973 23 -0.48
11091973 23 -0.52
12091973 23 -0.55
13091973 23 -0.57
14091973 23 -0.57
15091973 23 -0.57
16091973 23 -0.55
17091973 23 -0.53
18091973 23 -0.50
19091973 23 -0.48
20091973 23 -0.45
21091973 23 -0.44
22091973 23 -0.45
23091973 23 -0.47
24091973 23 -0.49
25091973 23 -0.51
26091973 23 -0.52
27091973 23 -0.53
28091973 23 -0.52
29091973 23 -0.51
30091973 23 -0.48
01101973 23 -0.45
02101973 23 -0.43
03101973 23 -0.41
04101973 23 -0.40
05101973 23 -0.40
06101973 23 -0.40
07101973 23 -0.42
08101973 23 -0.45
09101973 23 -0.48
10101973 23 -0.52
11101973 23 -0.55
12101973 23 -0.58
13101973 23 -0.59
14101973 23 -0.58
15101973 23 -0.57
16101973 23 -0.54
17101973 23 -0.51
18101973 23 -0.48
19101973 23 -0.45
20101973 23 -0.43
21101973 23 -0.43
22101973 23 -0.44
23101973 23 -0.46
24101973 23 -0.48
25101973 23 -0.50
26101973 23 -0.51
27101973 23 -0.51
28101973 23 -0.50
29101973 23 -0.49
30101973 23 -0.47
31101973 23 -0.45
01111973 23 -0.43
02111973 23 -0.42
03111973 23 -0.41
04111973 23 -0.41
05111973 23 -0.42
06111973 23 -0.45
07111973 23 -0.49
08111973 23 -0.52
09111973 23 -0.56
10111973 23 -0.58
11111973 23 -0.59
12111973 23 -0.59
13111973 23 -0.57
14111973 23 -0.55
15111973 23 -0.51
16111973 23 -0.47
17111973 23 -0.44
18111973 23 -0.42
19111973 23 -0.42
20111973 23 -0.42
21111973 23 -0.44
22111973 23 -0.46
23111973 23 -0.48
24111973 23 -0.49
25111973 23 -0.50
26111973 23 -0.50
27111973 23 -0.49
28111973 23 -0.48
29111973 23 -0.47
30111973 23 -0.45
01121973 23 -0.44
02121973 23 -0.43
03121973 23 -0.42
04121973 23 -0.43
05121973 23 -0.45
06121973 23 -0.49
07121973 23 -0.52
08121973 23 -0.56
09121973 23 -0.58
10121973 23 -0.59
11121973 23 -0.59
12121973 23 -0.57
13121973 23 -0.54
14121973 23 -0.51
15121973 23 -0.47
16121973 23 -0.44
17121973 23 -0.41
18121973 23 -0.40
19121973 23 -0.41
20121973 23 -0.42
21121973 23 -0.44
22121973 23 -0.46
23121973 23 -0.48
24121973 23 -0.49
25121973 23 -0.50
26121973 23 -0.50
27121973 23 -0.50
28121973 23 -0.49
29121973 23 -0.47
30121973 23 -0.46
31121973 23 -0.45
