01011905 23 -0.45
02011905 23 -0.47
03011905 23 -0.49
04011905 23 -0.50
05011905 23 -0.51
06011905 23 -0.51
07011905 23 -0.50
08011905 23 -0.49
09011905 23 -0.47
10011905 23 -0.45
11011905 23 -0.43
12011905 23 -0.41
13011905 23 -0.40
14011905 23 -0.40
15011905 23 -0.41
16011905 23 -0.44
17011905 23 -0.47
18011905 23 -0.51
19011905 23 -0.54
20011905 23 -0.57
21011905 23 -0.58
22011905 23 -0.58
23011905 23 -0.57
24011905 23 -0.55
25011905 23 -0.52
26011905 23 -0.49
27011905 23 -0.46
28011905 23 -0.44
29011905 23 -0.43
30011905 23 -0.44
31011905 23 -0.45
01021905 23 -0.46
02021905 23 -0.48
03021905 23 -0.49
04021905 23 -0.50
05021905 23 -0.50
06021905 23 -0.49
07021905 23 -0.48
08021905 23 -0.46
09021905 23 -0.45
10021905 23 -0.43
11021905 23 -0.42
12021905 23 -0.42
13021905 23 -0.43
14021905 23 -0.45
15021905 23 -0.48
16021905 23 -0.51
17021905 23 -0.54
18021905 23 -0.56
19021905 23 -0.58
20021905 23 -0.58
21021905 23 -0.57
22021905 23 -0.56
23021905 23 -0.53
24021905 23 -0.50
25021905 23 -0.47
26021905 23 -0.44
27021905 23 -0.42
28021905 23 -0.42
01031905 23 -0.42
02031905 23 -0.44
03031905 23 -0.45
04031905 23 -0.47
05031905 23 -0.48
06031905 23 -0.49
07031905 23 -0.49
08031905 23 -0.49
09031905 23 -0.48
10031905 23 -0.47
11031905 23 -0.46
12031905 23 -0.44
13031905 23 -0.44
14031905 23 -0.44
15031905 23 -0.46
16031905 23 -0.48
17031905 23 -0.51
18031905 23 -0.53
19031905 23 -0.56
20031905 23 -0.57
21031905 23 -0.58
22031905 23 -0.57
23031905 23 -0.56
24031905 23 -0.53
25031905 23 -0.50
26031905 23 -0.47
27031905 23 -0.44
28031905 23 -0.41
29031905 23 -0.40
30031905 23 -0.40
31031905 23 -0.41
01041905 23 -0.43
02041905 23 -0.45
03041905 23 -0.47
04041905 23 -0.49
05041905 23 -0.50
06041905 23 -0.51
07041905 23 -0.51
08041905 23 -0.50
09041905 23 -0.49
10041905 23 -0.47
11041905 23 -0.46
12041905 23 -0.46
13041905 23 -0.46
14041905 23 -0.48
15041905 23 -0.50
16041905 23 -0.52
17041905 23 -0.54
18041905 23 -0.55
19041905 23 -0.56
20041905 23 -0.56
21041905 23 -0.55
22041905 23 -0.53
23041905 23 -0.51
24041905 23 -0.47
25041905 23 -0.44
26041905 23 -0.41
27041905 23 -0.39
28041905 23 -0.39
29041905 23 -0.40
30041905 23 -0.42
01051905 23 -0.44
02051905 23 -0.46
03051905 23 -0.49
04051905 23 -0.51
05051905 23 -0.52
06051905 23 -0.53
07051905 23 -0.52
08051905 23 -0.52
09051905 23 -0.50
10051905 23 -0.49
11051905 23 -0.48
12051905 23 -0.47
13051905 23 -0.48
14051905 23 -0.49
15051905 23 -0.50
16051905 23 -0.52
17051905 23 -0.53
18051905 23 -0.54
19051905 23 -0.55
20051905 23 -0.54
21051905 23 -0.53
22051905 23 -0.51
23051905 23 -0.47
24051905 23 -0.44
25051905 23 -0.41
26051905 23 -0.39
27051905 23 -0.39
28051905 23 -0.39
29051905 23 -0.41
30051905 23 -0.43
31051905 23 -0.46
01061905 23 -0.48
02061905 23 -0.51
03061905 23 -0.53
04061905 23 -0.54
05061905 23 -0.55
06061905 23 -0.54
07061905 23 -0.53
08061905 23 -0.51
09061905 23 -0.50
10061905 23 -0.48
11061905 23 -0.47
12061905 23 -0.47
13061905 23 -0.48
14061905 23 -0.49
15061905 23 -0.51
16061905 23 -0.52
17061905 23 -0.53
18061905 23 -0.53
19061905 23 -0.53
20061905 23 -0.51
21061905 23 -0.48
22061905 23 -0.44
23061905 23 -0.42
24061905 23 -0.40
25061905 23 -0.39
26061905 23 -0.40
27061905 23 -0.41
28061905 23 -0.43
29061905 23 -0.45
30061905 23 -0.48
01071905 23 -0.51
02071905 23 -0.54
03071905 23 -0.56
04071905 23 -0.57
05071905 23 -0.57
06071905 23 -0.55
07071905 23 -0.53
08071905 23 -0.51
09071905 23 -0.48
10071905 23 -0.46
11071905 23 -0.45
12071905 23 -0.45
13071905 23 -0.46
14071905 23 -0.48
15071905 23 -0.50
16071905 23 -0.51
17071905 23 -0.52
18071905 23 -0.52
19071905 23 -0.50
20071905 23 -0.48
21071905 23 -0.46
22071905 23 -0.43
23071905 23 -0.41
24071905 23 -0.40
25071905 23 -0.40
26071905 23 -0.41
27071905 23 -0.43
28071905 23 -0.45
29071905 23 -0.48
30071905 23 -0.52
31071905 23 -0.55
01081905 23 -0.57
02081905 23 -0.58
03081905 23 -0.58
04081905 23 -0.57
05081905 23 -0.55
06081905 23 -0.52
07081905 23 -0.48
08081905 23 -0.45
09081905 23 -0.44
10081905 23 -0.43
11081905 23 -0.44
12081905 23 -0.45
13081905 23 -0.47
14081905 23 -0.49
15081905 23 -0.50
16081905 23 -0.51
17081905 23 -0.50
18081905 23 -0.49
19081905 23 -0.47
20081905 23 -0.45
21081905 23 -0.43
22081905 23 -0.42
23081905 23 -0.42
24081905 23 -0.42
25081905 23 -0.43
26081905 23 -0.45
27081905 23 -0.48
28081905 23 -0.52
29081905 23 -0.55
30081905 23 -0.58
31081905 23 -0.59
01091905 23 -0.59
02091905 23 -0.58
03091905 23 -0.55
04091905 23 -0.52
05091905 23 -0.48
06091905 23 -0.45
07091905 23 -0.42
08091905 23 -0.41
09091905 23 -0.42
10091905 23 -0.43
11091905 23 -0.45
12091905 23 -0.47
13091905 23 -0.49
14091905 23 -0.50
15091905 23 -0.50
16091905 23 -0.50
17091905 23 -0.49
18091905 23 -0.47
19091905 23 -0.46
20091905 23 -0.44
21091905 23 -0.43
22091905 23 -0.43
23091905 23 -0.44
24091905 23 -0.45
25091905 23 -0.48
26091905 23 -0.51
27091905 23 -0.55
28091905 23 -0.58
29091905 23 -0.59
30091905 23 -0.59
01101905 23 -0.58
02101905 23 -0.55
03101905 23 -0.52
04101905 23 -0.48
05101905 23 -0.44
06101905 23 -0.41
07101905 23 -0.40
08101905 23 -0.40
09101905 23 -0.41
10101905 23 -0.43
11101905 23 -0.45
12101905 23 -0.48
13101905 23 -0.49
14101905 23 -0.51
15101905 23 -0.51
16101905 23 -0.51
17101905 23 -0.50
18101905 23 -0.48
19101905 23 -0.47
20101905 23 -0.46
21101905 23 -0.45
22101905 23 -0.45
23101905 23 -0.45
24101905 23 -0.48
25101905 23 -0.51
26101905 23 -0.54
27101905 23 -0.57
28101905 23 -0.58
29101905 23 -0.58
30101905 23 -0.57
31101905 23 -0.55
01111905 23 -0.51
02111905 23 -0.47
03111905 23 -0.43
04111905 23 -0.41
05111905 23 -0.39
06111905 23 -0.39
07111905 23 -0.40
08111905 23 -0.41
09111905 23 -0.44
10111905 23 -0.47
11111905 23 -0.49
12111905 23 -0.51
13111905 23 -0.52
14111905 23 -0.53
15111905 23 -0.52
16111905 23 -0.51
17111905 23 -0.49
18111905 23 -0.48
19111905 23 -0.46
20111905 23 -0.45
21111905 23 -0.45
22111905 23 -0.47
23111905 23 -0.50
24111905 23 -0.53
25111905 23 -0.56
26111905 23 -0.57
27111905 23 -0.57
28111905 23 -0.56
29111905 23 -0.54
30111905 23 -0.50
01121905 23 -0.47
02121905 23 -0.43
03121905 23 -0.41
04121905 23 -0.39
05121905 23 -0.38
06121905 23 -0.39
07121905 23 -0.40
08121905 23 -0.43
09121905 23 -0.46
10121905 23 -0.49
11121905 23 -0.52
12121905 23 -0.54
13121905 23 -0.54
14121905 23 -0.54
15121905 23 -0.53
16121905 23 -0.52
17121905 23 -0.50
18121905 23 -0.47
19121905 23 -0.46
20121905 23 -0.46
21121905 23 -0.47
22121905 23 -0.49
23121905 23 -0.51
24121905 23 -0.54
25121905 23 -0.55
26121905 23 -0.55
27121905 23 -0.54
28121905 23 -0.52
29121905 23 -0.50
30121905 23 -0.47
31121905 23 -0.44
