01012017 23 -0.53
02012017 23 -0.52
03012017 23 -0.50
04012017 23 -0.48
05012017 23 -0.46
06012017 23 -0.46
07012017 23 -0.47
08012017 23 -0.48
09012017 23 -0.51
10012017 23 -0.53
11012017 23 -0.55
12012017 23 -0.55
13012017 23 -0.54
14012017 23 -0.53
15012017 23 -0.51
16012017 23 -0.48
17012017 23 -0.45
18012017 23 -0.42
19012017 23 -0.39
20012017 23 -0.38
21012017 23 -0.38
22012017 23 -0.40
23012017 23 -0.42
24012017 23 -0.45
25012017 23 -0.49
26012017 23 -0.52
27012017 23 -0.54
28012017 23 -0.55
29012017 23 -0.56
30012017 23 -0.55
31012017 23 -0.54
01022017 23 -0.52
02022017 23 -0.49
03022017 23 -0.47
04022017 23 -0.46
05022017 23 -0.46
06022017 23 -0.47
07022017 23 -0.49
08022017 23 -0.51
09022017 23 -0.52
10022017 23 -0.52
11022017 23 -0.52
12022017 23 -0.51
13022017 23 -0.50
14022017 23 -0.48
15022017 23 -0.45
16022017 23 -0.43
17022017 23 -0.40
18022017 23 -0.39
19022017 23 -0.39
20022017 23 -0.40
21022017 23 -0.42
22022017 23 -0.45
23022017 23 -0.49
24022017 23 -0.52
25022017 23 -0.54
26022017 23 -0.56
27022017 23 -0.57
28022017 23 -0.57
01032017 23 -0.56
02032017 23 -0.54
03032017 23 -0.51
04032017 23 -0.48
05032017 23 -0.46
06032017 23 -0.45
07032017 23 -0.46
08032017 23 -0.46
09032017 23 -0.48
10032017 23 -0.49
11032017 23 -0.50
12032017 23 -0.50
13032017 23 -0.50
14032017 23 -0.50
15032017 23 -0.48
16032017 23 -0.46
17032017 23 -0.44
18032017 23 -0.42
19032017 23 -0.41
20032017 23 -0.40
21032017 23 -0.41
22032017 23 -0.43
23032017 23 -0.45
24032017 23 -0.49
25032017 23 -0.52
26032017 23 -0.54
27032017 23 -0.56
28032017 23 -0.58
29032017 23 -0.58
30032017 23 -0.57
31032017 23 -0.55
01042017 23 -0.52
02042017 23 -0.49
03042017 23 -0.47
04042017 23 -0.45
05042017 23 -0.44
06042017 23 -0.44
07042017 23 -0.45
08042017 23 -0.46
09042017 23 -0.47
10042017 23 -0.48
11042017 23 -0.49
12042017 23 -0.49
13042017 23 -0.49
14042017 23 -0.48
15042017 23 -0.46
16042017 23 -0.44
17042017 23 -0.43
18042017 23 -0.42
19042017 23 -0.43
20042017 23 -0.44
21042017 23 -0.46
22042017 23 -0.48
23042017 23 -0.51
24042017 23 -0.54
25042017 23 -0.56
26042017 23 -0.57
27042017 23 -0.58
28042017 23 -0.57
29042017 23 -0.56
30042017 23 -0.53
01052017 23 -0.50
02052017 23 -0.47
03052017 23 -0.44
04052017 23 -0.42
05052017 23 -0.41
06052017 23 -0.42
07052017 23 -0.43
08052017 23 -0.45
09052017 23 -0.47
10052017 23 -0.48
11052017 23 -0.49
12052017 23 -0.50
13052017 23 -0.49
14052017 23 -0.48
15052017 23 -0.47
16052017 23 -0.46
17052017 23 -0.45
18052017 23 -0.45
19052017 23 -0.45
20052017 23 -0.46
21052017 23 -0.48
22052017 23 -0.51
23052017 23 -0.53
24052017 23 -0.55
25052017 23 -0.57
26052017 23 -0.57
27052017 23 -0.57
28052017 23 -0.56
29052017 23 -0.54
30052017 23 -0.50
31052017 23 -0.46
01062017 23 -0.43
02062017 23 -0.41
03062017 23 -0.40
04062017 23 -0.40
05062017 23 -0.41
06062017 23 -0.43
07062017 23 -0.45
08062017 23 -0.47
09062017 23 -0.49
10062017 23 -0.50
11062017 23 -0.51
12062017 23 -0.51
13062017 23 -0.50
14062017 23 -0.49
15062017 23 -0.48
16062017 23 -0.47
17062017 23 -0.47
18062017 23 -0.47
19062017 23 -0.48
20062017 23 -0.49
21062017 23 -0.51
22062017 23 -0.53
23062017 23 -0.55
24062017 23 -0.56
25062017 23 -0.57
26062017 23 -0.56
27062017 23 -0.54
28062017 23 -0.50
29062017 23 -0.46
30062017 23 -0.43
01072017 23 -0.40
02072017 23 -0.39
03072017 23 -0.39
04072017 23 -0.40
05072017 23 -0.42
06072017 23 -0.44
07072017 23 -0.47
08072017 23 -0.49
09072017 23 -0.51
10072017 23 -0.53
11072017 23 -0.53
12072017 23 -0.53
13072017 23 -0.52
14072017 23 -0.51
15072017 23 -0.49
16072017 23 -0.48
17072017 23 -0.47
18072017 23 -0.47
19072017 23 -0.48
20072017 23 -0.49
21072017 23 -0.51
22072017 23 -0.54
23072017 23 -0.55
24072017 23 -0.56
25072017 23 -0.55
26072017 23 -0.53
27072017 23 -0.50
28072017 23 -0.46
29072017 23 -0.43
30072017 23 -0.40
31072017 23 -0.39
01082017 23 -0.39
02082017 23 -0.39
03082017 23 -0.41
04082017 23 -0.43
05082017 23 -0.46
06082017 23 -0.49
07082017 23 -0.52
08082017 23 -0.55
09082017 23 -0.56
10082017 23 -0.56
11082017 23 -0.55
12082017 23 -0.53
13082017 23 -0.51
14082017 23 -0.49
15082017 23 -0.47
16082017 23 -0.46
17082017 23 -0.46
18082017 23 -0.47
19082017 23 -0.49
20082017 23 -0.51
21082017 23 -0.53
22082017 23 -0.54
23082017 23 -0.54
24082017 23 -0.52
25082017 23 -0.50
26082017 23 -0.47
27082017 23 -0.44
28082017 23 -0.41
29082017 23 -0.39
30082017 23 -0.39
31082017 23 -0.39
01092017 23 -0.41
02092017 23 -0.43
03092017 23 -0.46
04092017 23 -0.50
05092017 23 -0.53
06092017 23 -0.56
07092017 23 -0.57
08092017 23 -0.58
09092017 23 -0.57
10092017 23 -0.55
11092017 23 -0.52
12092017 23 -0.49
13092017 23 -0.47
14092017 23 -0.45
15092017 23 -0.44
16092017 23 -0.45
17092017 23 -0.47
18092017 23 -0.49
19092017 23 -0.51
20092017 23 -0.52
21092017 23 -0.52
22092017 23 -0.51
23092017 23 -0.50
24092017 23 -0.47
25092017 23 -0.45
26092017 23 -0.42
27092017 23 -0.41
28092017 23 -0.40
29092017 23 -0.40
30092017 23 -0.41
01102017 23 -0.43
02102017 23 -0.46
03102017 23 -0.50
04102017 23 -0.54
05102017 23 -0.57
06102017 23 -0.58
07102017 23 -0.59
08102017 23 -0.58
09102017 23 -0.56
10102017 23 -0.53
11102017 23 -0.50
12102017 23 -0.46
13102017 23 -0.44
14102017 23 -0.43
15102017 23 -0.43
16102017 23 -0.45
17102017 23 -0.47
18102017 23 -0.49
19102017 23 -0.50
20102017 23 -0.51
21102017 23 -0.51
22102017 23 -0.50
23102017 23 -0.48
24102017 23 -0.46
25102017 23 -0.44
26102017 23 -0.43
27102017 23 -0.42
28102017 23 -0.41
29102017 23 -0.42
30102017 23 -0.44
31102017 23 -0.46
01112017 23 -0.50
02112017 23 -0.54
03112017 23 -0.57
04112017 23 -0.59
05112017 23 -0.59
06112017 23 -0.59
07112017 23 -0.56
08112017 23 -0.53
09112017 23 -0.49
10112017 23 -0.46
11112017 23 -0.43
12112017 23 -0.41
13112017 23 -0.41
14112017 23 -0.43
15112017 23 -0.44
16112017 23 -0.46
17112017 23 -0.48
18112017 23 -0.49
19112017 23 -0.50
20112017 23 -0.50
21112017 23 -0.49
22112017 23 -0.48
23112017 23 -0.46
24112017 23 -0.45
25112017 23 -0.44
26112017 23 -0.43
27112017 23 -0.43
28112017 23 -0.44
29112017 23 -0.47
30112017 23 -0.50
01122017 23 -0.54
02122017 23 -0.57
03122017 23 -0.59
04122017 23 -0.59
05122017 23 -0.58
06122017 23 -0.56
07122017 23 -0.53
08122017 23 -0.49
09122017 23 -0.45
10122017 23 -0.42
11122017 23 -0.41
12122017 23 -0.40
13122017 23 -0.41
14122017 23 -0.42
15122017 23 -0.44
16122017 23 -0.47
17122017 23 -0.49
18122017 23 -0.50
19122017 23 -0.51
20122017 23 -0.51
21122017 23 -0.50
22122017 23 -0.49
23122017 23 -0.47
24122017 23 -0.46
25122017 23 -0.45
26122017 23 -0.44
27122017 23 -0.45
28122017 23 -0.47
29122017 23 -0.50
30122017 23 -0.53
31122017 23 -0.56
