01011977 23 -0.43
02011977 23 -0.46
03011977 23 -0.49
04011977 23 -0.52
05011977 23 -0.54
06011977 23 -0.55
07011977 23 -0.55
08011977 23 -0.54
09011977 23 -0.53
10011977 23 -0.51
11011977 23 -0.48
12011977 23 -0.47
13011977 23 -0.46
14011977 23 -0.46
15011977 23 -0.48
16011977 23 -0.50
17011977 23 -0.52
18011977 23 -0.53
19011977 23 -0.54
20011977 23 -0.53
21011977 23 -0.52
22011977 23 -0.50
23011977 23 -0.47
24011977 23 -0.44
25011977 23 -0.42
26011977 23 -0.40
27011977 23 -0.38
28011977 23 -0.38
29011977 23 -0.40
30011977 23 -0.43
31011977 23 -0.46
01021977 23 -0.49
02021977 23 -0.52
03021977 23 -0.54
04021977 23 -0.56
05021977 23 -0.56
06021977 23 -0.56
07021977 23 -0.55
08021977 23 -0.52
09021977 23 -0.50
10021977 23 -0.47
11021977 23 -0.46
12021977 23 -0.46
13021977 23 -0.46
14021977 23 -0.48
15021977 23 -0.49
16021977 23 -0.51
17021977 23 -0.51
18021977 23 -0.51
19021977 23 -0.51
20021977 23 -0.50
21021977 23 -0.48
22021977 23 -0.45
23021977 23 -0.43
24021977 23 -0.41
25021977 23 -0.40
26021977 23 -0.40
27021977 23 -0.41
28021977 23 -0.43
01031977 23 -0.46
02031977 23 -0.49
03031977 23 -0.52
04031977 23 -0.55
05031977 23 -0.57
06031977 23 -0.57
07031977 23 -0.57
08031977 23 -0.56
09031977 23 -0.54
10031977 23 -0.51
11031977 23 -0.48
12031977 23 -0.46
13031977 23 -0.45
14031977 23 -0.45
15031977 23 -0.45
16031977 23 -0.46
17031977 23 -0.48
18031977 23 -0.49
19031977 23 -0.49
20031977 23 -0.50
21031977 23 -0.49
22031977 23 -0.48
23031977 23 -0.47
24031977 23 -0.45
25031977 23 -0.43
26031977 23 -0.42
27031977 23 -0.41
28031977 23 -0.42
29031977 23 -0.44
30031977 23 -0.46
31031977 23 -0.49
01041977 23 -0.52
02041977 23 -0.55
03041977 23 -0.57
04041977 23 -0.58
05041977 23 -0.58
06041977 23 -0.57
07041977 23 -0.55
08041977 23 -0.52
09041977 23 -0.49
10041977 23 -0.46
11041977 23 -0.44
12041977 23 -0.43
13041977 23 -0.43
14041977 23 -0.44
15041977 23 -0.45
16041977 23 -0.46
17041977 23 -0.48
18041977 23 -0.49
19041977 23 -0.49
20041977 23 -0.49
21041977 23 -0.48
22041977 23 -0.47
23041977 23 -0.46
24041977 23 -0.44
25041977 23 -0.43
26041977 23 -0.44
27041977 23 -0.45
28041977 23 -0.46
29041977 23 -0.49
30041977 23 -0.52
01051977 23 -0.54
02051977 23 -0.56
03051977 23 -0.57
04051977 23 -0.58
05051977 23 -0.57
06051977 23 -0.55
07051977 23 -0.53
08051977 23 -0.49
09051977 23 -0.46
10051977 23 -0.43
11051977 23 -0.41
12051977 23 -0.41
13051977 23 -0.41
14051977 23 -0.43
15051977 23 -0.44
16051977 23 -0.46
17051977 23 -0.48
18051977 23 -0.49
19051977 23 -0.50
20051977 23 -0.50
21051977 23 -0.49
22051977 23 -0.48
23051977 23 -0.47
24051977 23 -0.46
25051977 23 -0.46
26051977 23 -0.46
27051977 23 -0.47
28051977 23 -0.48
29051977 23 -0.50
30051977 23 -0.53
31051977 23 -0.55
01061977 23 -0.56
02061977 23 -0.57
03061977 23 -0.57
04061977 23 -0.56
05061977 23 -0.53
06061977 23 -0.50
07061977 23 -0.46
08061977 23 -0.42
09061977 23 -0.40
10061977 23 -0.39
11061977 23 -0.40
12061977 23 -0.41
13061977 23 -0.43
14061977 23 -0.45
15061977 23 -0.47
16061977 23 -0.49
17061977 23 -0.51
18061977 23 -0.52
19061977 23 -0.52
20061977 23 -0.51
21061977 23 -0.50
22061977 23 -0.49
23061977 23 -0.48
24061977 23 -0.47
25061977 23 -0.47
26061977 23 -0.48
27061977 23 -0.49
28061977 23 -0.51
29061977 23 -0.53
30061977 23 -0.55
01071977 23 -0.56
02071977 23 -0.56
03071977 23 -0.55
04071977 23 -0.53
05071977 23 -0.50
06071977 23 -0.46
07071977 23 -0.42
08071977 23 -0.40
09071977 23 -0.39
10071977 23 -0.39
11071977 23 -0.40
12071977 23 -0.42
13071977 23 -0.44
14071977 23 -0.47
15071977 23 -0.50
16071977 23 -0.52
17071977 23 -0.54
18071977 23 -0.55
19071977 23 -0.54
20071977 23 -0.53
21071977 23 -0.52
22071977 23 -0.50
23071977 23 -0.48
24071977 23 -0.47
25071977 23 -0.46
26071977 23 -0.47
27071977 23 -0.48
28071977 23 -0.51
29071977 23 -0.53
30071977 23 -0.54
31071977 23 -0.55
01081977 23 -0.54
02081977 23 -0.52
03081977 23 -0.49
04081977 23 -0.46
05081977 23 -0.43
06081977 23 -0.40
07081977 23 -0.39
08081977 23 -0.39
09081977 23 -0.39
10081977 23 -0.41
11081977 23 -0.43
12081977 23 -0.47
13081977 23 -0.50
14081977 23 -0.53
15081977 23 -0.55
16081977 23 -0.57
17081977 23 -0.57
18081977 23 -0.56
19081977 23 -0.54
20081977 23 -0.51
21081977 23 -0.49
22081977 23 -0.47
23081977 23 -0.45
24081977 23 -0.45
25081977 23 -0.46
26081977 23 -0.48
27081977 23 -0.50
28081977 23 -0.52
29081977 23 -0.53
30081977 23 -0.53
31081977 23 -0.52
01091977 23 -0.49
02091977 23 -0.46
03091977 23 -0.44
04091977 23 -0.41
05091977 23 -0.40
06091977 23 -0.39
07091977 23 -0.40
08091977 23 -0.41
09091977 23 -0.43
10091977 23 -0.47
11091977 23 -0.50
12091977 23 -0.54
13091977 23 -0.56
14091977 23 -0.58
15091977 23 -0.58
16091977 23 -0.57
17091977 23 -0.55
18091977 23 -0.52
19091977 23 -0.49
20091977 23 -0.46
21091977 23 -0.44
22091977 23 -0.43
23091977 23 -0.44
24091977 23 -0.46
25091977 23 -0.48
26091977 23 -0.50
27091977 23 -0.51
28091977 23 -0.52
29091977 23 -0.51
30091977 23 -0.49
01101977 23 -0.47
02101977 23 -0.45
03101977 23 -0.43
04101977 23 -0.41
05101977 23 -0.41
06101977 23 -0.41
07101977 23 -0.42
08101977 23 -0.44
09101977 23 -0.47
10101977 23 -0.51
11101977 23 -0.54
12101977 23 -0.57
13101977 23 -0.59
14101977 23 -0.59
15101977 23 -0.58
16101977 23 -0.56
17101977 23 -0.53
18101977 23 -0.49
19101977 23 -0.46
20101977 23 -0.43
21101977 23 -0.42
22101977 23 -0.42
23101977 23 -0.44
24101977 23 -0.46
25101977 23 -0.48
26101977 23 -0.49
27101977 23 -0.50
28101977 23 -0.50
29101977 23 -0.50
30101977 23 -0.48
31101977 23 -0.47
01111977 23 -0.45
02111977 23 -0.44
03111977 23 -0.43
04111977 23 -0.42
05111977 23 -0.43
06111977 23 -0.44
07111977 23 -0.47
08111977 23 -0.51
09111977 23 -0.54
10111977 23 -0.57
11111977 23 -0.59
12111977 23 -0.59
13111977 23 -0.58
14111977 23 -0.56
15111977 23 -0.53
16111977 23 -0.49
17111977 23 -0.45
18111977 23 -0.42
19111977 23 -0.41
20111977 23 -0.41
21111977 23 -0.42
22111977 23 -0.43
23111977 23 -0.46
24111977 23 -0.48
25111977 23 -0.49
26111977 23 -0.50
27111977 23 -0.50
28111977 23 -0.50
29111977 23 -0.49
30111977 23 -0.48
01121977 23 -0.46
02121977 23 -0.45
03121977 23 -0.44
04121977 23 -0.44
05121977 23 -0.45
06121977 23 -0.47
07121977 23 -0.50
08121977 23 -0.54
09121977 23 -0.57
10121977 23 -0.58
11121977 23 -0.59
12121977 23 -0.58
13121977 23 -0.56
14121977 23 -0.52
15121977 23 -0.49
16121977 23 -0.45
17121977 23 -0.42
18121977 23 -0.40
19121977 23 -0.39
20121977 23 -0.40
21121977 23 -0.41
22121977 23 -0.44
23121977 23 -0.46
24121977 23 -0.49
25121977 23 -0.50
26121977 23 -0.51
27121977 23 -0.51
28121977 23 -0.51
29121977 23 -0.50
30121977 23 -0.48
31121977 23 -0.47
