01011998 23 -0.56
02011998 23 -0.54
03011998 23 -0.51
04011998 23 -0.48
05011998 23 -0.46
06011998 23 -0.44
07011998 23 -0.44
08011998 23 -0.45
09011998 23 -0.47
10011998 23 -0.49
11011998 23 -0.50
12011998 23 -0.51
13011998 23 -0.51
14011998 23 -0.50
15011998 23 -0.49
16011998 23 -0.47
17011998 23 -0.45
18011998 23 -0.43
19011998 23 -0.41
20011998 23 -0.40
21011998 23 -0.40
22011998 23 -0.42
23011998 23 -0.44
24011998 23 -0.48
25011998 23 -0.52
26011998 23 -0.55
27011998 23 -0.57
28011998 23 -0.58
29011998 23 -0.58
30011998 23 -0.57
31011998 23 -0.55
01021998 23 -0.52
02021998 23 -0.49
03021998 23 -0.46
04021998 23 -0.44
05021998 23 -0.43
06021998 23 -0.43
07021998 23 -0.45
08021998 23 -0.46
09021998 23 -0.48
10021998 23 -0.49
11021998 23 -0.49
12021998 23 -0.50
13021998 23 -0.49
14021998 23 -0.48
15021998 23 -0.46
16021998 23 -0.45
17021998 23 -0.43
18021998 23 -0.42
19021998 23 -0.42
20021998 23 -0.43
21021998 23 -0.45
22021998 23 -0.48
23021998 23 -0.51
24021998 23 -0.54
25021998 23 -0.57
26021998 23 -0.58
27021998 23 -0.58
28021998 23 -0.57
01031998 23 -0.56
02031998 23 -0.53
03031998 23 -0.50
04031998 23 -0.46
05031998 23 -0.44
06031998 23 -0.42
07031998 23 -0.42
08031998 23 -0.42
09031998 23 -0.44
10031998 23 -0.45
11031998 23 -0.47
12031998 23 -0.48
13031998 23 -0.49
14031998 23 -0.49
15031998 23 -0.49
16031998 23 -0.48
17031998 23 -0.47
18031998 23 -0.46
19031998 23 -0.45
20031998 23 -0.44
21031998 23 -0.45
22031998 23 -0.46
23031998 23 -0.48
24031998 23 -0.51
25031998 23 -0.53
26031998 23 -0.56
27031998 23 -0.57
28031998 23 -0.57
29031998 23 -0.57
30031998 23 -0.56
31031998 23 -0.53
01041998 23 -0.50
02041998 23 -0.47
03041998 23 -0.43
04041998 23 -0.41
05041998 23 -0.40
06041998 23 -0.40
07041998 23 -0.41
08041998 23 -0.43
09041998 23 -0.45
10041998 23 -0.47
11041998 23 -0.49
12041998 23 -0.50
13041998 23 -0.51
14041998 23 -0.51
15041998 23 -0.50
16041998 23 -0.49
17041998 23 -0.47
18041998 23 -0.46
19041998 23 -0.46
20041998 23 -0.47
21041998 23 -0.48
22041998 23 -0.50
23041998 23 -0.52
24041998 23 -0.54
25041998 23 -0.55
26041998 23 -0.56
27041998 23 -0.56
28041998 23 -0.55
29041998 23 -0.53
30041998 23 -0.50
01051998 23 -0.47
02051998 23 -0.43
03051998 23 -0.41
04051998 23 -0.39
05051998 23 -0.39
06051998 23 -0.40
07051998 23 -0.42
08051998 23 -0.44
09051998 23 -0.47
10051998 23 -0.49
11051998 23 -0.51
12051998 23 -0.52
13051998 23 -0.53
14051998 23 -0.53
15051998 23 -0.52
16051998 23 -0.50
17051998 23 -0.49
18051998 23 -0.48
19051998 23 -0.47
20051998 23 -0.48
21051998 23 -0.49
22051998 23 -0.50
23051998 23 -0.52
24051998 23 -0.53
25051998 23 -0.54
26051998 23 -0.55
27051998 23 -0.54
28051998 23 -0.53
29051998 23 -0.50
30051998 23 -0.47
31051998 23 -0.44
01061998 23 -0.41
02061998 23 -0.39
03061998 23 -0.39
04061998 23 -0.39
05061998 23 -0.41
06061998 23 -0.43
07061998 23 -0.46
08061998 23 -0.49
09061998 23 -0.51
10061998 23 -0.53
11061998 23 -0.55
12061998 23 -0.55
13061998 23 -0.54
14061998 23 -0.53
15061998 23 -0.51
16061998 23 -0.50
17061998 23 -0.48
18061998 23 -0.47
19061998 23 -0.47
20061998 23 -0.47
21061998 23 -0.49
22061998 23 -0.51
23061998 23 -0.52
24061998 23 -0.53
25061998 23 -0.53
26061998 23 -0.52
27061998 23 -0.50
28061998 23 -0.47
29061998 23 -0.44
30061998 23 -0.42
01071998 23 -0.40
02071998 23 -0.39
03071998 23 -0.40
04071998 23 -0.41
05071998 23 -0.43
06071998 23 -0.46
07071998 23 -0.49
08071998 23 -0.52
09071998 23 -0.54
10071998 23 -0.56
11071998 23 -0.57
12071998 23 -0.57
13071998 23 -0.55
14071998 23 -0.53
15071998 23 -0.51
16071998 23 -0.48
17071998 23 -0.46
18071998 23 -0.45
19071998 23 -0.45
20071998 23 -0.46
21071998 23 -0.48
22071998 23 -0.50
23071998 23 -0.51
24071998 23 -0.52
25071998 23 -0.52
26071998 23 -0.50
27071998 23 -0.48
28071998 23 -0.45
29071998 23 -0.43
30071998 23 -0.41
31071998 23 -0.40
01081998 23 -0.40
02081998 23 -0.41
03081998 23 -0.43
04081998 23 -0.45
05081998 23 -0.49
06081998 23 -0.52
07081998 23 -0.55
08081998 23 -0.58
09081998 23 -0.59
10081998 23 -0.58
11081998 23 -0.57
12081998 23 -0.54
13081998 23 -0.51
14081998 23 -0.48
15081998 23 -0.45
16081998 23 -0.43
17081998 23 -0.43
18081998 23 -0.44
19081998 23 -0.45
20081998 23 -0.47
21081998 23 -0.49
22081998 23 -0.50
23081998 23 -0.51
24081998 23 -0.50
25081998 23 -0.49
26081998 23 -0.47
27081998 23 -0.45
28081998 23 -0.43
29081998 23 -0.42
30081998 23 -0.42
31081998 23 -0.42
01091998 23 -0.43
02091998 23 -0.45
03091998 23 -0.49
04091998 23 -0.52
05091998 23 -0.55
06091998 23 -0.58
07091998 23 -0.59
08091998 23 -0.59
09091998 23 -0.58
10091998 23 -0.55
11091998 23 -0.51
12091998 23 -0.47
13091998 23 -0.44
14091998 23 -0.42
15091998 23 -0.41
16091998 23 -0.42
17091998 23 -0.43
18091998 23 -0.45
19091998 23 -0.47
20091998 23 -0.49
21091998 23 -0.50
22091998 23 -0.50
23091998 23 -0.50
24091998 23 -0.49
25091998 23 -0.47
26091998 23 -0.46
27091998 23 -0.44
28091998 23 -0.44
29091998 23 -0.43
30091998 23 -0.44
01101998 23 -0.46
02101998 23 -0.48
03101998 23 -0.52
04101998 23 -0.55
05101998 23 -0.58
06101998 23 -0.59
07101998 23 -0.59
08101998 23 -0.58
09101998 23 -0.55
10101998 23 -0.51
11101998 23 -0.47
12101998 23 -0.43
13101998 23 -0.41
14101998 23 -0.40
15101998 23 -0.40
16101998 23 -0.41
17101998 23 -0.43
18101998 23 -0.46
19101998 23 -0.48
20101998 23 -0.50
21101998 23 -0.51
22101998 23 -0.51
23101998 23 -0.51
24101998 23 -0.50
25101998 23 -0.48
26101998 23 -0.47
27101998 23 -0.46
28101998 23 -0.45
29101998 23 -0.45
30101998 23 -0.46
31101998 23 -0.48
01111998 23 -0.51
02111998 23 -0.54
03111998 23 -0.57
04111998 23 -0.58
05111998 23 -0.58
06111998 23 -0.57
07111998 23 -0.54
08111998 23 -0.50
09111998 23 -0.47
10111998 23 -0.43
11111998 23 -0.40
12111998 23 -0.39
13111998 23 -0.39
14111998 23 -0.40
15111998 23 -0.42
16111998 23 -0.44
17111998 23 -0.47
18111998 23 -0.50
19111998 23 -0.51
20111998 23 -0.52
21111998 23 -0.53
22111998 23 -0.52
23111998 23 -0.51
24111998 23 -0.49
25111998 23 -0.48
26111998 23 -0.46
27111998 23 -0.45
28111998 23 -0.46
29111998 23 -0.47
30111998 23 -0.50
01121998 23 -0.53
02121998 23 -0.56
03121998 23 -0.57
04121998 23 -0.57
05121998 23 -0.55
06121998 23 -0.53
07121998 23 -0.50
08121998 23 -0.46
09121998 23 -0.43
10121998 23 -0.40
11121998 23 -0.39
12121998 23 -0.38
13121998 23 -0.39
14121998 23 -0.41
15121998 23 -0.43
16121998 23 -0.47
17121998 23 -0.50
18121998 23 -0.52
19121998 23 -0.54
20121998 23 -0.54
21121998 23 -0.54
22121998 23 -0.53
23121998 23 -0.52
24121998 23 -0.49
25121998 23 -0.47
26121998 23 -0.46
27121998 23 -0.46
28121998 23 -0.47
29121998 23 -0.49
30121998 23 -0.51
31121998 23 -0.54
