01011903 23 -0.51
02011903 23 -0.50
03011903 23 -0.49
04011903 23 -0.47
05011903 23 -0.46
06011903 23 -0.45
07011903 23 -0.45
08011903 23 -0.46
09011903 23 -0.49
10011903 23 -0.52
11011903 23 -0.55
12011903 23 -0.57
13011903 23 -0.58
14011903 23 -0.57
15011903 23 -0.56
16011903 23 -0.53
17011903 23 -0.50
18011903 23 -0.47
19011903 23 -0.43
20011903 23 -0.41
21011903 23 -0.39
22011903 23 -0.39
23011903 23 -0.40
24011903 23 -0.42
25011903 23 -0.44
26011903 23 -0.47
27011903 23 -0.49
28011903 23 -0.51
29011903 23 -0.52
30011903 23 -0.52
31011903 23 -0.52
01021903 23 -0.51
02021903 23 -0.50
03021903 23 -0.48
04021903 23 -0.47
05021903 23 -0.46
06021903 23 -0.47
07021903 23 -0.48
08021903 23 -0.51
09021903 23 -0.53
10021903 23 -0.55
11021903 23 -0.56
12021903 23 -0.55
13021903 23 -0.54
14021903 23 -0.53
15021903 23 -0.50
16021903 23 -0.47
17021903 23 -0.44
18021903 23 -0.41
19021903 23 -0.39
20021903 23 -0.38
21021903 23 -0.39
22021903 23 -0.41
23021903 23 -0.43
24021903 23 -0.46
25021903 23 -0.49
26021903 23 -0.51
27021903 23 -0.53
28021903 23 -0.54
01031903 23 -0.54
02031903 23 -0.54
03031903 23 -0.52
04031903 23 -0.50
05031903 23 -0.48
06031903 23 -0.47
07031903 23 -0.47
08031903 23 -0.48
09031903 23 -0.49
10031903 23 -0.51
11031903 23 -0.52
12031903 23 -0.53
13031903 23 -0.53
14031903 23 -0.53
15031903 23 -0.52
16031903 23 -0.50
17031903 23 -0.47
18031903 23 -0.44
19031903 23 -0.42
20031903 23 -0.39
21031903 23 -0.39
22031903 23 -0.39
23031903 23 -0.41
24031903 23 -0.43
25031903 23 -0.46
26031903 23 -0.49
27031903 23 -0.52
28031903 23 -0.54
29031903 23 -0.55
30031903 23 -0.56
31031903 23 -0.56
01041903 23 -0.54
02041903 23 -0.52
03041903 23 -0.50
04041903 23 -0.48
05041903 23 -0.47
06041903 23 -0.46
07041903 23 -0.47
08041903 23 -0.48
09041903 23 -0.49
10041903 23 -0.50
11041903 23 -0.51
12041903 23 -0.51
13041903 23 -0.51
14041903 23 -0.50
15041903 23 -0.48
16041903 23 -0.45
17041903 23 -0.43
18041903 23 -0.41
19041903 23 -0.40
20041903 23 -0.40
21041903 23 -0.41
22041903 23 -0.43
23041903 23 -0.46
24041903 23 -0.49
25041903 23 -0.52
26041903 23 -0.54
27041903 23 -0.56
28041903 23 -0.57
29041903 23 -0.57
30041903 23 -0.56
01051903 23 -0.54
02051903 23 -0.51
03051903 23 -0.49
04051903 23 -0.47
05051903 23 -0.45
06051903 23 -0.45
07051903 23 -0.45
08051903 23 -0.46
09051903 23 -0.47
10051903 23 -0.49
11051903 23 -0.50
12051903 23 -0.50
13051903 23 -0.50
14051903 23 -0.49
15051903 23 -0.47
16051903 23 -0.45
17051903 23 -0.43
18051903 23 -0.42
19051903 23 -0.41
20051903 23 -0.42
21051903 23 -0.44
22051903 23 -0.46
23051903 23 -0.49
24051903 23 -0.52
25051903 23 -0.54
26051903 23 -0.56
27051903 23 -0.58
28051903 23 -0.58
29051903 23 -0.57
30051903 23 -0.55
31051903 23 -0.52
01061903 23 -0.49
02061903 23 -0.46
03061903 23 -0.44
04061903 23 -0.43
05061903 23 -0.42
06061903 23 -0.43
07061903 23 -0.45
08061903 23 -0.47
09061903 23 -0.48
10061903 23 -0.49
11061903 23 -0.50
12061903 23 -0.49
13061903 23 -0.48
14061903 23 -0.47
15061903 23 -0.45
16061903 23 -0.44
17061903 23 -0.44
18061903 23 -0.44
19061903 23 -0.45
20061903 23 -0.46
21061903 23 -0.48
22061903 23 -0.51
23061903 23 -0.53
24061903 23 -0.56
25061903 23 -0.58
26061903 23 -0.58
27061903 23 -0.58
28061903 23 -0.56
29061903 23 -0.53
30061903 23 -0.49
01071903 23 -0.46
02071903 23 -0.43
03071903 23 -0.41
04071903 23 -0.40
05071903 23 -0.41
06071903 23 -0.43
07071903 23 -0.45
08071903 23 -0.47
09071903 23 -0.48
10071903 23 -0.50
11071903 23 -0.50
12071903 23 -0.50
13071903 23 -0.50
14071903 23 -0.48
15071903 23 -0.47
16071903 23 -0.46
17071903 23 -0.46
18071903 23 -0.45
19071903 23 -0.46
20071903 23 -0.47
21071903 23 -0.50
22071903 23 -0.52
23071903 23 -0.55
24071903 23 -0.57
25071903 23 -0.58
26071903 23 -0.58
27071903 23 -0.56
28071903 23 -0.53
29071903 23 -0.49
30071903 23 -0.45
31071903 23 -0.42
01081903 23 -0.40
02081903 23 -0.39
03081903 23 -0.40
04081903 23 -0.41
05081903 23 -0.43
06081903 23 -0.45
07081903 23 -0.48
08081903 23 -0.50
09081903 23 -0.52
10081903 23 -0.52
11081903 23 -0.52
12081903 23 -0.51
13081903 23 -0.50
14081903 23 -0.49
15081903 23 -0.47
16081903 23 -0.46
17081903 23 -0.46
18081903 23 -0.47
19081903 23 -0.48
20081903 23 -0.51
21081903 23 -0.54
22081903 23 -0.56
23081903 23 -0.57
24081903 23 -0.57
25081903 23 -0.55
26081903 23 -0.53
27081903 23 -0.49
28081903 23 -0.45
29081903 23 -0.42
30081903 23 -0.39
31081903 23 -0.38
01091903 23 -0.39
02091903 23 -0.40
03091903 23 -0.42
04091903 23 -0.45
05091903 23 -0.48
06091903 23 -0.51
07091903 23 -0.53
08091903 23 -0.54
09091903 23 -0.55
10091903 23 -0.54
11091903 23 -0.53
12091903 23 -0.51
13091903 23 -0.49
14091903 23 -0.47
15091903 23 -0.46
16091903 23 -0.46
17091903 23 -0.47
18091903 23 -0.49
19091903 23 -0.52
20091903 23 -0.54
21091903 23 -0.55
22091903 23 -0.55
23091903 23 -0.54
24091903 23 -0.52
25091903 23 -0.49
26091903 23 -0.45
27091903 23 -0.42
28091903 23 -0.40
29091903 23 -0.38
30091903 23 -0.38
01101903 23 -0.39
02101903 23 -0.41
03101903 23 -0.44
04101903 23 -0.48
05101903 23 -0.51
06101903 23 -0.54
07101903 23 -0.56
08101903 23 -0.56
09101903 23 -0.56
10101903 23 -0.55
11101903 23 -0.53
12101903 23 -0.50
13101903 23 -0.48
14101903 23 -0.46
15101903 23 -0.45
16101903 23 -0.45
17101903 23 -0.47
18101903 23 -0.50
19101903 23 -0.52
20101903 23 -0.53
21101903 23 -0.54
22101903 23 -0.53
23101903 23 -0.51
24101903 23 -0.48
25101903 23 -0.46
26101903 23 -0.43
27101903 23 -0.41
28101903 23 -0.39
29101903 23 -0.39
30101903 23 -0.40
31101903 23 -0.41
01111903 23 -0.44
02111903 23 -0.48
03111903 23 -0.52
04111903 23 -0.55
05111903 23 -0.57
06111903 23 -0.58
07111903 23 -0.58
08111903 23 -0.56
09111903 23 -0.54
10111903 23 -0.51
11111903 23 -0.48
12111903 23 -0.45
13111903 23 -0.44
14111903 23 -0.44
15111903 23 -0.45
16111903 23 -0.47
17111903 23 -0.49
18111903 23 -0.51
19111903 23 -0.51
20111903 23 -0.51
21111903 23 -0.50
22111903 23 -0.49
23111903 23 -0.46
24111903 23 -0.44
25111903 23 -0.42
26111903 23 -0.41
27111903 23 -0.40
28111903 23 -0.40
29111903 23 -0.42
30111903 23 -0.44
01121903 23 -0.48
02121903 23 -0.52
03121903 23 -0.55
04121903 23 -0.58
05121903 23 -0.59
06121903 23 -0.59
07121903 23 -0.57
08121903 23 -0.55
09121903 23 -0.51
10121903 23 -0.48
11121903 23 -0.45
12121903 23 -0.43
13121903 23 -0.43
14121903 23 -0.43
15121903 23 -0.45
16121903 23 -0.47
17121903 23 -0.49
18121903 23 -0.50
19121903 23 -0.50
20121903 23 -0.50
21121903 23 -0.49
22121903 23 -0.48
23121903 23 -0.46
24121903 23 -0.44
25121903 23 -0.43
26121903 23 -0.42
27121903 23 -0.41
28121903 23 -0.43
29121903 23 -0.45
30121903 23 -0.48
31121903 23 -0.52
