01011914 23 -0.45
02011914 23 -0.42
03011914 23 -0.40
04011914 23 -0.39
05011914 23 -0.39
06011914 23 -0.41
07011914 23 -0.43
08011914 23 -0.47
09011914 23 -0.50
10011914 23 -0.54
11011914 23 -0.56
12011914 23 -0.58
13011914 23 -0.58
14011914 23 -0.57
15011914 23 -0.55
16011914 23 -0.53
17011914 23 -0.49
18011914 23 -0.47
19011914 23 -0.45
20011914 23 -0.44
21011914 23 -0.44
22011914 23 -0.46
23011914 23 -0.47
24011914 23 -0.49
25011914 23 -0.50
26011914 23 -0.50
27011914 23 -0.50
28011914 23 -0.49
29011914 23 -0.48
30011914 23 -0.46
31011914 23 -0.44
01021914 23 -0.42
02021914 23 -0.41
03021914 23 -0.41
04021914 23 -0.42
05021914 23 -0.44
06021914 23 -0.47
07021914 23 -0.50
08021914 23 -0.54
09021914 23 -0.56
10021914 23 -0.58
11021914 23 -0.58
12021914 23 -0.58
13021914 23 -0.56
14021914 23 -0.53
15021914 23 -0.50
16021914 23 -0.47
17021914 23 -0.45
18021914 23 -0.43
19021914 23 -0.43
20021914 23 -0.43
21021914 23 -0.45
22021914 23 -0.46
23021914 23 -0.48
24021914 23 -0.49
25021914 23 -0.49
26021914 23 -0.49
27021914 23 -0.49
28021914 23 -0.47
01031914 23 -0.46
02031914 23 -0.44
03031914 23 -0.43
04031914 23 -0.43
05031914 23 -0.43
06031914 23 -0.45
07031914 23 -0.47
08031914 23 -0.50
09031914 23 -0.53
10031914 23 -0.56
11031914 23 -0.57
12031914 23 -0.58
13031914 23 -0.58
14031914 23 -0.56
15031914 23 -0.54
16031914 23 -0.51
17031914 23 -0.47
18031914 23 -0.44
19031914 23 -0.42
20031914 23 -0.41
21031914 23 -0.41
22031914 23 -0.42
23031914 23 -0.44
24031914 23 -0.46
25031914 23 -0.47
26031914 23 -0.49
27031914 23 -0.50
28031914 23 -0.50
29031914 23 -0.49
30031914 23 -0.49
31031914 23 -0.47
01041914 23 -0.46
02041914 23 -0.45
03041914 23 -0.45
04041914 23 -0.46
05041914 23 -0.47
06041914 23 -0.50
07041914 23 -0.52
08041914 23 -0.54
09041914 23 -0.56
10041914 23 -0.57
11041914 23 -0.57
12041914 23 -0.56
13041914 23 -0.54
14041914 23 -0.51
15041914 23 -0.48
16041914 23 -0.44
17041914 23 -0.41
18041914 23 -0.40
19041914 23 -0.39
20041914 23 -0.40
21041914 23 -0.42
22041914 23 -0.44
23041914 23 -0.46
24041914 23 -0.48
25041914 23 -0.50
26041914 23 -0.51
27041914 23 -0.52
28041914 23 -0.51
29041914 23 -0.50
30041914 23 -0.49
01051914 23 -0.48
02051914 23 -0.47
03051914 23 -0.47
04051914 23 -0.48
05051914 23 -0.49
06051914 23 -0.51
07051914 23 -0.53
08051914 23 -0.54
09051914 23 -0.55
10051914 23 -0.56
11051914 23 -0.55
12051914 23 -0.54
13051914 23 -0.51
14051914 23 -0.48
15051914 23 -0.44
16051914 23 -0.41
17051914 23 -0.39
18051914 23 -0.39
19051914 23 -0.39
20051914 23 -0.41
21051914 23 -0.43
22051914 23 -0.46
23051914 23 -0.48
24051914 23 -0.50
25051914 23 -0.52
26051914 23 -0.53
27051914 23 -0.54
28051914 23 -0.53
29051914 23 -0.52
30051914 23 -0.50
31051914 23 -0.49
01061914 23 -0.48
02061914 23 -0.47
03061914 23 -0.48
04061914 23 -0.49
05061914 23 -0.50
06061914 23 -0.52
07061914 23 -0.53
08061914 23 -0.54
09061914 23 -0.54
10061914 23 -0.53
11061914 23 -0.51
12061914 23 -0.48
13061914 23 -0.45
14061914 23 -0.42
15061914 23 -0.40
16061914 23 -0.39
17061914 23 -0.39
18061914 23 -0.41
19061914 23 -0.43
20061914 23 -0.45
21061914 23 -0.48
22061914 23 -0.51
23061914 23 -0.53
24061914 23 -0.55
25061914 23 -0.56
26061914 23 -0.56
27061914 23 -0.54
28061914 23 -0.53
29061914 23 -0.51
30061914 23 -0.49
01071914 23 -0.47
02071914 23 -0.46
03071914 23 -0.46
04071914 23 -0.47
05071914 23 -0.49
06071914 23 -0.51
07071914 23 -0.52
08071914 23 -0.53
09071914 23 -0.52
10071914 23 -0.51
11071914 23 -0.48
12071914 23 -0.46
13071914 23 -0.43
14071914 23 -0.41
15071914 23 -0.40
16071914 23 -0.40
17071914 23 -0.41
18071914 23 -0.42
19071914 23 -0.45
20071914 23 -0.48
21071914 23 -0.51
22071914 23 -0.54
23071914 23 -0.56
24071914 23 -0.58
25071914 23 -0.58
26071914 23 -0.57
27071914 23 -0.54
28071914 23 -0.52
29071914 23 -0.49
30071914 23 -0.46
31071914 23 -0.45
01081914 23 -0.44
02081914 23 -0.45
03081914 23 -0.47
04081914 23 -0.48
05081914 23 -0.50
06081914 23 -0.51
07081914 23 -0.51
08081914 23 -0.51
09081914 23 -0.49
10081914 23 -0.47
11081914 23 -0.44
12081914 23 -0.42
13081914 23 -0.41
14081914 23 -0.41
15081914 23 -0.41
16081914 23 -0.42
17081914 23 -0.44
18081914 23 -0.48
19081914 23 -0.51
20081914 23 -0.55
21081914 23 -0.57
22081914 23 -0.59
23081914 23 -0.59
24081914 23 -0.58
25081914 23 -0.56
26081914 23 -0.52
27081914 23 -0.49
28081914 23 -0.45
29081914 23 -0.43
30081914 23 -0.42
31081914 23 -0.43
01091914 23 -0.44
02091914 23 -0.46
03091914 23 -0.48
04091914 23 -0.50
05091914 23 -0.50
06091914 23 -0.51
07091914 23 -0.50
08091914 23 -0.48
09091914 23 -0.46
10091914 23 -0.45
11091914 23 -0.43
12091914 23 -0.42
13091914 23 -0.42
14091914 23 -0.43
15091914 23 -0.45
16091914 23 -0.48
17091914 23 -0.51
18091914 23 -0.55
19091914 23 -0.57
20091914 23 -0.59
21091914 23 -0.59
22091914 23 -0.58
23091914 23 -0.56
24091914 23 -0.52
25091914 23 -0.48
26091914 23 -0.45
27091914 23 -0.42
28091914 23 -0.41
29091914 23 -0.41
30091914 23 -0.42
01101914 23 -0.44
02101914 23 -0.46
03101914 23 -0.48
04101914 23 -0.50
05101914 23 -0.50
06101914 23 -0.51
07101914 23 -0.50
08101914 23 -0.48
09101914 23 -0.47
10101914 23 -0.46
11101914 23 -0.45
12101914 23 -0.44
13101914 23 -0.44
14101914 23 -0.45
15101914 23 -0.47
16101914 23 -0.51
17101914 23 -0.54
18101914 23 -0.57
19101914 23 -0.59
20101914 23 -0.59
21101914 23 -0.58
22101914 23 -0.56
23101914 23 -0.52
24101914 23 -0.48
25101914 23 -0.44
26101914 23 -0.41
27101914 23 -0.40
28101914 23 -0.39
29101914 23 -0.40
30101914 23 -0.42
31101914 23 -0.44
01111914 23 -0.47
02111914 23 -0.49
03111914 23 -0.51
04111914 23 -0.52
05111914 23 -0.52
06111914 23 -0.51
07111914 23 -0.50
08111914 23 -0.48
09111914 23 -0.47
10111914 23 -0.45
11111914 23 -0.45
12111914 23 -0.45
13111914 23 -0.47
14111914 23 -0.50
15111914 23 -0.53
16111914 23 -0.56
17111914 23 -0.58
18111914 23 -0.58
19111914 23 -0.57
20111914 23 -0.55
21111914 23 -0.51
22111914 23 -0.48
23111914 23 -0.44
24111914 23 -0.41
25111914 23 -0.39
26111914 23 -0.38
27111914 23 -0.39
28111914 23 -0.41
29111914 23 -0.43
30111914 23 -0.46
01121914 23 -0.49
02121914 23 -0.51
03121914 23 -0.53
04121914 23 -0.53
05121914 23 -0.53
06121914 23 -0.52
07121914 23 -0.51
08121914 23 -0.49
09121914 23 -0.47
10121914 23 -0.46
11121914 23 -0.45
12121914 23 -0.47
13121914 23 -0.49
14121914 23 -0.52
15121914 23 -0.54
16121914 23 -0.56
17121914 23 -0.56
18121914 23 -0.55
19121914 23 -0.53
20121914 23 -0.51
21121914 23 -0.47
22121914 23 -0.44
23121914 23 -0.41
24121914 23 -0.39
25121914 23 -0.38
26121914 23 -0.38
27121914 23 -0.40
28121914 23 -0.42
29121914 23 -0.46
30121914 23 -0.49
31121914 23 -0.52
