01012020 23 -0.41
02012020 23 -0.40
03012020 23 -0.39
04012020 23 -0.40
05012020 23 -0.42
06012020 23 -0.45
07012020 23 -0.49
08012020 23 -0.52
09012020 23 -0.55
10012020 23 -0.57
11012020 23 -0.58
12012020 23 -0.58
13012020 23 -0.57
14012020 23 -0.54
15012020 23 -0.51
16012020 23 -0.48
17012020 23 -0.45
18012020 23 -0.44
19012020 23 -0.44
20012020 23 -0.44
21012020 23 -0.46
22012020 23 -0.48
23012020 23 -0.49
24012020 23 -0.50
25012020 23 -0.50
26012020 23 -0.50
27012020 23 -0.49
28012020 23 -0.47
29012020 23 -0.45
30012020 23 -0.43
31012020 23 -0.42
01022020 23 -0.41
02022020 23 -0.41
03022020 23 -0.43
04022020 23 -0.45
05022020 23 -0.49
06022020 23 -0.52
07022020 23 -0.55
08022020 23 -0.57
09022020 23 -0.58
10022020 23 -0.58
11022020 23 -0.57
12022020 23 -0.55
13022020 23 -0.52
14022020 23 -0.49
15022020 23 -0.46
16022020 23 -0.43
17022020 23 -0.42
18022020 23 -0.42
19022020 23 -0.43
20022020 23 -0.45
21022020 23 -0.47
22022020 23 -0.48
23022020 23 -0.49
24022020 23 -0.49
25022020 23 -0.49
26022020 23 -0.48
27022020 23 -0.47
28022020 23 -0.46
29022020 23 -0.44
01032020 23 -0.43
02032020 23 -0.43
03032020 23 -0.44
04032020 23 -0.46
05032020 23 -0.49
06032020 23 -0.52
07032020 23 -0.54
08032020 23 -0.57
09032020 23 -0.58
10032020 23 -0.58
11032020 23 -0.57
12032020 23 -0.55
13032020 23 -0.52
14032020 23 -0.49
15032020 23 -0.46
16032020 23 -0.43
17032020 23 -0.41
18032020 23 -0.41
19032020 23 -0.41
20032020 23 -0.43
21032020 23 -0.44
22032020 23 -0.46
23032020 23 -0.48
24032020 23 -0.49
25032020 23 -0.50
26032020 23 -0.50
27032020 23 -0.50
28032020 23 -0.49
29032020 23 -0.47
30032020 23 -0.46
31032020 23 -0.45
01042020 23 -0.46
02042020 23 -0.47
03042020 23 -0.49
04042020 23 -0.51
05042020 23 -0.53
06042020 23 -0.55
07042020 23 -0.56
08042020 23 -0.57
09042020 23 -0.56
10042020 23 -0.55
11042020 23 -0.53
12042020 23 -0.49
13042020 23 -0.46
14042020 23 -0.43
15042020 23 -0.40
16042020 23 -0.39
17042020 23 -0.39
18042020 23 -0.41
19042020 23 -0.43
20042020 23 -0.45
21042020 23 -0.47
22042020 23 -0.49
23042020 23 -0.51
24042020 23 -0.52
25042020 23 -0.52
26042020 23 -0.51
27042020 23 -0.50
28042020 23 -0.49
29042020 23 -0.48
30042020 23 -0.47
01052020 23 -0.47
02052020 23 -0.48
03052020 23 -0.50
04052020 23 -0.51
05052020 23 -0.53
06052020 23 -0.54
07052020 23 -0.55
08052020 23 -0.55
09052020 23 -0.54
10052020 23 -0.52
11052020 23 -0.50
12052020 23 -0.46
13052020 23 -0.43
14052020 23 -0.40
15052020 23 -0.39
16052020 23 -0.39
17052020 23 -0.40
18052020 23 -0.42
19052020 23 -0.44
20052020 23 -0.47
21052020 23 -0.49
22052020 23 -0.52
23052020 23 -0.53
24052020 23 -0.54
25052020 23 -0.54
26052020 23 -0.53
27052020 23 -0.52
28052020 23 -0.50
29052020 23 -0.49
30052020 23 -0.48
31052020 23 -0.47
01062020 23 -0.48
02062020 23 -0.49
03062020 23 -0.50
04062020 23 -0.52
05062020 23 -0.53
06062020 23 -0.54
07062020 23 -0.54
08062020 23 -0.52
09062020 23 -0.50
10062020 23 -0.46
11062020 23 -0.43
12062020 23 -0.41
13062020 23 -0.39
14062020 23 -0.39
15062020 23 -0.40
16062020 23 -0.42
17062020 23 -0.44
18062020 23 -0.46
19062020 23 -0.49
20062020 23 -0.52
21062020 23 -0.54
22062020 23 -0.56
23062020 23 -0.56
24062020 23 -0.56
25062020 23 -0.54
26062020 23 -0.52
27062020 23 -0.50
28062020 23 -0.48
29062020 23 -0.46
30062020 23 -0.46
01072020 23 -0.46
02072020 23 -0.48
03072020 23 -0.49
04072020 23 -0.51
05072020 23 -0.52
06072020 23 -0.52
07072020 23 -0.52
08072020 23 -0.50
09072020 23 -0.47
10072020 23 -0.44
11072020 23 -0.42
12072020 23 -0.40
13072020 23 -0.40
14072020 23 -0.40
15072020 23 -0.41
16072020 23 -0.43
17072020 23 -0.46
18072020 23 -0.49
19072020 23 -0.53
20072020 23 -0.55
21072020 23 -0.57
22072020 23 -0.58
23072020 23 -0.58
24072020 23 -0.56
25072020 23 -0.53
26072020 23 -0.50
27072020 23 -0.47
28072020 23 -0.45
29072020 23 -0.44
30072020 23 -0.44
31072020 23 -0.45
01082020 23 -0.47
02082020 23 -0.49
03082020 23 -0.50
04082020 23 -0.51
05082020 23 -0.51
06082020 23 -0.50
07082020 23 -0.48
08082020 23 -0.46
09082020 23 -0.44
10082020 23 -0.42
11082020 23 -0.41
12082020 23 -0.41
13082020 23 -0.42
14082020 23 -0.43
15082020 23 -0.46
16082020 23 -0.49
17082020 23 -0.53
18082020 23 -0.56
19082020 23 -0.58
20082020 23 -0.59
21082020 23 -0.59
22082020 23 -0.57
23082020 23 -0.54
24082020 23 -0.51
25082020 23 -0.47
26082020 23 -0.44
27082020 23 -0.42
28082020 23 -0.42
29082020 23 -0.43
30082020 23 -0.44
31082020 23 -0.47
01092020 23 -0.48
02092020 23 -0.50
03092020 23 -0.50
04092020 23 -0.50
05092020 23 -0.49
06092020 23 -0.48
07092020 23 -0.46
08092020 23 -0.44
09092020 23 -0.43
10092020 23 -0.43
11092020 23 -0.43
12092020 23 -0.44
13092020 23 -0.46
14092020 23 -0.49
15092020 23 -0.53
16092020 23 -0.56
17092020 23 -0.58
18092020 23 -0.59
19092020 23 -0.59
20092020 23 -0.57
21092020 23 -0.54
22092020 23 -0.50
23092020 23 -0.46
24092020 23 -0.43
25092020 23 -0.41
26092020 23 -0.40
27092020 23 -0.41
28092020 23 -0.42
29092020 23 -0.44
30092020 23 -0.47
01102020 23 -0.49
02102020 23 -0.50
03102020 23 -0.51
04102020 23 -0.51
05102020 23 -0.50
06102020 23 -0.48
07102020 23 -0.47
08102020 23 -0.46
09102020 23 -0.45
10102020 23 -0.44
11102020 23 -0.45
12102020 23 -0.46
13102020 23 -0.49
14102020 23 -0.52
15102020 23 -0.55
16102020 23 -0.58
17102020 23 -0.59
18102020 23 -0.59
19102020 23 -0.57
20102020 23 -0.54
21102020 23 -0.50
22102020 23 -0.46
23102020 23 -0.42
24102020 23 -0.40
25102020 23 -0.39
26102020 23 -0.39
27102020 23 -0.41
28102020 23 -0.43
29102020 23 -0.45
30102020 23 -0.48
31102020 23 -0.50
01112020 23 -0.51
02112020 23 -0.52
03112020 23 -0.52
04112020 23 -0.51
05112020 23 -0.50
06112020 23 -0.48
07112020 23 -0.47
08112020 23 -0.45
09112020 23 -0.45
10112020 23 -0.46
11112020 23 -0.48
12112020 23 -0.51
13112020 23 -0.54
14112020 23 -0.57
15112020 23 -0.58
16112020 23 -0.57
17112020 23 -0.56
18112020 23 -0.53
19112020 23 -0.49
20112020 23 -0.46
21112020 23 -0.42
22112020 23 -0.40
23112020 23 -0.38
24112020 23 -0.38
25112020 23 -0.39
26112020 23 -0.41
27112020 23 -0.44
28112020 23 -0.47
29112020 23 -0.50
30112020 23 -0.52
01122020 23 -0.53
02122020 23 -0.54
03122020 23 -0.53
04122020 23 -0.52
05122020 23 -0.50
06122020 23 -0.48
07122020 23 -0.46
08122020 23 -0.45
09122020 23 -0.46
10122020 23 -0.47
11122020 23 -0.50
12122020 23 -0.53
13122020 23 -0.55
14122020 23 -0.56
15122020 23 -0.55
16122020 23 -0.54
17122020 23 -0.52
18122020 23 -0.49
19122020 23 -0.46
20122020 23 -0.43
21122020 23 -0.40
22122020 23 -0.38
23122020 23 -0.38
24122020 23 -0.39
25122020 23 -0.41
26122020 23 -0.44
27122020 23 -0.47
28122020 23 -0.51
29122020 23 -0.53
30122020 23 -0.55
31122020 23 -0.55
