01012005 23 -0.46
02012005 23 -0.45
03012005 23 -0.44
04012005 23 -0.44
05012005 23 -0.46
06012005 23 -0.49
07012005 23 -0.52
08012005 23 -0.55
09012005 23 -0.57
10012005 23 -0.58
11012005 23 -0.58
12012005 23 -0.56
13012005 23 -0.54
14012005 23 -0.51
15012005 23 -0.47
16012005 23 -0.44
17012005 23 -0.41
18012005 23 -0.39
19012005 23 -0.39
20012005 23 -0.40
21012005 23 -0.42
22012005 23 -0.45
23012005 23 -0.47
24012005 23 -0.49
25012005 23 -0.51
26012005 23 -0.51
27012005 23 -0.52
28012005 23 -0.51
29012005 23 -0.50
30012005 23 -0.48
31012005 23 -0.47
01022005 23 -0.46
02022005 23 -0.46
03022005 23 -0.47
04022005 23 -0.49
05022005 23 -0.51
06022005 23 -0.54
07022005 23 -0.56
08022005 23 -0.56
09022005 23 -0.56
10022005 23 -0.55
11022005 23 -0.53
12022005 23 -0.50
13022005 23 -0.47
14022005 23 -0.44
15022005 23 -0.41
16022005 23 -0.39
17022005 23 -0.38
18022005 23 -0.39
19022005 23 -0.41
20022005 23 -0.44
21022005 23 -0.46
22022005 23 -0.49
23022005 23 -0.51
24022005 23 -0.52
25022005 23 -0.53
26022005 23 -0.53
27022005 23 -0.53
28022005 23 -0.51
01032005 23 -0.49
02032005 23 -0.48
03032005 23 -0.47
04032005 23 -0.47
05032005 23 -0.48
06032005 23 -0.50
07032005 23 -0.52
08032005 23 -0.53
09032005 23 -0.54
10032005 23 -0.54
11032005 23 -0.54
12032005 23 -0.52
13032005 23 -0.50
14032005 23 -0.47
15032005 23 -0.44
16032005 23 -0.41
17032005 23 -0.39
18032005 23 -0.38
19032005 23 -0.39
20032005 23 -0.40
21032005 23 -0.43
22032005 23 -0.46
23032005 23 -0.49
24032005 23 -0.51
25032005 23 -0.53
26032005 23 -0.55
27032005 23 -0.55
28032005 23 -0.55
29032005 23 -0.54
30032005 23 -0.52
31032005 23 -0.50
01042005 23 -0.48
02042005 23 -0.47
03042005 23 -0.47
04042005 23 -0.48
05042005 23 -0.49
06042005 23 -0.50
07042005 23 -0.51
08042005 23 -0.52
09042005 23 -0.52
10042005 23 -0.51
11042005 23 -0.50
12042005 23 -0.48
13042005 23 -0.45
14042005 23 -0.42
15042005 23 -0.40
16042005 23 -0.39
17042005 23 -0.39
18042005 23 -0.41
19042005 23 -0.43
20042005 23 -0.46
21042005 23 -0.49
22042005 23 -0.51
23042005 23 -0.54
24042005 23 -0.56
25042005 23 -0.57
26042005 23 -0.57
27042005 23 -0.56
28042005 23 -0.54
29042005 23 -0.51
30042005 23 -0.49
01052005 23 -0.47
02052005 23 -0.46
03052005 23 -0.46
04052005 23 -0.46
05052005 23 -0.47
06052005 23 -0.48
07052005 23 -0.50
08052005 23 -0.50
09052005 23 -0.51
10052005 23 -0.50
11052005 23 -0.49
12052005 23 -0.46
13052005 23 -0.44
14052005 23 -0.42
15052005 23 -0.41
16052005 23 -0.41
17052005 23 -0.42
18052005 23 -0.43
19052005 23 -0.46
20052005 23 -0.48
21052005 23 -0.51
22052005 23 -0.54
23052005 23 -0.56
24052005 23 -0.58
25052005 23 -0.58
26052005 23 -0.57
27052005 23 -0.55
28052005 23 -0.52
29052005 23 -0.49
30052005 23 -0.47
31052005 23 -0.45
01062005 23 -0.43
02062005 23 -0.43
03062005 23 -0.44
04062005 23 -0.46
05062005 23 -0.47
06062005 23 -0.49
07062005 23 -0.50
08062005 23 -0.50
09062005 23 -0.49
10062005 23 -0.48
11062005 23 -0.46
12062005 23 -0.44
13062005 23 -0.43
14062005 23 -0.43
15062005 23 -0.43
16062005 23 -0.44
17062005 23 -0.46
18062005 23 -0.48
19062005 23 -0.51
20062005 23 -0.54
21062005 23 -0.56
22062005 23 -0.58
23062005 23 -0.58
24062005 23 -0.58
25062005 23 -0.56
26062005 23 -0.53
27062005 23 -0.50
28062005 23 -0.46
29062005 23 -0.43
30062005 23 -0.42
01072005 23 -0.41
02072005 23 -0.42
03072005 23 -0.43
04072005 23 -0.45
05072005 23 -0.47
06072005 23 -0.49
07072005 23 -0.50
08072005 23 -0.50
09072005 23 -0.50
10072005 23 -0.49
11072005 23 -0.47
12072005 23 -0.46
13072005 23 -0.45
14072005 23 -0.45
15072005 23 -0.45
16072005 23 -0.46
17072005 23 -0.47
18072005 23 -0.50
19072005 23 -0.53
20072005 23 -0.55
21072005 23 -0.57
22072005 23 -0.58
23072005 23 -0.58
24072005 23 -0.56
25072005 23 -0.53
26072005 23 -0.50
27072005 23 -0.46
28072005 23 -0.42
29072005 23 -0.40
30072005 23 -0.39
31072005 23 -0.40
01082005 23 -0.41
02082005 23 -0.43
03082005 23 -0.46
04082005 23 -0.48
05082005 23 -0.50
06082005 23 -0.51
07082005 23 -0.52
08082005 23 -0.51
09082005 23 -0.50
10082005 23 -0.49
11082005 23 -0.48
12082005 23 -0.46
13082005 23 -0.46
14082005 23 -0.46
15082005 23 -0.47
16082005 23 -0.49
17082005 23 -0.52
18082005 23 -0.54
19082005 23 -0.56
20082005 23 -0.58
21082005 23 -0.58
22082005 23 -0.56
23082005 23 -0.53
24082005 23 -0.49
25082005 23 -0.45
26082005 23 -0.42
27082005 23 -0.40
28082005 23 -0.39
29082005 23 -0.39
30082005 23 -0.40
31082005 23 -0.42
01092005 23 -0.45
02092005 23 -0.48
03092005 23 -0.50
04092005 23 -0.52
05092005 23 -0.53
06092005 23 -0.54
07092005 23 -0.53
08092005 23 -0.51
09092005 23 -0.50
10092005 23 -0.48
11092005 23 -0.47
12092005 23 -0.46
13092005 23 -0.46
14092005 23 -0.48
15092005 23 -0.50
16092005 23 -0.53
17092005 23 -0.55
18092005 23 -0.56
19092005 23 -0.56
20092005 23 -0.55
21092005 23 -0.52
22092005 23 -0.49
23092005 23 -0.45
24092005 23 -0.42
25092005 23 -0.39
26092005 23 -0.38
27092005 23 -0.38
28092005 23 -0.39
29092005 23 -0.41
30092005 23 -0.44
01102005 23 -0.48
02102005 23 -0.51
03102005 23 -0.53
04102005 23 -0.55
05102005 23 -0.56
06102005 23 -0.55
07102005 23 -0.54
08102005 23 -0.52
09102005 23 -0.50
10102005 23 -0.47
11102005 23 -0.46
12102005 23 -0.45
13102005 23 -0.46
14102005 23 -0.48
15102005 23 -0.51
16102005 23 -0.53
17102005 23 -0.54
18102005 23 -0.54
19102005 23 -0.53
20102005 23 -0.51
21102005 23 -0.49
22102005 23 -0.45
23102005 23 -0.42
24102005 23 -0.40
25102005 23 -0.39
26102005 23 -0.39
27102005 23 -0.39
28102005 23 -0.41
29102005 23 -0.44
30102005 23 -0.48
31102005 23 -0.51
01112005 23 -0.54
02112005 23 -0.56
03112005 23 -0.57
04112005 23 -0.57
05112005 23 -0.56
06112005 23 -0.54
07112005 23 -0.51
08112005 23 -0.48
09112005 23 -0.45
10112005 23 -0.44
11112005 23 -0.45
12112005 23 -0.46
13112005 23 -0.49
14112005 23 -0.51
15112005 23 -0.52
16112005 23 -0.52
17112005 23 -0.52
18112005 23 -0.51
19112005 23 -0.49
20112005 23 -0.46
21112005 23 -0.44
22112005 23 -0.42
23112005 23 -0.40
24112005 23 -0.39
25112005 23 -0.40
26112005 23 -0.41
27112005 23 -0.44
28112005 23 -0.48
29112005 23 -0.52
30112005 23 -0.55
01122005 23 -0.57
02122005 23 -0.58
03122005 23 -0.58
04122005 23 -0.57
05122005 23 -0.55
06122005 23 -0.51
07122005 23 -0.48
08122005 23 -0.45
09122005 23 -0.44
10122005 23 -0.43
11122005 23 -0.44
12122005 23 -0.46
13122005 23 -0.48
14122005 23 -0.50
15122005 23 -0.50
16122005 23 -0.51
17122005 23 -0.50
18122005 23 -0.49
19122005 23 -0.47
20122005 23 -0.45
21122005 23 -0.43
22122005 23 -0.42
23122005 23 -0.41
24122005 23 -0.41
25122005 23 -0.42
26122005 23 -0.45
27122005 23 -0.48
28122005 23 -0.52
29122005 23 -0.55
30122005 23 -0.58
31122005 23 -0.59
