01011906 23 -0.41
02011906 23 -0.39
03011906 23 -0.38
04011906 23 -0.38
05011906 23 -0.40
06011906 23 -0.43
07011906 23 -0.46
08011906 23 -0.50
09011906 23 -0.53
10011906 23 -0.55
11011906 23 -0.56
12011906 23 -0.56
13011906 23 -0.55
14011906 23 -0.54
15011906 23 -0.51
16011906 23 -0.49
17011906 23 -0.47
18011906 23 -0.46
19011906 23 -0.46
20011906 23 -0.47
21011906 23 -0.49
22011906 23 -0.51
23011906 23 -0.52
24011906 23 -0.53
25011906 23 -0.52
26011906 23 -0.51
27011906 23 -0.50
28011906 23 -0.47
29011906 23 -0.45
30011906 23 -0.42
31011906 23 -0.40
01021906 23 -0.39
02021906 23 -0.39
03021906 23 -0.40
04021906 23 -0.43
05021906 23 -0.46
06021906 23 -0.50
07021906 23 -0.53
08021906 23 -0.55
09021906 23 -0.56
10021906 23 -0.57
11021906 23 -0.57
12021906 23 -0.55
13021906 23 -0.53
14021906 23 -0.50
15021906 23 -0.47
16021906 23 -0.46
17021906 23 -0.45
18021906 23 -0.46
19021906 23 -0.47
20021906 23 -0.48
21021906 23 -0.49
22021906 23 -0.50
23021906 23 -0.50
24021906 23 -0.50
25021906 23 -0.49
26021906 23 -0.48
27021906 23 -0.46
28021906 23 -0.44
01031906 23 -0.42
02031906 23 -0.40
03031906 23 -0.40
04031906 23 -0.41
05031906 23 -0.43
06031906 23 -0.46
07031906 23 -0.50
08031906 23 -0.53
09031906 23 -0.55
10031906 23 -0.57
11031906 23 -0.58
12031906 23 -0.58
13031906 23 -0.56
14031906 23 -0.54
15031906 23 -0.51
16031906 23 -0.48
17031906 23 -0.46
18031906 23 -0.44
19031906 23 -0.44
20031906 23 -0.44
21031906 23 -0.45
22031906 23 -0.47
23031906 23 -0.48
24031906 23 -0.49
25031906 23 -0.49
26031906 23 -0.49
27031906 23 -0.49
28031906 23 -0.47
29031906 23 -0.46
30031906 23 -0.44
31031906 23 -0.43
01041906 23 -0.42
02041906 23 -0.43
03041906 23 -0.44
04041906 23 -0.47
05041906 23 -0.49
06041906 23 -0.52
07041906 23 -0.55
08041906 23 -0.57
09041906 23 -0.58
10041906 23 -0.58
11041906 23 -0.57
12041906 23 -0.55
13041906 23 -0.52
14041906 23 -0.49
15041906 23 -0.45
16041906 23 -0.43
17041906 23 -0.42
18041906 23 -0.42
19041906 23 -0.43
20041906 23 -0.44
21041906 23 -0.46
22041906 23 -0.47
23041906 23 -0.49
24041906 23 -0.49
25041906 23 -0.50
26041906 23 -0.49
27041906 23 -0.48
28041906 23 -0.47
29041906 23 -0.45
30041906 23 -0.45
01051906 23 -0.45
02051906 23 -0.45
03051906 23 -0.47
04051906 23 -0.49
05051906 23 -0.52
06051906 23 -0.54
07051906 23 -0.56
08051906 23 -0.57
09051906 23 -0.57
10051906 23 -0.57
11051906 23 -0.55
12051906 23 -0.52
13051906 23 -0.49
14051906 23 -0.45
15051906 23 -0.42
16051906 23 -0.40
17051906 23 -0.40
18051906 23 -0.40
19051906 23 -0.42
20051906 23 -0.44
21051906 23 -0.46
22051906 23 -0.48
23051906 23 -0.50
24051906 23 -0.51
25051906 23 -0.51
26051906 23 -0.51
27051906 23 -0.50
28051906 23 -0.48
29051906 23 -0.47
30051906 23 -0.47
31051906 23 -0.47
01061906 23 -0.47
02061906 23 -0.48
03061906 23 -0.50
04061906 23 -0.52
05061906 23 -0.54
06061906 23 -0.56
07061906 23 -0.56
08061906 23 -0.56
09061906 23 -0.55
10061906 23 -0.52
11061906 23 -0.49
12061906 23 -0.45
13061906 23 -0.42
14061906 23 -0.40
15061906 23 -0.39
16061906 23 -0.39
17061906 23 -0.41
18061906 23 -0.43
19061906 23 -0.45
20061906 23 -0.47
21061906 23 -0.50
22061906 23 -0.52
23061906 23 -0.53
24061906 23 -0.53
25061906 23 -0.53
26061906 23 -0.51
27061906 23 -0.50
28061906 23 -0.49
29061906 23 -0.48
30061906 23 -0.47
01071906 23 -0.47
02071906 23 -0.48
03071906 23 -0.50
04071906 23 -0.52
05071906 23 -0.54
06071906 23 -0.55
07071906 23 -0.55
08071906 23 -0.54
09071906 23 -0.52
10071906 23 -0.49
11071906 23 -0.45
12071906 23 -0.42
13071906 23 -0.40
14071906 23 -0.39
15071906 23 -0.39
16071906 23 -0.40
17071906 23 -0.42
18071906 23 -0.44
19071906 23 -0.47
20071906 23 -0.50
21071906 23 -0.53
22071906 23 -0.55
23071906 23 -0.56
24071906 23 -0.55
25071906 23 -0.54
26071906 23 -0.53
27071906 23 -0.50
28071906 23 -0.48
29071906 23 -0.47
30071906 23 -0.46
31071906 23 -0.46
01081906 23 -0.48
02081906 23 -0.50
03081906 23 -0.52
04081906 23 -0.53
05081906 23 -0.54
06081906 23 -0.53
07081906 23 -0.52
08081906 23 -0.49
09081906 23 -0.46
10081906 23 -0.43
11081906 23 -0.41
12081906 23 -0.39
13081906 23 -0.39
14081906 23 -0.40
15081906 23 -0.41
16081906 23 -0.44
17081906 23 -0.47
18081906 23 -0.50
19081906 23 -0.54
20081906 23 -0.56
21081906 23 -0.57
22081906 23 -0.57
23081906 23 -0.56
24081906 23 -0.54
25081906 23 -0.52
26081906 23 -0.49
27081906 23 -0.46
28081906 23 -0.45
29081906 23 -0.44
30081906 23 -0.45
31081906 23 -0.47
01091906 23 -0.49
02091906 23 -0.51
03091906 23 -0.52
04091906 23 -0.52
05091906 23 -0.51
06091906 23 -0.49
07091906 23 -0.47
08091906 23 -0.44
09091906 23 -0.42
10091906 23 -0.41
11091906 23 -0.40
12091906 23 -0.40
13091906 23 -0.42
14091906 23 -0.44
15091906 23 -0.47
16091906 23 -0.51
17091906 23 -0.54
18091906 23 -0.57
19091906 23 -0.59
20091906 23 -0.59
21091906 23 -0.58
22091906 23 -0.55
23091906 23 -0.52
24091906 23 -0.49
25091906 23 -0.46
26091906 23 -0.43
27091906 23 -0.43
28091906 23 -0.43
29091906 23 -0.45
30091906 23 -0.47
01101906 23 -0.49
02101906 23 -0.50
03101906 23 -0.51
04101906 23 -0.51
05101906 23 -0.49
06101906 23 -0.48
07101906 23 -0.46
08101906 23 -0.44
09101906 23 -0.42
10101906 23 -0.42
11101906 23 -0.41
12101906 23 -0.42
13101906 23 -0.44
14101906 23 -0.47
15101906 23 -0.51
16101906 23 -0.55
17101906 23 -0.57
18101906 23 -0.59
19101906 23 -0.59
20101906 23 -0.58
21101906 23 -0.56
22101906 23 -0.53
23101906 23 -0.49
24101906 23 -0.45
25101906 23 -0.42
26101906 23 -0.41
27101906 23 -0.41
28101906 23 -0.43
29101906 23 -0.45
30101906 23 -0.47
31101906 23 -0.49
01111906 23 -0.50
02111906 23 -0.50
03111906 23 -0.50
04111906 23 -0.49
05111906 23 -0.48
06111906 23 -0.46
07111906 23 -0.45
08111906 23 -0.44
09111906 23 -0.43
10111906 23 -0.43
11111906 23 -0.45
12111906 23 -0.47
13111906 23 -0.51
14111906 23 -0.54
15111906 23 -0.57
16111906 23 -0.59
17111906 23 -0.59
18111906 23 -0.58
19111906 23 -0.56
20111906 23 -0.52
21111906 23 -0.48
22111906 23 -0.45
23111906 23 -0.42
24111906 23 -0.40
25111906 23 -0.40
26111906 23 -0.41
27111906 23 -0.43
28111906 23 -0.45
29111906 23 -0.47
30111906 23 -0.49
01121906 23 -0.50
02121906 23 -0.51
03121906 23 -0.51
04121906 23 -0.50
05121906 23 -0.49
06121906 23 -0.47
07121906 23 -0.46
08121906 23 -0.45
09121906 23 -0.44
10121906 23 -0.45
11121906 23 -0.47
12121906 23 -0.50
13121906 23 -0.54
14121906 23 -0.56
15121906 23 -0.58
16121906 23 -0.58
17121906 23 -0.57
18121906 23 -0.55
19121906 23 -0.52
20121906 23 -0.48
21121906 23 -0.45
22121906 23 -0.41
23121906 23 -0.39
24121906 23 -0.39
25121906 23 -0.39
26121906 23 -0.41
27121906 23 -0.43
28121906 23 -0.46
29121906 23 -0.49
30121906 23 -0.51
31121906 23 -0.52
