01011900 23 -0.58
02011900 23 -0.59
03011900 23 -0.58
04011900 23 -0.56
05011900 23 -0.53
06011900 23 -0.50
07011900 23 -0.47
08011900 23 -0.44
09011900 23 -0.43
10011900 23 -0.43
11011900 23 -0.44
12011900 23 -0.45
13011900 23 -0.47
14011900 23 -0.48
15011900 23 -0.49
16011900 23 -0.50
17011900 23 -0.50
18011900 23 -0.49
19011900 23 -0.47
20011900 23 -0.46
21011900 23 -0.44
22011900 23 -0.43
23011900 23 -0.42
24011900 23 -0.42
25011900 23 -0.44
26011900 23 -0.47
27011900 23 -0.50
28011900 23 -0.54
29011900 23 -0.56
30011900 23 -0.58
31011900 23 -0.58
01021900 23 -0.58
02021900 23 -0.56
03021900 23 -0.54
04021900 23 -0.50
05021900 23 -0.47
06021900 23 -0.44
07021900 23 -0.42
08021900 23 -0.41
09021900 23 -0.41
10021900 23 -0.43
11021900 23 -0.45
12021900 23 -0.46
13021900 23 -0.48
14021900 23 -0.49
15021900 23 -0.50
16021900 23 -0.50
17021900 23 -0.49
18021900 23 -0.48
19021900 23 -0.47
20021900 23 -0.45
21021900 23 -0.44
22021900 23 -0.44
23021900 23 -0.45
24021900 23 -0.47
25021900 23 -0.50
26021900 23 -0.53
27021900 23 -0.55
28021900 23 -0.57
01031900 23 -0.57
02031900 23 -0.57
03031900 23 -0.56
04031900 23 -0.54
05031900 23 -0.51
06031900 23 -0.47
07031900 23 -0.44
08031900 23 -0.41
09031900 23 -0.40
10031900 23 -0.40
11031900 23 -0.41
12031900 23 -0.43
13031900 23 -0.45
14031900 23 -0.47
15031900 23 -0.49
16031900 23 -0.50
17031900 23 -0.51
18031900 23 -0.51
19031900 23 -0.50
20031900 23 -0.49
21031900 23 -0.48
22031900 23 -0.47
23031900 23 -0.46
24031900 23 -0.46
25031900 23 -0.47
26031900 23 -0.49
27031900 23 -0.51
28031900 23 -0.54
29031900 23 -0.55
30031900 23 -0.56
31031900 23 -0.56
01041900 23 -0.55
02041900 23 -0.53
03041900 23 -0.51
04041900 23 -0.48
05041900 23 -0.44
06041900 23 -0.41
07041900 23 -0.39
08041900 23 -0.39
09041900 23 -0.39
10041900 23 -0.41
11041900 23 -0.44
12041900 23 -0.46
13041900 23 -0.48
14041900 23 -0.50
15041900 23 -0.52
16041900 23 -0.53
17041900 23 -0.53
18041900 23 -0.52
19041900 23 -0.51
20041900 23 -0.49
21041900 23 -0.48
22041900 23 -0.47
23041900 23 -0.47
24041900 23 -0.48
25041900 23 -0.50
26041900 23 -0.51
27041900 23 -0.53
28041900 23 -0.54
29041900 23 -0.54
30041900 23 -0.54
01051900 23 -0.53
02051900 23 -0.51
03051900 23 -0.48
04051900 23 -0.44
05051900 23 -0.41
06051900 23 -0.39
07051900 23 -0.38
08051900 23 -0.39
09051900 23 -0.41
10051900 23 -0.43
11051900 23 -0.46
12051900 23 -0.48
13051900 23 -0.51
14051900 23 -0.53
15051900 23 -0.55
16051900 23 -0.55
17051900 23 -0.55
18051900 23 -0.54
19051900 23 -0.52
20051900 23 -0.50
21051900 23 -0.48
22051900 23 -0.47
23051900 23 -0.47
24051900 23 -0.48
25051900 23 -0.49
26051900 23 -0.50
27051900 23 -0.51
28051900 23 -0.52
29051900 23 -0.53
30051900 23 -0.52
31051900 23 -0.51
01061900 23 -0.48
02061900 23 -0.45
03061900 23 -0.42
04061900 23 -0.40
05061900 23 -0.39
06061900 23 -0.40
07061900 23 -0.41
08061900 23 -0.43
09061900 23 -0.45
10061900 23 -0.48
11061900 23 -0.51
12061900 23 -0.54
13061900 23 -0.56
14061900 23 -0.57
15061900 23 -0.57
16061900 23 -0.56
17061900 23 -0.54
18061900 23 -0.52
19061900 23 -0.49
20061900 23 -0.47
21061900 23 -0.46
22061900 23 -0.45
23061900 23 -0.46
24061900 23 -0.47
25061900 23 -0.49
26061900 23 -0.50
27061900 23 -0.51
28061900 23 -0.51
29061900 23 -0.50
30061900 23 -0.49
01071900 23 -0.46
02071900 23 -0.44
03071900 23 -0.42
04071900 23 -0.41
05071900 23 -0.41
06071900 23 -0.41
07071900 23 -0.43
08071900 23 -0.45
09071900 23 -0.48
10071900 23 -0.51
11071900 23 -0.54
12071900 23 -0.57
13071900 23 -0.58
14071900 23 -0.58
15071900 23 -0.58
16071900 23 -0.55
17071900 23 -0.53
18071900 23 -0.49
19071900 23 -0.46
20071900 23 -0.44
21071900 23 -0.43
22071900 23 -0.43
23071900 23 -0.44
24071900 23 -0.46
25071900 23 -0.48
26071900 23 -0.49
27071900 23 -0.50
28071900 23 -0.50
29071900 23 -0.49
30071900 23 -0.48
31071900 23 -0.46
01081900 23 -0.44
02081900 23 -0.43
03081900 23 -0.42
04081900 23 -0.42
05081900 23 -0.43
06081900 23 -0.45
07081900 23 -0.47
08081900 23 -0.51
09081900 23 -0.54
10081900 23 -0.57
11081900 23 -0.59
12081900 23 -0.59
13081900 23 -0.58
14081900 23 -0.56
15081900 23 -0.53
16081900 23 -0.49
17081900 23 -0.45
18081900 23 -0.43
19081900 23 -0.41
20081900 23 -0.41
21081900 23 -0.42
22081900 23 -0.44
23081900 23 -0.46
24081900 23 -0.48
25081900 23 -0.49
26081900 23 -0.50
27081900 23 -0.50
28081900 23 -0.50
29081900 23 -0.48
30081900 23 -0.47
31081900 23 -0.45
01091900 23 -0.44
02091900 23 -0.44
03091900 23 -0.44
04091900 23 -0.45
05091900 23 -0.47
06091900 23 -0.50
07091900 23 -0.54
08091900 23 -0.57
09091900 23 -0.58
10091900 23 -0.59
11091900 23 -0.58
12091900 23 -0.56
13091900 23 -0.53
14091900 23 -0.49
15091900 23 -0.45
16091900 23 -0.42
17091900 23 -0.40
18091900 23 -0.39
19091900 23 -0.40
20091900 23 -0.42
21091900 23 -0.44
22091900 23 -0.47
23091900 23 -0.49
24091900 23 -0.51
25091900 23 -0.51
26091900 23 -0.51
27091900 23 -0.51
28091900 23 -0.49
29091900 23 -0.48
30091900 23 -0.47
01101900 23 -0.46
02101900 23 -0.45
03101900 23 -0.45
04101900 23 -0.47
05101900 23 -0.50
06101900 23 -0.53
07101900 23 -0.56
08101900 23 -0.58
09101900 23 -0.58
10101900 23 -0.58
11101900 23 -0.55
12101900 23 -0.52
13101900 23 -0.48
14101900 23 -0.44
15101900 23 -0.41
16101900 23 -0.39
17101900 23 -0.38
18101900 23 -0.39
19101900 23 -0.41
20101900 23 -0.43
21101900 23 -0.46
22101900 23 -0.48
23101900 23 -0.51
24101900 23 -0.52
25101900 23 -0.53
26101900 23 -0.53
27101900 23 -0.52
28101900 23 -0.51
29101900 23 -0.49
30101900 23 -0.47
31101900 23 -0.46
01111900 23 -0.45
02111900 23 -0.46
03111900 23 -0.48
04111900 23 -0.51
05111900 23 -0.54
06111900 23 -0.56
07111900 23 -0.57
08111900 23 -0.56
09111900 23 -0.54
10111900 23 -0.51
11111900 23 -0.48
12111900 23 -0.44
13111900 23 -0.41
14111900 23 -0.39
15111900 23 -0.38
16111900 23 -0.38
17111900 23 -0.40
18111900 23 -0.42
19111900 23 -0.45
20111900 23 -0.48
21111900 23 -0.51
22111900 23 -0.54
23111900 23 -0.55
24111900 23 -0.55
25111900 23 -0.54
26111900 23 -0.53
27111900 23 -0.51
28111900 23 -0.48
29111900 23 -0.46
30111900 23 -0.45
01121900 23 -0.46
02121900 23 -0.47
03121900 23 -0.50
04121900 23 -0.52
05121900 23 -0.54
06121900 23 -0.55
07121900 23 -0.54
08121900 23 -0.53
09121900 23 -0.51
10121900 23 -0.48
11121900 23 -0.45
12121900 23 -0.42
13121900 23 -0.40
14121900 23 -0.38
15121900 23 -0.38
16121900 23 -0.39
17121900 23 -0.42
18121900 23 -0.45
19121900 23 -0.49
20121900 23 -0.52
21121900 23 -0.55
22121900 23 -0.56
23121900 23 -0.57
24121900 23 -0.56
25121900 23 -0.55
26121900 23 -0.52
27121900 23 -0.50
28121900 23 -0.47
29121900 23 -0.45
30121900 23 -0.45
31121900 23 -0.46
