01011902 23 -0.40
02011902 23 -0.38
03011902 23 -0.38
04011902 23 -0.39
05011902 23 -0.41
06011902 23 -0.44
07011902 23 -0.48
08011902 23 -0.51
09011902 23 -0.53
10011902 23 -0.54
11011902 23 -0.55
12011902 23 -0.54
13011902 23 -0.53
14011902 23 -0.51
15011902 23 -0.49
16011902 23 -0.47
17011902 23 -0.46
18011902 23 -0.46
19011902 23 -0.47
20011902 23 -0.50
21011902 23 -0.52
22011902 23 -0.53
23011902 23 -0.54
24011902 23 -0.54
25011902 23 -0.53
26011902 23 -0.51
27011902 23 -0.49
28011902 23 -0.46
29011902 23 -0.43
30011902 23 -0.40
31011902 23 -0.39
01021902 23 -0.38
02021902 23 -0.39
03021902 23 -0.41
04021902 23 -0.44
05021902 23 -0.48
06021902 23 -0.51
07021902 23 -0.53
08021902 23 -0.55
09021902 23 -0.56
10021902 23 -0.56
11021902 23 -0.55
12021902 23 -0.53
13021902 23 -0.51
14021902 23 -0.48
15021902 23 -0.47
16021902 23 -0.46
17021902 23 -0.46
18021902 23 -0.48
19021902 23 -0.49
20021902 23 -0.51
21021902 23 -0.51
22021902 23 -0.52
23021902 23 -0.51
24021902 23 -0.50
25021902 23 -0.49
26021902 23 -0.46
27021902 23 -0.44
28021902 23 -0.42
01031902 23 -0.40
02031902 23 -0.39
03031902 23 -0.40
04031902 23 -0.42
05031902 23 -0.44
06031902 23 -0.48
07031902 23 -0.51
08031902 23 -0.53
09031902 23 -0.56
10031902 23 -0.57
11031902 23 -0.57
12031902 23 -0.57
13031902 23 -0.55
14031902 23 -0.52
15031902 23 -0.50
16031902 23 -0.47
17031902 23 -0.45
18031902 23 -0.45
19031902 23 -0.45
20031902 23 -0.46
21031902 23 -0.47
22031902 23 -0.49
23031902 23 -0.49
24031902 23 -0.50
25031902 23 -0.50
26031902 23 -0.49
27031902 23 -0.47
28031902 23 -0.45
29031902 23 -0.43
30031902 23 -0.42
31031902 23 -0.41
01041902 23 -0.41
02041902 23 -0.42
03041902 23 -0.45
04041902 23 -0.48
05041902 23 -0.51
06041902 23 -0.53
07041902 23 -0.56
08041902 23 -0.57
09041902 23 -0.58
10041902 23 -0.57
11041902 23 -0.56
12041902 23 -0.53
13041902 23 -0.50
14041902 23 -0.47
15041902 23 -0.45
16041902 23 -0.43
17041902 23 -0.43
18041902 23 -0.43
19041902 23 -0.45
20041902 23 -0.46
21041902 23 -0.47
22041902 23 -0.49
23041902 23 -0.49
24041902 23 -0.49
25041902 23 -0.49
26041902 23 -0.47
27041902 23 -0.46
28041902 23 -0.44
29041902 23 -0.43
30041902 23 -0.43
01051902 23 -0.44
02051902 23 -0.45
03051902 23 -0.48
04051902 23 -0.50
05051902 23 -0.53
06051902 23 -0.55
07051902 23 -0.57
08051902 23 -0.58
09051902 23 -0.58
10051902 23 -0.56
11051902 23 -0.54
12051902 23 -0.51
13051902 23 -0.48
14051902 23 -0.44
15051902 23 -0.42
16051902 23 -0.41
17051902 23 -0.41
18051902 23 -0.42
19051902 23 -0.44
20051902 23 -0.46
21051902 23 -0.47
22051902 23 -0.49
23051902 23 -0.50
24051902 23 -0.50
25051902 23 -0.50
26051902 23 -0.48
27051902 23 -0.47
28051902 23 -0.46
29051902 23 -0.45
30051902 23 -0.45
31051902 23 -0.46
01061902 23 -0.48
02061902 23 -0.49
03061902 23 -0.52
04061902 23 -0.54
05061902 23 -0.56
06061902 23 -0.57
07061902 23 -0.57
08061902 23 -0.57
09061902 23 -0.55
10061902 23 -0.51
11061902 23 -0.48
12061902 23 -0.44
13061902 23 -0.41
14061902 23 -0.40
15061902 23 -0.39
16061902 23 -0.40
17061902 23 -0.42
18061902 23 -0.44
19061902 23 -0.46
20061902 23 -0.48
21061902 23 -0.50
22061902 23 -0.51
23061902 23 -0.52
24061902 23 -0.51
25061902 23 -0.50
26061902 23 -0.49
27061902 23 -0.48
28061902 23 -0.47
29061902 23 -0.47
30061902 23 -0.47
01071902 23 -0.48
02071902 23 -0.50
03071902 23 -0.52
04071902 23 -0.54
05071902 23 -0.56
06071902 23 -0.56
07071902 23 -0.56
08071902 23 -0.54
09071902 23 -0.51
10071902 23 -0.48
11071902 23 -0.44
12071902 23 -0.41
13071902 23 -0.39
14071902 23 -0.39
15071902 23 -0.39
16071902 23 -0.41
17071902 23 -0.43
18071902 23 -0.46
19071902 23 -0.48
20071902 23 -0.51
21071902 23 -0.53
22071902 23 -0.54
23071902 23 -0.54
24071902 23 -0.53
25071902 23 -0.52
26071902 23 -0.50
27071902 23 -0.49
28071902 23 -0.47
29071902 23 -0.46
30071902 23 -0.47
31071902 23 -0.48
01081902 23 -0.50
02081902 23 -0.52
03081902 23 -0.54
04081902 23 -0.55
05081902 23 -0.55
06081902 23 -0.54
07081902 23 -0.51
08081902 23 -0.48
09081902 23 -0.44
10081902 23 -0.41
11081902 23 -0.39
12081902 23 -0.39
13081902 23 -0.39
14081902 23 -0.40
15081902 23 -0.42
16081902 23 -0.45
17081902 23 -0.48
18081902 23 -0.52
19081902 23 -0.54
20081902 23 -0.56
21081902 23 -0.56
22081902 23 -0.56
23081902 23 -0.54
24081902 23 -0.52
25081902 23 -0.50
26081902 23 -0.47
27081902 23 -0.46
28081902 23 -0.45
29081902 23 -0.46
30081902 23 -0.48
31081902 23 -0.50
01091902 23 -0.52
02091902 23 -0.53
03091902 23 -0.54
04091902 23 -0.53
05091902 23 -0.51
06091902 23 -0.48
07091902 23 -0.45
08091902 23 -0.42
09091902 23 -0.40
10091902 23 -0.39
11091902 23 -0.39
12091902 23 -0.40
13091902 23 -0.42
14091902 23 -0.45
15091902 23 -0.49
16091902 23 -0.52
17091902 23 -0.55
18091902 23 -0.57
19091902 23 -0.58
20091902 23 -0.58
21091902 23 -0.56
22091902 23 -0.54
23091902 23 -0.50
24091902 23 -0.47
25091902 23 -0.45
26091902 23 -0.44
27091902 23 -0.44
28091902 23 -0.46
29091902 23 -0.48
30091902 23 -0.50
01101902 23 -0.51
02101902 23 -0.52
03101902 23 -0.52
04101902 23 -0.50
05101902 23 -0.48
06101902 23 -0.46
07101902 23 -0.44
08101902 23 -0.42
09101902 23 -0.41
10101902 23 -0.40
11101902 23 -0.41
12101902 23 -0.42
13101902 23 -0.45
14101902 23 -0.49
15101902 23 -0.53
16101902 23 -0.56
17101902 23 -0.58
18101902 23 -0.59
19101902 23 -0.59
20101902 23 -0.57
21101902 23 -0.54
22101902 23 -0.51
23101902 23 -0.47
24101902 23 -0.44
25101902 23 -0.42
26101902 23 -0.42
27101902 23 -0.43
28101902 23 -0.45
29101902 23 -0.47
30101902 23 -0.49
31101902 23 -0.50
01111902 23 -0.50
02111902 23 -0.50
03111902 23 -0.49
04111902 23 -0.47
05111902 23 -0.45
06111902 23 -0.44
07111902 23 -0.43
08111902 23 -0.42
09111902 23 -0.42
10111902 23 -0.43
11111902 23 -0.45
12111902 23 -0.49
13111902 23 -0.53
14111902 23 -0.56
15111902 23 -0.58
16111902 23 -0.59
17111902 23 -0.59
18111902 23 -0.57
19111902 23 -0.54
20111902 23 -0.51
21111902 23 -0.47
22111902 23 -0.44
23111902 23 -0.41
24111902 23 -0.41
25111902 23 -0.41
26111902 23 -0.43
27111902 23 -0.45
28111902 23 -0.47
29111902 23 -0.49
30111902 23 -0.50
01121902 23 -0.50
02121902 23 -0.50
03121902 23 -0.49
04121902 23 -0.48
05121902 23 -0.46
06121902 23 -0.45
07121902 23 -0.44
08121902 23 -0.43
09121902 23 -0.44
10121902 23 -0.46
11121902 23 -0.49
12121902 23 -0.53
13121902 23 -0.56
14121902 23 -0.58
15121902 23 -0.59
16121902 23 -0.58
17121902 23 -0.57
18121902 23 -0.54
19121902 23 -0.50
20121902 23 -0.47
21121902 23 -0.43
22121902 23 -0.41
23121902 23 -0.40
24121902 23 -0.40
25121902 23 -0.41
26121902 23 -0.43
27121902 23 -0.45
28121902 23 -0.48
29121902 23 -0.50
30121902 23 -0.51
31121902 23 -0.51
