01011908 23 -0.54
02011908 23 -0.57
03011908 23 -0.58
04011908 23 -0.59
05011908 23 -0.58
06011908 23 -0.56
07011908 23 -0.53
08011908 23 -0.50
09011908 23 -0.46
10011908 23 -0.43
11011908 23 -0.41
12011908 23 -0.40
13011908 23 -0.41
14011908 23 -0.42
15011908 23 -0.44
16011908 23 -0.46
17011908 23 -0.48
18011908 23 -0.50
19011908 23 -0.50
20011908 23 -0.50
21011908 23 -0.50
22011908 23 -0.49
23011908 23 -0.47
24011908 23 -0.46
25011908 23 -0.45
26011908 23 -0.44
27011908 23 -0.45
28011908 23 -0.47
29011908 23 -0.50
30011908 23 -0.53
31011908 23 -0.56
01021908 23 -0.57
02021908 23 -0.57
03021908 23 -0.57
04021908 23 -0.55
05021908 23 -0.53
06021908 23 -0.50
07021908 23 -0.46
08021908 23 -0.43
09021908 23 -0.40
10021908 23 -0.39
11021908 23 -0.39
12021908 23 -0.40
13021908 23 -0.43
14021908 23 -0.45
15021908 23 -0.47
16021908 23 -0.49
17021908 23 -0.51
18021908 23 -0.52
19021908 23 -0.52
20021908 23 -0.51
21021908 23 -0.50
22021908 23 -0.49
23021908 23 -0.47
24021908 23 -0.46
25021908 23 -0.46
26021908 23 -0.47
27021908 23 -0.49
28021908 23 -0.52
29021908 23 -0.54
01031908 23 -0.55
02031908 23 -0.56
03031908 23 -0.55
04031908 23 -0.54
05031908 23 -0.52
06031908 23 -0.50
07031908 23 -0.46
08031908 23 -0.43
09031908 23 -0.40
10031908 23 -0.39
11031908 23 -0.38
12031908 23 -0.39
13031908 23 -0.41
14031908 23 -0.44
15031908 23 -0.47
16031908 23 -0.49
17031908 23 -0.51
18031908 23 -0.53
19031908 23 -0.54
20031908 23 -0.54
21031908 23 -0.53
22031908 23 -0.51
23031908 23 -0.50
24031908 23 -0.48
25031908 23 -0.47
26031908 23 -0.47
27031908 23 -0.48
28031908 23 -0.50
29031908 23 -0.51
30031908 23 -0.53
31031908 23 -0.53
01041908 23 -0.53
02041908 23 -0.53
03041908 23 -0.52
04041908 23 -0.50
05041908 23 -0.47
06041908 23 -0.44
07041908 23 -0.41
08041908 23 -0.39
09041908 23 -0.38
10041908 23 -0.39
11041908 23 -0.41
12041908 23 -0.44
13041908 23 -0.46
14041908 23 -0.49
15041908 23 -0.52
16041908 23 -0.54
17041908 23 -0.55
18041908 23 -0.56
19041908 23 -0.55
20041908 23 -0.54
21041908 23 -0.52
22041908 23 -0.50
23041908 23 -0.48
24041908 23 -0.47
25041908 23 -0.47
26041908 23 -0.47
27041908 23 -0.48
28041908 23 -0.50
29041908 23 -0.51
30041908 23 -0.51
01051908 23 -0.52
02051908 23 -0.51
03051908 23 -0.50
04051908 23 -0.47
05051908 23 -0.45
06051908 23 -0.42
07051908 23 -0.40
08051908 23 -0.39
09051908 23 -0.40
10051908 23 -0.41
11051908 23 -0.44
12051908 23 -0.46
13051908 23 -0.49
14051908 23 -0.52
15051908 23 -0.54
16051908 23 -0.56
17051908 23 -0.57
18051908 23 -0.57
19051908 23 -0.56
20051908 23 -0.54
21051908 23 -0.51
22051908 23 -0.48
23051908 23 -0.46
24051908 23 -0.45
25051908 23 -0.45
26051908 23 -0.46
27051908 23 -0.47
28051908 23 -0.48
29051908 23 -0.49
30051908 23 -0.50
31051908 23 -0.50
01061908 23 -0.50
02061908 23 -0.48
03061908 23 -0.46
04061908 23 -0.44
05061908 23 -0.42
06061908 23 -0.41
07061908 23 -0.41
08061908 23 -0.42
09061908 23 -0.44
10061908 23 -0.46
11061908 23 -0.49
12061908 23 -0.52
13061908 23 -0.55
14061908 23 -0.57
15061908 23 -0.58
16061908 23 -0.58
17061908 23 -0.57
18061908 23 -0.55
19061908 23 -0.52
20061908 23 -0.49
21061908 23 -0.46
22061908 23 -0.44
23061908 23 -0.43
24061908 23 -0.43
25061908 23 -0.44
26061908 23 -0.46
27061908 23 -0.47
28061908 23 -0.49
29061908 23 -0.50
30061908 23 -0.50
01071908 23 -0.49
02071908 23 -0.48
03071908 23 -0.46
04071908 23 -0.45
05071908 23 -0.44
06071908 23 -0.43
07071908 23 -0.43
08071908 23 -0.44
09071908 23 -0.46
10071908 23 -0.48
11071908 23 -0.51
12071908 23 -0.54
13071908 23 -0.57
14071908 23 -0.58
15071908 23 -0.59
16071908 23 -0.58
17071908 23 -0.56
18071908 23 -0.52
19071908 23 -0.49
20071908 23 -0.45
21071908 23 -0.42
22071908 23 -0.41
23071908 23 -0.41
24071908 23 -0.42
25071908 23 -0.43
26071908 23 -0.45
27071908 23 -0.47
28071908 23 -0.49
29071908 23 -0.50
30071908 23 -0.51
31071908 23 -0.50
01081908 23 -0.49
02081908 23 -0.48
03081908 23 -0.46
04081908 23 -0.45
05081908 23 -0.45
06081908 23 -0.45
07081908 23 -0.46
08081908 23 -0.48
09081908 23 -0.50
10081908 23 -0.53
11081908 23 -0.56
12081908 23 -0.58
13081908 23 -0.59
14081908 23 -0.58
15081908 23 -0.56
16081908 23 -0.52
17081908 23 -0.48
18081908 23 -0.44
19081908 23 -0.41
20081908 23 -0.40
21081908 23 -0.39
22081908 23 -0.40
23081908 23 -0.42
24081908 23 -0.44
25081908 23 -0.46
26081908 23 -0.49
27081908 23 -0.51
28081908 23 -0.52
29081908 23 -0.52
30081908 23 -0.51
31081908 23 -0.50
01091908 23 -0.49
02091908 23 -0.48
03091908 23 -0.46
04091908 23 -0.46
05091908 23 -0.46
06091908 23 -0.47
07091908 23 -0.49
08091908 23 -0.52
09091908 23 -0.55
10091908 23 -0.57
11091908 23 -0.58
12091908 23 -0.57
13091908 23 -0.55
14091908 23 -0.52
15091908 23 -0.48
16091908 23 -0.44
17091908 23 -0.41
18091908 23 -0.39
19091908 23 -0.38
20091908 23 -0.39
21091908 23 -0.40
22091908 23 -0.43
23091908 23 -0.46
24091908 23 -0.49
25091908 23 -0.51
26091908 23 -0.53
27091908 23 -0.54
28091908 23 -0.54
29091908 23 -0.53
30091908 23 -0.51
01101908 23 -0.50
02101908 23 -0.48
03101908 23 -0.46
04101908 23 -0.46
05101908 23 -0.46
06101908 23 -0.48
07101908 23 -0.51
08101908 23 -0.53
09101908 23 -0.55
10101908 23 -0.56
11101908 23 -0.56
12101908 23 -0.54
13101908 23 -0.51
14101908 23 -0.47
15101908 23 -0.44
16101908 23 -0.41
17101908 23 -0.39
18101908 23 -0.38
19101908 23 -0.38
20101908 23 -0.40
21101908 23 -0.42
22101908 23 -0.45
23101908 23 -0.49
24101908 23 -0.52
25101908 23 -0.54
26101908 23 -0.56
27101908 23 -0.56
28101908 23 -0.55
29101908 23 -0.54
30101908 23 -0.52
31101908 23 -0.49
01111908 23 -0.47
02111908 23 -0.45
03111908 23 -0.45
04111908 23 -0.46
05111908 23 -0.49
06111908 23 -0.51
07111908 23 -0.53
08111908 23 -0.54
09111908 23 -0.54
10111908 23 -0.52
11111908 23 -0.50
12111908 23 -0.47
13111908 23 -0.45
14111908 23 -0.42
15111908 23 -0.40
16111908 23 -0.39
17111908 23 -0.39
18111908 23 -0.40
19111908 23 -0.42
20111908 23 -0.45
21111908 23 -0.49
22111908 23 -0.53
23111908 23 -0.55
24111908 23 -0.57
25111908 23 -0.58
26111908 23 -0.57
27111908 23 -0.55
28111908 23 -0.53
29111908 23 -0.50
30111908 23 -0.47
01121908 23 -0.45
02121908 23 -0.44
03121908 23 -0.45
04121908 23 -0.47
05121908 23 -0.49
06121908 23 -0.51
07121908 23 -0.52
08121908 23 -0.52
09121908 23 -0.51
10121908 23 -0.50
11121908 23 -0.48
12121908 23 -0.46
13121908 23 -0.43
14121908 23 -0.41
15121908 23 -0.40
16121908 23 -0.39
17121908 23 -0.40
18121908 23 -0.42
19121908 23 -0.45
20121908 23 -0.49
21121908 23 -0.53
22121908 23 -0.56
23121908 23 -0.58
24121908 23 -0.58
25121908 23 -0.58
26121908 23 -0.56
27121908 23 -0.54
28121908 23 -0.50
29121908 23 -0.47
30121908 23 -0.45
31121908 23 -0.43
