01011975 23 -0.55
02011975 23 -0.52
03011975 23 -0.48
04011975 23 -0.45
05011975 23 -0.43
06011975 23 -0.42
07011975 23 -0.42
08011975 23 -0.44
09011975 23 -0.45
10011975 23 -0.47
11011975 23 -0.49
12011975 23 -0.50
13011975 23 -0.50
14011975 23 -0.49
15011975 23 -0.48
16011975 23 -0.47
17011975 23 -0.45
18011975 23 -0.44
19011975 23 -0.43
20011975 23 -0.42
21011975 23 -0.43
22011975 23 -0.45
23011975 23 -0.48
24011975 23 -0.52
25011975 23 -0.55
26011975 23 -0.57
27011975 23 -0.58
28011975 23 -0.58
29011975 23 -0.57
30011975 23 -0.55
31011975 23 -0.52
01021975 23 -0.49
02021975 23 -0.45
03021975 23 -0.43
04021975 23 -0.41
05021975 23 -0.41
06021975 23 -0.42
07021975 23 -0.43
08021975 23 -0.45
09021975 23 -0.47
10021975 23 -0.49
11021975 23 -0.50
12021975 23 -0.50
13021975 23 -0.50
14021975 23 -0.49
15021975 23 -0.48
16021975 23 -0.46
17021975 23 -0.45
18021975 23 -0.44
19021975 23 -0.45
20021975 23 -0.46
21021975 23 -0.48
22021975 23 -0.51
23021975 23 -0.54
24021975 23 -0.56
25021975 23 -0.57
26021975 23 -0.57
27021975 23 -0.57
28021975 23 -0.55
01031975 23 -0.52
02031975 23 -0.49
03031975 23 -0.45
04031975 23 -0.42
05031975 23 -0.40
06031975 23 -0.39
07031975 23 -0.40
08031975 23 -0.41
09031975 23 -0.43
10031975 23 -0.46
11031975 23 -0.48
12031975 23 -0.49
13031975 23 -0.51
14031975 23 -0.51
15031975 23 -0.51
16031975 23 -0.51
17031975 23 -0.49
18031975 23 -0.48
19031975 23 -0.47
20031975 23 -0.46
21031975 23 -0.47
22031975 23 -0.48
23031975 23 -0.50
24031975 23 -0.52
25031975 23 -0.54
26031975 23 -0.55
27031975 23 -0.56
28031975 23 -0.55
29031975 23 -0.54
30031975 23 -0.52
31031975 23 -0.49
01041975 23 -0.46
02041975 23 -0.43
03041975 23 -0.40
04041975 23 -0.39
05041975 23 -0.39
06041975 23 -0.40
07041975 23 -0.42
08041975 23 -0.45
09041975 23 -0.47
10041975 23 -0.50
11041975 23 -0.51
12041975 23 -0.53
13041975 23 -0.53
14041975 23 -0.53
15041975 23 -0.52
16041975 23 -0.51
17041975 23 -0.49
18041975 23 -0.48
19041975 23 -0.47
20041975 23 -0.48
21041975 23 -0.49
22041975 23 -0.50
23041975 23 -0.52
24041975 23 -0.53
25041975 23 -0.54
26041975 23 -0.54
27041975 23 -0.53
28041975 23 -0.52
29041975 23 -0.49
30041975 23 -0.46
01051975 23 -0.43
02051975 23 -0.40
03051975 23 -0.39
04051975 23 -0.39
05051975 23 -0.40
06051975 23 -0.42
07051975 23 -0.44
08051975 23 -0.47
09051975 23 -0.50
10051975 23 -0.52
11051975 23 -0.54
12051975 23 -0.55
13051975 23 -0.55
14051975 23 -0.55
15051975 23 -0.53
16051975 23 -0.51
17051975 23 -0.49
18051975 23 -0.48
19051975 23 -0.47
20051975 23 -0.47
21051975 23 -0.48
22051975 23 -0.49
23051975 23 -0.50
24051975 23 -0.51
25051975 23 -0.52
26051975 23 -0.52
27051975 23 -0.51
28051975 23 -0.50
29051975 23 -0.47
30051975 23 -0.44
31051975 23 -0.41
01061975 23 -0.40
02061975 23 -0.39
03061975 23 -0.40
04061975 23 -0.42
05061975 23 -0.44
06061975 23 -0.47
07061975 23 -0.50
08061975 23 -0.52
09061975 23 -0.55
10061975 23 -0.57
11061975 23 -0.57
12061975 23 -0.57
13061975 23 -0.55
14061975 23 -0.53
15061975 23 -0.50
16061975 23 -0.48
17061975 23 -0.46
18061975 23 -0.45
19061975 23 -0.45
20061975 23 -0.46
21061975 23 -0.47
22061975 23 -0.49
23061975 23 -0.50
24061975 23 -0.51
25061975 23 -0.51
26061975 23 -0.50
27061975 23 -0.48
28061975 23 -0.45
29061975 23 -0.43
30061975 23 -0.42
01071975 23 -0.41
02071975 23 -0.41
03071975 23 -0.42
04071975 23 -0.44
05071975 23 -0.46
06071975 23 -0.49
07071975 23 -0.52
08071975 23 -0.55
09071975 23 -0.57
10071975 23 -0.58
11071975 23 -0.58
12071975 23 -0.57
13071975 23 -0.54
14071975 23 -0.51
15071975 23 -0.48
16071975 23 -0.45
17071975 23 -0.43
18071975 23 -0.43
19071975 23 -0.43
20071975 23 -0.45
21071975 23 -0.47
22071975 23 -0.48
23071975 23 -0.50
24071975 23 -0.50
25071975 23 -0.50
26071975 23 -0.49
27071975 23 -0.47
28071975 23 -0.46
29071975 23 -0.44
30071975 23 -0.43
31071975 23 -0.43
01081975 23 -0.43
02081975 23 -0.44
03081975 23 -0.46
04081975 23 -0.49
05081975 23 -0.52
06081975 23 -0.55
07081975 23 -0.58
08081975 23 -0.59
09081975 23 -0.59
10081975 23 -0.58
11081975 23 -0.55
12081975 23 -0.51
13081975 23 -0.47
14081975 23 -0.44
15081975 23 -0.42
16081975 23 -0.41
17081975 23 -0.41
18081975 23 -0.43
19081975 23 -0.44
20081975 23 -0.47
21081975 23 -0.48
22081975 23 -0.50
23081975 23 -0.51
24081975 23 -0.50
25081975 23 -0.49
26081975 23 -0.48
27081975 23 -0.47
28081975 23 -0.45
29081975 23 -0.44
30081975 23 -0.44
31081975 23 -0.45
01091975 23 -0.46
02091975 23 -0.48
03091975 23 -0.52
04091975 23 -0.55
05091975 23 -0.57
06091975 23 -0.59
07091975 23 -0.59
08091975 23 -0.57
09091975 23 -0.55
10091975 23 -0.51
11091975 23 -0.47
12091975 23 -0.43
13091975 23 -0.40
14091975 23 -0.39
15091975 23 -0.39
16091975 23 -0.41
17091975 23 -0.43
18091975 23 -0.45
19091975 23 -0.48
20091975 23 -0.50
21091975 23 -0.51
22091975 23 -0.52
23091975 23 -0.52
24091975 23 -0.51
25091975 23 -0.49
26091975 23 -0.48
27091975 23 -0.47
28091975 23 -0.46
29091975 23 -0.45
30091975 23 -0.46
01101975 23 -0.48
02101975 23 -0.51
03101975 23 -0.54
04101975 23 -0.56
05101975 23 -0.58
06101975 23 -0.58
07101975 23 -0.57
08101975 23 -0.54
09101975 23 -0.50
10101975 23 -0.46
11101975 23 -0.43
12101975 23 -0.40
13101975 23 -0.39
14101975 23 -0.38
15101975 23 -0.39
16101975 23 -0.41
17101975 23 -0.44
18101975 23 -0.47
19101975 23 -0.50
20101975 23 -0.52
21101975 23 -0.53
22101975 23 -0.54
23101975 23 -0.53
24101975 23 -0.52
25101975 23 -0.50
26101975 23 -0.49
27101975 23 -0.47
28101975 23 -0.46
29101975 23 -0.46
30101975 23 -0.47
31101975 23 -0.49
01111975 23 -0.52
02111975 23 -0.55
03111975 23 -0.56
04111975 23 -0.56
05111975 23 -0.55
06111975 23 -0.53
07111975 23 -0.50
08111975 23 -0.46
09111975 23 -0.43
10111975 23 -0.40
11111975 23 -0.39
12111975 23 -0.38
13111975 23 -0.39
14111975 23 -0.40
15111975 23 -0.43
16111975 23 -0.47
17111975 23 -0.50
18111975 23 -0.53
19111975 23 -0.55
20111975 23 -0.55
21111975 23 -0.55
22111975 23 -0.54
23111975 23 -0.52
24111975 23 -0.50
25111975 23 -0.48
26111975 23 -0.46
27111975 23 -0.45
28111975 23 -0.46
29111975 23 -0.48
30111975 23 -0.50
01121975 23 -0.53
02121975 23 -0.54
03121975 23 -0.54
04121975 23 -0.53
05121975 23 -0.52
06121975 23 -0.49
07121975 23 -0.46
08121975 23 -0.43
09121975 23 -0.41
10121975 23 -0.39
11121975 23 -0.38
12121975 23 -0.39
13121975 23 -0.40
14121975 23 -0.43
15121975 23 -0.47
16121975 23 -0.50
17121975 23 -0.54
18121975 23 -0.56
19121975 23 -0.57
20121975 23 -0.57
21121975 23 -0.56
22121975 23 -0.54
23121975 23 -0.51
24121975 23 -0.49
25121975 23 -0.46
26121975 23 -0.45
27121975 23 -0.45
28121975 23 -0.46
29121975 23 -0.48
30121975 23 -0.50
31121975 23 -0.51
