01011979 23 -0.91
02011979 23 -0.91
03011979 23 -0.90
04011979 23 -0.90
05011979 23 -0.90
06011979 23 -0.91
07011979 23 -0.91
08011979 23 -0.91
09011979 23 -0.91
10011979 23 -0.90
11011979 23 -0.89
12011979 23 -0.87
13011979 23 -0.86
14011979 23 -0.85
15011979 23 -0.83
16011979 23 -0.86
17011979 23 -0.89
18011979 23 -0.89
19011979 23 -0.88
20011979 23 -0.90
21011979 23 -0.90
22011979 23 -0.89
23011979 23 -0.88
24011979 23 -0.87
25011979 23 -0.85
26011979 23 -0.84
27011979 23 -0.82
28011979 23 -0.80
29011979 23 -0.78
30011979 23 -0.76
31011979 23 -0.75
01021979 23 -0.80
02021979 23 -0.85
03021979 23 -0.88
04021979 23 -0.88
05021979 23 -0.87
06021979 23 -0.86
07021979 23 -0.84
08021979 23 -0.83
09021979 23 -0.81
10021979 23 -0.79
11021979 23 -0.83
12021979 23 -0.87
13021979 23 -0.90
14021979 23 -0.90
15021979 23 -0.88
16021979 23 -0.87
17021979 23 -0.85
18021979 23 -0.84
19021979 23 -0.82
20021979 23 -0.80
21021979 23 -0.78
22021979 23 -0.75
23021979 23 -0.73
24021979 23 -0.78
25021979 23 -0.78
26021979 23 -0.78
27021979 23 -0.82
28021979 23 -0.86
01031979 23 -0.87
02031979 23 -0.89
03031979 23 -0.90
04031979 23 -0.88
05031979 23 -0.86
06031979 23 -0.86
07031979 23 -0.89
08031979 23 -0.89
09031979 23 -0.87
10031979 23 -0.85
11031979 23 -0.84
12031979 23 -0.87
13031979 23 -0.89
14031979 23 -0.88
15031979 23 -0.89
16031979 23 -0.90
17031979 23 -0.88
18031979 23 -0.88
19031979 23 -0.90
20031979 23 -0.89
21031979 23 -0.88
22031979 23 -0.90
23031979 23 -0.89
24031979 23 -0.90
25031979 23 -0.89
26031979 23 -0.88
27031979 23 -0.90
28031979 23 -0.89
29031979 23 -0.87
30031979 23 -0.86
31031979 23 -0.89
01041979 23 -0.90
02041979 23 -0.88
03041979 23 -0.88
04041979 23 -0.90
05041979 23 -0.90
06041979 23 -0.88
07041979 23 -0.87
08041979 23 -0.85
09041979 23 -0.83
10041979 23 -0.80
11041979 23 -0.79
12041979 23 -0.83
13041979 23 -0.86
14041979 23 -0.86
15041979 23 -0.85
16041979 23 -0.82
17041979 23 -0.80
18041979 23 -0.83
19041979 23 -0.84
20041979 23 -0.83
21041979 23 -0.80
22041979 23 -0.79
23041979 23 -0.82
24041979 23 -0.83
25041979 23 -0.81
26041979 23 -0.79
27041979 23 -0.78
28041979 23 -0.83
29041979 23 -0.84
30041979 23 -0.83
01051979 23 -0.86
02051979 23 -0.87
03051979 23 -0.85
04051979 23 -0.84
05051979 23 -0.87
06051979 23 -0.88
07051979 23 -0.86
08051979 23 -0.85
09051979 23 -0.88
10051979 23 -0.88
11051979 23 -0.88
12051979 23 -0.89
13051979 23 -0.89
14051979 23 -0.89
15051979 23 -0.87
16051979 23 -0.89
17051979 23 -0.90
18051979 23 -0.89
19051979 23 -0.85
20051979 23 -0.81
21051979 23 -0.81
22051979 23 -0.86
23051979 23 -0.88
24051979 23 -0.86
25051979 23 -0.84
26051979 23 -0.81
27051979 23 -0.78
28051979 23 -0.75
29051979 23 -0.71
30051979 23 -0.67
31051979 23 -0.63
01061979 23 -0.60
02061979 23 -0.72
03061979 23 -0.79
04061979 23 -0.78
05061979 23 -0.75
06061979 23 -0.72
07061979 23 -0.69
08061979 23 -0.65
09061979 23 -0.62
10061979 23 -0.59
11061979 23 -0.59
12061979 23 -0.78
13061979 23 -0.86
14061979 23 -0.88
15061979 23 -0.87
16061979 23 -0.84
17061979 23 -0.80
18061979 23 -0.76
19061979 23 -0.72
20061979 23 -0.71
21061979 23 -0.79
22061979 23 -0.82
23061979 23 -0.83
24061979 23 -0.83
25061979 23 -0.81
26061979 23 -0.78
27061979 23 -0.78
28061979 23 -0.83
29061979 23 -0.86
30061979 23 -0.87
01071979 23 -0.84
02071979 23 -0.80
03071979 23 -0.76
04071979 23 -0.70
05071979 23 -0.65
06071979 23 -0.60
07071979 23 -0.55
08071979 23 -0.51
09071979 23 -0.47
10071979 23 -0.48
11071979 23 -0.71
12071979 23 -0.73
13071979 23 -0.65
14071979 23 -0.60
15071979 23 -0.55
16071979 23 -0.51
17071979 23 -0.68
18071979 23 -0.74
19071979 23 -0.69
20071979 23 -0.64
21071979 23 -0.60
22071979 23 -0.56
23071979 23 -0.52
24071979 23 -0.49
25071979 23 -0.45
26071979 23 -0.41
27071979 23 -0.37
28071979 23 -0.32
29071979 23 -0.27
30071979 23 -0.19
31071979 23 -0.11
01081979 23 -0.21
02081979 23 -0.73
03081979 23 -0.81
04081979 23 -0.84
05081979 23 -0.85
06081979 23 -0.84
07081979 23 -0.83
08081979 23 -0.81
09081979 23 -0.79
10081979 23 -0.75
11081979 23 -0.71
12081979 23 -0.74
13081979 23 -0.87
14081979 23 -0.92
15081979 23 -0.90
16081979 23 -0.88
17081979 23 -0.86
18081979 23 -0.83
19081979 23 -0.81
20081979 23 -0.81
21081979 23 -0.78
22081979 23 -0.77
23081979 23 -0.72
24081979 23 -0.67
25081979 23 -0.62
26081979 23 -0.57
27081979 23 -0.53
28081979 23 -0.49
29081979 23 -0.46
30081979 23 -0.73
31081979 23 -0.85
01091979 23 -0.88
02091979 23 -0.88
03091979 23 -0.89
04091979 23 -0.87
05091979 23 -0.85
06091979 23 -0.91
07091979 23 -0.93
08091979 23 -0.91
09091979 23 -0.89
10091979 23 -0.88
11091979 23 -0.87
12091979 23 -0.85
13091979 23 -0.84
14091979 23 -0.83
15091979 23 -0.79
16091979 23 -0.77
17091979 23 -0.87
18091979 23 -0.92
19091979 23 -0.92
20091979 23 -0.89
21091979 23 -0.88
22091979 23 -0.86
23091979 23 -0.86
24091979 23 -0.84
25091979 23 -0.81
26091979 23 -0.77
27091979 23 -0.72
28091979 23 -0.67
29091979 23 -0.63
30091979 23 -0.61
01101979 23 -0.66
02101979 23 -0.81
03101979 23 -0.78
04101979 23 -0.73
05101979 23 -0.67
06101979 23 -0.62
07101979 23 -0.57
08101979 23 -0.53
09101979 23 -0.49
10101979 23 -0.83
11101979 23 -0.95
12101979 23 -0.88
13101979 23 -0.86
14101979 23 -0.83
15101979 23 -0.80
16101979 23 -0.76
17101979 23 -0.72
18101979 23 -0.91
19101979 23 -0.97
20101979 23 -0.98
21101979 23 -0.97
22101979 23 -0.97
23101979 23 -0.97
24101979 23 -0.97
25101979 23 -0.95
26101979 23 -0.94
27101979 23 -0.96
28101979 23 -0.97
29101979 23 -0.96
30101979 23 -0.94
31101979 23 -0.93
01111979 23 -0.92
02111979 23 -0.93
03111979 23 -0.93
04111979 23 -0.94
05111979 23 -0.94
06111979 23 -0.94
07111979 23 -0.94
08111979 23 -0.94
09111979 23 -0.94
10111979 23 -0.94
11111979 23 -0.94
12111979 23 -0.94
13111979 23 -0.94
14111979 23 -0.95
15111979 23 -0.99
16111979 23 -1.03
17111979 23 -1.06
18111979 23 -1.07
19111979 23 -1.08
20111979 23 -1.10
21111979 23 -1.10
22111979 23 -1.10
23111979 23 -1.10
24111979 23 -1.10
25111979 23 -1.10
26111979 23 -1.10
27111979 23 -1.10
28111979 23 -1.10
29111979 23 -1.10
30111979 23 -1.11
01121979 23 -1.11
02121979 23 -1.11
03121979 23 -1.11
04121979 23 -1.10
05121979 23 -1.09
06121979 23 -1.08
07121979 23 -1.09
08121979 23 -1.08
09121979 23 -1.08
10121979 23 -1.08
11121979 23 -1.08
12121979 23 -1.09
13121979 23 -1.09
14121979 23 -1.09
15121979 23 -1.09
16121979 23 -1.09
17121979 23 -1.09
18121979 23 -1.08
19121979 23 -1.04
20121979 23 -1.01
21121979 23 -1.00
22121979 23 -1.09
23121979 23 -1.10
24121979 23 -1.04
25121979 23 -1.01
26121979 23 -0.98
27121979 23 -0.96
28121979 23 -0.96
29121979 23 -0.94
30121979 23 -0.92
31121979 23 -0.90
