01012019 23 -0.91
02012019 23 -0.91
03012019 23 -0.90
04012019 23 -0.90
05012019 23 -0.90
06012019 23 -0.91
07012019 23 -0.91
08012019 23 -0.91
09012019 23 -0.91
10012019 23 -0.90
11012019 23 -0.89
12012019 23 -0.87
13012019 23 -0.86
14012019 23 -0.85
15012019 23 -0.83
16012019 23 -0.86
17012019 23 -0.89
18012019 23 -0.89
19012019 23 -0.88
20012019 23 -0.90
21012019 23 -0.90
22012019 23 -0.89
23012019 23 -0.88
24012019 23 -0.87
25012019 23 -0.85
26012019 23 -0.84
27012019 23 -0.82
28012019 23 -0.80
29012019 23 -0.78
30012019 23 -0.76
31012019 23 -0.75
01022019 23 -0.80
02022019 23 -0.85
03022019 23 -0.88
04022019 23 -0.88
05022019 23 -0.87
06022019 23 -0.86
07022019 23 -0.84
08022019 23 -0.83
09022019 23 -0.81
10022019 23 -0.79
11022019 23 -0.83
12022019 23 -0.87
13022019 23 -0.90
14022019 23 -0.90
15022019 23 -0.88
16022019 23 -0.87
17022019 23 -0.85
18022019 23 -0.84
19022019 23 -0.82
20022019 23 -0.80
21022019 23 -0.78
22022019 23 -0.75
23022019 23 -0.73
24022019 23 -0.78
25022019 23 -0.78
26022019 23 -0.78
27022019 23 -0.82
28022019 23 -0.86
01032019 23 -0.87
02032019 23 -0.89
03032019 23 -0.90
04032019 23 -0.88
05032019 23 -0.86
06032019 23 -0.86
07032019 23 -0.89
08032019 23 -0.89
09032019 23 -0.87
10032019 23 -0.85
11032019 23 -0.84
12032019 23 -0.87
13032019 23 -0.89
14032019 23 -0.88
15032019 23 -0.89
16032019 23 -0.90
17032019 23 -0.88
18032019 23 -0.88
19032019 23 -0.90
20032019 23 -0.89
21032019 23 -0.88
22032019 23 -0.90
23032019 23 -0.89
24032019 23 -0.90
25032019 23 -0.89
26032019 23 -0.88
27032019 23 -0.90
28032019 23 -0.89
29032019 23 -0.87
30032019 23 -0.86
31032019 23 -0.89
01042019 23 -0.90
02042019 23 -0.88
03042019 23 -0.88
04042019 23 -0.90
05042019 23 -0.90
06042019 23 -0.88
07042019 23 -0.87
08042019 23 -0.85
09042019 23 -0.83
10042019 23 -0.80
11042019 23 -0.79
12042019 23 -0.83
13042019 23 -0.86
14042019 23 -0.86
15042019 23 -0.85
16042019 23 -0.82
17042019 23 -0.80
18042019 23 -0.83
19042019 23 -0.84
20042019 23 -0.83
21042019 23 -0.80
22042019 23 -0.79
23042019 23 -0.82
24042019 23 -0.83
25042019 23 -0.81
26042019 23 -0.79
27042019 23 -0.78
28042019 23 -0.83
29042019 23 -0.84
30042019 23 -0.83
01052019 23 -0.86
02052019 23 -0.87
03052019 23 -0.85
04052019 23 -0.84
05052019 23 -0.87
06052019 23 -0.88
07052019 23 -0.86
08052019 23 -0.85
09052019 23 -0.88
10052019 23 -0.88
11052019 23 -0.88
12052019 23 -0.89
13052019 23 -0.89
14052019 23 -0.89
15052019 23 -0.87
16052019 23 -0.89
17052019 23 -0.90
18052019 23 -0.89
19052019 23 -0.85
20052019 23 -0.81
21052019 23 -0.81
22052019 23 -0.86
23052019 23 -0.88
24052019 23 -0.86
25052019 23 -0.84
26052019 23 -0.81
27052019 23 -0.78
28052019 23 -0.75
29052019 23 -0.71
30052019 23 -0.67
31052019 23 -0.63
01062019 23 -0.60
02062019 23 -0.72
03062019 23 -0.79
04062019 23 -0.78
05062019 23 -0.75
06062019 23 -0.72
07062019 23 -0.69
08062019 23 -0.65
09062019 23 -0.62
10062019 23 -0.59
11062019 23 -0.59
12062019 23 -0.78
13062019 23 -0.86
14062019 23 -0.88
15062019 23 -0.87
16062019 23 -0.84
17062019 23 -0.80
18062019 23 -0.76
19062019 23 -0.72
20062019 23 -0.71
21062019 23 -0.79
22062019 23 -0.82
23062019 23 -0.83
24062019 23 -0.83
25062019 23 -0.81
26062019 23 -0.78
27062019 23 -0.78
28062019 23 -0.83
29062019 23 -0.86
30062019 23 -0.87
01072019 23 -0.84
02072019 23 -0.80
03072019 23 -0.76
04072019 23 -0.70
05072019 23 -0.65
06072019 23 -0.60
07072019 23 -0.55
08072019 23 -0.51
09072019 23 -0.47
10072019 23 -0.48
11072019 23 -0.71
12072019 23 -0.73
13072019 23 -0.65
14072019 23 -0.60
15072019 23 -0.55
16072019 23 -0.51
17072019 23 -0.68
18072019 23 -0.74
19072019 23 -0.69
20072019 23 -0.64
21072019 23 -0.60
22072019 23 -0.56
23072019 23 -0.52
24072019 23 -0.49
25072019 23 -0.45
26072019 23 -0.41
27072019 23 -0.37
28072019 23 -0.32
29072019 23 -0.27
30072019 23 -0.19
31072019 23 -0.11
01082019 23 -0.21
02082019 23 -0.73
03082019 23 -0.81
04082019 23 -0.84
05082019 23 -0.85
06082019 23 -0.84
07082019 23 -0.83
08082019 23 -0.81
09082019 23 -0.79
10082019 23 -0.75
11082019 23 -0.71
12082019 23 -0.74
13082019 23 -0.87
14082019 23 -0.92
15082019 23 -0.90
16082019 23 -0.88
17082019 23 -0.86
18082019 23 -0.83
19082019 23 -0.81
20082019 23 -0.81
21082019 23 -0.78
22082019 23 -0.77
23082019 23 -0.72
24082019 23 -0.67
25082019 23 -0.62
26082019 23 -0.57
27082019 23 -0.53
28082019 23 -0.49
29082019 23 -0.46
30082019 23 -0.73
31082019 23 -0.85
01092019 23 -0.88
02092019 23 -0.88
03092019 23 -0.89
04092019 23 -0.87
05092019 23 -0.85
06092019 23 -0.91
07092019 23 -0.93
08092019 23 -0.91
09092019 23 -0.89
10092019 23 -0.88
11092019 23 -0.87
12092019 23 -0.85
13092019 23 -0.84
14092019 23 -0.83
15092019 23 -0.79
16092019 23 -0.77
17092019 23 -0.87
18092019 23 -0.92
19092019 23 -0.92
20092019 23 -0.89
21092019 23 -0.88
22092019 23 -0.86
23092019 23 -0.86
24092019 23 -0.84
25092019 23 -0.81
26092019 23 -0.77
27092019 23 -0.72
28092019 23 -0.67
29092019 23 -0.63
30092019 23 -0.61
01102019 23 -0.66
02102019 23 -0.81
03102019 23 -0.78
04102019 23 -0.73
05102019 23 -0.67
06102019 23 -0.62
07102019 23 -0.57
08102019 23 -0.53
09102019 23 -0.49
10102019 23 -0.83
11102019 23 -0.95
12102019 23 -0.88
13102019 23 -0.86
14102019 23 -0.83
15102019 23 -0.80
16102019 23 -0.76
17102019 23 -0.72
18102019 23 -0.91
19102019 23 -0.97
20102019 23 -0.98
21102019 23 -0.97
22102019 23 -0.97
23102019 23 -0.97
24102019 23 -0.97
25102019 23 -0.95
26102019 23 -0.94
27102019 23 -0.96
28102019 23 -0.97
29102019 23 -0.96
30102019 23 -0.94
31102019 23 -0.93
01112019 23 -0.92
02112019 23 -0.93
03112019 23 -0.93
04112019 23 -0.94
05112019 23 -0.94
06112019 23 -0.94
07112019 23 -0.94
08112019 23 -0.94
09112019 23 -0.94
10112019 23 -0.94
11112019 23 -0.94
12112019 23 -0.94
13112019 23 -0.94
14112019 23 -0.95
15112019 23 -0.99
16112019 23 -1.03
17112019 23 -1.06
18112019 23 -1.07
19112019 23 -1.08
20112019 23 -1.10
21112019 23 -1.10
22112019 23 -1.10
23112019 23 -1.10
24112019 23 -1.10
25112019 23 -1.10
26112019 23 -1.10
27112019 23 -1.10
28112019 23 -1.10
29112019 23 -1.10
30112019 23 -1.11
01122019 23 -1.11
02122019 23 -1.11
03122019 23 -1.11
04122019 23 -1.10
05122019 23 -1.09
06122019 23 -1.08
07122019 23 -1.09
08122019 23 -1.08
09122019 23 -1.08
10122019 23 -1.08
11122019 23 -1.08
12122019 23 -1.09
13122019 23 -1.09
14122019 23 -1.09
15122019 23 -1.09
16122019 23 -1.09
17122019 23 -1.09
18122019 23 -1.08
19122019 23 -1.04
20122019 23 -1.01
21122019 23 -1.00
22122019 23 -1.09
23122019 23 -1.10
24122019 23 -1.04
25122019 23 -1.01
26122019 23 -0.98
27122019 23 -0.96
28122019 23 -0.96
29122019 23 -0.94
30122019 23 -0.92
31122019 23 -0.90
