01011997 23 -0.91
02011997 23 -0.91
03011997 23 -0.90
04011997 23 -0.90
05011997 23 -0.90
06011997 23 -0.91
07011997 23 -0.91
08011997 23 -0.91
09011997 23 -0.91
10011997 23 -0.90
11011997 23 -0.89
12011997 23 -0.87
13011997 23 -0.86
14011997 23 -0.85
15011997 23 -0.83
16011997 23 -0.86
17011997 23 -0.89
18011997 23 -0.89
19011997 23 -0.88
20011997 23 -0.90
21011997 23 -0.90
22011997 23 -0.89
23011997 23 -0.88
24011997 23 -0.87
25011997 23 -0.85
26011997 23 -0.84
27011997 23 -0.82
28011997 23 -0.80
29011997 23 -0.78
30011997 23 -0.76
31011997 23 -0.75
01021997 23 -0.80
02021997 23 -0.85
03021997 23 -0.88
04021997 23 -0.88
05021997 23 -0.87
06021997 23 -0.86
07021997 23 -0.84
08021997 23 -0.83
09021997 23 -0.81
10021997 23 -0.79
11021997 23 -0.83
12021997 23 -0.87
13021997 23 -0.90
14021997 23 -0.90
15021997 23 -0.88
16021997 23 -0.87
17021997 23 -0.85
18021997 23 -0.84
19021997 23 -0.82
20021997 23 -0.80
21021997 23 -0.78
22021997 23 -0.75
23021997 23 -0.73
24021997 23 -0.78
25021997 23 -0.78
26021997 23 -0.78
27021997 23 -0.82
28021997 23 -0.86
01031997 23 -0.87
02031997 23 -0.89
03031997 23 -0.90
04031997 23 -0.88
05031997 23 -0.86
06031997 23 -0.86
07031997 23 -0.89
08031997 23 -0.89
09031997 23 -0.87
10031997 23 -0.85
11031997 23 -0.84
12031997 23 -0.87
13031997 23 -0.89
14031997 23 -0.88
15031997 23 -0.89
16031997 23 -0.90
17031997 23 -0.88
18031997 23 -0.88
19031997 23 -0.90
20031997 23 -0.89
21031997 23 -0.88
22031997 23 -0.90
23031997 23 -0.89
24031997 23 -0.90
25031997 23 -0.89
26031997 23 -0.88
27031997 23 -0.90
28031997 23 -0.89
29031997 23 -0.87
30031997 23 -0.86
31031997 23 -0.89
01041997 23 -0.90
02041997 23 -0.88
03041997 23 -0.88
04041997 23 -0.90
05041997 23 -0.90
06041997 23 -0.88
07041997 23 -0.87
08041997 23 -0.85
09041997 23 -0.83
10041997 23 -0.80
11041997 23 -0.79
12041997 23 -0.83
13041997 23 -0.86
14041997 23 -0.86
15041997 23 -0.85
16041997 23 -0.82
17041997 23 -0.80
18041997 23 -0.83
19041997 23 -0.84
20041997 23 -0.83
21041997 23 -0.80
22041997 23 -0.79
23041997 23 -0.82
24041997 23 -0.83
25041997 23 -0.81
26041997 23 -0.79
27041997 23 -0.78
28041997 23 -0.83
29041997 23 -0.84
30041997 23 -0.83
01051997 23 -0.86
02051997 23 -0.87
03051997 23 -0.85
04051997 23 -0.84
05051997 23 -0.87
06051997 23 -0.88
07051997 23 -0.86
08051997 23 -0.85
09051997 23 -0.88
10051997 23 -0.88
11051997 23 -0.88
12051997 23 -0.89
13051997 23 -0.89
14051997 23 -0.89
15051997 23 -0.87
16051997 23 -0.89
17051997 23 -0.90
18051997 23 -0.89
19051997 23 -0.85
20051997 23 -0.81
21051997 23 -0.81
22051997 23 -0.86
23051997 23 -0.88
24051997 23 -0.86
25051997 23 -0.84
26051997 23 -0.81
27051997 23 -0.78
28051997 23 -0.75
29051997 23 -0.71
30051997 23 -0.67
31051997 23 -0.63
01061997 23 -0.60
02061997 23 -0.72
03061997 23 -0.79
04061997 23 -0.78
05061997 23 -0.75
06061997 23 -0.72
07061997 23 -0.69
08061997 23 -0.65
09061997 23 -0.62
10061997 23 -0.59
11061997 23 -0.59
12061997 23 -0.78
13061997 23 -0.86
14061997 23 -0.88
15061997 23 -0.87
16061997 23 -0.84
17061997 23 -0.80
18061997 23 -0.76
19061997 23 -0.72
20061997 23 -0.71
21061997 23 -0.79
22061997 23 -0.82
23061997 23 -0.83
24061997 23 -0.83
25061997 23 -0.81
26061997 23 -0.78
27061997 23 -0.78
28061997 23 -0.83
29061997 23 -0.86
30061997 23 -0.87
01071997 23 -0.84
02071997 23 -0.80
03071997 23 -0.76
04071997 23 -0.70
05071997 23 -0.65
06071997 23 -0.60
07071997 23 -0.55
08071997 23 -0.51
09071997 23 -0.47
10071997 23 -0.48
11071997 23 -0.71
12071997 23 -0.73
13071997 23 -0.65
14071997 23 -0.60
15071997 23 -0.55
16071997 23 -0.51
17071997 23 -0.68
18071997 23 -0.74
19071997 23 -0.69
20071997 23 -0.64
21071997 23 -0.60
22071997 23 -0.56
23071997 23 -0.52
24071997 23 -0.49
25071997 23 -0.45
26071997 23 -0.41
27071997 23 -0.37
28071997 23 -0.32
29071997 23 -0.27
30071997 23 -0.19
31071997 23 -0.11
01081997 23 -0.21
02081997 23 -0.73
03081997 23 -0.81
04081997 23 -0.84
05081997 23 -0.85
06081997 23 -0.84
07081997 23 -0.83
08081997 23 -0.81
09081997 23 -0.79
10081997 23 -0.75
11081997 23 -0.71
12081997 23 -0.74
13081997 23 -0.87
14081997 23 -0.92
15081997 23 -0.90
16081997 23 -0.88
17081997 23 -0.86
18081997 23 -0.83
19081997 23 -0.81
20081997 23 -0.81
21081997 23 -0.78
22081997 23 -0.77
23081997 23 -0.72
24081997 23 -0.67
25081997 23 -0.62
26081997 23 -0.57
27081997 23 -0.53
28081997 23 -0.49
29081997 23 -0.46
30081997 23 -0.73
31081997 23 -0.85
01091997 23 -0.88
02091997 23 -0.88
03091997 23 -0.89
04091997 23 -0.87
05091997 23 -0.85
06091997 23 -0.91
07091997 23 -0.93
08091997 23 -0.91
09091997 23 -0.89
10091997 23 -0.88
11091997 23 -0.87
12091997 23 -0.85
13091997 23 -0.84
14091997 23 -0.83
15091997 23 -0.79
16091997 23 -0.77
17091997 23 -0.87
18091997 23 -0.92
19091997 23 -0.92
20091997 23 -0.89
21091997 23 -0.88
22091997 23 -0.86
23091997 23 -0.86
24091997 23 -0.84
25091997 23 -0.81
26091997 23 -0.77
27091997 23 -0.72
28091997 23 -0.67
29091997 23 -0.63
30091997 23 -0.61
01101997 23 -0.66
02101997 23 -0.81
03101997 23 -0.78
04101997 23 -0.73
05101997 23 -0.67
06101997 23 -0.62
07101997 23 -0.57
08101997 23 -0.53
09101997 23 -0.49
10101997 23 -0.83
11101997 23 -0.95
12101997 23 -0.88
13101997 23 -0.86
14101997 23 -0.83
15101997 23 -0.80
16101997 23 -0.76
17101997 23 -0.72
18101997 23 -0.91
19101997 23 -0.97
20101997 23 -0.98
21101997 23 -0.97
22101997 23 -0.97
23101997 23 -0.97
24101997 23 -0.97
25101997 23 -0.95
26101997 23 -0.94
27101997 23 -0.96
28101997 23 -0.97
29101997 23 -0.96
30101997 23 -0.94
31101997 23 -0.93
01111997 23 -0.92
02111997 23 -0.93
03111997 23 -0.93
04111997 23 -0.94
05111997 23 -0.94
06111997 23 -0.94
07111997 23 -0.94
08111997 23 -0.94
09111997 23 -0.94
10111997 23 -0.94
11111997 23 -0.94
12111997 23 -0.94
13111997 23 -0.94
14111997 23 -0.95
15111997 23 -0.99
16111997 23 -1.03
17111997 23 -1.06
18111997 23 -1.07
19111997 23 -1.08
20111997 23 -1.10
21111997 23 -1.10
22111997 23 -1.10
23111997 23 -1.10
24111997 23 -1.10
25111997 23 -1.10
26111997 23 -1.10
27111997 23 -1.10
28111997 23 -1.10
29111997 23 -1.10
30111997 23 -1.11
01121997 23 -1.11
02121997 23 -1.11
03121997 23 -1.11
04121997 23 -1.10
05121997 23 -1.09
06121997 23 -1.08
07121997 23 -1.09
08121997 23 -1.08
09121997 23 -1.08
10121997 23 -1.08
11121997 23 -1.08
12121997 23 -1.09
13121997 23 -1.09
14121997 23 -1.09
15121997 23 -1.09
16121997 23 -1.09
17121997 23 -1.09
18121997 23 -1.08
19121997 23 -1.04
20121997 23 -1.01
21121997 23 -1.00
22121997 23 -1.09
23121997 23 -1.10
24121997 23 -1.04
25121997 23 -1.01
26121997 23 -0.98
27121997 23 -0.96
28121997 23 -0.96
29121997 23 -0.94
30121997 23 -0.92
31121997 23 -0.90
