01011991 23 -0.91
02011991 23 -0.91
03011991 23 -0.90
04011991 23 -0.90
05011991 23 -0.90
06011991 23 -0.91
07011991 23 -0.91
08011991 23 -0.91
09011991 23 -0.91
10011991 23 -0.90
11011991 23 -0.89
12011991 23 -0.87
13011991 23 -0.86
14011991 23 -0.85
15011991 23 -0.83
16011991 23 -0.86
17011991 23 -0.89
18011991 23 -0.89
19011991 23 -0.88
20011991 23 -0.90
21011991 23 -0.90
22011991 23 -0.89
23011991 23 -0.88
24011991 23 -0.87
25011991 23 -0.85
26011991 23 -0.84
27011991 23 -0.82
28011991 23 -0.80
29011991 23 -0.78
30011991 23 -0.76
31011991 23 -0.75
01021991 23 -0.80
02021991 23 -0.85
03021991 23 -0.88
04021991 23 -0.88
05021991 23 -0.87
06021991 23 -0.86
07021991 23 -0.84
08021991 23 -0.83
09021991 23 -0.81
10021991 23 -0.79
11021991 23 -0.83
12021991 23 -0.87
13021991 23 -0.90
14021991 23 -0.90
15021991 23 -0.88
16021991 23 -0.87
17021991 23 -0.85
18021991 23 -0.84
19021991 23 -0.82
20021991 23 -0.80
21021991 23 -0.78
22021991 23 -0.75
23021991 23 -0.73
24021991 23 -0.78
25021991 23 -0.78
26021991 23 -0.78
27021991 23 -0.82
28021991 23 -0.86
01031991 23 -0.87
02031991 23 -0.89
03031991 23 -0.90
04031991 23 -0.88
05031991 23 -0.86
06031991 23 -0.86
07031991 23 -0.89
08031991 23 -0.89
09031991 23 -0.87
10031991 23 -0.85
11031991 23 -0.84
12031991 23 -0.87
13031991 23 -0.89
14031991 23 -0.88
15031991 23 -0.89
16031991 23 -0.90
17031991 23 -0.88
18031991 23 -0.88
19031991 23 -0.90
20031991 23 -0.89
21031991 23 -0.88
22031991 23 -0.90
23031991 23 -0.89
24031991 23 -0.90
25031991 23 -0.89
26031991 23 -0.88
27031991 23 -0.90
28031991 23 -0.89
29031991 23 -0.87
30031991 23 -0.86
31031991 23 -0.89
01041991 23 -0.90
02041991 23 -0.88
03041991 23 -0.88
04041991 23 -0.90
05041991 23 -0.90
06041991 23 -0.88
07041991 23 -0.87
08041991 23 -0.85
09041991 23 -0.83
10041991 23 -0.80
11041991 23 -0.79
12041991 23 -0.83
13041991 23 -0.86
14041991 23 -0.86
15041991 23 -0.85
16041991 23 -0.82
17041991 23 -0.80
18041991 23 -0.83
19041991 23 -0.84
20041991 23 -0.83
21041991 23 -0.80
22041991 23 -0.79
23041991 23 -0.82
24041991 23 -0.83
25041991 23 -0.81
26041991 23 -0.79
27041991 23 -0.78
28041991 23 -0.83
29041991 23 -0.84
30041991 23 -0.83
01051991 23 -0.86
02051991 23 -0.87
03051991 23 -0.85
04051991 23 -0.84
05051991 23 -0.87
06051991 23 -0.88
07051991 23 -0.86
08051991 23 -0.85
09051991 23 -0.88
10051991 23 -0.88
11051991 23 -0.88
12051991 23 -0.89
13051991 23 -0.89
14051991 23 -0.89
15051991 23 -0.87
16051991 23 -0.89
17051991 23 -0.90
18051991 23 -0.89
19051991 23 -0.85
20051991 23 -0.81
21051991 23 -0.81
22051991 23 -0.86
23051991 23 -0.88
24051991 23 -0.86
25051991 23 -0.84
26051991 23 -0.81
27051991 23 -0.78
28051991 23 -0.75
29051991 23 -0.71
30051991 23 -0.67
31051991 23 -0.63
01061991 23 -0.60
02061991 23 -0.72
03061991 23 -0.79
04061991 23 -0.78
05061991 23 -0.75
06061991 23 -0.72
07061991 23 -0.69
08061991 23 -0.65
09061991 23 -0.62
10061991 23 -0.59
11061991 23 -0.59
12061991 23 -0.78
13061991 23 -0.86
14061991 23 -0.88
15061991 23 -0.87
16061991 23 -0.84
17061991 23 -0.80
18061991 23 -0.76
19061991 23 -0.72
20061991 23 -0.71
21061991 23 -0.79
22061991 23 -0.82
23061991 23 -0.83
24061991 23 -0.83
25061991 23 -0.81
26061991 23 -0.78
27061991 23 -0.78
28061991 23 -0.83
29061991 23 -0.86
30061991 23 -0.87
01071991 23 -0.84
02071991 23 -0.80
03071991 23 -0.76
04071991 23 -0.70
05071991 23 -0.65
06071991 23 -0.60
07071991 23 -0.55
08071991 23 -0.51
09071991 23 -0.47
10071991 23 -0.48
11071991 23 -0.71
12071991 23 -0.73
13071991 23 -0.65
14071991 23 -0.60
15071991 23 -0.55
16071991 23 -0.51
17071991 23 -0.68
18071991 23 -0.74
19071991 23 -0.69
20071991 23 -0.64
21071991 23 -0.60
22071991 23 -0.56
23071991 23 -0.52
24071991 23 -0.49
25071991 23 -0.45
26071991 23 -0.41
27071991 23 -0.37
28071991 23 -0.32
29071991 23 -0.27
30071991 23 -0.19
31071991 23 -0.11
01081991 23 -0.21
02081991 23 -0.73
03081991 23 -0.81
04081991 23 -0.84
05081991 23 -0.85
06081991 23 -0.84
07081991 23 -0.83
08081991 23 -0.81
09081991 23 -0.79
10081991 23 -0.75
11081991 23 -0.71
12081991 23 -0.74
13081991 23 -0.87
14081991 23 -0.92
15081991 23 -0.90
16081991 23 -0.88
17081991 23 -0.86
18081991 23 -0.83
19081991 23 -0.81
20081991 23 -0.81
21081991 23 -0.78
22081991 23 -0.77
23081991 23 -0.72
24081991 23 -0.67
25081991 23 -0.62
26081991 23 -0.57
27081991 23 -0.53
28081991 23 -0.49
29081991 23 -0.46
30081991 23 -0.73
31081991 23 -0.85
01091991 23 -0.88
02091991 23 -0.88
03091991 23 -0.89
04091991 23 -0.87
05091991 23 -0.85
06091991 23 -0.91
07091991 23 -0.93
08091991 23 -0.91
09091991 23 -0.89
10091991 23 -0.88
11091991 23 -0.87
12091991 23 -0.85
13091991 23 -0.84
14091991 23 -0.83
15091991 23 -0.79
16091991 23 -0.77
17091991 23 -0.87
18091991 23 -0.92
19091991 23 -0.92
20091991 23 -0.89
21091991 23 -0.88
22091991 23 -0.86
23091991 23 -0.86
24091991 23 -0.84
25091991 23 -0.81
26091991 23 -0.77
27091991 23 -0.72
28091991 23 -0.67
29091991 23 -0.63
30091991 23 -0.61
01101991 23 -0.66
02101991 23 -0.81
03101991 23 -0.78
04101991 23 -0.73
05101991 23 -0.67
06101991 23 -0.62
07101991 23 -0.57
08101991 23 -0.53
09101991 23 -0.49
10101991 23 -0.83
11101991 23 -0.95
12101991 23 -0.88
13101991 23 -0.86
14101991 23 -0.83
15101991 23 -0.80
16101991 23 -0.76
17101991 23 -0.72
18101991 23 -0.91
19101991 23 -0.97
20101991 23 -0.98
21101991 23 -0.97
22101991 23 -0.97
23101991 23 -0.97
24101991 23 -0.97
25101991 23 -0.95
26101991 23 -0.94
27101991 23 -0.96
28101991 23 -0.97
29101991 23 -0.96
30101991 23 -0.94
31101991 23 -0.93
01111991 23 -0.92
02111991 23 -0.93
03111991 23 -0.93
04111991 23 -0.94
05111991 23 -0.94
06111991 23 -0.94
07111991 23 -0.94
08111991 23 -0.94
09111991 23 -0.94
10111991 23 -0.94
11111991 23 -0.94
12111991 23 -0.94
13111991 23 -0.94
14111991 23 -0.95
15111991 23 -0.99
16111991 23 -1.03
17111991 23 -1.06
18111991 23 -1.07
19111991 23 -1.08
20111991 23 -1.10
21111991 23 -1.10
22111991 23 -1.10
23111991 23 -1.10
24111991 23 -1.10
25111991 23 -1.10
26111991 23 -1.10
27111991 23 -1.10
28111991 23 -1.10
29111991 23 -1.10
30111991 23 -1.11
01121991 23 -1.11
02121991 23 -1.11
03121991 23 -1.11
04121991 23 -1.10
05121991 23 -1.09
06121991 23 -1.08
07121991 23 -1.09
08121991 23 -1.08
09121991 23 -1.08
10121991 23 -1.08
11121991 23 -1.08
12121991 23 -1.09
13121991 23 -1.09
14121991 23 -1.09
15121991 23 -1.09
16121991 23 -1.09
17121991 23 -1.09
18121991 23 -1.08
19121991 23 -1.04
20121991 23 -1.01
21121991 23 -1.00
22121991 23 -1.09
23121991 23 -1.10
24121991 23 -1.04
25121991 23 -1.01
26121991 23 -0.98
27121991 23 -0.96
28121991 23 -0.96
29121991 23 -0.94
30121991 23 -0.92
31121991 23 -0.90
