01011934 23 -0.91
02011934 23 -0.91
03011934 23 -0.90
04011934 23 -0.90
05011934 23 -0.90
06011934 23 -0.91
07011934 23 -0.91
08011934 23 -0.91
09011934 23 -0.91
10011934 23 -0.90
11011934 23 -0.89
12011934 23 -0.87
13011934 23 -0.86
14011934 23 -0.85
15011934 23 -0.83
16011934 23 -0.86
17011934 23 -0.89
18011934 23 -0.89
19011934 23 -0.88
20011934 23 -0.90
21011934 23 -0.90
22011934 23 -0.89
23011934 23 -0.88
24011934 23 -0.87
25011934 23 -0.85
26011934 23 -0.84
27011934 23 -0.82
28011934 23 -0.80
29011934 23 -0.78
30011934 23 -0.76
31011934 23 -0.75
01021934 23 -0.80
02021934 23 -0.85
03021934 23 -0.88
04021934 23 -0.88
05021934 23 -0.87
06021934 23 -0.86
07021934 23 -0.84
08021934 23 -0.83
09021934 23 -0.81
10021934 23 -0.79
11021934 23 -0.83
12021934 23 -0.87
13021934 23 -0.90
14021934 23 -0.90
15021934 23 -0.88
16021934 23 -0.87
17021934 23 -0.85
18021934 23 -0.84
19021934 23 -0.82
20021934 23 -0.80
21021934 23 -0.78
22021934 23 -0.75
23021934 23 -0.73
24021934 23 -0.78
25021934 23 -0.78
26021934 23 -0.78
27021934 23 -0.82
28021934 23 -0.86
01031934 23 -0.87
02031934 23 -0.89
03031934 23 -0.90
04031934 23 -0.88
05031934 23 -0.86
06031934 23 -0.86
07031934 23 -0.89
08031934 23 -0.89
09031934 23 -0.87
10031934 23 -0.85
11031934 23 -0.84
12031934 23 -0.87
13031934 23 -0.89
14031934 23 -0.88
15031934 23 -0.89
16031934 23 -0.90
17031934 23 -0.88
18031934 23 -0.88
19031934 23 -0.90
20031934 23 -0.89
21031934 23 -0.88
22031934 23 -0.90
23031934 23 -0.89
24031934 23 -0.90
25031934 23 -0.89
26031934 23 -0.88
27031934 23 -0.90
28031934 23 -0.89
29031934 23 -0.87
30031934 23 -0.86
31031934 23 -0.89
01041934 23 -0.90
02041934 23 -0.88
03041934 23 -0.88
04041934 23 -0.90
05041934 23 -0.90
06041934 23 -0.88
07041934 23 -0.87
08041934 23 -0.85
09041934 23 -0.83
10041934 23 -0.80
11041934 23 -0.79
12041934 23 -0.83
13041934 23 -0.86
14041934 23 -0.86
15041934 23 -0.85
16041934 23 -0.82
17041934 23 -0.80
18041934 23 -0.83
19041934 23 -0.84
20041934 23 -0.83
21041934 23 -0.80
22041934 23 -0.79
23041934 23 -0.82
24041934 23 -0.83
25041934 23 -0.81
26041934 23 -0.79
27041934 23 -0.78
28041934 23 -0.83
29041934 23 -0.84
30041934 23 -0.83
01051934 23 -0.86
02051934 23 -0.87
03051934 23 -0.85
04051934 23 -0.84
05051934 23 -0.87
06051934 23 -0.88
07051934 23 -0.86
08051934 23 -0.85
09051934 23 -0.88
10051934 23 -0.88
11051934 23 -0.88
12051934 23 -0.89
13051934 23 -0.89
14051934 23 -0.89
15051934 23 -0.87
16051934 23 -0.89
17051934 23 -0.90
18051934 23 -0.89
19051934 23 -0.85
20051934 23 -0.81
21051934 23 -0.81
22051934 23 -0.86
23051934 23 -0.88
24051934 23 -0.86
25051934 23 -0.84
26051934 23 -0.81
27051934 23 -0.78
28051934 23 -0.75
29051934 23 -0.71
30051934 23 -0.67
31051934 23 -0.63
01061934 23 -0.60
02061934 23 -0.72
03061934 23 -0.79
04061934 23 -0.78
05061934 23 -0.75
06061934 23 -0.72
07061934 23 -0.69
08061934 23 -0.65
09061934 23 -0.62
10061934 23 -0.59
11061934 23 -0.59
12061934 23 -0.78
13061934 23 -0.86
14061934 23 -0.88
15061934 23 -0.87
16061934 23 -0.84
17061934 23 -0.80
18061934 23 -0.76
19061934 23 -0.72
20061934 23 -0.71
21061934 23 -0.79
22061934 23 -0.82
23061934 23 -0.83
24061934 23 -0.83
25061934 23 -0.81
26061934 23 -0.78
27061934 23 -0.78
28061934 23 -0.83
29061934 23 -0.86
30061934 23 -0.87
01071934 23 -0.84
02071934 23 -0.80
03071934 23 -0.76
04071934 23 -0.70
05071934 23 -0.65
06071934 23 -0.60
07071934 23 -0.55
08071934 23 -0.51
09071934 23 -0.47
10071934 23 -0.48
11071934 23 -0.71
12071934 23 -0.73
13071934 23 -0.65
14071934 23 -0.60
15071934 23 -0.55
16071934 23 -0.51
17071934 23 -0.68
18071934 23 -0.74
19071934 23 -0.69
20071934 23 -0.64
21071934 23 -0.60
22071934 23 -0.56
23071934 23 -0.52
24071934 23 -0.49
25071934 23 -0.45
26071934 23 -0.41
27071934 23 -0.37
28071934 23 -0.32
29071934 23 -0.27
30071934 23 -0.19
31071934 23 -0.11
01081934 23 -0.21
02081934 23 -0.73
03081934 23 -0.81
04081934 23 -0.84
05081934 23 -0.85
06081934 23 -0.84
07081934 23 -0.83
08081934 23 -0.81
09081934 23 -0.79
10081934 23 -0.75
11081934 23 -0.71
12081934 23 -0.74
13081934 23 -0.87
14081934 23 -0.92
15081934 23 -0.90
16081934 23 -0.88
17081934 23 -0.86
18081934 23 -0.83
19081934 23 -0.81
20081934 23 -0.81
21081934 23 -0.78
22081934 23 -0.77
23081934 23 -0.72
24081934 23 -0.67
25081934 23 -0.62
26081934 23 -0.57
27081934 23 -0.53
28081934 23 -0.49
29081934 23 -0.46
30081934 23 -0.73
31081934 23 -0.85
01091934 23 -0.88
02091934 23 -0.88
03091934 23 -0.89
04091934 23 -0.87
05091934 23 -0.85
06091934 23 -0.91
07091934 23 -0.93
08091934 23 -0.91
09091934 23 -0.89
10091934 23 -0.88
11091934 23 -0.87
12091934 23 -0.85
13091934 23 -0.84
14091934 23 -0.83
15091934 23 -0.79
16091934 23 -0.77
17091934 23 -0.87
18091934 23 -0.92
19091934 23 -0.92
20091934 23 -0.89
21091934 23 -0.88
22091934 23 -0.86
23091934 23 -0.86
24091934 23 -0.84
25091934 23 -0.81
26091934 23 -0.77
27091934 23 -0.72
28091934 23 -0.67
29091934 23 -0.63
30091934 23 -0.61
01101934 23 -0.66
02101934 23 -0.81
03101934 23 -0.78
04101934 23 -0.73
05101934 23 -0.67
06101934 23 -0.62
07101934 23 -0.57
08101934 23 -0.53
09101934 23 -0.49
10101934 23 -0.83
11101934 23 -0.95
12101934 23 -0.88
13101934 23 -0.86
14101934 23 -0.83
15101934 23 -0.80
16101934 23 -0.76
17101934 23 -0.72
18101934 23 -0.91
19101934 23 -0.97
20101934 23 -0.98
21101934 23 -0.97
22101934 23 -0.97
23101934 23 -0.97
24101934 23 -0.97
25101934 23 -0.95
26101934 23 -0.94
27101934 23 -0.96
28101934 23 -0.97
29101934 23 -0.96
30101934 23 -0.94
31101934 23 -0.93
01111934 23 -0.92
02111934 23 -0.93
03111934 23 -0.93
04111934 23 -0.94
05111934 23 -0.94
06111934 23 -0.94
07111934 23 -0.94
08111934 23 -0.94
09111934 23 -0.94
10111934 23 -0.94
11111934 23 -0.94
12111934 23 -0.94
13111934 23 -0.94
14111934 23 -0.95
15111934 23 -0.99
16111934 23 -1.03
17111934 23 -1.06
18111934 23 -1.07
19111934 23 -1.08
20111934 23 -1.10
21111934 23 -1.10
22111934 23 -1.10
23111934 23 -1.10
24111934 23 -1.10
25111934 23 -1.10
26111934 23 -1.10
27111934 23 -1.10
28111934 23 -1.10
29111934 23 -1.10
30111934 23 -1.11
01121934 23 -1.11
02121934 23 -1.11
03121934 23 -1.11
04121934 23 -1.10
05121934 23 -1.09
06121934 23 -1.08
07121934 23 -1.09
08121934 23 -1.08
09121934 23 -1.08
10121934 23 -1.08
11121934 23 -1.08
12121934 23 -1.09
13121934 23 -1.09
14121934 23 -1.09
15121934 23 -1.09
16121934 23 -1.09
17121934 23 -1.09
18121934 23 -1.08
19121934 23 -1.04
20121934 23 -1.01
21121934 23 -1.00
22121934 23 -1.09
23121934 23 -1.10
24121934 23 -1.04
25121934 23 -1.01
26121934 23 -0.98
27121934 23 -0.96
28121934 23 -0.96
29121934 23 -0.94
30121934 23 -0.92
31121934 23 -0.90
