01011932 23 -0.91
02011932 23 -0.91
03011932 23 -0.90
04011932 23 -0.90
05011932 23 -0.90
06011932 23 -0.91
07011932 23 -0.91
08011932 23 -0.91
09011932 23 -0.91
10011932 23 -0.90
11011932 23 -0.89
12011932 23 -0.87
13011932 23 -0.86
14011932 23 -0.85
15011932 23 -0.83
16011932 23 -0.86
17011932 23 -0.89
18011932 23 -0.89
19011932 23 -0.88
20011932 23 -0.90
21011932 23 -0.90
22011932 23 -0.89
23011932 23 -0.88
24011932 23 -0.87
25011932 23 -0.85
26011932 23 -0.84
27011932 23 -0.82
28011932 23 -0.80
29011932 23 -0.78
30011932 23 -0.76
31011932 23 -0.75
01021932 23 -0.80
02021932 23 -0.85
03021932 23 -0.88
04021932 23 -0.88
05021932 23 -0.87
06021932 23 -0.86
07021932 23 -0.84
08021932 23 -0.83
09021932 23 -0.81
10021932 23 -0.79
11021932 23 -0.83
12021932 23 -0.87
13021932 23 -0.90
14021932 23 -0.90
15021932 23 -0.88
16021932 23 -0.87
17021932 23 -0.85
18021932 23 -0.84
19021932 23 -0.82
20021932 23 -0.80
21021932 23 -0.78
22021932 23 -0.75
23021932 23 -0.73
24021932 23 -0.78
25021932 23 -0.78
26021932 23 -0.78
27021932 23 -0.82
28021932 23 -0.86
01031932 23 -0.87
02031932 23 -0.89
03031932 23 -0.90
04031932 23 -0.88
05031932 23 -0.86
06031932 23 -0.86
07031932 23 -0.89
08031932 23 -0.89
09031932 23 -0.87
10031932 23 -0.85
11031932 23 -0.84
12031932 23 -0.87
13031932 23 -0.89
14031932 23 -0.88
15031932 23 -0.89
16031932 23 -0.90
17031932 23 -0.88
18031932 23 -0.88
19031932 23 -0.90
20031932 23 -0.89
21031932 23 -0.88
22031932 23 -0.90
23031932 23 -0.89
24031932 23 -0.90
25031932 23 -0.89
26031932 23 -0.88
27031932 23 -0.90
28031932 23 -0.89
29031932 23 -0.87
30031932 23 -0.86
31031932 23 -0.89
01041932 23 -0.90
02041932 23 -0.88
03041932 23 -0.88
04041932 23 -0.90
05041932 23 -0.90
06041932 23 -0.88
07041932 23 -0.87
08041932 23 -0.85
09041932 23 -0.83
10041932 23 -0.80
11041932 23 -0.79
12041932 23 -0.83
13041932 23 -0.86
14041932 23 -0.86
15041932 23 -0.85
16041932 23 -0.82
17041932 23 -0.80
18041932 23 -0.83
19041932 23 -0.84
20041932 23 -0.83
21041932 23 -0.80
22041932 23 -0.79
23041932 23 -0.82
24041932 23 -0.83
25041932 23 -0.81
26041932 23 -0.79
27041932 23 -0.78
28041932 23 -0.83
29041932 23 -0.84
30041932 23 -0.83
01051932 23 -0.86
02051932 23 -0.87
03051932 23 -0.85
04051932 23 -0.84
05051932 23 -0.87
06051932 23 -0.88
07051932 23 -0.86
08051932 23 -0.85
09051932 23 -0.88
10051932 23 -0.88
11051932 23 -0.88
12051932 23 -0.89
13051932 23 -0.89
14051932 23 -0.89
15051932 23 -0.87
16051932 23 -0.89
17051932 23 -0.90
18051932 23 -0.89
19051932 23 -0.85
20051932 23 -0.81
21051932 23 -0.81
22051932 23 -0.86
23051932 23 -0.88
24051932 23 -0.86
25051932 23 -0.84
26051932 23 -0.81
27051932 23 -0.78
28051932 23 -0.75
29051932 23 -0.71
30051932 23 -0.67
31051932 23 -0.63
01061932 23 -0.60
02061932 23 -0.72
03061932 23 -0.79
04061932 23 -0.78
05061932 23 -0.75
06061932 23 -0.72
07061932 23 -0.69
08061932 23 -0.65
09061932 23 -0.62
10061932 23 -0.59
11061932 23 -0.59
12061932 23 -0.78
13061932 23 -0.86
14061932 23 -0.88
15061932 23 -0.87
16061932 23 -0.84
17061932 23 -0.80
18061932 23 -0.76
19061932 23 -0.72
20061932 23 -0.71
21061932 23 -0.79
22061932 23 -0.82
23061932 23 -0.83
24061932 23 -0.83
25061932 23 -0.81
26061932 23 -0.78
27061932 23 -0.78
28061932 23 -0.83
29061932 23 -0.86
30061932 23 -0.87
01071932 23 -0.84
02071932 23 -0.80
03071932 23 -0.76
04071932 23 -0.70
05071932 23 -0.65
06071932 23 -0.60
07071932 23 -0.55
08071932 23 -0.51
09071932 23 -0.47
10071932 23 -0.48
11071932 23 -0.71
12071932 23 -0.73
13071932 23 -0.65
14071932 23 -0.60
15071932 23 -0.55
16071932 23 -0.51
17071932 23 -0.68
18071932 23 -0.74
19071932 23 -0.69
20071932 23 -0.64
21071932 23 -0.60
22071932 23 -0.56
23071932 23 -0.52
24071932 23 -0.49
25071932 23 -0.45
26071932 23 -0.41
27071932 23 -0.37
28071932 23 -0.32
29071932 23 -0.27
30071932 23 -0.19
31071932 23 -0.11
01081932 23 -0.21
02081932 23 -0.73
03081932 23 -0.81
04081932 23 -0.84
05081932 23 -0.85
06081932 23 -0.84
07081932 23 -0.83
08081932 23 -0.81
09081932 23 -0.79
10081932 23 -0.75
11081932 23 -0.71
12081932 23 -0.74
13081932 23 -0.87
14081932 23 -0.92
15081932 23 -0.90
16081932 23 -0.88
17081932 23 -0.86
18081932 23 -0.83
19081932 23 -0.81
20081932 23 -0.81
21081932 23 -0.78
22081932 23 -0.77
23081932 23 -0.72
24081932 23 -0.67
25081932 23 -0.62
26081932 23 -0.57
27081932 23 -0.53
28081932 23 -0.49
29081932 23 -0.46
30081932 23 -0.73
31081932 23 -0.85
01091932 23 -0.88
02091932 23 -0.88
03091932 23 -0.89
04091932 23 -0.87
05091932 23 -0.85
06091932 23 -0.91
07091932 23 -0.93
08091932 23 -0.91
09091932 23 -0.89
10091932 23 -0.88
11091932 23 -0.87
12091932 23 -0.85
13091932 23 -0.84
14091932 23 -0.83
15091932 23 -0.79
16091932 23 -0.77
17091932 23 -0.87
18091932 23 -0.92
19091932 23 -0.92
20091932 23 -0.89
21091932 23 -0.88
22091932 23 -0.86
23091932 23 -0.86
24091932 23 -0.84
25091932 23 -0.81
26091932 23 -0.77
27091932 23 -0.72
28091932 23 -0.67
29091932 23 -0.63
30091932 23 -0.61
01101932 23 -0.66
02101932 23 -0.81
03101932 23 -0.78
04101932 23 -0.73
05101932 23 -0.67
06101932 23 -0.62
07101932 23 -0.57
08101932 23 -0.53
09101932 23 -0.49
10101932 23 -0.83
11101932 23 -0.95
12101932 23 -0.88
13101932 23 -0.86
14101932 23 -0.83
15101932 23 -0.80
16101932 23 -0.76
17101932 23 -0.72
18101932 23 -0.91
19101932 23 -0.97
20101932 23 -0.98
21101932 23 -0.97
22101932 23 -0.97
23101932 23 -0.97
24101932 23 -0.97
25101932 23 -0.95
26101932 23 -0.94
27101932 23 -0.96
28101932 23 -0.97
29101932 23 -0.96
30101932 23 -0.94
31101932 23 -0.93
01111932 23 -0.92
02111932 23 -0.93
03111932 23 -0.93
04111932 23 -0.94
05111932 23 -0.94
06111932 23 -0.94
07111932 23 -0.94
08111932 23 -0.94
09111932 23 -0.94
10111932 23 -0.94
11111932 23 -0.94
12111932 23 -0.94
13111932 23 -0.94
14111932 23 -0.95
15111932 23 -0.99
16111932 23 -1.03
17111932 23 -1.06
18111932 23 -1.07
19111932 23 -1.08
20111932 23 -1.10
21111932 23 -1.10
22111932 23 -1.10
23111932 23 -1.10
24111932 23 -1.10
25111932 23 -1.10
26111932 23 -1.10
27111932 23 -1.10
28111932 23 -1.10
29111932 23 -1.10
30111932 23 -1.11
01121932 23 -1.11
02121932 23 -1.11
03121932 23 -1.11
04121932 23 -1.10
05121932 23 -1.09
06121932 23 -1.08
07121932 23 -1.09
08121932 23 -1.08
09121932 23 -1.08
10121932 23 -1.08
11121932 23 -1.08
12121932 23 -1.09
13121932 23 -1.09
14121932 23 -1.09
15121932 23 -1.09
16121932 23 -1.09
17121932 23 -1.09
18121932 23 -1.08
19121932 23 -1.04
20121932 23 -1.01
21121932 23 -1.00
22121932 23 -1.09
23121932 23 -1.10
24121932 23 -1.04
25121932 23 -1.01
26121932 23 -0.98
27121932 23 -0.96
28121932 23 -0.96
29121932 23 -0.94
30121932 23 -0.92
31121932 23 -0.90
