01012003 23 -0.91
02012003 23 -0.91
03012003 23 -0.90
04012003 23 -0.90
05012003 23 -0.90
06012003 23 -0.91
07012003 23 -0.91
08012003 23 -0.91
09012003 23 -0.91
10012003 23 -0.90
11012003 23 -0.89
12012003 23 -0.87
13012003 23 -0.86
14012003 23 -0.85
15012003 23 -0.83
16012003 23 -0.86
17012003 23 -0.89
18012003 23 -0.89
19012003 23 -0.88
20012003 23 -0.90
21012003 23 -0.90
22012003 23 -0.89
23012003 23 -0.88
24012003 23 -0.87
25012003 23 -0.85
26012003 23 -0.84
27012003 23 -0.82
28012003 23 -0.80
29012003 23 -0.78
30012003 23 -0.76
31012003 23 -0.75
01022003 23 -0.80
02022003 23 -0.85
03022003 23 -0.88
04022003 23 -0.88
05022003 23 -0.87
06022003 23 -0.86
07022003 23 -0.84
08022003 23 -0.83
09022003 23 -0.81
10022003 23 -0.79
11022003 23 -0.83
12022003 23 -0.87
13022003 23 -0.90
14022003 23 -0.90
15022003 23 -0.88
16022003 23 -0.87
17022003 23 -0.85
18022003 23 -0.84
19022003 23 -0.82
20022003 23 -0.80
21022003 23 -0.78
22022003 23 -0.75
23022003 23 -0.73
24022003 23 -0.78
25022003 23 -0.78
26022003 23 -0.78
27022003 23 -0.82
28022003 23 -0.86
01032003 23 -0.87
02032003 23 -0.89
03032003 23 -0.90
04032003 23 -0.88
05032003 23 -0.86
06032003 23 -0.86
07032003 23 -0.89
08032003 23 -0.89
09032003 23 -0.87
10032003 23 -0.85
11032003 23 -0.84
12032003 23 -0.87
13032003 23 -0.89
14032003 23 -0.88
15032003 23 -0.89
16032003 23 -0.90
17032003 23 -0.88
18032003 23 -0.88
19032003 23 -0.90
20032003 23 -0.89
21032003 23 -0.88
22032003 23 -0.90
23032003 23 -0.89
24032003 23 -0.90
25032003 23 -0.89
26032003 23 -0.88
27032003 23 -0.90
28032003 23 -0.89
29032003 23 -0.87
30032003 23 -0.86
31032003 23 -0.89
01042003 23 -0.90
02042003 23 -0.88
03042003 23 -0.88
04042003 23 -0.90
05042003 23 -0.90
06042003 23 -0.88
07042003 23 -0.87
08042003 23 -0.85
09042003 23 -0.83
10042003 23 -0.80
11042003 23 -0.79
12042003 23 -0.83
13042003 23 -0.86
14042003 23 -0.86
15042003 23 -0.85
16042003 23 -0.82
17042003 23 -0.80
18042003 23 -0.83
19042003 23 -0.84
20042003 23 -0.83
21042003 23 -0.80
22042003 23 -0.79
23042003 23 -0.82
24042003 23 -0.83
25042003 23 -0.81
26042003 23 -0.79
27042003 23 -0.78
28042003 23 -0.83
29042003 23 -0.84
30042003 23 -0.83
01052003 23 -0.86
02052003 23 -0.87
03052003 23 -0.85
04052003 23 -0.84
05052003 23 -0.87
06052003 23 -0.88
07052003 23 -0.86
08052003 23 -0.85
09052003 23 -0.88
10052003 23 -0.88
11052003 23 -0.88
12052003 23 -0.89
13052003 23 -0.89
14052003 23 -0.89
15052003 23 -0.87
16052003 23 -0.89
17052003 23 -0.90
18052003 23 -0.89
19052003 23 -0.85
20052003 23 -0.81
21052003 23 -0.81
22052003 23 -0.86
23052003 23 -0.88
24052003 23 -0.86
25052003 23 -0.84
26052003 23 -0.81
27052003 23 -0.78
28052003 23 -0.75
29052003 23 -0.71
30052003 23 -0.67
31052003 23 -0.63
01062003 23 -0.60
02062003 23 -0.72
03062003 23 -0.79
04062003 23 -0.78
05062003 23 -0.75
06062003 23 -0.72
07062003 23 -0.69
08062003 23 -0.65
09062003 23 -0.62
10062003 23 -0.59
11062003 23 -0.59
12062003 23 -0.78
13062003 23 -0.86
14062003 23 -0.88
15062003 23 -0.87
16062003 23 -0.84
17062003 23 -0.80
18062003 23 -0.76
19062003 23 -0.72
20062003 23 -0.71
21062003 23 -0.79
22062003 23 -0.82
23062003 23 -0.83
24062003 23 -0.83
25062003 23 -0.81
26062003 23 -0.78
27062003 23 -0.78
28062003 23 -0.83
29062003 23 -0.86
30062003 23 -0.87
01072003 23 -0.84
02072003 23 -0.80
03072003 23 -0.76
04072003 23 -0.70
05072003 23 -0.65
06072003 23 -0.60
07072003 23 -0.55
08072003 23 -0.51
09072003 23 -0.47
10072003 23 -0.48
11072003 23 -0.71
12072003 23 -0.73
13072003 23 -0.65
14072003 23 -0.60
15072003 23 -0.55
16072003 23 -0.51
17072003 23 -0.68
18072003 23 -0.74
19072003 23 -0.69
20072003 23 -0.64
21072003 23 -0.60
22072003 23 -0.56
23072003 23 -0.52
24072003 23 -0.49
25072003 23 -0.45
26072003 23 -0.41
27072003 23 -0.37
28072003 23 -0.32
29072003 23 -0.27
30072003 23 -0.19
31072003 23 -0.11
01082003 23 -0.21
02082003 23 -0.73
03082003 23 -0.81
04082003 23 -0.84
05082003 23 -0.85
06082003 23 -0.84
07082003 23 -0.83
08082003 23 -0.81
09082003 23 -0.79
10082003 23 -0.75
11082003 23 -0.71
12082003 23 -0.74
13082003 23 -0.87
14082003 23 -0.92
15082003 23 -0.90
16082003 23 -0.88
17082003 23 -0.86
18082003 23 -0.83
19082003 23 -0.81
20082003 23 -0.81
21082003 23 -0.78
22082003 23 -0.77
23082003 23 -0.72
24082003 23 -0.67
25082003 23 -0.62
26082003 23 -0.57
27082003 23 -0.53
28082003 23 -0.49
29082003 23 -0.46
30082003 23 -0.73
31082003 23 -0.85
01092003 23 -0.88
02092003 23 -0.88
03092003 23 -0.89
04092003 23 -0.87
05092003 23 -0.85
06092003 23 -0.91
07092003 23 -0.93
08092003 23 -0.91
09092003 23 -0.89
10092003 23 -0.88
11092003 23 -0.87
12092003 23 -0.85
13092003 23 -0.84
14092003 23 -0.83
15092003 23 -0.79
16092003 23 -0.77
17092003 23 -0.87
18092003 23 -0.92
19092003 23 -0.92
20092003 23 -0.89
21092003 23 -0.88
22092003 23 -0.86
23092003 23 -0.86
24092003 23 -0.84
25092003 23 -0.81
26092003 23 -0.77
27092003 23 -0.72
28092003 23 -0.67
29092003 23 -0.63
30092003 23 -0.61
01102003 23 -0.66
02102003 23 -0.81
03102003 23 -0.78
04102003 23 -0.73
05102003 23 -0.67
06102003 23 -0.62
07102003 23 -0.57
08102003 23 -0.53
09102003 23 -0.49
10102003 23 -0.83
11102003 23 -0.95
12102003 23 -0.88
13102003 23 -0.86
14102003 23 -0.83
15102003 23 -0.80
16102003 23 -0.76
17102003 23 -0.72
18102003 23 -0.91
19102003 23 -0.97
20102003 23 -0.98
21102003 23 -0.97
22102003 23 -0.97
23102003 23 -0.97
24102003 23 -0.97
25102003 23 -0.95
26102003 23 -0.94
27102003 23 -0.96
28102003 23 -0.97
29102003 23 -0.96
30102003 23 -0.94
31102003 23 -0.93
01112003 23 -0.92
02112003 23 -0.93
03112003 23 -0.93
04112003 23 -0.94
05112003 23 -0.94
06112003 23 -0.94
07112003 23 -0.94
08112003 23 -0.94
09112003 23 -0.94
10112003 23 -0.94
11112003 23 -0.94
12112003 23 -0.94
13112003 23 -0.94
14112003 23 -0.95
15112003 23 -0.99
16112003 23 -1.03
17112003 23 -1.06
18112003 23 -1.07
19112003 23 -1.08
20112003 23 -1.10
21112003 23 -1.10
22112003 23 -1.10
23112003 23 -1.10
24112003 23 -1.10
25112003 23 -1.10
26112003 23 -1.10
27112003 23 -1.10
28112003 23 -1.10
29112003 23 -1.10
30112003 23 -1.11
01122003 23 -1.11
02122003 23 -1.11
03122003 23 -1.11
04122003 23 -1.10
05122003 23 -1.09
06122003 23 -1.08
07122003 23 -1.09
08122003 23 -1.08
09122003 23 -1.08
10122003 23 -1.08
11122003 23 -1.08
12122003 23 -1.09
13122003 23 -1.09
14122003 23 -1.09
15122003 23 -1.09
16122003 23 -1.09
17122003 23 -1.09
18122003 23 -1.08
19122003 23 -1.04
20122003 23 -1.01
21122003 23 -1.00
22122003 23 -1.09
23122003 23 -1.10
24122003 23 -1.04
25122003 23 -1.01
26122003 23 -0.98
27122003 23 -0.96
28122003 23 -0.96
29122003 23 -0.94
30122003 23 -0.92
31122003 23 -0.90
