01011903 23 -0.91
02011903 23 -0.91
03011903 23 -0.90
04011903 23 -0.90
05011903 23 -0.90
06011903 23 -0.91
07011903 23 -0.91
08011903 23 -0.91
09011903 23 -0.91
10011903 23 -0.90
11011903 23 -0.89
12011903 23 -0.87
13011903 23 -0.86
14011903 23 -0.85
15011903 23 -0.83
16011903 23 -0.86
17011903 23 -0.89
18011903 23 -0.89
19011903 23 -0.88
20011903 23 -0.90
21011903 23 -0.90
22011903 23 -0.89
23011903 23 -0.88
24011903 23 -0.87
25011903 23 -0.85
26011903 23 -0.84
27011903 23 -0.82
28011903 23 -0.80
29011903 23 -0.78
30011903 23 -0.76
31011903 23 -0.75
01021903 23 -0.80
02021903 23 -0.85
03021903 23 -0.88
04021903 23 -0.88
05021903 23 -0.87
06021903 23 -0.86
07021903 23 -0.84
08021903 23 -0.83
09021903 23 -0.81
10021903 23 -0.79
11021903 23 -0.83
12021903 23 -0.87
13021903 23 -0.90
14021903 23 -0.90
15021903 23 -0.88
16021903 23 -0.87
17021903 23 -0.85
18021903 23 -0.84
19021903 23 -0.82
20021903 23 -0.80
21021903 23 -0.78
22021903 23 -0.75
23021903 23 -0.73
24021903 23 -0.78
25021903 23 -0.78
26021903 23 -0.78
27021903 23 -0.82
28021903 23 -0.86
01031903 23 -0.87
02031903 23 -0.89
03031903 23 -0.90
04031903 23 -0.88
05031903 23 -0.86
06031903 23 -0.86
07031903 23 -0.89
08031903 23 -0.89
09031903 23 -0.87
10031903 23 -0.85
11031903 23 -0.84
12031903 23 -0.87
13031903 23 -0.89
14031903 23 -0.88
15031903 23 -0.89
16031903 23 -0.90
17031903 23 -0.88
18031903 23 -0.88
19031903 23 -0.90
20031903 23 -0.89
21031903 23 -0.88
22031903 23 -0.90
23031903 23 -0.89
24031903 23 -0.90
25031903 23 -0.89
26031903 23 -0.88
27031903 23 -0.90
28031903 23 -0.89
29031903 23 -0.87
30031903 23 -0.86
31031903 23 -0.89
01041903 23 -0.90
02041903 23 -0.88
03041903 23 -0.88
04041903 23 -0.90
05041903 23 -0.90
06041903 23 -0.88
07041903 23 -0.87
08041903 23 -0.85
09041903 23 -0.83
10041903 23 -0.80
11041903 23 -0.79
12041903 23 -0.83
13041903 23 -0.86
14041903 23 -0.86
15041903 23 -0.85
16041903 23 -0.82
17041903 23 -0.80
18041903 23 -0.83
19041903 23 -0.84
20041903 23 -0.83
21041903 23 -0.80
22041903 23 -0.79
23041903 23 -0.82
24041903 23 -0.83
25041903 23 -0.81
26041903 23 -0.79
27041903 23 -0.78
28041903 23 -0.83
29041903 23 -0.84
30041903 23 -0.83
01051903 23 -0.86
02051903 23 -0.87
03051903 23 -0.85
04051903 23 -0.84
05051903 23 -0.87
06051903 23 -0.88
07051903 23 -0.86
08051903 23 -0.85
09051903 23 -0.88
10051903 23 -0.88
11051903 23 -0.88
12051903 23 -0.89
13051903 23 -0.89
14051903 23 -0.89
15051903 23 -0.87
16051903 23 -0.89
17051903 23 -0.90
18051903 23 -0.89
19051903 23 -0.85
20051903 23 -0.81
21051903 23 -0.81
22051903 23 -0.86
23051903 23 -0.88
24051903 23 -0.86
25051903 23 -0.84
26051903 23 -0.81
27051903 23 -0.78
28051903 23 -0.75
29051903 23 -0.71
30051903 23 -0.67
31051903 23 -0.63
01061903 23 -0.60
02061903 23 -0.72
03061903 23 -0.79
04061903 23 -0.78
05061903 23 -0.75
06061903 23 -0.72
07061903 23 -0.69
08061903 23 -0.65
09061903 23 -0.62
10061903 23 -0.59
11061903 23 -0.59
12061903 23 -0.78
13061903 23 -0.86
14061903 23 -0.88
15061903 23 -0.87
16061903 23 -0.84
17061903 23 -0.80
18061903 23 -0.76
19061903 23 -0.72
20061903 23 -0.71
21061903 23 -0.79
22061903 23 -0.82
23061903 23 -0.83
24061903 23 -0.83
25061903 23 -0.81
26061903 23 -0.78
27061903 23 -0.78
28061903 23 -0.83
29061903 23 -0.86
30061903 23 -0.87
01071903 23 -0.84
02071903 23 -0.80
03071903 23 -0.76
04071903 23 -0.70
05071903 23 -0.65
06071903 23 -0.60
07071903 23 -0.55
08071903 23 -0.51
09071903 23 -0.47
10071903 23 -0.48
11071903 23 -0.71
12071903 23 -0.73
13071903 23 -0.65
14071903 23 -0.60
15071903 23 -0.55
16071903 23 -0.51
17071903 23 -0.68
18071903 23 -0.74
19071903 23 -0.69
20071903 23 -0.64
21071903 23 -0.60
22071903 23 -0.56
23071903 23 -0.52
24071903 23 -0.49
25071903 23 -0.45
26071903 23 -0.41
27071903 23 -0.37
28071903 23 -0.32
29071903 23 -0.27
30071903 23 -0.19
31071903 23 -0.11
01081903 23 -0.21
02081903 23 -0.73
03081903 23 -0.81
04081903 23 -0.84
05081903 23 -0.85
06081903 23 -0.84
07081903 23 -0.83
08081903 23 -0.81
09081903 23 -0.79
10081903 23 -0.75
11081903 23 -0.71
12081903 23 -0.74
13081903 23 -0.87
14081903 23 -0.92
15081903 23 -0.90
16081903 23 -0.88
17081903 23 -0.86
18081903 23 -0.83
19081903 23 -0.81
20081903 23 -0.81
21081903 23 -0.78
22081903 23 -0.77
23081903 23 -0.72
24081903 23 -0.67
25081903 23 -0.62
26081903 23 -0.57
27081903 23 -0.53
28081903 23 -0.49
29081903 23 -0.46
30081903 23 -0.73
31081903 23 -0.85
01091903 23 -0.88
02091903 23 -0.88
03091903 23 -0.89
04091903 23 -0.87
05091903 23 -0.85
06091903 23 -0.91
07091903 23 -0.93
08091903 23 -0.91
09091903 23 -0.89
10091903 23 -0.88
11091903 23 -0.87
12091903 23 -0.85
13091903 23 -0.84
14091903 23 -0.83
15091903 23 -0.79
16091903 23 -0.77
17091903 23 -0.87
18091903 23 -0.92
19091903 23 -0.92
20091903 23 -0.89
21091903 23 -0.88
22091903 23 -0.86
23091903 23 -0.86
24091903 23 -0.84
25091903 23 -0.81
26091903 23 -0.77
27091903 23 -0.72
28091903 23 -0.67
29091903 23 -0.63
30091903 23 -0.61
01101903 23 -0.66
02101903 23 -0.81
03101903 23 -0.78
04101903 23 -0.73
05101903 23 -0.67
06101903 23 -0.62
07101903 23 -0.57
08101903 23 -0.53
09101903 23 -0.49
10101903 23 -0.83
11101903 23 -0.95
12101903 23 -0.88
13101903 23 -0.86
14101903 23 -0.83
15101903 23 -0.80
16101903 23 -0.76
17101903 23 -0.72
18101903 23 -0.91
19101903 23 -0.97
20101903 23 -0.98
21101903 23 -0.97
22101903 23 -0.97
23101903 23 -0.97
24101903 23 -0.97
25101903 23 -0.95
26101903 23 -0.94
27101903 23 -0.96
28101903 23 -0.97
29101903 23 -0.96
30101903 23 -0.94
31101903 23 -0.93
01111903 23 -0.92
02111903 23 -0.93
03111903 23 -0.93
04111903 23 -0.94
05111903 23 -0.94
06111903 23 -0.94
07111903 23 -0.94
08111903 23 -0.94
09111903 23 -0.94
10111903 23 -0.94
11111903 23 -0.94
12111903 23 -0.94
13111903 23 -0.94
14111903 23 -0.95
15111903 23 -0.99
16111903 23 -1.03
17111903 23 -1.06
18111903 23 -1.07
19111903 23 -1.08
20111903 23 -1.10
21111903 23 -1.10
22111903 23 -1.10
23111903 23 -1.10
24111903 23 -1.10
25111903 23 -1.10
26111903 23 -1.10
27111903 23 -1.10
28111903 23 -1.10
29111903 23 -1.10
30111903 23 -1.11
01121903 23 -1.11
02121903 23 -1.11
03121903 23 -1.11
04121903 23 -1.10
05121903 23 -1.09
06121903 23 -1.08
07121903 23 -1.09
08121903 23 -1.08
09121903 23 -1.08
10121903 23 -1.08
11121903 23 -1.08
12121903 23 -1.09
13121903 23 -1.09
14121903 23 -1.09
15121903 23 -1.09
16121903 23 -1.09
17121903 23 -1.09
18121903 23 -1.08
19121903 23 -1.04
20121903 23 -1.01
21121903 23 -1.00
22121903 23 -1.09
23121903 23 -1.10
24121903 23 -1.04
25121903 23 -1.01
26121903 23 -0.98
27121903 23 -0.96
28121903 23 -0.96
29121903 23 -0.94
30121903 23 -0.92
31121903 23 -0.90
