01011993 23 -0.91
02011993 23 -0.91
03011993 23 -0.90
04011993 23 -0.90
05011993 23 -0.90
06011993 23 -0.91
07011993 23 -0.91
08011993 23 -0.91
09011993 23 -0.91
10011993 23 -0.90
11011993 23 -0.89
12011993 23 -0.87
13011993 23 -0.86
14011993 23 -0.85
15011993 23 -0.83
16011993 23 -0.86
17011993 23 -0.89
18011993 23 -0.89
19011993 23 -0.88
20011993 23 -0.90
21011993 23 -0.90
22011993 23 -0.89
23011993 23 -0.88
24011993 23 -0.87
25011993 23 -0.85
26011993 23 -0.84
27011993 23 -0.82
28011993 23 -0.80
29011993 23 -0.78
30011993 23 -0.76
31011993 23 -0.75
01021993 23 -0.80
02021993 23 -0.85
03021993 23 -0.88
04021993 23 -0.88
05021993 23 -0.87
06021993 23 -0.86
07021993 23 -0.84
08021993 23 -0.83
09021993 23 -0.81
10021993 23 -0.79
11021993 23 -0.83
12021993 23 -0.87
13021993 23 -0.90
14021993 23 -0.90
15021993 23 -0.88
16021993 23 -0.87
17021993 23 -0.85
18021993 23 -0.84
19021993 23 -0.82
20021993 23 -0.80
21021993 23 -0.78
22021993 23 -0.75
23021993 23 -0.73
24021993 23 -0.78
25021993 23 -0.78
26021993 23 -0.78
27021993 23 -0.82
28021993 23 -0.86
01031993 23 -0.87
02031993 23 -0.89
03031993 23 -0.90
04031993 23 -0.88
05031993 23 -0.86
06031993 23 -0.86
07031993 23 -0.89
08031993 23 -0.89
09031993 23 -0.87
10031993 23 -0.85
11031993 23 -0.84
12031993 23 -0.87
13031993 23 -0.89
14031993 23 -0.88
15031993 23 -0.89
16031993 23 -0.90
17031993 23 -0.88
18031993 23 -0.88
19031993 23 -0.90
20031993 23 -0.89
21031993 23 -0.88
22031993 23 -0.90
23031993 23 -0.89
24031993 23 -0.90
25031993 23 -0.89
26031993 23 -0.88
27031993 23 -0.90
28031993 23 -0.89
29031993 23 -0.87
30031993 23 -0.86
31031993 23 -0.89
01041993 23 -0.90
02041993 23 -0.88
03041993 23 -0.88
04041993 23 -0.90
05041993 23 -0.90
06041993 23 -0.88
07041993 23 -0.87
08041993 23 -0.85
09041993 23 -0.83
10041993 23 -0.80
11041993 23 -0.79
12041993 23 -0.83
13041993 23 -0.86
14041993 23 -0.86
15041993 23 -0.85
16041993 23 -0.82
17041993 23 -0.80
18041993 23 -0.83
19041993 23 -0.84
20041993 23 -0.83
21041993 23 -0.80
22041993 23 -0.79
23041993 23 -0.82
24041993 23 -0.83
25041993 23 -0.81
26041993 23 -0.79
27041993 23 -0.78
28041993 23 -0.83
29041993 23 -0.84
30041993 23 -0.83
01051993 23 -0.86
02051993 23 -0.87
03051993 23 -0.85
04051993 23 -0.84
05051993 23 -0.87
06051993 23 -0.88
07051993 23 -0.86
08051993 23 -0.85
09051993 23 -0.88
10051993 23 -0.88
11051993 23 -0.88
12051993 23 -0.89
13051993 23 -0.89
14051993 23 -0.89
15051993 23 -0.87
16051993 23 -0.89
17051993 23 -0.90
18051993 23 -0.89
19051993 23 -0.85
20051993 23 -0.81
21051993 23 -0.81
22051993 23 -0.86
23051993 23 -0.88
24051993 23 -0.86
25051993 23 -0.84
26051993 23 -0.81
27051993 23 -0.78
28051993 23 -0.75
29051993 23 -0.71
30051993 23 -0.67
31051993 23 -0.63
01061993 23 -0.60
02061993 23 -0.72
03061993 23 -0.79
04061993 23 -0.78
05061993 23 -0.75
06061993 23 -0.72
07061993 23 -0.69
08061993 23 -0.65
09061993 23 -0.62
10061993 23 -0.59
11061993 23 -0.59
12061993 23 -0.78
13061993 23 -0.86
14061993 23 -0.88
15061993 23 -0.87
16061993 23 -0.84
17061993 23 -0.80
18061993 23 -0.76
19061993 23 -0.72
20061993 23 -0.71
21061993 23 -0.79
22061993 23 -0.82
23061993 23 -0.83
24061993 23 -0.83
25061993 23 -0.81
26061993 23 -0.78
27061993 23 -0.78
28061993 23 -0.83
29061993 23 -0.86
30061993 23 -0.87
01071993 23 -0.84
02071993 23 -0.80
03071993 23 -0.76
04071993 23 -0.70
05071993 23 -0.65
06071993 23 -0.60
07071993 23 -0.55
08071993 23 -0.51
09071993 23 -0.47
10071993 23 -0.48
11071993 23 -0.71
12071993 23 -0.73
13071993 23 -0.65
14071993 23 -0.60
15071993 23 -0.55
16071993 23 -0.51
17071993 23 -0.68
18071993 23 -0.74
19071993 23 -0.69
20071993 23 -0.64
21071993 23 -0.60
22071993 23 -0.56
23071993 23 -0.52
24071993 23 -0.49
25071993 23 -0.45
26071993 23 -0.41
27071993 23 -0.37
28071993 23 -0.32
29071993 23 -0.27
30071993 23 -0.19
31071993 23 -0.11
01081993 23 -0.21
02081993 23 -0.73
03081993 23 -0.81
04081993 23 -0.84
05081993 23 -0.85
06081993 23 -0.84
07081993 23 -0.83
08081993 23 -0.81
09081993 23 -0.79
10081993 23 -0.75
11081993 23 -0.71
12081993 23 -0.74
13081993 23 -0.87
14081993 23 -0.92
15081993 23 -0.90
16081993 23 -0.88
17081993 23 -0.86
18081993 23 -0.83
19081993 23 -0.81
20081993 23 -0.81
21081993 23 -0.78
22081993 23 -0.77
23081993 23 -0.72
24081993 23 -0.67
25081993 23 -0.62
26081993 23 -0.57
27081993 23 -0.53
28081993 23 -0.49
29081993 23 -0.46
30081993 23 -0.73
31081993 23 -0.85
01091993 23 -0.88
02091993 23 -0.88
03091993 23 -0.89
04091993 23 -0.87
05091993 23 -0.85
06091993 23 -0.91
07091993 23 -0.93
08091993 23 -0.91
09091993 23 -0.89
10091993 23 -0.88
11091993 23 -0.87
12091993 23 -0.85
13091993 23 -0.84
14091993 23 -0.83
15091993 23 -0.79
16091993 23 -0.77
17091993 23 -0.87
18091993 23 -0.92
19091993 23 -0.92
20091993 23 -0.89
21091993 23 -0.88
22091993 23 -0.86
23091993 23 -0.86
24091993 23 -0.84
25091993 23 -0.81
26091993 23 -0.77
27091993 23 -0.72
28091993 23 -0.67
29091993 23 -0.63
30091993 23 -0.61
01101993 23 -0.66
02101993 23 -0.81
03101993 23 -0.78
04101993 23 -0.73
05101993 23 -0.67
06101993 23 -0.62
07101993 23 -0.57
08101993 23 -0.53
09101993 23 -0.49
10101993 23 -0.83
11101993 23 -0.95
12101993 23 -0.88
13101993 23 -0.86
14101993 23 -0.83
15101993 23 -0.80
16101993 23 -0.76
17101993 23 -0.72
18101993 23 -0.91
19101993 23 -0.97
20101993 23 -0.98
21101993 23 -0.97
22101993 23 -0.97
23101993 23 -0.97
24101993 23 -0.97
25101993 23 -0.95
26101993 23 -0.94
27101993 23 -0.96
28101993 23 -0.97
29101993 23 -0.96
30101993 23 -0.94
31101993 23 -0.93
01111993 23 -0.92
02111993 23 -0.93
03111993 23 -0.93
04111993 23 -0.94
05111993 23 -0.94
06111993 23 -0.94
07111993 23 -0.94
08111993 23 -0.94
09111993 23 -0.94
10111993 23 -0.94
11111993 23 -0.94
12111993 23 -0.94
13111993 23 -0.94
14111993 23 -0.95
15111993 23 -0.99
16111993 23 -1.03
17111993 23 -1.06
18111993 23 -1.07
19111993 23 -1.08
20111993 23 -1.10
21111993 23 -1.10
22111993 23 -1.10
23111993 23 -1.10
24111993 23 -1.10
25111993 23 -1.10
26111993 23 -1.10
27111993 23 -1.10
28111993 23 -1.10
29111993 23 -1.10
30111993 23 -1.11
01121993 23 -1.11
02121993 23 -1.11
03121993 23 -1.11
04121993 23 -1.10
05121993 23 -1.09
06121993 23 -1.08
07121993 23 -1.09
08121993 23 -1.08
09121993 23 -1.08
10121993 23 -1.08
11121993 23 -1.08
12121993 23 -1.09
13121993 23 -1.09
14121993 23 -1.09
15121993 23 -1.09
16121993 23 -1.09
17121993 23 -1.09
18121993 23 -1.08
19121993 23 -1.04
20121993 23 -1.01
21121993 23 -1.00
22121993 23 -1.09
23121993 23 -1.10
24121993 23 -1.04
25121993 23 -1.01
26121993 23 -0.98
27121993 23 -0.96
28121993 23 -0.96
29121993 23 -0.94
30121993 23 -0.92
31121993 23 -0.90
