01011937 23 -0.91
02011937 23 -0.91
03011937 23 -0.90
04011937 23 -0.90
05011937 23 -0.90
06011937 23 -0.91
07011937 23 -0.91
08011937 23 -0.91
09011937 23 -0.91
10011937 23 -0.90
11011937 23 -0.89
12011937 23 -0.87
13011937 23 -0.86
14011937 23 -0.85
15011937 23 -0.83
16011937 23 -0.86
17011937 23 -0.89
18011937 23 -0.89
19011937 23 -0.88
20011937 23 -0.90
21011937 23 -0.90
22011937 23 -0.89
23011937 23 -0.88
24011937 23 -0.87
25011937 23 -0.85
26011937 23 -0.84
27011937 23 -0.82
28011937 23 -0.80
29011937 23 -0.78
30011937 23 -0.76
31011937 23 -0.75
01021937 23 -0.80
02021937 23 -0.85
03021937 23 -0.88
04021937 23 -0.88
05021937 23 -0.87
06021937 23 -0.86
07021937 23 -0.84
08021937 23 -0.83
09021937 23 -0.81
10021937 23 -0.79
11021937 23 -0.83
12021937 23 -0.87
13021937 23 -0.90
14021937 23 -0.90
15021937 23 -0.88
16021937 23 -0.87
17021937 23 -0.85
18021937 23 -0.84
19021937 23 -0.82
20021937 23 -0.80
21021937 23 -0.78
22021937 23 -0.75
23021937 23 -0.73
24021937 23 -0.78
25021937 23 -0.78
26021937 23 -0.78
27021937 23 -0.82
28021937 23 -0.86
01031937 23 -0.87
02031937 23 -0.89
03031937 23 -0.90
04031937 23 -0.88
05031937 23 -0.86
06031937 23 -0.86
07031937 23 -0.89
08031937 23 -0.89
09031937 23 -0.87
10031937 23 -0.85
11031937 23 -0.84
12031937 23 -0.87
13031937 23 -0.89
14031937 23 -0.88
15031937 23 -0.89
16031937 23 -0.90
17031937 23 -0.88
18031937 23 -0.88
19031937 23 -0.90
20031937 23 -0.89
21031937 23 -0.88
22031937 23 -0.90
23031937 23 -0.89
24031937 23 -0.90
25031937 23 -0.89
26031937 23 -0.88
27031937 23 -0.90
28031937 23 -0.89
29031937 23 -0.87
30031937 23 -0.86
31031937 23 -0.89
01041937 23 -0.90
02041937 23 -0.88
03041937 23 -0.88
04041937 23 -0.90
05041937 23 -0.90
06041937 23 -0.88
07041937 23 -0.87
08041937 23 -0.85
09041937 23 -0.83
10041937 23 -0.80
11041937 23 -0.79
12041937 23 -0.83
13041937 23 -0.86
14041937 23 -0.86
15041937 23 -0.85
16041937 23 -0.82
17041937 23 -0.80
18041937 23 -0.83
19041937 23 -0.84
20041937 23 -0.83
21041937 23 -0.80
22041937 23 -0.79
23041937 23 -0.82
24041937 23 -0.83
25041937 23 -0.81
26041937 23 -0.79
27041937 23 -0.78
28041937 23 -0.83
29041937 23 -0.84
30041937 23 -0.83
01051937 23 -0.86
02051937 23 -0.87
03051937 23 -0.85
04051937 23 -0.84
05051937 23 -0.87
06051937 23 -0.88
07051937 23 -0.86
08051937 23 -0.85
09051937 23 -0.88
10051937 23 -0.88
11051937 23 -0.88
12051937 23 -0.89
13051937 23 -0.89
14051937 23 -0.89
15051937 23 -0.87
16051937 23 -0.89
17051937 23 -0.90
18051937 23 -0.89
19051937 23 -0.85
20051937 23 -0.81
21051937 23 -0.81
22051937 23 -0.86
23051937 23 -0.88
24051937 23 -0.86
25051937 23 -0.84
26051937 23 -0.81
27051937 23 -0.78
28051937 23 -0.75
29051937 23 -0.71
30051937 23 -0.67
31051937 23 -0.63
01061937 23 -0.60
02061937 23 -0.72
03061937 23 -0.79
04061937 23 -0.78
05061937 23 -0.75
06061937 23 -0.72
07061937 23 -0.69
08061937 23 -0.65
09061937 23 -0.62
10061937 23 -0.59
11061937 23 -0.59
12061937 23 -0.78
13061937 23 -0.86
14061937 23 -0.88
15061937 23 -0.87
16061937 23 -0.84
17061937 23 -0.80
18061937 23 -0.76
19061937 23 -0.72
20061937 23 -0.71
21061937 23 -0.79
22061937 23 -0.82
23061937 23 -0.83
24061937 23 -0.83
25061937 23 -0.81
26061937 23 -0.78
27061937 23 -0.78
28061937 23 -0.83
29061937 23 -0.86
30061937 23 -0.87
01071937 23 -0.84
02071937 23 -0.80
03071937 23 -0.76
04071937 23 -0.70
05071937 23 -0.65
06071937 23 -0.60
07071937 23 -0.55
08071937 23 -0.51
09071937 23 -0.47
10071937 23 -0.48
11071937 23 -0.71
12071937 23 -0.73
13071937 23 -0.65
14071937 23 -0.60
15071937 23 -0.55
16071937 23 -0.51
17071937 23 -0.68
18071937 23 -0.74
19071937 23 -0.69
20071937 23 -0.64
21071937 23 -0.60
22071937 23 -0.56
23071937 23 -0.52
24071937 23 -0.49
25071937 23 -0.45
26071937 23 -0.41
27071937 23 -0.37
28071937 23 -0.32
29071937 23 -0.27
30071937 23 -0.19
31071937 23 -0.11
01081937 23 -0.21
02081937 23 -0.73
03081937 23 -0.81
04081937 23 -0.84
05081937 23 -0.85
06081937 23 -0.84
07081937 23 -0.83
08081937 23 -0.81
09081937 23 -0.79
10081937 23 -0.75
11081937 23 -0.71
12081937 23 -0.74
13081937 23 -0.87
14081937 23 -0.92
15081937 23 -0.90
16081937 23 -0.88
17081937 23 -0.86
18081937 23 -0.83
19081937 23 -0.81
20081937 23 -0.81
21081937 23 -0.78
22081937 23 -0.77
23081937 23 -0.72
24081937 23 -0.67
25081937 23 -0.62
26081937 23 -0.57
27081937 23 -0.53
28081937 23 -0.49
29081937 23 -0.46
30081937 23 -0.73
31081937 23 -0.85
01091937 23 -0.88
02091937 23 -0.88
03091937 23 -0.89
04091937 23 -0.87
05091937 23 -0.85
06091937 23 -0.91
07091937 23 -0.93
08091937 23 -0.91
09091937 23 -0.89
10091937 23 -0.88
11091937 23 -0.87
12091937 23 -0.85
13091937 23 -0.84
14091937 23 -0.83
15091937 23 -0.79
16091937 23 -0.77
17091937 23 -0.87
18091937 23 -0.92
19091937 23 -0.92
20091937 23 -0.89
21091937 23 -0.88
22091937 23 -0.86
23091937 23 -0.86
24091937 23 -0.84
25091937 23 -0.81
26091937 23 -0.77
27091937 23 -0.72
28091937 23 -0.67
29091937 23 -0.63
30091937 23 -0.61
01101937 23 -0.66
02101937 23 -0.81
03101937 23 -0.78
04101937 23 -0.73
05101937 23 -0.67
06101937 23 -0.62
07101937 23 -0.57
08101937 23 -0.53
09101937 23 -0.49
10101937 23 -0.83
11101937 23 -0.95
12101937 23 -0.88
13101937 23 -0.86
14101937 23 -0.83
15101937 23 -0.80
16101937 23 -0.76
17101937 23 -0.72
18101937 23 -0.91
19101937 23 -0.97
20101937 23 -0.98
21101937 23 -0.97
22101937 23 -0.97
23101937 23 -0.97
24101937 23 -0.97
25101937 23 -0.95
26101937 23 -0.94
27101937 23 -0.96
28101937 23 -0.97
29101937 23 -0.96
30101937 23 -0.94
31101937 23 -0.93
01111937 23 -0.92
02111937 23 -0.93
03111937 23 -0.93
04111937 23 -0.94
05111937 23 -0.94
06111937 23 -0.94
07111937 23 -0.94
08111937 23 -0.94
09111937 23 -0.94
10111937 23 -0.94
11111937 23 -0.94
12111937 23 -0.94
13111937 23 -0.94
14111937 23 -0.95
15111937 23 -0.99
16111937 23 -1.03
17111937 23 -1.06
18111937 23 -1.07
19111937 23 -1.08
20111937 23 -1.10
21111937 23 -1.10
22111937 23 -1.10
23111937 23 -1.10
24111937 23 -1.10
25111937 23 -1.10
26111937 23 -1.10
27111937 23 -1.10
28111937 23 -1.10
29111937 23 -1.10
30111937 23 -1.11
01121937 23 -1.11
02121937 23 -1.11
03121937 23 -1.11
04121937 23 -1.10
05121937 23 -1.09
06121937 23 -1.08
07121937 23 -1.09
08121937 23 -1.08
09121937 23 -1.08
10121937 23 -1.08
11121937 23 -1.08
12121937 23 -1.09
13121937 23 -1.09
14121937 23 -1.09
15121937 23 -1.09
16121937 23 -1.09
17121937 23 -1.09
18121937 23 -1.08
19121937 23 -1.04
20121937 23 -1.01
21121937 23 -1.00
22121937 23 -1.09
23121937 23 -1.10
24121937 23 -1.04
25121937 23 -1.01
26121937 23 -0.98
27121937 23 -0.96
28121937 23 -0.96
29121937 23 -0.94
30121937 23 -0.92
31121937 23 -0.90
