01011911 23 -0.91
02011911 23 -0.91
03011911 23 -0.90
04011911 23 -0.90
05011911 23 -0.90
06011911 23 -0.91
07011911 23 -0.91
08011911 23 -0.91
09011911 23 -0.91
10011911 23 -0.90
11011911 23 -0.89
12011911 23 -0.87
13011911 23 -0.86
14011911 23 -0.85
15011911 23 -0.83
16011911 23 -0.86
17011911 23 -0.89
18011911 23 -0.89
19011911 23 -0.88
20011911 23 -0.90
21011911 23 -0.90
22011911 23 -0.89
23011911 23 -0.88
24011911 23 -0.87
25011911 23 -0.85
26011911 23 -0.84
27011911 23 -0.82
28011911 23 -0.80
29011911 23 -0.78
30011911 23 -0.76
31011911 23 -0.75
01021911 23 -0.80
02021911 23 -0.85
03021911 23 -0.88
04021911 23 -0.88
05021911 23 -0.87
06021911 23 -0.86
07021911 23 -0.84
08021911 23 -0.83
09021911 23 -0.81
10021911 23 -0.79
11021911 23 -0.83
12021911 23 -0.87
13021911 23 -0.90
14021911 23 -0.90
15021911 23 -0.88
16021911 23 -0.87
17021911 23 -0.85
18021911 23 -0.84
19021911 23 -0.82
20021911 23 -0.80
21021911 23 -0.78
22021911 23 -0.75
23021911 23 -0.73
24021911 23 -0.78
25021911 23 -0.78
26021911 23 -0.78
27021911 23 -0.82
28021911 23 -0.86
01031911 23 -0.87
02031911 23 -0.89
03031911 23 -0.90
04031911 23 -0.88
05031911 23 -0.86
06031911 23 -0.86
07031911 23 -0.89
08031911 23 -0.89
09031911 23 -0.87
10031911 23 -0.85
11031911 23 -0.84
12031911 23 -0.87
13031911 23 -0.89
14031911 23 -0.88
15031911 23 -0.89
16031911 23 -0.90
17031911 23 -0.88
18031911 23 -0.88
19031911 23 -0.90
20031911 23 -0.89
21031911 23 -0.88
22031911 23 -0.90
23031911 23 -0.89
24031911 23 -0.90
25031911 23 -0.89
26031911 23 -0.88
27031911 23 -0.90
28031911 23 -0.89
29031911 23 -0.87
30031911 23 -0.86
31031911 23 -0.89
01041911 23 -0.90
02041911 23 -0.88
03041911 23 -0.88
04041911 23 -0.90
05041911 23 -0.90
06041911 23 -0.88
07041911 23 -0.87
08041911 23 -0.85
09041911 23 -0.83
10041911 23 -0.80
11041911 23 -0.79
12041911 23 -0.83
13041911 23 -0.86
14041911 23 -0.86
15041911 23 -0.85
16041911 23 -0.82
17041911 23 -0.80
18041911 23 -0.83
19041911 23 -0.84
20041911 23 -0.83
21041911 23 -0.80
22041911 23 -0.79
23041911 23 -0.82
24041911 23 -0.83
25041911 23 -0.81
26041911 23 -0.79
27041911 23 -0.78
28041911 23 -0.83
29041911 23 -0.84
30041911 23 -0.83
01051911 23 -0.86
02051911 23 -0.87
03051911 23 -0.85
04051911 23 -0.84
05051911 23 -0.87
06051911 23 -0.88
07051911 23 -0.86
08051911 23 -0.85
09051911 23 -0.88
10051911 23 -0.88
11051911 23 -0.88
12051911 23 -0.89
13051911 23 -0.89
14051911 23 -0.89
15051911 23 -0.87
16051911 23 -0.89
17051911 23 -0.90
18051911 23 -0.89
19051911 23 -0.85
20051911 23 -0.81
21051911 23 -0.81
22051911 23 -0.86
23051911 23 -0.88
24051911 23 -0.86
25051911 23 -0.84
26051911 23 -0.81
27051911 23 -0.78
28051911 23 -0.75
29051911 23 -0.71
30051911 23 -0.67
31051911 23 -0.63
01061911 23 -0.60
02061911 23 -0.72
03061911 23 -0.79
04061911 23 -0.78
05061911 23 -0.75
06061911 23 -0.72
07061911 23 -0.69
08061911 23 -0.65
09061911 23 -0.62
10061911 23 -0.59
11061911 23 -0.59
12061911 23 -0.78
13061911 23 -0.86
14061911 23 -0.88
15061911 23 -0.87
16061911 23 -0.84
17061911 23 -0.80
18061911 23 -0.76
19061911 23 -0.72
20061911 23 -0.71
21061911 23 -0.79
22061911 23 -0.82
23061911 23 -0.83
24061911 23 -0.83
25061911 23 -0.81
26061911 23 -0.78
27061911 23 -0.78
28061911 23 -0.83
29061911 23 -0.86
30061911 23 -0.87
01071911 23 -0.84
02071911 23 -0.80
03071911 23 -0.76
04071911 23 -0.70
05071911 23 -0.65
06071911 23 -0.60
07071911 23 -0.55
08071911 23 -0.51
09071911 23 -0.47
10071911 23 -0.48
11071911 23 -0.71
12071911 23 -0.73
13071911 23 -0.65
14071911 23 -0.60
15071911 23 -0.55
16071911 23 -0.51
17071911 23 -0.68
18071911 23 -0.74
19071911 23 -0.69
20071911 23 -0.64
21071911 23 -0.60
22071911 23 -0.56
23071911 23 -0.52
24071911 23 -0.49
25071911 23 -0.45
26071911 23 -0.41
27071911 23 -0.37
28071911 23 -0.32
29071911 23 -0.27
30071911 23 -0.19
31071911 23 -0.11
01081911 23 -0.21
02081911 23 -0.73
03081911 23 -0.81
04081911 23 -0.84
05081911 23 -0.85
06081911 23 -0.84
07081911 23 -0.83
08081911 23 -0.81
09081911 23 -0.79
10081911 23 -0.75
11081911 23 -0.71
12081911 23 -0.74
13081911 23 -0.87
14081911 23 -0.92
15081911 23 -0.90
16081911 23 -0.88
17081911 23 -0.86
18081911 23 -0.83
19081911 23 -0.81
20081911 23 -0.81
21081911 23 -0.78
22081911 23 -0.77
23081911 23 -0.72
24081911 23 -0.67
25081911 23 -0.62
26081911 23 -0.57
27081911 23 -0.53
28081911 23 -0.49
29081911 23 -0.46
30081911 23 -0.73
31081911 23 -0.85
01091911 23 -0.88
02091911 23 -0.88
03091911 23 -0.89
04091911 23 -0.87
05091911 23 -0.85
06091911 23 -0.91
07091911 23 -0.93
08091911 23 -0.91
09091911 23 -0.89
10091911 23 -0.88
11091911 23 -0.87
12091911 23 -0.85
13091911 23 -0.84
14091911 23 -0.83
15091911 23 -0.79
16091911 23 -0.77
17091911 23 -0.87
18091911 23 -0.92
19091911 23 -0.92
20091911 23 -0.89
21091911 23 -0.88
22091911 23 -0.86
23091911 23 -0.86
24091911 23 -0.84
25091911 23 -0.81
26091911 23 -0.77
27091911 23 -0.72
28091911 23 -0.67
29091911 23 -0.63
30091911 23 -0.61
01101911 23 -0.66
02101911 23 -0.81
03101911 23 -0.78
04101911 23 -0.73
05101911 23 -0.67
06101911 23 -0.62
07101911 23 -0.57
08101911 23 -0.53
09101911 23 -0.49
10101911 23 -0.83
11101911 23 -0.95
12101911 23 -0.88
13101911 23 -0.86
14101911 23 -0.83
15101911 23 -0.80
16101911 23 -0.76
17101911 23 -0.72
18101911 23 -0.91
19101911 23 -0.97
20101911 23 -0.98
21101911 23 -0.97
22101911 23 -0.97
23101911 23 -0.97
24101911 23 -0.97
25101911 23 -0.95
26101911 23 -0.94
27101911 23 -0.96
28101911 23 -0.97
29101911 23 -0.96
30101911 23 -0.94
31101911 23 -0.93
01111911 23 -0.92
02111911 23 -0.93
03111911 23 -0.93
04111911 23 -0.94
05111911 23 -0.94
06111911 23 -0.94
07111911 23 -0.94
08111911 23 -0.94
09111911 23 -0.94
10111911 23 -0.94
11111911 23 -0.94
12111911 23 -0.94
13111911 23 -0.94
14111911 23 -0.95
15111911 23 -0.99
16111911 23 -1.03
17111911 23 -1.06
18111911 23 -1.07
19111911 23 -1.08
20111911 23 -1.10
21111911 23 -1.10
22111911 23 -1.10
23111911 23 -1.10
24111911 23 -1.10
25111911 23 -1.10
26111911 23 -1.10
27111911 23 -1.10
28111911 23 -1.10
29111911 23 -1.10
30111911 23 -1.11
01121911 23 -1.11
02121911 23 -1.11
03121911 23 -1.11
04121911 23 -1.10
05121911 23 -1.09
06121911 23 -1.08
07121911 23 -1.09
08121911 23 -1.08
09121911 23 -1.08
10121911 23 -1.08
11121911 23 -1.08
12121911 23 -1.09
13121911 23 -1.09
14121911 23 -1.09
15121911 23 -1.09
16121911 23 -1.09
17121911 23 -1.09
18121911 23 -1.08
19121911 23 -1.04
20121911 23 -1.01
21121911 23 -1.00
22121911 23 -1.09
23121911 23 -1.10
24121911 23 -1.04
25121911 23 -1.01
26121911 23 -0.98
27121911 23 -0.96
28121911 23 -0.96
29121911 23 -0.94
30121911 23 -0.92
31121911 23 -0.90
