01011953 23 -0.91
02011953 23 -0.91
03011953 23 -0.90
04011953 23 -0.90
05011953 23 -0.90
06011953 23 -0.91
07011953 23 -0.91
08011953 23 -0.91
09011953 23 -0.91
10011953 23 -0.90
11011953 23 -0.89
12011953 23 -0.87
13011953 23 -0.86
14011953 23 -0.85
15011953 23 -0.83
16011953 23 -0.86
17011953 23 -0.89
18011953 23 -0.89
19011953 23 -0.88
20011953 23 -0.90
21011953 23 -0.90
22011953 23 -0.89
23011953 23 -0.88
24011953 23 -0.87
25011953 23 -0.85
26011953 23 -0.84
27011953 23 -0.82
28011953 23 -0.80
29011953 23 -0.78
30011953 23 -0.76
31011953 23 -0.75
01021953 23 -0.80
02021953 23 -0.85
03021953 23 -0.88
04021953 23 -0.88
05021953 23 -0.87
06021953 23 -0.86
07021953 23 -0.84
08021953 23 -0.83
09021953 23 -0.81
10021953 23 -0.79
11021953 23 -0.83
12021953 23 -0.87
13021953 23 -0.90
14021953 23 -0.90
15021953 23 -0.88
16021953 23 -0.87
17021953 23 -0.85
18021953 23 -0.84
19021953 23 -0.82
20021953 23 -0.80
21021953 23 -0.78
22021953 23 -0.75
23021953 23 -0.73
24021953 23 -0.78
25021953 23 -0.78
26021953 23 -0.78
27021953 23 -0.82
28021953 23 -0.86
01031953 23 -0.87
02031953 23 -0.89
03031953 23 -0.90
04031953 23 -0.88
05031953 23 -0.86
06031953 23 -0.86
07031953 23 -0.89
08031953 23 -0.89
09031953 23 -0.87
10031953 23 -0.85
11031953 23 -0.84
12031953 23 -0.87
13031953 23 -0.89
14031953 23 -0.88
15031953 23 -0.89
16031953 23 -0.90
17031953 23 -0.88
18031953 23 -0.88
19031953 23 -0.90
20031953 23 -0.89
21031953 23 -0.88
22031953 23 -0.90
23031953 23 -0.89
24031953 23 -0.90
25031953 23 -0.89
26031953 23 -0.88
27031953 23 -0.90
28031953 23 -0.89
29031953 23 -0.87
30031953 23 -0.86
31031953 23 -0.89
01041953 23 -0.90
02041953 23 -0.88
03041953 23 -0.88
04041953 23 -0.90
05041953 23 -0.90
06041953 23 -0.88
07041953 23 -0.87
08041953 23 -0.85
09041953 23 -0.83
10041953 23 -0.80
11041953 23 -0.79
12041953 23 -0.83
13041953 23 -0.86
14041953 23 -0.86
15041953 23 -0.85
16041953 23 -0.82
17041953 23 -0.80
18041953 23 -0.83
19041953 23 -0.84
20041953 23 -0.83
21041953 23 -0.80
22041953 23 -0.79
23041953 23 -0.82
24041953 23 -0.83
25041953 23 -0.81
26041953 23 -0.79
27041953 23 -0.78
28041953 23 -0.83
29041953 23 -0.84
30041953 23 -0.83
01051953 23 -0.86
02051953 23 -0.87
03051953 23 -0.85
04051953 23 -0.84
05051953 23 -0.87
06051953 23 -0.88
07051953 23 -0.86
08051953 23 -0.85
09051953 23 -0.88
10051953 23 -0.88
11051953 23 -0.88
12051953 23 -0.89
13051953 23 -0.89
14051953 23 -0.89
15051953 23 -0.87
16051953 23 -0.89
17051953 23 -0.90
18051953 23 -0.89
19051953 23 -0.85
20051953 23 -0.81
21051953 23 -0.81
22051953 23 -0.86
23051953 23 -0.88
24051953 23 -0.86
25051953 23 -0.84
26051953 23 -0.81
27051953 23 -0.78
28051953 23 -0.75
29051953 23 -0.71
30051953 23 -0.67
31051953 23 -0.63
01061953 23 -0.60
02061953 23 -0.72
03061953 23 -0.79
04061953 23 -0.78
05061953 23 -0.75
06061953 23 -0.72
07061953 23 -0.69
08061953 23 -0.65
09061953 23 -0.62
10061953 23 -0.59
11061953 23 -0.59
12061953 23 -0.78
13061953 23 -0.86
14061953 23 -0.88
15061953 23 -0.87
16061953 23 -0.84
17061953 23 -0.80
18061953 23 -0.76
19061953 23 -0.72
20061953 23 -0.71
21061953 23 -0.79
22061953 23 -0.82
23061953 23 -0.83
24061953 23 -0.83
25061953 23 -0.81
26061953 23 -0.78
27061953 23 -0.78
28061953 23 -0.83
29061953 23 -0.86
30061953 23 -0.87
01071953 23 -0.84
02071953 23 -0.80
03071953 23 -0.76
04071953 23 -0.70
05071953 23 -0.65
06071953 23 -0.60
07071953 23 -0.55
08071953 23 -0.51
09071953 23 -0.47
10071953 23 -0.48
11071953 23 -0.71
12071953 23 -0.73
13071953 23 -0.65
14071953 23 -0.60
15071953 23 -0.55
16071953 23 -0.51
17071953 23 -0.68
18071953 23 -0.74
19071953 23 -0.69
20071953 23 -0.64
21071953 23 -0.60
22071953 23 -0.56
23071953 23 -0.52
24071953 23 -0.49
25071953 23 -0.45
26071953 23 -0.41
27071953 23 -0.37
28071953 23 -0.32
29071953 23 -0.27
30071953 23 -0.19
31071953 23 -0.11
01081953 23 -0.21
02081953 23 -0.73
03081953 23 -0.81
04081953 23 -0.84
05081953 23 -0.85
06081953 23 -0.84
07081953 23 -0.83
08081953 23 -0.81
09081953 23 -0.79
10081953 23 -0.75
11081953 23 -0.71
12081953 23 -0.74
13081953 23 -0.87
14081953 23 -0.92
15081953 23 -0.90
16081953 23 -0.88
17081953 23 -0.86
18081953 23 -0.83
19081953 23 -0.81
20081953 23 -0.81
21081953 23 -0.78
22081953 23 -0.77
23081953 23 -0.72
24081953 23 -0.67
25081953 23 -0.62
26081953 23 -0.57
27081953 23 -0.53
28081953 23 -0.49
29081953 23 -0.46
30081953 23 -0.73
31081953 23 -0.85
01091953 23 -0.88
02091953 23 -0.88
03091953 23 -0.89
04091953 23 -0.87
05091953 23 -0.85
06091953 23 -0.91
07091953 23 -0.93
08091953 23 -0.91
09091953 23 -0.89
10091953 23 -0.88
11091953 23 -0.87
12091953 23 -0.85
13091953 23 -0.84
14091953 23 -0.83
15091953 23 -0.79
16091953 23 -0.77
17091953 23 -0.87
18091953 23 -0.92
19091953 23 -0.92
20091953 23 -0.89
21091953 23 -0.88
22091953 23 -0.86
23091953 23 -0.86
24091953 23 -0.84
25091953 23 -0.81
26091953 23 -0.77
27091953 23 -0.72
28091953 23 -0.67
29091953 23 -0.63
30091953 23 -0.61
01101953 23 -0.66
02101953 23 -0.81
03101953 23 -0.78
04101953 23 -0.73
05101953 23 -0.67
06101953 23 -0.62
07101953 23 -0.57
08101953 23 -0.53
09101953 23 -0.49
10101953 23 -0.83
11101953 23 -0.95
12101953 23 -0.88
13101953 23 -0.86
14101953 23 -0.83
15101953 23 -0.80
16101953 23 -0.76
17101953 23 -0.72
18101953 23 -0.91
19101953 23 -0.97
20101953 23 -0.98
21101953 23 -0.97
22101953 23 -0.97
23101953 23 -0.97
24101953 23 -0.97
25101953 23 -0.95
26101953 23 -0.94
27101953 23 -0.96
28101953 23 -0.97
29101953 23 -0.96
30101953 23 -0.94
31101953 23 -0.93
01111953 23 -0.92
02111953 23 -0.93
03111953 23 -0.93
04111953 23 -0.94
05111953 23 -0.94
06111953 23 -0.94
07111953 23 -0.94
08111953 23 -0.94
09111953 23 -0.94
10111953 23 -0.94
11111953 23 -0.94
12111953 23 -0.94
13111953 23 -0.94
14111953 23 -0.95
15111953 23 -0.99
16111953 23 -1.03
17111953 23 -1.06
18111953 23 -1.07
19111953 23 -1.08
20111953 23 -1.10
21111953 23 -1.10
22111953 23 -1.10
23111953 23 -1.10
24111953 23 -1.10
25111953 23 -1.10
26111953 23 -1.10
27111953 23 -1.10
28111953 23 -1.10
29111953 23 -1.10
30111953 23 -1.11
01121953 23 -1.11
02121953 23 -1.11
03121953 23 -1.11
04121953 23 -1.10
05121953 23 -1.09
06121953 23 -1.08
07121953 23 -1.09
08121953 23 -1.08
09121953 23 -1.08
10121953 23 -1.08
11121953 23 -1.08
12121953 23 -1.09
13121953 23 -1.09
14121953 23 -1.09
15121953 23 -1.09
16121953 23 -1.09
17121953 23 -1.09
18121953 23 -1.08
19121953 23 -1.04
20121953 23 -1.01
21121953 23 -1.00
22121953 23 -1.09
23121953 23 -1.10
24121953 23 -1.04
25121953 23 -1.01
26121953 23 -0.98
27121953 23 -0.96
28121953 23 -0.96
29121953 23 -0.94
30121953 23 -0.92
31121953 23 -0.90
