01011910 23 -0.91
02011910 23 -0.91
03011910 23 -0.90
04011910 23 -0.90
05011910 23 -0.90
06011910 23 -0.91
07011910 23 -0.91
08011910 23 -0.91
09011910 23 -0.91
10011910 23 -0.90
11011910 23 -0.89
12011910 23 -0.87
13011910 23 -0.86
14011910 23 -0.85
15011910 23 -0.83
16011910 23 -0.86
17011910 23 -0.89
18011910 23 -0.89
19011910 23 -0.88
20011910 23 -0.90
21011910 23 -0.90
22011910 23 -0.89
23011910 23 -0.88
24011910 23 -0.87
25011910 23 -0.85
26011910 23 -0.84
27011910 23 -0.82
28011910 23 -0.80
29011910 23 -0.78
30011910 23 -0.76
31011910 23 -0.75
01021910 23 -0.80
02021910 23 -0.85
03021910 23 -0.88
04021910 23 -0.88
05021910 23 -0.87
06021910 23 -0.86
07021910 23 -0.84
08021910 23 -0.83
09021910 23 -0.81
10021910 23 -0.79
11021910 23 -0.83
12021910 23 -0.87
13021910 23 -0.90
14021910 23 -0.90
15021910 23 -0.88
16021910 23 -0.87
17021910 23 -0.85
18021910 23 -0.84
19021910 23 -0.82
20021910 23 -0.80
21021910 23 -0.78
22021910 23 -0.75
23021910 23 -0.73
24021910 23 -0.78
25021910 23 -0.78
26021910 23 -0.78
27021910 23 -0.82
28021910 23 -0.86
01031910 23 -0.87
02031910 23 -0.89
03031910 23 -0.90
04031910 23 -0.88
05031910 23 -0.86
06031910 23 -0.86
07031910 23 -0.89
08031910 23 -0.89
09031910 23 -0.87
10031910 23 -0.85
11031910 23 -0.84
12031910 23 -0.87
13031910 23 -0.89
14031910 23 -0.88
15031910 23 -0.89
16031910 23 -0.90
17031910 23 -0.88
18031910 23 -0.88
19031910 23 -0.90
20031910 23 -0.89
21031910 23 -0.88
22031910 23 -0.90
23031910 23 -0.89
24031910 23 -0.90
25031910 23 -0.89
26031910 23 -0.88
27031910 23 -0.90
28031910 23 -0.89
29031910 23 -0.87
30031910 23 -0.86
31031910 23 -0.89
01041910 23 -0.90
02041910 23 -0.88
03041910 23 -0.88
04041910 23 -0.90
05041910 23 -0.90
06041910 23 -0.88
07041910 23 -0.87
08041910 23 -0.85
09041910 23 -0.83
10041910 23 -0.80
11041910 23 -0.79
12041910 23 -0.83
13041910 23 -0.86
14041910 23 -0.86
15041910 23 -0.85
16041910 23 -0.82
17041910 23 -0.80
18041910 23 -0.83
19041910 23 -0.84
20041910 23 -0.83
21041910 23 -0.80
22041910 23 -0.79
23041910 23 -0.82
24041910 23 -0.83
25041910 23 -0.81
26041910 23 -0.79
27041910 23 -0.78
28041910 23 -0.83
29041910 23 -0.84
30041910 23 -0.83
01051910 23 -0.86
02051910 23 -0.87
03051910 23 -0.85
04051910 23 -0.84
05051910 23 -0.87
06051910 23 -0.88
07051910 23 -0.86
08051910 23 -0.85
09051910 23 -0.88
10051910 23 -0.88
11051910 23 -0.88
12051910 23 -0.89
13051910 23 -0.89
14051910 23 -0.89
15051910 23 -0.87
16051910 23 -0.89
17051910 23 -0.90
18051910 23 -0.89
19051910 23 -0.85
20051910 23 -0.81
21051910 23 -0.81
22051910 23 -0.86
23051910 23 -0.88
24051910 23 -0.86
25051910 23 -0.84
26051910 23 -0.81
27051910 23 -0.78
28051910 23 -0.75
29051910 23 -0.71
30051910 23 -0.67
31051910 23 -0.63
01061910 23 -0.60
02061910 23 -0.72
03061910 23 -0.79
04061910 23 -0.78
05061910 23 -0.75
06061910 23 -0.72
07061910 23 -0.69
08061910 23 -0.65
09061910 23 -0.62
10061910 23 -0.59
11061910 23 -0.59
12061910 23 -0.78
13061910 23 -0.86
14061910 23 -0.88
15061910 23 -0.87
16061910 23 -0.84
17061910 23 -0.80
18061910 23 -0.76
19061910 23 -0.72
20061910 23 -0.71
21061910 23 -0.79
22061910 23 -0.82
23061910 23 -0.83
24061910 23 -0.83
25061910 23 -0.81
26061910 23 -0.78
27061910 23 -0.78
28061910 23 -0.83
29061910 23 -0.86
30061910 23 -0.87
01071910 23 -0.84
02071910 23 -0.80
03071910 23 -0.76
04071910 23 -0.70
05071910 23 -0.65
06071910 23 -0.60
07071910 23 -0.55
08071910 23 -0.51
09071910 23 -0.47
10071910 23 -0.48
11071910 23 -0.71
12071910 23 -0.73
13071910 23 -0.65
14071910 23 -0.60
15071910 23 -0.55
16071910 23 -0.51
17071910 23 -0.68
18071910 23 -0.74
19071910 23 -0.69
20071910 23 -0.64
21071910 23 -0.60
22071910 23 -0.56
23071910 23 -0.52
24071910 23 -0.49
25071910 23 -0.45
26071910 23 -0.41
27071910 23 -0.37
28071910 23 -0.32
29071910 23 -0.27
30071910 23 -0.19
31071910 23 -0.11
01081910 23 -0.21
02081910 23 -0.73
03081910 23 -0.81
04081910 23 -0.84
05081910 23 -0.85
06081910 23 -0.84
07081910 23 -0.83
08081910 23 -0.81
09081910 23 -0.79
10081910 23 -0.75
11081910 23 -0.71
12081910 23 -0.74
13081910 23 -0.87
14081910 23 -0.92
15081910 23 -0.90
16081910 23 -0.88
17081910 23 -0.86
18081910 23 -0.83
19081910 23 -0.81
20081910 23 -0.81
21081910 23 -0.78
22081910 23 -0.77
23081910 23 -0.72
24081910 23 -0.67
25081910 23 -0.62
26081910 23 -0.57
27081910 23 -0.53
28081910 23 -0.49
29081910 23 -0.46
30081910 23 -0.73
31081910 23 -0.85
01091910 23 -0.88
02091910 23 -0.88
03091910 23 -0.89
04091910 23 -0.87
05091910 23 -0.85
06091910 23 -0.91
07091910 23 -0.93
08091910 23 -0.91
09091910 23 -0.89
10091910 23 -0.88
11091910 23 -0.87
12091910 23 -0.85
13091910 23 -0.84
14091910 23 -0.83
15091910 23 -0.79
16091910 23 -0.77
17091910 23 -0.87
18091910 23 -0.92
19091910 23 -0.92
20091910 23 -0.89
21091910 23 -0.88
22091910 23 -0.86
23091910 23 -0.86
24091910 23 -0.84
25091910 23 -0.81
26091910 23 -0.77
27091910 23 -0.72
28091910 23 -0.67
29091910 23 -0.63
30091910 23 -0.61
01101910 23 -0.66
02101910 23 -0.81
03101910 23 -0.78
04101910 23 -0.73
05101910 23 -0.67
06101910 23 -0.62
07101910 23 -0.57
08101910 23 -0.53
09101910 23 -0.49
10101910 23 -0.83
11101910 23 -0.95
12101910 23 -0.88
13101910 23 -0.86
14101910 23 -0.83
15101910 23 -0.80
16101910 23 -0.76
17101910 23 -0.72
18101910 23 -0.91
19101910 23 -0.97
20101910 23 -0.98
21101910 23 -0.97
22101910 23 -0.97
23101910 23 -0.97
24101910 23 -0.97
25101910 23 -0.95
26101910 23 -0.94
27101910 23 -0.96
28101910 23 -0.97
29101910 23 -0.96
30101910 23 -0.94
31101910 23 -0.93
01111910 23 -0.92
02111910 23 -0.93
03111910 23 -0.93
04111910 23 -0.94
05111910 23 -0.94
06111910 23 -0.94
07111910 23 -0.94
08111910 23 -0.94
09111910 23 -0.94
10111910 23 -0.94
11111910 23 -0.94
12111910 23 -0.94
13111910 23 -0.94
14111910 23 -0.95
15111910 23 -0.99
16111910 23 -1.03
17111910 23 -1.06
18111910 23 -1.07
19111910 23 -1.08
20111910 23 -1.10
21111910 23 -1.10
22111910 23 -1.10
23111910 23 -1.10
24111910 23 -1.10
25111910 23 -1.10
26111910 23 -1.10
27111910 23 -1.10
28111910 23 -1.10
29111910 23 -1.10
30111910 23 -1.11
01121910 23 -1.11
02121910 23 -1.11
03121910 23 -1.11
04121910 23 -1.10
05121910 23 -1.09
06121910 23 -1.08
07121910 23 -1.09
08121910 23 -1.08
09121910 23 -1.08
10121910 23 -1.08
11121910 23 -1.08
12121910 23 -1.09
13121910 23 -1.09
14121910 23 -1.09
15121910 23 -1.09
16121910 23 -1.09
17121910 23 -1.09
18121910 23 -1.08
19121910 23 -1.04
20121910 23 -1.01
21121910 23 -1.00
22121910 23 -1.09
23121910 23 -1.10
24121910 23 -1.04
25121910 23 -1.01
26121910 23 -0.98
27121910 23 -0.96
28121910 23 -0.96
29121910 23 -0.94
30121910 23 -0.92
31121910 23 -0.90
