01011963 23 -0.91
02011963 23 -0.91
03011963 23 -0.90
04011963 23 -0.90
05011963 23 -0.90
06011963 23 -0.91
07011963 23 -0.91
08011963 23 -0.91
09011963 23 -0.91
10011963 23 -0.90
11011963 23 -0.89
12011963 23 -0.87
13011963 23 -0.86
14011963 23 -0.85
15011963 23 -0.83
16011963 23 -0.86
17011963 23 -0.89
18011963 23 -0.89
19011963 23 -0.88
20011963 23 -0.90
21011963 23 -0.90
22011963 23 -0.89
23011963 23 -0.88
24011963 23 -0.87
25011963 23 -0.85
26011963 23 -0.84
27011963 23 -0.82
28011963 23 -0.80
29011963 23 -0.78
30011963 23 -0.76
31011963 23 -0.75
01021963 23 -0.80
02021963 23 -0.85
03021963 23 -0.88
04021963 23 -0.88
05021963 23 -0.87
06021963 23 -0.86
07021963 23 -0.84
08021963 23 -0.83
09021963 23 -0.81
10021963 23 -0.79
11021963 23 -0.83
12021963 23 -0.87
13021963 23 -0.90
14021963 23 -0.90
15021963 23 -0.88
16021963 23 -0.87
17021963 23 -0.85
18021963 23 -0.84
19021963 23 -0.82
20021963 23 -0.80
21021963 23 -0.78
22021963 23 -0.75
23021963 23 -0.73
24021963 23 -0.78
25021963 23 -0.78
26021963 23 -0.78
27021963 23 -0.82
28021963 23 -0.86
01031963 23 -0.87
02031963 23 -0.89
03031963 23 -0.90
04031963 23 -0.88
05031963 23 -0.86
06031963 23 -0.86
07031963 23 -0.89
08031963 23 -0.89
09031963 23 -0.87
10031963 23 -0.85
11031963 23 -0.84
12031963 23 -0.87
13031963 23 -0.89
14031963 23 -0.88
15031963 23 -0.89
16031963 23 -0.90
17031963 23 -0.88
18031963 23 -0.88
19031963 23 -0.90
20031963 23 -0.89
21031963 23 -0.88
22031963 23 -0.90
23031963 23 -0.89
24031963 23 -0.90
25031963 23 -0.89
26031963 23 -0.88
27031963 23 -0.90
28031963 23 -0.89
29031963 23 -0.87
30031963 23 -0.86
31031963 23 -0.89
01041963 23 -0.90
02041963 23 -0.88
03041963 23 -0.88
04041963 23 -0.90
05041963 23 -0.90
06041963 23 -0.88
07041963 23 -0.87
08041963 23 -0.85
09041963 23 -0.83
10041963 23 -0.80
11041963 23 -0.79
12041963 23 -0.83
13041963 23 -0.86
14041963 23 -0.86
15041963 23 -0.85
16041963 23 -0.82
17041963 23 -0.80
18041963 23 -0.83
19041963 23 -0.84
20041963 23 -0.83
21041963 23 -0.80
22041963 23 -0.79
23041963 23 -0.82
24041963 23 -0.83
25041963 23 -0.81
26041963 23 -0.79
27041963 23 -0.78
28041963 23 -0.83
29041963 23 -0.84
30041963 23 -0.83
01051963 23 -0.86
02051963 23 -0.87
03051963 23 -0.85
04051963 23 -0.84
05051963 23 -0.87
06051963 23 -0.88
07051963 23 -0.86
08051963 23 -0.85
09051963 23 -0.88
10051963 23 -0.88
11051963 23 -0.88
12051963 23 -0.89
13051963 23 -0.89
14051963 23 -0.89
15051963 23 -0.87
16051963 23 -0.89
17051963 23 -0.90
18051963 23 -0.89
19051963 23 -0.85
20051963 23 -0.81
21051963 23 -0.81
22051963 23 -0.86
23051963 23 -0.88
24051963 23 -0.86
25051963 23 -0.84
26051963 23 -0.81
27051963 23 -0.78
28051963 23 -0.75
29051963 23 -0.71
30051963 23 -0.67
31051963 23 -0.63
01061963 23 -0.60
02061963 23 -0.72
03061963 23 -0.79
04061963 23 -0.78
05061963 23 -0.75
06061963 23 -0.72
07061963 23 -0.69
08061963 23 -0.65
09061963 23 -0.62
10061963 23 -0.59
11061963 23 -0.59
12061963 23 -0.78
13061963 23 -0.86
14061963 23 -0.88
15061963 23 -0.87
16061963 23 -0.84
17061963 23 -0.80
18061963 23 -0.76
19061963 23 -0.72
20061963 23 -0.71
21061963 23 -0.79
22061963 23 -0.82
23061963 23 -0.83
24061963 23 -0.83
25061963 23 -0.81
26061963 23 -0.78
27061963 23 -0.78
28061963 23 -0.83
29061963 23 -0.86
30061963 23 -0.87
01071963 23 -0.84
02071963 23 -0.80
03071963 23 -0.76
04071963 23 -0.70
05071963 23 -0.65
06071963 23 -0.60
07071963 23 -0.55
08071963 23 -0.51
09071963 23 -0.47
10071963 23 -0.48
11071963 23 -0.71
12071963 23 -0.73
13071963 23 -0.65
14071963 23 -0.60
15071963 23 -0.55
16071963 23 -0.51
17071963 23 -0.68
18071963 23 -0.74
19071963 23 -0.69
20071963 23 -0.64
21071963 23 -0.60
22071963 23 -0.56
23071963 23 -0.52
24071963 23 -0.49
25071963 23 -0.45
26071963 23 -0.41
27071963 23 -0.37
28071963 23 -0.32
29071963 23 -0.27
30071963 23 -0.19
31071963 23 -0.11
01081963 23 -0.21
02081963 23 -0.73
03081963 23 -0.81
04081963 23 -0.84
05081963 23 -0.85
06081963 23 -0.84
07081963 23 -0.83
08081963 23 -0.81
09081963 23 -0.79
10081963 23 -0.75
11081963 23 -0.71
12081963 23 -0.74
13081963 23 -0.87
14081963 23 -0.92
15081963 23 -0.90
16081963 23 -0.88
17081963 23 -0.86
18081963 23 -0.83
19081963 23 -0.81
20081963 23 -0.81
21081963 23 -0.78
22081963 23 -0.77
23081963 23 -0.72
24081963 23 -0.67
25081963 23 -0.62
26081963 23 -0.57
27081963 23 -0.53
28081963 23 -0.49
29081963 23 -0.46
30081963 23 -0.73
31081963 23 -0.85
01091963 23 -0.88
02091963 23 -0.88
03091963 23 -0.89
04091963 23 -0.87
05091963 23 -0.85
06091963 23 -0.91
07091963 23 -0.93
08091963 23 -0.91
09091963 23 -0.89
10091963 23 -0.88
11091963 23 -0.87
12091963 23 -0.85
13091963 23 -0.84
14091963 23 -0.83
15091963 23 -0.79
16091963 23 -0.77
17091963 23 -0.87
18091963 23 -0.92
19091963 23 -0.92
20091963 23 -0.89
21091963 23 -0.88
22091963 23 -0.86
23091963 23 -0.86
24091963 23 -0.84
25091963 23 -0.81
26091963 23 -0.77
27091963 23 -0.72
28091963 23 -0.67
29091963 23 -0.63
30091963 23 -0.61
01101963 23 -0.66
02101963 23 -0.81
03101963 23 -0.78
04101963 23 -0.73
05101963 23 -0.67
06101963 23 -0.62
07101963 23 -0.57
08101963 23 -0.53
09101963 23 -0.49
10101963 23 -0.83
11101963 23 -0.95
12101963 23 -0.88
13101963 23 -0.86
14101963 23 -0.83
15101963 23 -0.80
16101963 23 -0.76
17101963 23 -0.72
18101963 23 -0.91
19101963 23 -0.97
20101963 23 -0.98
21101963 23 -0.97
22101963 23 -0.97
23101963 23 -0.97
24101963 23 -0.97
25101963 23 -0.95
26101963 23 -0.94
27101963 23 -0.96
28101963 23 -0.97
29101963 23 -0.96
30101963 23 -0.94
31101963 23 -0.93
01111963 23 -0.92
02111963 23 -0.93
03111963 23 -0.93
04111963 23 -0.94
05111963 23 -0.94
06111963 23 -0.94
07111963 23 -0.94
08111963 23 -0.94
09111963 23 -0.94
10111963 23 -0.94
11111963 23 -0.94
12111963 23 -0.94
13111963 23 -0.94
14111963 23 -0.95
15111963 23 -0.99
16111963 23 -1.03
17111963 23 -1.06
18111963 23 -1.07
19111963 23 -1.08
20111963 23 -1.10
21111963 23 -1.10
22111963 23 -1.10
23111963 23 -1.10
24111963 23 -1.10
25111963 23 -1.10
26111963 23 -1.10
27111963 23 -1.10
28111963 23 -1.10
29111963 23 -1.10
30111963 23 -1.11
01121963 23 -1.11
02121963 23 -1.11
03121963 23 -1.11
04121963 23 -1.10
05121963 23 -1.09
06121963 23 -1.08
07121963 23 -1.09
08121963 23 -1.08
09121963 23 -1.08
10121963 23 -1.08
11121963 23 -1.08
12121963 23 -1.09
13121963 23 -1.09
14121963 23 -1.09
15121963 23 -1.09
16121963 23 -1.09
17121963 23 -1.09
18121963 23 -1.08
19121963 23 -1.04
20121963 23 -1.01
21121963 23 -1.00
22121963 23 -1.09
23121963 23 -1.10
24121963 23 -1.04
25121963 23 -1.01
26121963 23 -0.98
27121963 23 -0.96
28121963 23 -0.96
29121963 23 -0.94
30121963 23 -0.92
31121963 23 -0.90
