01011958 23 -0.91
02011958 23 -0.91
03011958 23 -0.90
04011958 23 -0.90
05011958 23 -0.90
06011958 23 -0.91
07011958 23 -0.91
08011958 23 -0.91
09011958 23 -0.91
10011958 23 -0.90
11011958 23 -0.89
12011958 23 -0.87
13011958 23 -0.86
14011958 23 -0.85
15011958 23 -0.83
16011958 23 -0.86
17011958 23 -0.89
18011958 23 -0.89
19011958 23 -0.88
20011958 23 -0.90
21011958 23 -0.90
22011958 23 -0.89
23011958 23 -0.88
24011958 23 -0.87
25011958 23 -0.85
26011958 23 -0.84
27011958 23 -0.82
28011958 23 -0.80
29011958 23 -0.78
30011958 23 -0.76
31011958 23 -0.75
01021958 23 -0.80
02021958 23 -0.85
03021958 23 -0.88
04021958 23 -0.88
05021958 23 -0.87
06021958 23 -0.86
07021958 23 -0.84
08021958 23 -0.83
09021958 23 -0.81
10021958 23 -0.79
11021958 23 -0.83
12021958 23 -0.87
13021958 23 -0.90
14021958 23 -0.90
15021958 23 -0.88
16021958 23 -0.87
17021958 23 -0.85
18021958 23 -0.84
19021958 23 -0.82
20021958 23 -0.80
21021958 23 -0.78
22021958 23 -0.75
23021958 23 -0.73
24021958 23 -0.78
25021958 23 -0.78
26021958 23 -0.78
27021958 23 -0.82
28021958 23 -0.86
01031958 23 -0.87
02031958 23 -0.89
03031958 23 -0.90
04031958 23 -0.88
05031958 23 -0.86
06031958 23 -0.86
07031958 23 -0.89
08031958 23 -0.89
09031958 23 -0.87
10031958 23 -0.85
11031958 23 -0.84
12031958 23 -0.87
13031958 23 -0.89
14031958 23 -0.88
15031958 23 -0.89
16031958 23 -0.90
17031958 23 -0.88
18031958 23 -0.88
19031958 23 -0.90
20031958 23 -0.89
21031958 23 -0.88
22031958 23 -0.90
23031958 23 -0.89
24031958 23 -0.90
25031958 23 -0.89
26031958 23 -0.88
27031958 23 -0.90
28031958 23 -0.89
29031958 23 -0.87
30031958 23 -0.86
31031958 23 -0.89
01041958 23 -0.90
02041958 23 -0.88
03041958 23 -0.88
04041958 23 -0.90
05041958 23 -0.90
06041958 23 -0.88
07041958 23 -0.87
08041958 23 -0.85
09041958 23 -0.83
10041958 23 -0.80
11041958 23 -0.79
12041958 23 -0.83
13041958 23 -0.86
14041958 23 -0.86
15041958 23 -0.85
16041958 23 -0.82
17041958 23 -0.80
18041958 23 -0.83
19041958 23 -0.84
20041958 23 -0.83
21041958 23 -0.80
22041958 23 -0.79
23041958 23 -0.82
24041958 23 -0.83
25041958 23 -0.81
26041958 23 -0.79
27041958 23 -0.78
28041958 23 -0.83
29041958 23 -0.84
30041958 23 -0.83
01051958 23 -0.86
02051958 23 -0.87
03051958 23 -0.85
04051958 23 -0.84
05051958 23 -0.87
06051958 23 -0.88
07051958 23 -0.86
08051958 23 -0.85
09051958 23 -0.88
10051958 23 -0.88
11051958 23 -0.88
12051958 23 -0.89
13051958 23 -0.89
14051958 23 -0.89
15051958 23 -0.87
16051958 23 -0.89
17051958 23 -0.90
18051958 23 -0.89
19051958 23 -0.85
20051958 23 -0.81
21051958 23 -0.81
22051958 23 -0.86
23051958 23 -0.88
24051958 23 -0.86
25051958 23 -0.84
26051958 23 -0.81
27051958 23 -0.78
28051958 23 -0.75
29051958 23 -0.71
30051958 23 -0.67
31051958 23 -0.63
01061958 23 -0.60
02061958 23 -0.72
03061958 23 -0.79
04061958 23 -0.78
05061958 23 -0.75
06061958 23 -0.72
07061958 23 -0.69
08061958 23 -0.65
09061958 23 -0.62
10061958 23 -0.59
11061958 23 -0.59
12061958 23 -0.78
13061958 23 -0.86
14061958 23 -0.88
15061958 23 -0.87
16061958 23 -0.84
17061958 23 -0.80
18061958 23 -0.76
19061958 23 -0.72
20061958 23 -0.71
21061958 23 -0.79
22061958 23 -0.82
23061958 23 -0.83
24061958 23 -0.83
25061958 23 -0.81
26061958 23 -0.78
27061958 23 -0.78
28061958 23 -0.83
29061958 23 -0.86
30061958 23 -0.87
01071958 23 -0.84
02071958 23 -0.80
03071958 23 -0.76
04071958 23 -0.70
05071958 23 -0.65
06071958 23 -0.60
07071958 23 -0.55
08071958 23 -0.51
09071958 23 -0.47
10071958 23 -0.48
11071958 23 -0.71
12071958 23 -0.73
13071958 23 -0.65
14071958 23 -0.60
15071958 23 -0.55
16071958 23 -0.51
17071958 23 -0.68
18071958 23 -0.74
19071958 23 -0.69
20071958 23 -0.64
21071958 23 -0.60
22071958 23 -0.56
23071958 23 -0.52
24071958 23 -0.49
25071958 23 -0.45
26071958 23 -0.41
27071958 23 -0.37
28071958 23 -0.32
29071958 23 -0.27
30071958 23 -0.19
31071958 23 -0.11
01081958 23 -0.21
02081958 23 -0.73
03081958 23 -0.81
04081958 23 -0.84
05081958 23 -0.85
06081958 23 -0.84
07081958 23 -0.83
08081958 23 -0.81
09081958 23 -0.79
10081958 23 -0.75
11081958 23 -0.71
12081958 23 -0.74
13081958 23 -0.87
14081958 23 -0.92
15081958 23 -0.90
16081958 23 -0.88
17081958 23 -0.86
18081958 23 -0.83
19081958 23 -0.81
20081958 23 -0.81
21081958 23 -0.78
22081958 23 -0.77
23081958 23 -0.72
24081958 23 -0.67
25081958 23 -0.62
26081958 23 -0.57
27081958 23 -0.53
28081958 23 -0.49
29081958 23 -0.46
30081958 23 -0.73
31081958 23 -0.85
01091958 23 -0.88
02091958 23 -0.88
03091958 23 -0.89
04091958 23 -0.87
05091958 23 -0.85
06091958 23 -0.91
07091958 23 -0.93
08091958 23 -0.91
09091958 23 -0.89
10091958 23 -0.88
11091958 23 -0.87
12091958 23 -0.85
13091958 23 -0.84
14091958 23 -0.83
15091958 23 -0.79
16091958 23 -0.77
17091958 23 -0.87
18091958 23 -0.92
19091958 23 -0.92
20091958 23 -0.89
21091958 23 -0.88
22091958 23 -0.86
23091958 23 -0.86
24091958 23 -0.84
25091958 23 -0.81
26091958 23 -0.77
27091958 23 -0.72
28091958 23 -0.67
29091958 23 -0.63
30091958 23 -0.61
01101958 23 -0.66
02101958 23 -0.81
03101958 23 -0.78
04101958 23 -0.73
05101958 23 -0.67
06101958 23 -0.62
07101958 23 -0.57
08101958 23 -0.53
09101958 23 -0.49
10101958 23 -0.83
11101958 23 -0.95
12101958 23 -0.88
13101958 23 -0.86
14101958 23 -0.83
15101958 23 -0.80
16101958 23 -0.76
17101958 23 -0.72
18101958 23 -0.91
19101958 23 -0.97
20101958 23 -0.98
21101958 23 -0.97
22101958 23 -0.97
23101958 23 -0.97
24101958 23 -0.97
25101958 23 -0.95
26101958 23 -0.94
27101958 23 -0.96
28101958 23 -0.97
29101958 23 -0.96
30101958 23 -0.94
31101958 23 -0.93
01111958 23 -0.92
02111958 23 -0.93
03111958 23 -0.93
04111958 23 -0.94
05111958 23 -0.94
06111958 23 -0.94
07111958 23 -0.94
08111958 23 -0.94
09111958 23 -0.94
10111958 23 -0.94
11111958 23 -0.94
12111958 23 -0.94
13111958 23 -0.94
14111958 23 -0.95
15111958 23 -0.99
16111958 23 -1.03
17111958 23 -1.06
18111958 23 -1.07
19111958 23 -1.08
20111958 23 -1.10
21111958 23 -1.10
22111958 23 -1.10
23111958 23 -1.10
24111958 23 -1.10
25111958 23 -1.10
26111958 23 -1.10
27111958 23 -1.10
28111958 23 -1.10
29111958 23 -1.10
30111958 23 -1.11
01121958 23 -1.11
02121958 23 -1.11
03121958 23 -1.11
04121958 23 -1.10
05121958 23 -1.09
06121958 23 -1.08
07121958 23 -1.09
08121958 23 -1.08
09121958 23 -1.08
10121958 23 -1.08
11121958 23 -1.08
12121958 23 -1.09
13121958 23 -1.09
14121958 23 -1.09
15121958 23 -1.09
16121958 23 -1.09
17121958 23 -1.09
18121958 23 -1.08
19121958 23 -1.04
20121958 23 -1.01
21121958 23 -1.00
22121958 23 -1.09
23121958 23 -1.10
24121958 23 -1.04
25121958 23 -1.01
26121958 23 -0.98
27121958 23 -0.96
28121958 23 -0.96
29121958 23 -0.94
30121958 23 -0.92
31121958 23 -0.90
