01011942 23 -0.91
02011942 23 -0.91
03011942 23 -0.90
04011942 23 -0.90
05011942 23 -0.90
06011942 23 -0.91
07011942 23 -0.91
08011942 23 -0.91
09011942 23 -0.91
10011942 23 -0.90
11011942 23 -0.89
12011942 23 -0.87
13011942 23 -0.86
14011942 23 -0.85
15011942 23 -0.83
16011942 23 -0.86
17011942 23 -0.89
18011942 23 -0.89
19011942 23 -0.88
20011942 23 -0.90
21011942 23 -0.90
22011942 23 -0.89
23011942 23 -0.88
24011942 23 -0.87
25011942 23 -0.85
26011942 23 -0.84
27011942 23 -0.82
28011942 23 -0.80
29011942 23 -0.78
30011942 23 -0.76
31011942 23 -0.75
01021942 23 -0.80
02021942 23 -0.85
03021942 23 -0.88
04021942 23 -0.88
05021942 23 -0.87
06021942 23 -0.86
07021942 23 -0.84
08021942 23 -0.83
09021942 23 -0.81
10021942 23 -0.79
11021942 23 -0.83
12021942 23 -0.87
13021942 23 -0.90
14021942 23 -0.90
15021942 23 -0.88
16021942 23 -0.87
17021942 23 -0.85
18021942 23 -0.84
19021942 23 -0.82
20021942 23 -0.80
21021942 23 -0.78
22021942 23 -0.75
23021942 23 -0.73
24021942 23 -0.78
25021942 23 -0.78
26021942 23 -0.78
27021942 23 -0.82
28021942 23 -0.86
01031942 23 -0.87
02031942 23 -0.89
03031942 23 -0.90
04031942 23 -0.88
05031942 23 -0.86
06031942 23 -0.86
07031942 23 -0.89
08031942 23 -0.89
09031942 23 -0.87
10031942 23 -0.85
11031942 23 -0.84
12031942 23 -0.87
13031942 23 -0.89
14031942 23 -0.88
15031942 23 -0.89
16031942 23 -0.90
17031942 23 -0.88
18031942 23 -0.88
19031942 23 -0.90
20031942 23 -0.89
21031942 23 -0.88
22031942 23 -0.90
23031942 23 -0.89
24031942 23 -0.90
25031942 23 -0.89
26031942 23 -0.88
27031942 23 -0.90
28031942 23 -0.89
29031942 23 -0.87
30031942 23 -0.86
31031942 23 -0.89
01041942 23 -0.90
02041942 23 -0.88
03041942 23 -0.88
04041942 23 -0.90
05041942 23 -0.90
06041942 23 -0.88
07041942 23 -0.87
08041942 23 -0.85
09041942 23 -0.83
10041942 23 -0.80
11041942 23 -0.79
12041942 23 -0.83
13041942 23 -0.86
14041942 23 -0.86
15041942 23 -0.85
16041942 23 -0.82
17041942 23 -0.80
18041942 23 -0.83
19041942 23 -0.84
20041942 23 -0.83
21041942 23 -0.80
22041942 23 -0.79
23041942 23 -0.82
24041942 23 -0.83
25041942 23 -0.81
26041942 23 -0.79
27041942 23 -0.78
28041942 23 -0.83
29041942 23 -0.84
30041942 23 -0.83
01051942 23 -0.86
02051942 23 -0.87
03051942 23 -0.85
04051942 23 -0.84
05051942 23 -0.87
06051942 23 -0.88
07051942 23 -0.86
08051942 23 -0.85
09051942 23 -0.88
10051942 23 -0.88
11051942 23 -0.88
12051942 23 -0.89
13051942 23 -0.89
14051942 23 -0.89
15051942 23 -0.87
16051942 23 -0.89
17051942 23 -0.90
18051942 23 -0.89
19051942 23 -0.85
20051942 23 -0.81
21051942 23 -0.81
22051942 23 -0.86
23051942 23 -0.88
24051942 23 -0.86
25051942 23 -0.84
26051942 23 -0.81
27051942 23 -0.78
28051942 23 -0.75
29051942 23 -0.71
30051942 23 -0.67
31051942 23 -0.63
01061942 23 -0.60
02061942 23 -0.72
03061942 23 -0.79
04061942 23 -0.78
05061942 23 -0.75
06061942 23 -0.72
07061942 23 -0.69
08061942 23 -0.65
09061942 23 -0.62
10061942 23 -0.59
11061942 23 -0.59
12061942 23 -0.78
13061942 23 -0.86
14061942 23 -0.88
15061942 23 -0.87
16061942 23 -0.84
17061942 23 -0.80
18061942 23 -0.76
19061942 23 -0.72
20061942 23 -0.71
21061942 23 -0.79
22061942 23 -0.82
23061942 23 -0.83
24061942 23 -0.83
25061942 23 -0.81
26061942 23 -0.78
27061942 23 -0.78
28061942 23 -0.83
29061942 23 -0.86
30061942 23 -0.87
01071942 23 -0.84
02071942 23 -0.80
03071942 23 -0.76
04071942 23 -0.70
05071942 23 -0.65
06071942 23 -0.60
07071942 23 -0.55
08071942 23 -0.51
09071942 23 -0.47
10071942 23 -0.48
11071942 23 -0.71
12071942 23 -0.73
13071942 23 -0.65
14071942 23 -0.60
15071942 23 -0.55
16071942 23 -0.51
17071942 23 -0.68
18071942 23 -0.74
19071942 23 -0.69
20071942 23 -0.64
21071942 23 -0.60
22071942 23 -0.56
23071942 23 -0.52
24071942 23 -0.49
25071942 23 -0.45
26071942 23 -0.41
27071942 23 -0.37
28071942 23 -0.32
29071942 23 -0.27
30071942 23 -0.19
31071942 23 -0.11
01081942 23 -0.21
02081942 23 -0.73
03081942 23 -0.81
04081942 23 -0.84
05081942 23 -0.85
06081942 23 -0.84
07081942 23 -0.83
08081942 23 -0.81
09081942 23 -0.79
10081942 23 -0.75
11081942 23 -0.71
12081942 23 -0.74
13081942 23 -0.87
14081942 23 -0.92
15081942 23 -0.90
16081942 23 -0.88
17081942 23 -0.86
18081942 23 -0.83
19081942 23 -0.81
20081942 23 -0.81
21081942 23 -0.78
22081942 23 -0.77
23081942 23 -0.72
24081942 23 -0.67
25081942 23 -0.62
26081942 23 -0.57
27081942 23 -0.53
28081942 23 -0.49
29081942 23 -0.46
30081942 23 -0.73
31081942 23 -0.85
01091942 23 -0.88
02091942 23 -0.88
03091942 23 -0.89
04091942 23 -0.87
05091942 23 -0.85
06091942 23 -0.91
07091942 23 -0.93
08091942 23 -0.91
09091942 23 -0.89
10091942 23 -0.88
11091942 23 -0.87
12091942 23 -0.85
13091942 23 -0.84
14091942 23 -0.83
15091942 23 -0.79
16091942 23 -0.77
17091942 23 -0.87
18091942 23 -0.92
19091942 23 -0.92
20091942 23 -0.89
21091942 23 -0.88
22091942 23 -0.86
23091942 23 -0.86
24091942 23 -0.84
25091942 23 -0.81
26091942 23 -0.77
27091942 23 -0.72
28091942 23 -0.67
29091942 23 -0.63
30091942 23 -0.61
01101942 23 -0.66
02101942 23 -0.81
03101942 23 -0.78
04101942 23 -0.73
05101942 23 -0.67
06101942 23 -0.62
07101942 23 -0.57
08101942 23 -0.53
09101942 23 -0.49
10101942 23 -0.83
11101942 23 -0.95
12101942 23 -0.88
13101942 23 -0.86
14101942 23 -0.83
15101942 23 -0.80
16101942 23 -0.76
17101942 23 -0.72
18101942 23 -0.91
19101942 23 -0.97
20101942 23 -0.98
21101942 23 -0.97
22101942 23 -0.97
23101942 23 -0.97
24101942 23 -0.97
25101942 23 -0.95
26101942 23 -0.94
27101942 23 -0.96
28101942 23 -0.97
29101942 23 -0.96
30101942 23 -0.94
31101942 23 -0.93
01111942 23 -0.92
02111942 23 -0.93
03111942 23 -0.93
04111942 23 -0.94
05111942 23 -0.94
06111942 23 -0.94
07111942 23 -0.94
08111942 23 -0.94
09111942 23 -0.94
10111942 23 -0.94
11111942 23 -0.94
12111942 23 -0.94
13111942 23 -0.94
14111942 23 -0.95
15111942 23 -0.99
16111942 23 -1.03
17111942 23 -1.06
18111942 23 -1.07
19111942 23 -1.08
20111942 23 -1.10
21111942 23 -1.10
22111942 23 -1.10
23111942 23 -1.10
24111942 23 -1.10
25111942 23 -1.10
26111942 23 -1.10
27111942 23 -1.10
28111942 23 -1.10
29111942 23 -1.10
30111942 23 -1.11
01121942 23 -1.11
02121942 23 -1.11
03121942 23 -1.11
04121942 23 -1.10
05121942 23 -1.09
06121942 23 -1.08
07121942 23 -1.09
08121942 23 -1.08
09121942 23 -1.08
10121942 23 -1.08
11121942 23 -1.08
12121942 23 -1.09
13121942 23 -1.09
14121942 23 -1.09
15121942 23 -1.09
16121942 23 -1.09
17121942 23 -1.09
18121942 23 -1.08
19121942 23 -1.04
20121942 23 -1.01
21121942 23 -1.00
22121942 23 -1.09
23121942 23 -1.10
24121942 23 -1.04
25121942 23 -1.01
26121942 23 -0.98
27121942 23 -0.96
28121942 23 -0.96
29121942 23 -0.94
30121942 23 -0.92
31121942 23 -0.90
