01011917 23 -0.91
02011917 23 -0.91
03011917 23 -0.90
04011917 23 -0.90
05011917 23 -0.90
06011917 23 -0.91
07011917 23 -0.91
08011917 23 -0.91
09011917 23 -0.91
10011917 23 -0.90
11011917 23 -0.89
12011917 23 -0.87
13011917 23 -0.86
14011917 23 -0.85
15011917 23 -0.83
16011917 23 -0.86
17011917 23 -0.89
18011917 23 -0.89
19011917 23 -0.88
20011917 23 -0.90
21011917 23 -0.90
22011917 23 -0.89
23011917 23 -0.88
24011917 23 -0.87
25011917 23 -0.85
26011917 23 -0.84
27011917 23 -0.82
28011917 23 -0.80
29011917 23 -0.78
30011917 23 -0.76
31011917 23 -0.75
01021917 23 -0.80
02021917 23 -0.85
03021917 23 -0.88
04021917 23 -0.88
05021917 23 -0.87
06021917 23 -0.86
07021917 23 -0.84
08021917 23 -0.83
09021917 23 -0.81
10021917 23 -0.79
11021917 23 -0.83
12021917 23 -0.87
13021917 23 -0.90
14021917 23 -0.90
15021917 23 -0.88
16021917 23 -0.87
17021917 23 -0.85
18021917 23 -0.84
19021917 23 -0.82
20021917 23 -0.80
21021917 23 -0.78
22021917 23 -0.75
23021917 23 -0.73
24021917 23 -0.78
25021917 23 -0.78
26021917 23 -0.78
27021917 23 -0.82
28021917 23 -0.86
01031917 23 -0.87
02031917 23 -0.89
03031917 23 -0.90
04031917 23 -0.88
05031917 23 -0.86
06031917 23 -0.86
07031917 23 -0.89
08031917 23 -0.89
09031917 23 -0.87
10031917 23 -0.85
11031917 23 -0.84
12031917 23 -0.87
13031917 23 -0.89
14031917 23 -0.88
15031917 23 -0.89
16031917 23 -0.90
17031917 23 -0.88
18031917 23 -0.88
19031917 23 -0.90
20031917 23 -0.89
21031917 23 -0.88
22031917 23 -0.90
23031917 23 -0.89
24031917 23 -0.90
25031917 23 -0.89
26031917 23 -0.88
27031917 23 -0.90
28031917 23 -0.89
29031917 23 -0.87
30031917 23 -0.86
31031917 23 -0.89
01041917 23 -0.90
02041917 23 -0.88
03041917 23 -0.88
04041917 23 -0.90
05041917 23 -0.90
06041917 23 -0.88
07041917 23 -0.87
08041917 23 -0.85
09041917 23 -0.83
10041917 23 -0.80
11041917 23 -0.79
12041917 23 -0.83
13041917 23 -0.86
14041917 23 -0.86
15041917 23 -0.85
16041917 23 -0.82
17041917 23 -0.80
18041917 23 -0.83
19041917 23 -0.84
20041917 23 -0.83
21041917 23 -0.80
22041917 23 -0.79
23041917 23 -0.82
24041917 23 -0.83
25041917 23 -0.81
26041917 23 -0.79
27041917 23 -0.78
28041917 23 -0.83
29041917 23 -0.84
30041917 23 -0.83
01051917 23 -0.86
02051917 23 -0.87
03051917 23 -0.85
04051917 23 -0.84
05051917 23 -0.87
06051917 23 -0.88
07051917 23 -0.86
08051917 23 -0.85
09051917 23 -0.88
10051917 23 -0.88
11051917 23 -0.88
12051917 23 -0.89
13051917 23 -0.89
14051917 23 -0.89
15051917 23 -0.87
16051917 23 -0.89
17051917 23 -0.90
18051917 23 -0.89
19051917 23 -0.85
20051917 23 -0.81
21051917 23 -0.81
22051917 23 -0.86
23051917 23 -0.88
24051917 23 -0.86
25051917 23 -0.84
26051917 23 -0.81
27051917 23 -0.78
28051917 23 -0.75
29051917 23 -0.71
30051917 23 -0.67
31051917 23 -0.63
01061917 23 -0.60
02061917 23 -0.72
03061917 23 -0.79
04061917 23 -0.78
05061917 23 -0.75
06061917 23 -0.72
07061917 23 -0.69
08061917 23 -0.65
09061917 23 -0.62
10061917 23 -0.59
11061917 23 -0.59
12061917 23 -0.78
13061917 23 -0.86
14061917 23 -0.88
15061917 23 -0.87
16061917 23 -0.84
17061917 23 -0.80
18061917 23 -0.76
19061917 23 -0.72
20061917 23 -0.71
21061917 23 -0.79
22061917 23 -0.82
23061917 23 -0.83
24061917 23 -0.83
25061917 23 -0.81
26061917 23 -0.78
27061917 23 -0.78
28061917 23 -0.83
29061917 23 -0.86
30061917 23 -0.87
01071917 23 -0.84
02071917 23 -0.80
03071917 23 -0.76
04071917 23 -0.70
05071917 23 -0.65
06071917 23 -0.60
07071917 23 -0.55
08071917 23 -0.51
09071917 23 -0.47
10071917 23 -0.48
11071917 23 -0.71
12071917 23 -0.73
13071917 23 -0.65
14071917 23 -0.60
15071917 23 -0.55
16071917 23 -0.51
17071917 23 -0.68
18071917 23 -0.74
19071917 23 -0.69
20071917 23 -0.64
21071917 23 -0.60
22071917 23 -0.56
23071917 23 -0.52
24071917 23 -0.49
25071917 23 -0.45
26071917 23 -0.41
27071917 23 -0.37
28071917 23 -0.32
29071917 23 -0.27
30071917 23 -0.19
31071917 23 -0.11
01081917 23 -0.21
02081917 23 -0.73
03081917 23 -0.81
04081917 23 -0.84
05081917 23 -0.85
06081917 23 -0.84
07081917 23 -0.83
08081917 23 -0.81
09081917 23 -0.79
10081917 23 -0.75
11081917 23 -0.71
12081917 23 -0.74
13081917 23 -0.87
14081917 23 -0.92
15081917 23 -0.90
16081917 23 -0.88
17081917 23 -0.86
18081917 23 -0.83
19081917 23 -0.81
20081917 23 -0.81
21081917 23 -0.78
22081917 23 -0.77
23081917 23 -0.72
24081917 23 -0.67
25081917 23 -0.62
26081917 23 -0.57
27081917 23 -0.53
28081917 23 -0.49
29081917 23 -0.46
30081917 23 -0.73
31081917 23 -0.85
01091917 23 -0.88
02091917 23 -0.88
03091917 23 -0.89
04091917 23 -0.87
05091917 23 -0.85
06091917 23 -0.91
07091917 23 -0.93
08091917 23 -0.91
09091917 23 -0.89
10091917 23 -0.88
11091917 23 -0.87
12091917 23 -0.85
13091917 23 -0.84
14091917 23 -0.83
15091917 23 -0.79
16091917 23 -0.77
17091917 23 -0.87
18091917 23 -0.92
19091917 23 -0.92
20091917 23 -0.89
21091917 23 -0.88
22091917 23 -0.86
23091917 23 -0.86
24091917 23 -0.84
25091917 23 -0.81
26091917 23 -0.77
27091917 23 -0.72
28091917 23 -0.67
29091917 23 -0.63
30091917 23 -0.61
01101917 23 -0.66
02101917 23 -0.81
03101917 23 -0.78
04101917 23 -0.73
05101917 23 -0.67
06101917 23 -0.62
07101917 23 -0.57
08101917 23 -0.53
09101917 23 -0.49
10101917 23 -0.83
11101917 23 -0.95
12101917 23 -0.88
13101917 23 -0.86
14101917 23 -0.83
15101917 23 -0.80
16101917 23 -0.76
17101917 23 -0.72
18101917 23 -0.91
19101917 23 -0.97
20101917 23 -0.98
21101917 23 -0.97
22101917 23 -0.97
23101917 23 -0.97
24101917 23 -0.97
25101917 23 -0.95
26101917 23 -0.94
27101917 23 -0.96
28101917 23 -0.97
29101917 23 -0.96
30101917 23 -0.94
31101917 23 -0.93
01111917 23 -0.92
02111917 23 -0.93
03111917 23 -0.93
04111917 23 -0.94
05111917 23 -0.94
06111917 23 -0.94
07111917 23 -0.94
08111917 23 -0.94
09111917 23 -0.94
10111917 23 -0.94
11111917 23 -0.94
12111917 23 -0.94
13111917 23 -0.94
14111917 23 -0.95
15111917 23 -0.99
16111917 23 -1.03
17111917 23 -1.06
18111917 23 -1.07
19111917 23 -1.08
20111917 23 -1.10
21111917 23 -1.10
22111917 23 -1.10
23111917 23 -1.10
24111917 23 -1.10
25111917 23 -1.10
26111917 23 -1.10
27111917 23 -1.10
28111917 23 -1.10
29111917 23 -1.10
30111917 23 -1.11
01121917 23 -1.11
02121917 23 -1.11
03121917 23 -1.11
04121917 23 -1.10
05121917 23 -1.09
06121917 23 -1.08
07121917 23 -1.09
08121917 23 -1.08
09121917 23 -1.08
10121917 23 -1.08
11121917 23 -1.08
12121917 23 -1.09
13121917 23 -1.09
14121917 23 -1.09
15121917 23 -1.09
16121917 23 -1.09
17121917 23 -1.09
18121917 23 -1.08
19121917 23 -1.04
20121917 23 -1.01
21121917 23 -1.00
22121917 23 -1.09
23121917 23 -1.10
24121917 23 -1.04
25121917 23 -1.01
26121917 23 -0.98
27121917 23 -0.96
28121917 23 -0.96
29121917 23 -0.94
30121917 23 -0.92
31121917 23 -0.90
