01011960 23 -0.91
02011960 23 -0.91
03011960 23 -0.90
04011960 23 -0.90
05011960 23 -0.90
06011960 23 -0.91
07011960 23 -0.91
08011960 23 -0.91
09011960 23 -0.91
10011960 23 -0.90
11011960 23 -0.89
12011960 23 -0.87
13011960 23 -0.86
14011960 23 -0.85
15011960 23 -0.83
16011960 23 -0.86
17011960 23 -0.89
18011960 23 -0.89
19011960 23 -0.88
20011960 23 -0.90
21011960 23 -0.90
22011960 23 -0.89
23011960 23 -0.88
24011960 23 -0.87
25011960 23 -0.85
26011960 23 -0.84
27011960 23 -0.82
28011960 23 -0.80
29011960 23 -0.78
30011960 23 -0.76
31011960 23 -0.75
01021960 23 -0.80
02021960 23 -0.85
03021960 23 -0.88
04021960 23 -0.88
05021960 23 -0.87
06021960 23 -0.86
07021960 23 -0.84
08021960 23 -0.83
09021960 23 -0.81
10021960 23 -0.79
11021960 23 -0.83
12021960 23 -0.87
13021960 23 -0.90
14021960 23 -0.90
15021960 23 -0.88
16021960 23 -0.87
17021960 23 -0.85
18021960 23 -0.84
19021960 23 -0.82
20021960 23 -0.80
21021960 23 -0.78
22021960 23 -0.75
23021960 23 -0.73
24021960 23 -0.78
25021960 23 -0.78
26021960 23 -0.78
27021960 23 -0.82
28021960 23 -0.86
01031960 23 -0.87
02031960 23 -0.89
03031960 23 -0.90
04031960 23 -0.88
05031960 23 -0.86
06031960 23 -0.86
07031960 23 -0.89
08031960 23 -0.89
09031960 23 -0.87
10031960 23 -0.85
11031960 23 -0.84
12031960 23 -0.87
13031960 23 -0.89
14031960 23 -0.88
15031960 23 -0.89
16031960 23 -0.90
17031960 23 -0.88
18031960 23 -0.88
19031960 23 -0.90
20031960 23 -0.89
21031960 23 -0.88
22031960 23 -0.90
23031960 23 -0.89
24031960 23 -0.90
25031960 23 -0.89
26031960 23 -0.88
27031960 23 -0.90
28031960 23 -0.89
29031960 23 -0.87
30031960 23 -0.86
31031960 23 -0.89
01041960 23 -0.90
02041960 23 -0.88
03041960 23 -0.88
04041960 23 -0.90
05041960 23 -0.90
06041960 23 -0.88
07041960 23 -0.87
08041960 23 -0.85
09041960 23 -0.83
10041960 23 -0.80
11041960 23 -0.79
12041960 23 -0.83
13041960 23 -0.86
14041960 23 -0.86
15041960 23 -0.85
16041960 23 -0.82
17041960 23 -0.80
18041960 23 -0.83
19041960 23 -0.84
20041960 23 -0.83
21041960 23 -0.80
22041960 23 -0.79
23041960 23 -0.82
24041960 23 -0.83
25041960 23 -0.81
26041960 23 -0.79
27041960 23 -0.78
28041960 23 -0.83
29041960 23 -0.84
30041960 23 -0.83
01051960 23 -0.86
02051960 23 -0.87
03051960 23 -0.85
04051960 23 -0.84
05051960 23 -0.87
06051960 23 -0.88
07051960 23 -0.86
08051960 23 -0.85
09051960 23 -0.88
10051960 23 -0.88
11051960 23 -0.88
12051960 23 -0.89
13051960 23 -0.89
14051960 23 -0.89
15051960 23 -0.87
16051960 23 -0.89
17051960 23 -0.90
18051960 23 -0.89
19051960 23 -0.85
20051960 23 -0.81
21051960 23 -0.81
22051960 23 -0.86
23051960 23 -0.88
24051960 23 -0.86
25051960 23 -0.84
26051960 23 -0.81
27051960 23 -0.78
28051960 23 -0.75
29051960 23 -0.71
30051960 23 -0.67
31051960 23 -0.63
01061960 23 -0.60
02061960 23 -0.72
03061960 23 -0.79
04061960 23 -0.78
05061960 23 -0.75
06061960 23 -0.72
07061960 23 -0.69
08061960 23 -0.65
09061960 23 -0.62
10061960 23 -0.59
11061960 23 -0.59
12061960 23 -0.78
13061960 23 -0.86
14061960 23 -0.88
15061960 23 -0.87
16061960 23 -0.84
17061960 23 -0.80
18061960 23 -0.76
19061960 23 -0.72
20061960 23 -0.71
21061960 23 -0.79
22061960 23 -0.82
23061960 23 -0.83
24061960 23 -0.83
25061960 23 -0.81
26061960 23 -0.78
27061960 23 -0.78
28061960 23 -0.83
29061960 23 -0.86
30061960 23 -0.87
01071960 23 -0.84
02071960 23 -0.80
03071960 23 -0.76
04071960 23 -0.70
05071960 23 -0.65
06071960 23 -0.60
07071960 23 -0.55
08071960 23 -0.51
09071960 23 -0.47
10071960 23 -0.48
11071960 23 -0.71
12071960 23 -0.73
13071960 23 -0.65
14071960 23 -0.60
15071960 23 -0.55
16071960 23 -0.51
17071960 23 -0.68
18071960 23 -0.74
19071960 23 -0.69
20071960 23 -0.64
21071960 23 -0.60
22071960 23 -0.56
23071960 23 -0.52
24071960 23 -0.49
25071960 23 -0.45
26071960 23 -0.41
27071960 23 -0.37
28071960 23 -0.32
29071960 23 -0.27
30071960 23 -0.19
31071960 23 -0.11
01081960 23 -0.21
02081960 23 -0.73
03081960 23 -0.81
04081960 23 -0.84
05081960 23 -0.85
06081960 23 -0.84
07081960 23 -0.83
08081960 23 -0.81
09081960 23 -0.79
10081960 23 -0.75
11081960 23 -0.71
12081960 23 -0.74
13081960 23 -0.87
14081960 23 -0.92
15081960 23 -0.90
16081960 23 -0.88
17081960 23 -0.86
18081960 23 -0.83
19081960 23 -0.81
20081960 23 -0.81
21081960 23 -0.78
22081960 23 -0.77
23081960 23 -0.72
24081960 23 -0.67
25081960 23 -0.62
26081960 23 -0.57
27081960 23 -0.53
28081960 23 -0.49
29081960 23 -0.46
30081960 23 -0.73
31081960 23 -0.85
01091960 23 -0.88
02091960 23 -0.88
03091960 23 -0.89
04091960 23 -0.87
05091960 23 -0.85
06091960 23 -0.91
07091960 23 -0.93
08091960 23 -0.91
09091960 23 -0.89
10091960 23 -0.88
11091960 23 -0.87
12091960 23 -0.85
13091960 23 -0.84
14091960 23 -0.83
15091960 23 -0.79
16091960 23 -0.77
17091960 23 -0.87
18091960 23 -0.92
19091960 23 -0.92
20091960 23 -0.89
21091960 23 -0.88
22091960 23 -0.86
23091960 23 -0.86
24091960 23 -0.84
25091960 23 -0.81
26091960 23 -0.77
27091960 23 -0.72
28091960 23 -0.67
29091960 23 -0.63
30091960 23 -0.61
01101960 23 -0.66
02101960 23 -0.81
03101960 23 -0.78
04101960 23 -0.73
05101960 23 -0.67
06101960 23 -0.62
07101960 23 -0.57
08101960 23 -0.53
09101960 23 -0.49
10101960 23 -0.83
11101960 23 -0.95
12101960 23 -0.88
13101960 23 -0.86
14101960 23 -0.83
15101960 23 -0.80
16101960 23 -0.76
17101960 23 -0.72
18101960 23 -0.91
19101960 23 -0.97
20101960 23 -0.98
21101960 23 -0.97
22101960 23 -0.97
23101960 23 -0.97
24101960 23 -0.97
25101960 23 -0.95
26101960 23 -0.94
27101960 23 -0.96
28101960 23 -0.97
29101960 23 -0.96
30101960 23 -0.94
31101960 23 -0.93
01111960 23 -0.92
02111960 23 -0.93
03111960 23 -0.93
04111960 23 -0.94
05111960 23 -0.94
06111960 23 -0.94
07111960 23 -0.94
08111960 23 -0.94
09111960 23 -0.94
10111960 23 -0.94
11111960 23 -0.94
12111960 23 -0.94
13111960 23 -0.94
14111960 23 -0.95
15111960 23 -0.99
16111960 23 -1.03
17111960 23 -1.06
18111960 23 -1.07
19111960 23 -1.08
20111960 23 -1.10
21111960 23 -1.10
22111960 23 -1.10
23111960 23 -1.10
24111960 23 -1.10
25111960 23 -1.10
26111960 23 -1.10
27111960 23 -1.10
28111960 23 -1.10
29111960 23 -1.10
30111960 23 -1.11
01121960 23 -1.11
02121960 23 -1.11
03121960 23 -1.11
04121960 23 -1.10
05121960 23 -1.09
06121960 23 -1.08
07121960 23 -1.09
08121960 23 -1.08
09121960 23 -1.08
10121960 23 -1.08
11121960 23 -1.08
12121960 23 -1.09
13121960 23 -1.09
14121960 23 -1.09
15121960 23 -1.09
16121960 23 -1.09
17121960 23 -1.09
18121960 23 -1.08
19121960 23 -1.04
20121960 23 -1.01
21121960 23 -1.00
22121960 23 -1.09
23121960 23 -1.10
24121960 23 -1.04
25121960 23 -1.01
26121960 23 -0.98
27121960 23 -0.96
28121960 23 -0.96
29121960 23 -0.94
30121960 23 -0.92
31121960 23 -0.90
