01011923 23 -0.91
02011923 23 -0.91
03011923 23 -0.90
04011923 23 -0.90
05011923 23 -0.90
06011923 23 -0.91
07011923 23 -0.91
08011923 23 -0.91
09011923 23 -0.91
10011923 23 -0.90
11011923 23 -0.89
12011923 23 -0.87
13011923 23 -0.86
14011923 23 -0.85
15011923 23 -0.83
16011923 23 -0.86
17011923 23 -0.89
18011923 23 -0.89
19011923 23 -0.88
20011923 23 -0.90
21011923 23 -0.90
22011923 23 -0.89
23011923 23 -0.88
24011923 23 -0.87
25011923 23 -0.85
26011923 23 -0.84
27011923 23 -0.82
28011923 23 -0.80
29011923 23 -0.78
30011923 23 -0.76
31011923 23 -0.75
01021923 23 -0.80
02021923 23 -0.85
03021923 23 -0.88
04021923 23 -0.88
05021923 23 -0.87
06021923 23 -0.86
07021923 23 -0.84
08021923 23 -0.83
09021923 23 -0.81
10021923 23 -0.79
11021923 23 -0.83
12021923 23 -0.87
13021923 23 -0.90
14021923 23 -0.90
15021923 23 -0.88
16021923 23 -0.87
17021923 23 -0.85
18021923 23 -0.84
19021923 23 -0.82
20021923 23 -0.80
21021923 23 -0.78
22021923 23 -0.75
23021923 23 -0.73
24021923 23 -0.78
25021923 23 -0.78
26021923 23 -0.78
27021923 23 -0.82
28021923 23 -0.86
01031923 23 -0.87
02031923 23 -0.89
03031923 23 -0.90
04031923 23 -0.88
05031923 23 -0.86
06031923 23 -0.86
07031923 23 -0.89
08031923 23 -0.89
09031923 23 -0.87
10031923 23 -0.85
11031923 23 -0.84
12031923 23 -0.87
13031923 23 -0.89
14031923 23 -0.88
15031923 23 -0.89
16031923 23 -0.90
17031923 23 -0.88
18031923 23 -0.88
19031923 23 -0.90
20031923 23 -0.89
21031923 23 -0.88
22031923 23 -0.90
23031923 23 -0.89
24031923 23 -0.90
25031923 23 -0.89
26031923 23 -0.88
27031923 23 -0.90
28031923 23 -0.89
29031923 23 -0.87
30031923 23 -0.86
31031923 23 -0.89
01041923 23 -0.90
02041923 23 -0.88
03041923 23 -0.88
04041923 23 -0.90
05041923 23 -0.90
06041923 23 -0.88
07041923 23 -0.87
08041923 23 -0.85
09041923 23 -0.83
10041923 23 -0.80
11041923 23 -0.79
12041923 23 -0.83
13041923 23 -0.86
14041923 23 -0.86
15041923 23 -0.85
16041923 23 -0.82
17041923 23 -0.80
18041923 23 -0.83
19041923 23 -0.84
20041923 23 -0.83
21041923 23 -0.80
22041923 23 -0.79
23041923 23 -0.82
24041923 23 -0.83
25041923 23 -0.81
26041923 23 -0.79
27041923 23 -0.78
28041923 23 -0.83
29041923 23 -0.84
30041923 23 -0.83
01051923 23 -0.86
02051923 23 -0.87
03051923 23 -0.85
04051923 23 -0.84
05051923 23 -0.87
06051923 23 -0.88
07051923 23 -0.86
08051923 23 -0.85
09051923 23 -0.88
10051923 23 -0.88
11051923 23 -0.88
12051923 23 -0.89
13051923 23 -0.89
14051923 23 -0.89
15051923 23 -0.87
16051923 23 -0.89
17051923 23 -0.90
18051923 23 -0.89
19051923 23 -0.85
20051923 23 -0.81
21051923 23 -0.81
22051923 23 -0.86
23051923 23 -0.88
24051923 23 -0.86
25051923 23 -0.84
26051923 23 -0.81
27051923 23 -0.78
28051923 23 -0.75
29051923 23 -0.71
30051923 23 -0.67
31051923 23 -0.63
01061923 23 -0.60
02061923 23 -0.72
03061923 23 -0.79
04061923 23 -0.78
05061923 23 -0.75
06061923 23 -0.72
07061923 23 -0.69
08061923 23 -0.65
09061923 23 -0.62
10061923 23 -0.59
11061923 23 -0.59
12061923 23 -0.78
13061923 23 -0.86
14061923 23 -0.88
15061923 23 -0.87
16061923 23 -0.84
17061923 23 -0.80
18061923 23 -0.76
19061923 23 -0.72
20061923 23 -0.71
21061923 23 -0.79
22061923 23 -0.82
23061923 23 -0.83
24061923 23 -0.83
25061923 23 -0.81
26061923 23 -0.78
27061923 23 -0.78
28061923 23 -0.83
29061923 23 -0.86
30061923 23 -0.87
01071923 23 -0.84
02071923 23 -0.80
03071923 23 -0.76
04071923 23 -0.70
05071923 23 -0.65
06071923 23 -0.60
07071923 23 -0.55
08071923 23 -0.51
09071923 23 -0.47
10071923 23 -0.48
11071923 23 -0.71
12071923 23 -0.73
13071923 23 -0.65
14071923 23 -0.60
15071923 23 -0.55
16071923 23 -0.51
17071923 23 -0.68
18071923 23 -0.74
19071923 23 -0.69
20071923 23 -0.64
21071923 23 -0.60
22071923 23 -0.56
23071923 23 -0.52
24071923 23 -0.49
25071923 23 -0.45
26071923 23 -0.41
27071923 23 -0.37
28071923 23 -0.32
29071923 23 -0.27
30071923 23 -0.19
31071923 23 -0.11
01081923 23 -0.21
02081923 23 -0.73
03081923 23 -0.81
04081923 23 -0.84
05081923 23 -0.85
06081923 23 -0.84
07081923 23 -0.83
08081923 23 -0.81
09081923 23 -0.79
10081923 23 -0.75
11081923 23 -0.71
12081923 23 -0.74
13081923 23 -0.87
14081923 23 -0.92
15081923 23 -0.90
16081923 23 -0.88
17081923 23 -0.86
18081923 23 -0.83
19081923 23 -0.81
20081923 23 -0.81
21081923 23 -0.78
22081923 23 -0.77
23081923 23 -0.72
24081923 23 -0.67
25081923 23 -0.62
26081923 23 -0.57
27081923 23 -0.53
28081923 23 -0.49
29081923 23 -0.46
30081923 23 -0.73
31081923 23 -0.85
01091923 23 -0.88
02091923 23 -0.88
03091923 23 -0.89
04091923 23 -0.87
05091923 23 -0.85
06091923 23 -0.91
07091923 23 -0.93
08091923 23 -0.91
09091923 23 -0.89
10091923 23 -0.88
11091923 23 -0.87
12091923 23 -0.85
13091923 23 -0.84
14091923 23 -0.83
15091923 23 -0.79
16091923 23 -0.77
17091923 23 -0.87
18091923 23 -0.92
19091923 23 -0.92
20091923 23 -0.89
21091923 23 -0.88
22091923 23 -0.86
23091923 23 -0.86
24091923 23 -0.84
25091923 23 -0.81
26091923 23 -0.77
27091923 23 -0.72
28091923 23 -0.67
29091923 23 -0.63
30091923 23 -0.61
01101923 23 -0.66
02101923 23 -0.81
03101923 23 -0.78
04101923 23 -0.73
05101923 23 -0.67
06101923 23 -0.62
07101923 23 -0.57
08101923 23 -0.53
09101923 23 -0.49
10101923 23 -0.83
11101923 23 -0.95
12101923 23 -0.88
13101923 23 -0.86
14101923 23 -0.83
15101923 23 -0.80
16101923 23 -0.76
17101923 23 -0.72
18101923 23 -0.91
19101923 23 -0.97
20101923 23 -0.98
21101923 23 -0.97
22101923 23 -0.97
23101923 23 -0.97
24101923 23 -0.97
25101923 23 -0.95
26101923 23 -0.94
27101923 23 -0.96
28101923 23 -0.97
29101923 23 -0.96
30101923 23 -0.94
31101923 23 -0.93
01111923 23 -0.92
02111923 23 -0.93
03111923 23 -0.93
04111923 23 -0.94
05111923 23 -0.94
06111923 23 -0.94
07111923 23 -0.94
08111923 23 -0.94
09111923 23 -0.94
10111923 23 -0.94
11111923 23 -0.94
12111923 23 -0.94
13111923 23 -0.94
14111923 23 -0.95
15111923 23 -0.99
16111923 23 -1.03
17111923 23 -1.06
18111923 23 -1.07
19111923 23 -1.08
20111923 23 -1.10
21111923 23 -1.10
22111923 23 -1.10
23111923 23 -1.10
24111923 23 -1.10
25111923 23 -1.10
26111923 23 -1.10
27111923 23 -1.10
28111923 23 -1.10
29111923 23 -1.10
30111923 23 -1.11
01121923 23 -1.11
02121923 23 -1.11
03121923 23 -1.11
04121923 23 -1.10
05121923 23 -1.09
06121923 23 -1.08
07121923 23 -1.09
08121923 23 -1.08
09121923 23 -1.08
10121923 23 -1.08
11121923 23 -1.08
12121923 23 -1.09
13121923 23 -1.09
14121923 23 -1.09
15121923 23 -1.09
16121923 23 -1.09
17121923 23 -1.09
18121923 23 -1.08
19121923 23 -1.04
20121923 23 -1.01
21121923 23 -1.00
22121923 23 -1.09
23121923 23 -1.10
24121923 23 -1.04
25121923 23 -1.01
26121923 23 -0.98
27121923 23 -0.96
28121923 23 -0.96
29121923 23 -0.94
30121923 23 -0.92
31121923 23 -0.90
