01011915 23 -0.91
02011915 23 -0.91
03011915 23 -0.90
04011915 23 -0.90
05011915 23 -0.90
06011915 23 -0.91
07011915 23 -0.91
08011915 23 -0.91
09011915 23 -0.91
10011915 23 -0.90
11011915 23 -0.89
12011915 23 -0.87
13011915 23 -0.86
14011915 23 -0.85
15011915 23 -0.83
16011915 23 -0.86
17011915 23 -0.89
18011915 23 -0.89
19011915 23 -0.88
20011915 23 -0.90
21011915 23 -0.90
22011915 23 -0.89
23011915 23 -0.88
24011915 23 -0.87
25011915 23 -0.85
26011915 23 -0.84
27011915 23 -0.82
28011915 23 -0.80
29011915 23 -0.78
30011915 23 -0.76
31011915 23 -0.75
01021915 23 -0.80
02021915 23 -0.85
03021915 23 -0.88
04021915 23 -0.88
05021915 23 -0.87
06021915 23 -0.86
07021915 23 -0.84
08021915 23 -0.83
09021915 23 -0.81
10021915 23 -0.79
11021915 23 -0.83
12021915 23 -0.87
13021915 23 -0.90
14021915 23 -0.90
15021915 23 -0.88
16021915 23 -0.87
17021915 23 -0.85
18021915 23 -0.84
19021915 23 -0.82
20021915 23 -0.80
21021915 23 -0.78
22021915 23 -0.75
23021915 23 -0.73
24021915 23 -0.78
25021915 23 -0.78
26021915 23 -0.78
27021915 23 -0.82
28021915 23 -0.86
01031915 23 -0.87
02031915 23 -0.89
03031915 23 -0.90
04031915 23 -0.88
05031915 23 -0.86
06031915 23 -0.86
07031915 23 -0.89
08031915 23 -0.89
09031915 23 -0.87
10031915 23 -0.85
11031915 23 -0.84
12031915 23 -0.87
13031915 23 -0.89
14031915 23 -0.88
15031915 23 -0.89
16031915 23 -0.90
17031915 23 -0.88
18031915 23 -0.88
19031915 23 -0.90
20031915 23 -0.89
21031915 23 -0.88
22031915 23 -0.90
23031915 23 -0.89
24031915 23 -0.90
25031915 23 -0.89
26031915 23 -0.88
27031915 23 -0.90
28031915 23 -0.89
29031915 23 -0.87
30031915 23 -0.86
31031915 23 -0.89
01041915 23 -0.90
02041915 23 -0.88
03041915 23 -0.88
04041915 23 -0.90
05041915 23 -0.90
06041915 23 -0.88
07041915 23 -0.87
08041915 23 -0.85
09041915 23 -0.83
10041915 23 -0.80
11041915 23 -0.79
12041915 23 -0.83
13041915 23 -0.86
14041915 23 -0.86
15041915 23 -0.85
16041915 23 -0.82
17041915 23 -0.80
18041915 23 -0.83
19041915 23 -0.84
20041915 23 -0.83
21041915 23 -0.80
22041915 23 -0.79
23041915 23 -0.82
24041915 23 -0.83
25041915 23 -0.81
26041915 23 -0.79
27041915 23 -0.78
28041915 23 -0.83
29041915 23 -0.84
30041915 23 -0.83
01051915 23 -0.86
02051915 23 -0.87
03051915 23 -0.85
04051915 23 -0.84
05051915 23 -0.87
06051915 23 -0.88
07051915 23 -0.86
08051915 23 -0.85
09051915 23 -0.88
10051915 23 -0.88
11051915 23 -0.88
12051915 23 -0.89
13051915 23 -0.89
14051915 23 -0.89
15051915 23 -0.87
16051915 23 -0.89
17051915 23 -0.90
18051915 23 -0.89
19051915 23 -0.85
20051915 23 -0.81
21051915 23 -0.81
22051915 23 -0.86
23051915 23 -0.88
24051915 23 -0.86
25051915 23 -0.84
26051915 23 -0.81
27051915 23 -0.78
28051915 23 -0.75
29051915 23 -0.71
30051915 23 -0.67
31051915 23 -0.63
01061915 23 -0.60
02061915 23 -0.72
03061915 23 -0.79
04061915 23 -0.78
05061915 23 -0.75
06061915 23 -0.72
07061915 23 -0.69
08061915 23 -0.65
09061915 23 -0.62
10061915 23 -0.59
11061915 23 -0.59
12061915 23 -0.78
13061915 23 -0.86
14061915 23 -0.88
15061915 23 -0.87
16061915 23 -0.84
17061915 23 -0.80
18061915 23 -0.76
19061915 23 -0.72
20061915 23 -0.71
21061915 23 -0.79
22061915 23 -0.82
23061915 23 -0.83
24061915 23 -0.83
25061915 23 -0.81
26061915 23 -0.78
27061915 23 -0.78
28061915 23 -0.83
29061915 23 -0.86
30061915 23 -0.87
01071915 23 -0.84
02071915 23 -0.80
03071915 23 -0.76
04071915 23 -0.70
05071915 23 -0.65
06071915 23 -0.60
07071915 23 -0.55
08071915 23 -0.51
09071915 23 -0.47
10071915 23 -0.48
11071915 23 -0.71
12071915 23 -0.73
13071915 23 -0.65
14071915 23 -0.60
15071915 23 -0.55
16071915 23 -0.51
17071915 23 -0.68
18071915 23 -0.74
19071915 23 -0.69
20071915 23 -0.64
21071915 23 -0.60
22071915 23 -0.56
23071915 23 -0.52
24071915 23 -0.49
25071915 23 -0.45
26071915 23 -0.41
27071915 23 -0.37
28071915 23 -0.32
29071915 23 -0.27
30071915 23 -0.19
31071915 23 -0.11
01081915 23 -0.21
02081915 23 -0.73
03081915 23 -0.81
04081915 23 -0.84
05081915 23 -0.85
06081915 23 -0.84
07081915 23 -0.83
08081915 23 -0.81
09081915 23 -0.79
10081915 23 -0.75
11081915 23 -0.71
12081915 23 -0.74
13081915 23 -0.87
14081915 23 -0.92
15081915 23 -0.90
16081915 23 -0.88
17081915 23 -0.86
18081915 23 -0.83
19081915 23 -0.81
20081915 23 -0.81
21081915 23 -0.78
22081915 23 -0.77
23081915 23 -0.72
24081915 23 -0.67
25081915 23 -0.62
26081915 23 -0.57
27081915 23 -0.53
28081915 23 -0.49
29081915 23 -0.46
30081915 23 -0.73
31081915 23 -0.85
01091915 23 -0.88
02091915 23 -0.88
03091915 23 -0.89
04091915 23 -0.87
05091915 23 -0.85
06091915 23 -0.91
07091915 23 -0.93
08091915 23 -0.91
09091915 23 -0.89
10091915 23 -0.88
11091915 23 -0.87
12091915 23 -0.85
13091915 23 -0.84
14091915 23 -0.83
15091915 23 -0.79
16091915 23 -0.77
17091915 23 -0.87
18091915 23 -0.92
19091915 23 -0.92
20091915 23 -0.89
21091915 23 -0.88
22091915 23 -0.86
23091915 23 -0.86
24091915 23 -0.84
25091915 23 -0.81
26091915 23 -0.77
27091915 23 -0.72
28091915 23 -0.67
29091915 23 -0.63
30091915 23 -0.61
01101915 23 -0.66
02101915 23 -0.81
03101915 23 -0.78
04101915 23 -0.73
05101915 23 -0.67
06101915 23 -0.62
07101915 23 -0.57
08101915 23 -0.53
09101915 23 -0.49
10101915 23 -0.83
11101915 23 -0.95
12101915 23 -0.88
13101915 23 -0.86
14101915 23 -0.83
15101915 23 -0.80
16101915 23 -0.76
17101915 23 -0.72
18101915 23 -0.91
19101915 23 -0.97
20101915 23 -0.98
21101915 23 -0.97
22101915 23 -0.97
23101915 23 -0.97
24101915 23 -0.97
25101915 23 -0.95
26101915 23 -0.94
27101915 23 -0.96
28101915 23 -0.97
29101915 23 -0.96
30101915 23 -0.94
31101915 23 -0.93
01111915 23 -0.92
02111915 23 -0.93
03111915 23 -0.93
04111915 23 -0.94
05111915 23 -0.94
06111915 23 -0.94
07111915 23 -0.94
08111915 23 -0.94
09111915 23 -0.94
10111915 23 -0.94
11111915 23 -0.94
12111915 23 -0.94
13111915 23 -0.94
14111915 23 -0.95
15111915 23 -0.99
16111915 23 -1.03
17111915 23 -1.06
18111915 23 -1.07
19111915 23 -1.08
20111915 23 -1.10
21111915 23 -1.10
22111915 23 -1.10
23111915 23 -1.10
24111915 23 -1.10
25111915 23 -1.10
26111915 23 -1.10
27111915 23 -1.10
28111915 23 -1.10
29111915 23 -1.10
30111915 23 -1.11
01121915 23 -1.11
02121915 23 -1.11
03121915 23 -1.11
04121915 23 -1.10
05121915 23 -1.09
06121915 23 -1.08
07121915 23 -1.09
08121915 23 -1.08
09121915 23 -1.08
10121915 23 -1.08
11121915 23 -1.08
12121915 23 -1.09
13121915 23 -1.09
14121915 23 -1.09
15121915 23 -1.09
16121915 23 -1.09
17121915 23 -1.09
18121915 23 -1.08
19121915 23 -1.04
20121915 23 -1.01
21121915 23 -1.00
22121915 23 -1.09
23121915 23 -1.10
24121915 23 -1.04
25121915 23 -1.01
26121915 23 -0.98
27121915 23 -0.96
28121915 23 -0.96
29121915 23 -0.94
30121915 23 -0.92
31121915 23 -0.90
