01011949 23 -0.91
02011949 23 -0.91
03011949 23 -0.90
04011949 23 -0.90
05011949 23 -0.90
06011949 23 -0.91
07011949 23 -0.91
08011949 23 -0.91
09011949 23 -0.91
10011949 23 -0.90
11011949 23 -0.89
12011949 23 -0.87
13011949 23 -0.86
14011949 23 -0.85
15011949 23 -0.83
16011949 23 -0.86
17011949 23 -0.89
18011949 23 -0.89
19011949 23 -0.88
20011949 23 -0.90
21011949 23 -0.90
22011949 23 -0.89
23011949 23 -0.88
24011949 23 -0.87
25011949 23 -0.85
26011949 23 -0.84
27011949 23 -0.82
28011949 23 -0.80
29011949 23 -0.78
30011949 23 -0.76
31011949 23 -0.75
01021949 23 -0.80
02021949 23 -0.85
03021949 23 -0.88
04021949 23 -0.88
05021949 23 -0.87
06021949 23 -0.86
07021949 23 -0.84
08021949 23 -0.83
09021949 23 -0.81
10021949 23 -0.79
11021949 23 -0.83
12021949 23 -0.87
13021949 23 -0.90
14021949 23 -0.90
15021949 23 -0.88
16021949 23 -0.87
17021949 23 -0.85
18021949 23 -0.84
19021949 23 -0.82
20021949 23 -0.80
21021949 23 -0.78
22021949 23 -0.75
23021949 23 -0.73
24021949 23 -0.78
25021949 23 -0.78
26021949 23 -0.78
27021949 23 -0.82
28021949 23 -0.86
01031949 23 -0.87
02031949 23 -0.89
03031949 23 -0.90
04031949 23 -0.88
05031949 23 -0.86
06031949 23 -0.86
07031949 23 -0.89
08031949 23 -0.89
09031949 23 -0.87
10031949 23 -0.85
11031949 23 -0.84
12031949 23 -0.87
13031949 23 -0.89
14031949 23 -0.88
15031949 23 -0.89
16031949 23 -0.90
17031949 23 -0.88
18031949 23 -0.88
19031949 23 -0.90
20031949 23 -0.89
21031949 23 -0.88
22031949 23 -0.90
23031949 23 -0.89
24031949 23 -0.90
25031949 23 -0.89
26031949 23 -0.88
27031949 23 -0.90
28031949 23 -0.89
29031949 23 -0.87
30031949 23 -0.86
31031949 23 -0.89
01041949 23 -0.90
02041949 23 -0.88
03041949 23 -0.88
04041949 23 -0.90
05041949 23 -0.90
06041949 23 -0.88
07041949 23 -0.87
08041949 23 -0.85
09041949 23 -0.83
10041949 23 -0.80
11041949 23 -0.79
12041949 23 -0.83
13041949 23 -0.86
14041949 23 -0.86
15041949 23 -0.85
16041949 23 -0.82
17041949 23 -0.80
18041949 23 -0.83
19041949 23 -0.84
20041949 23 -0.83
21041949 23 -0.80
22041949 23 -0.79
23041949 23 -0.82
24041949 23 -0.83
25041949 23 -0.81
26041949 23 -0.79
27041949 23 -0.78
28041949 23 -0.83
29041949 23 -0.84
30041949 23 -0.83
01051949 23 -0.86
02051949 23 -0.87
03051949 23 -0.85
04051949 23 -0.84
05051949 23 -0.87
06051949 23 -0.88
07051949 23 -0.86
08051949 23 -0.85
09051949 23 -0.88
10051949 23 -0.88
11051949 23 -0.88
12051949 23 -0.89
13051949 23 -0.89
14051949 23 -0.89
15051949 23 -0.87
16051949 23 -0.89
17051949 23 -0.90
18051949 23 -0.89
19051949 23 -0.85
20051949 23 -0.81
21051949 23 -0.81
22051949 23 -0.86
23051949 23 -0.88
24051949 23 -0.86
25051949 23 -0.84
26051949 23 -0.81
27051949 23 -0.78
28051949 23 -0.75
29051949 23 -0.71
30051949 23 -0.67
31051949 23 -0.63
01061949 23 -0.60
02061949 23 -0.72
03061949 23 -0.79
04061949 23 -0.78
05061949 23 -0.75
06061949 23 -0.72
07061949 23 -0.69
08061949 23 -0.65
09061949 23 -0.62
10061949 23 -0.59
11061949 23 -0.59
12061949 23 -0.78
13061949 23 -0.86
14061949 23 -0.88
15061949 23 -0.87
16061949 23 -0.84
17061949 23 -0.80
18061949 23 -0.76
19061949 23 -0.72
20061949 23 -0.71
21061949 23 -0.79
22061949 23 -0.82
23061949 23 -0.83
24061949 23 -0.83
25061949 23 -0.81
26061949 23 -0.78
27061949 23 -0.78
28061949 23 -0.83
29061949 23 -0.86
30061949 23 -0.87
01071949 23 -0.84
02071949 23 -0.80
03071949 23 -0.76
04071949 23 -0.70
05071949 23 -0.65
06071949 23 -0.60
07071949 23 -0.55
08071949 23 -0.51
09071949 23 -0.47
10071949 23 -0.48
11071949 23 -0.71
12071949 23 -0.73
13071949 23 -0.65
14071949 23 -0.60
15071949 23 -0.55
16071949 23 -0.51
17071949 23 -0.68
18071949 23 -0.74
19071949 23 -0.69
20071949 23 -0.64
21071949 23 -0.60
22071949 23 -0.56
23071949 23 -0.52
24071949 23 -0.49
25071949 23 -0.45
26071949 23 -0.41
27071949 23 -0.37
28071949 23 -0.32
29071949 23 -0.27
30071949 23 -0.19
31071949 23 -0.11
01081949 23 -0.21
02081949 23 -0.73
03081949 23 -0.81
04081949 23 -0.84
05081949 23 -0.85
06081949 23 -0.84
07081949 23 -0.83
08081949 23 -0.81
09081949 23 -0.79
10081949 23 -0.75
11081949 23 -0.71
12081949 23 -0.74
13081949 23 -0.87
14081949 23 -0.92
15081949 23 -0.90
16081949 23 -0.88
17081949 23 -0.86
18081949 23 -0.83
19081949 23 -0.81
20081949 23 -0.81
21081949 23 -0.78
22081949 23 -0.77
23081949 23 -0.72
24081949 23 -0.67
25081949 23 -0.62
26081949 23 -0.57
27081949 23 -0.53
28081949 23 -0.49
29081949 23 -0.46
30081949 23 -0.73
31081949 23 -0.85
01091949 23 -0.88
02091949 23 -0.88
03091949 23 -0.89
04091949 23 -0.87
05091949 23 -0.85
06091949 23 -0.91
07091949 23 -0.93
08091949 23 -0.91
09091949 23 -0.89
10091949 23 -0.88
11091949 23 -0.87
12091949 23 -0.85
13091949 23 -0.84
14091949 23 -0.83
15091949 23 -0.79
16091949 23 -0.77
17091949 23 -0.87
18091949 23 -0.92
19091949 23 -0.92
20091949 23 -0.89
21091949 23 -0.88
22091949 23 -0.86
23091949 23 -0.86
24091949 23 -0.84
25091949 23 -0.81
26091949 23 -0.77
27091949 23 -0.72
28091949 23 -0.67
29091949 23 -0.63
30091949 23 -0.61
01101949 23 -0.66
02101949 23 -0.81
03101949 23 -0.78
04101949 23 -0.73
05101949 23 -0.67
06101949 23 -0.62
07101949 23 -0.57
08101949 23 -0.53
09101949 23 -0.49
10101949 23 -0.83
11101949 23 -0.95
12101949 23 -0.88
13101949 23 -0.86
14101949 23 -0.83
15101949 23 -0.80
16101949 23 -0.76
17101949 23 -0.72
18101949 23 -0.91
19101949 23 -0.97
20101949 23 -0.98
21101949 23 -0.97
22101949 23 -0.97
23101949 23 -0.97
24101949 23 -0.97
25101949 23 -0.95
26101949 23 -0.94
27101949 23 -0.96
28101949 23 -0.97
29101949 23 -0.96
30101949 23 -0.94
31101949 23 -0.93
01111949 23 -0.92
02111949 23 -0.93
03111949 23 -0.93
04111949 23 -0.94
05111949 23 -0.94
06111949 23 -0.94
07111949 23 -0.94
08111949 23 -0.94
09111949 23 -0.94
10111949 23 -0.94
11111949 23 -0.94
12111949 23 -0.94
13111949 23 -0.94
14111949 23 -0.95
15111949 23 -0.99
16111949 23 -1.03
17111949 23 -1.06
18111949 23 -1.07
19111949 23 -1.08
20111949 23 -1.10
21111949 23 -1.10
22111949 23 -1.10
23111949 23 -1.10
24111949 23 -1.10
25111949 23 -1.10
26111949 23 -1.10
27111949 23 -1.10
28111949 23 -1.10
29111949 23 -1.10
30111949 23 -1.11
01121949 23 -1.11
02121949 23 -1.11
03121949 23 -1.11
04121949 23 -1.10
05121949 23 -1.09
06121949 23 -1.08
07121949 23 -1.09
08121949 23 -1.08
09121949 23 -1.08
10121949 23 -1.08
11121949 23 -1.08
12121949 23 -1.09
13121949 23 -1.09
14121949 23 -1.09
15121949 23 -1.09
16121949 23 -1.09
17121949 23 -1.09
18121949 23 -1.08
19121949 23 -1.04
20121949 23 -1.01
21121949 23 -1.00
22121949 23 -1.09
23121949 23 -1.10
24121949 23 -1.04
25121949 23 -1.01
26121949 23 -0.98
27121949 23 -0.96
28121949 23 -0.96
29121949 23 -0.94
30121949 23 -0.92
31121949 23 -0.90
