01011961 23 -0.91
02011961 23 -0.91
03011961 23 -0.90
04011961 23 -0.90
05011961 23 -0.90
06011961 23 -0.91
07011961 23 -0.91
08011961 23 -0.91
09011961 23 -0.91
10011961 23 -0.90
11011961 23 -0.89
12011961 23 -0.87
13011961 23 -0.86
14011961 23 -0.85
15011961 23 -0.83
16011961 23 -0.86
17011961 23 -0.89
18011961 23 -0.89
19011961 23 -0.88
20011961 23 -0.90
21011961 23 -0.90
22011961 23 -0.89
23011961 23 -0.88
24011961 23 -0.87
25011961 23 -0.85
26011961 23 -0.84
27011961 23 -0.82
28011961 23 -0.80
29011961 23 -0.78
30011961 23 -0.76
31011961 23 -0.75
01021961 23 -0.80
02021961 23 -0.85
03021961 23 -0.88
04021961 23 -0.88
05021961 23 -0.87
06021961 23 -0.86
07021961 23 -0.84
08021961 23 -0.83
09021961 23 -0.81
10021961 23 -0.79
11021961 23 -0.83
12021961 23 -0.87
13021961 23 -0.90
14021961 23 -0.90
15021961 23 -0.88
16021961 23 -0.87
17021961 23 -0.85
18021961 23 -0.84
19021961 23 -0.82
20021961 23 -0.80
21021961 23 -0.78
22021961 23 -0.75
23021961 23 -0.73
24021961 23 -0.78
25021961 23 -0.78
26021961 23 -0.78
27021961 23 -0.82
28021961 23 -0.86
01031961 23 -0.87
02031961 23 -0.89
03031961 23 -0.90
04031961 23 -0.88
05031961 23 -0.86
06031961 23 -0.86
07031961 23 -0.89
08031961 23 -0.89
09031961 23 -0.87
10031961 23 -0.85
11031961 23 -0.84
12031961 23 -0.87
13031961 23 -0.89
14031961 23 -0.88
15031961 23 -0.89
16031961 23 -0.90
17031961 23 -0.88
18031961 23 -0.88
19031961 23 -0.90
20031961 23 -0.89
21031961 23 -0.88
22031961 23 -0.90
23031961 23 -0.89
24031961 23 -0.90
25031961 23 -0.89
26031961 23 -0.88
27031961 23 -0.90
28031961 23 -0.89
29031961 23 -0.87
30031961 23 -0.86
31031961 23 -0.89
01041961 23 -0.90
02041961 23 -0.88
03041961 23 -0.88
04041961 23 -0.90
05041961 23 -0.90
06041961 23 -0.88
07041961 23 -0.87
08041961 23 -0.85
09041961 23 -0.83
10041961 23 -0.80
11041961 23 -0.79
12041961 23 -0.83
13041961 23 -0.86
14041961 23 -0.86
15041961 23 -0.85
16041961 23 -0.82
17041961 23 -0.80
18041961 23 -0.83
19041961 23 -0.84
20041961 23 -0.83
21041961 23 -0.80
22041961 23 -0.79
23041961 23 -0.82
24041961 23 -0.83
25041961 23 -0.81
26041961 23 -0.79
27041961 23 -0.78
28041961 23 -0.83
29041961 23 -0.84
30041961 23 -0.83
01051961 23 -0.86
02051961 23 -0.87
03051961 23 -0.85
04051961 23 -0.84
05051961 23 -0.87
06051961 23 -0.88
07051961 23 -0.86
08051961 23 -0.85
09051961 23 -0.88
10051961 23 -0.88
11051961 23 -0.88
12051961 23 -0.89
13051961 23 -0.89
14051961 23 -0.89
15051961 23 -0.87
16051961 23 -0.89
17051961 23 -0.90
18051961 23 -0.89
19051961 23 -0.85
20051961 23 -0.81
21051961 23 -0.81
22051961 23 -0.86
23051961 23 -0.88
24051961 23 -0.86
25051961 23 -0.84
26051961 23 -0.81
27051961 23 -0.78
28051961 23 -0.75
29051961 23 -0.71
30051961 23 -0.67
31051961 23 -0.63
01061961 23 -0.60
02061961 23 -0.72
03061961 23 -0.79
04061961 23 -0.78
05061961 23 -0.75
06061961 23 -0.72
07061961 23 -0.69
08061961 23 -0.65
09061961 23 -0.62
10061961 23 -0.59
11061961 23 -0.59
12061961 23 -0.78
13061961 23 -0.86
14061961 23 -0.88
15061961 23 -0.87
16061961 23 -0.84
17061961 23 -0.80
18061961 23 -0.76
19061961 23 -0.72
20061961 23 -0.71
21061961 23 -0.79
22061961 23 -0.82
23061961 23 -0.83
24061961 23 -0.83
25061961 23 -0.81
26061961 23 -0.78
27061961 23 -0.78
28061961 23 -0.83
29061961 23 -0.86
30061961 23 -0.87
01071961 23 -0.84
02071961 23 -0.80
03071961 23 -0.76
04071961 23 -0.70
05071961 23 -0.65
06071961 23 -0.60
07071961 23 -0.55
08071961 23 -0.51
09071961 23 -0.47
10071961 23 -0.48
11071961 23 -0.71
12071961 23 -0.73
13071961 23 -0.65
14071961 23 -0.60
15071961 23 -0.55
16071961 23 -0.51
17071961 23 -0.68
18071961 23 -0.74
19071961 23 -0.69
20071961 23 -0.64
21071961 23 -0.60
22071961 23 -0.56
23071961 23 -0.52
24071961 23 -0.49
25071961 23 -0.45
26071961 23 -0.41
27071961 23 -0.37
28071961 23 -0.32
29071961 23 -0.27
30071961 23 -0.19
31071961 23 -0.11
01081961 23 -0.21
02081961 23 -0.73
03081961 23 -0.81
04081961 23 -0.84
05081961 23 -0.85
06081961 23 -0.84
07081961 23 -0.83
08081961 23 -0.81
09081961 23 -0.79
10081961 23 -0.75
11081961 23 -0.71
12081961 23 -0.74
13081961 23 -0.87
14081961 23 -0.92
15081961 23 -0.90
16081961 23 -0.88
17081961 23 -0.86
18081961 23 -0.83
19081961 23 -0.81
20081961 23 -0.81
21081961 23 -0.78
22081961 23 -0.77
23081961 23 -0.72
24081961 23 -0.67
25081961 23 -0.62
26081961 23 -0.57
27081961 23 -0.53
28081961 23 -0.49
29081961 23 -0.46
30081961 23 -0.73
31081961 23 -0.85
01091961 23 -0.88
02091961 23 -0.88
03091961 23 -0.89
04091961 23 -0.87
05091961 23 -0.85
06091961 23 -0.91
07091961 23 -0.93
08091961 23 -0.91
09091961 23 -0.89
10091961 23 -0.88
11091961 23 -0.87
12091961 23 -0.85
13091961 23 -0.84
14091961 23 -0.83
15091961 23 -0.79
16091961 23 -0.77
17091961 23 -0.87
18091961 23 -0.92
19091961 23 -0.92
20091961 23 -0.89
21091961 23 -0.88
22091961 23 -0.86
23091961 23 -0.86
24091961 23 -0.84
25091961 23 -0.81
26091961 23 -0.77
27091961 23 -0.72
28091961 23 -0.67
29091961 23 -0.63
30091961 23 -0.61
01101961 23 -0.66
02101961 23 -0.81
03101961 23 -0.78
04101961 23 -0.73
05101961 23 -0.67
06101961 23 -0.62
07101961 23 -0.57
08101961 23 -0.53
09101961 23 -0.49
10101961 23 -0.83
11101961 23 -0.95
12101961 23 -0.88
13101961 23 -0.86
14101961 23 -0.83
15101961 23 -0.80
16101961 23 -0.76
17101961 23 -0.72
18101961 23 -0.91
19101961 23 -0.97
20101961 23 -0.98
21101961 23 -0.97
22101961 23 -0.97
23101961 23 -0.97
24101961 23 -0.97
25101961 23 -0.95
26101961 23 -0.94
27101961 23 -0.96
28101961 23 -0.97
29101961 23 -0.96
30101961 23 -0.94
31101961 23 -0.93
01111961 23 -0.92
02111961 23 -0.93
03111961 23 -0.93
04111961 23 -0.94
05111961 23 -0.94
06111961 23 -0.94
07111961 23 -0.94
08111961 23 -0.94
09111961 23 -0.94
10111961 23 -0.94
11111961 23 -0.94
12111961 23 -0.94
13111961 23 -0.94
14111961 23 -0.95
15111961 23 -0.99
16111961 23 -1.03
17111961 23 -1.06
18111961 23 -1.07
19111961 23 -1.08
20111961 23 -1.10
21111961 23 -1.10
22111961 23 -1.10
23111961 23 -1.10
24111961 23 -1.10
25111961 23 -1.10
26111961 23 -1.10
27111961 23 -1.10
28111961 23 -1.10
29111961 23 -1.10
30111961 23 -1.11
01121961 23 -1.11
02121961 23 -1.11
03121961 23 -1.11
04121961 23 -1.10
05121961 23 -1.09
06121961 23 -1.08
07121961 23 -1.09
08121961 23 -1.08
09121961 23 -1.08
10121961 23 -1.08
11121961 23 -1.08
12121961 23 -1.09
13121961 23 -1.09
14121961 23 -1.09
15121961 23 -1.09
16121961 23 -1.09
17121961 23 -1.09
18121961 23 -1.08
19121961 23 -1.04
20121961 23 -1.01
21121961 23 -1.00
22121961 23 -1.09
23121961 23 -1.10
24121961 23 -1.04
25121961 23 -1.01
26121961 23 -0.98
27121961 23 -0.96
28121961 23 -0.96
29121961 23 -0.94
30121961 23 -0.92
31121961 23 -0.90
