01011921 23 -0.91
02011921 23 -0.91
03011921 23 -0.90
04011921 23 -0.90
05011921 23 -0.90
06011921 23 -0.91
07011921 23 -0.91
08011921 23 -0.91
09011921 23 -0.91
10011921 23 -0.90
11011921 23 -0.89
12011921 23 -0.87
13011921 23 -0.86
14011921 23 -0.85
15011921 23 -0.83
16011921 23 -0.86
17011921 23 -0.89
18011921 23 -0.89
19011921 23 -0.88
20011921 23 -0.90
21011921 23 -0.90
22011921 23 -0.89
23011921 23 -0.88
24011921 23 -0.87
25011921 23 -0.85
26011921 23 -0.84
27011921 23 -0.82
28011921 23 -0.80
29011921 23 -0.78
30011921 23 -0.76
31011921 23 -0.75
01021921 23 -0.80
02021921 23 -0.85
03021921 23 -0.88
04021921 23 -0.88
05021921 23 -0.87
06021921 23 -0.86
07021921 23 -0.84
08021921 23 -0.83
09021921 23 -0.81
10021921 23 -0.79
11021921 23 -0.83
12021921 23 -0.87
13021921 23 -0.90
14021921 23 -0.90
15021921 23 -0.88
16021921 23 -0.87
17021921 23 -0.85
18021921 23 -0.84
19021921 23 -0.82
20021921 23 -0.80
21021921 23 -0.78
22021921 23 -0.75
23021921 23 -0.73
24021921 23 -0.78
25021921 23 -0.78
26021921 23 -0.78
27021921 23 -0.82
28021921 23 -0.86
01031921 23 -0.87
02031921 23 -0.89
03031921 23 -0.90
04031921 23 -0.88
05031921 23 -0.86
06031921 23 -0.86
07031921 23 -0.89
08031921 23 -0.89
09031921 23 -0.87
10031921 23 -0.85
11031921 23 -0.84
12031921 23 -0.87
13031921 23 -0.89
14031921 23 -0.88
15031921 23 -0.89
16031921 23 -0.90
17031921 23 -0.88
18031921 23 -0.88
19031921 23 -0.90
20031921 23 -0.89
21031921 23 -0.88
22031921 23 -0.90
23031921 23 -0.89
24031921 23 -0.90
25031921 23 -0.89
26031921 23 -0.88
27031921 23 -0.90
28031921 23 -0.89
29031921 23 -0.87
30031921 23 -0.86
31031921 23 -0.89
01041921 23 -0.90
02041921 23 -0.88
03041921 23 -0.88
04041921 23 -0.90
05041921 23 -0.90
06041921 23 -0.88
07041921 23 -0.87
08041921 23 -0.85
09041921 23 -0.83
10041921 23 -0.80
11041921 23 -0.79
12041921 23 -0.83
13041921 23 -0.86
14041921 23 -0.86
15041921 23 -0.85
16041921 23 -0.82
17041921 23 -0.80
18041921 23 -0.83
19041921 23 -0.84
20041921 23 -0.83
21041921 23 -0.80
22041921 23 -0.79
23041921 23 -0.82
24041921 23 -0.83
25041921 23 -0.81
26041921 23 -0.79
27041921 23 -0.78
28041921 23 -0.83
29041921 23 -0.84
30041921 23 -0.83
01051921 23 -0.86
02051921 23 -0.87
03051921 23 -0.85
04051921 23 -0.84
05051921 23 -0.87
06051921 23 -0.88
07051921 23 -0.86
08051921 23 -0.85
09051921 23 -0.88
10051921 23 -0.88
11051921 23 -0.88
12051921 23 -0.89
13051921 23 -0.89
14051921 23 -0.89
15051921 23 -0.87
16051921 23 -0.89
17051921 23 -0.90
18051921 23 -0.89
19051921 23 -0.85
20051921 23 -0.81
21051921 23 -0.81
22051921 23 -0.86
23051921 23 -0.88
24051921 23 -0.86
25051921 23 -0.84
26051921 23 -0.81
27051921 23 -0.78
28051921 23 -0.75
29051921 23 -0.71
30051921 23 -0.67
31051921 23 -0.63
01061921 23 -0.60
02061921 23 -0.72
03061921 23 -0.79
04061921 23 -0.78
05061921 23 -0.75
06061921 23 -0.72
07061921 23 -0.69
08061921 23 -0.65
09061921 23 -0.62
10061921 23 -0.59
11061921 23 -0.59
12061921 23 -0.78
13061921 23 -0.86
14061921 23 -0.88
15061921 23 -0.87
16061921 23 -0.84
17061921 23 -0.80
18061921 23 -0.76
19061921 23 -0.72
20061921 23 -0.71
21061921 23 -0.79
22061921 23 -0.82
23061921 23 -0.83
24061921 23 -0.83
25061921 23 -0.81
26061921 23 -0.78
27061921 23 -0.78
28061921 23 -0.83
29061921 23 -0.86
30061921 23 -0.87
01071921 23 -0.84
02071921 23 -0.80
03071921 23 -0.76
04071921 23 -0.70
05071921 23 -0.65
06071921 23 -0.60
07071921 23 -0.55
08071921 23 -0.51
09071921 23 -0.47
10071921 23 -0.48
11071921 23 -0.71
12071921 23 -0.73
13071921 23 -0.65
14071921 23 -0.60
15071921 23 -0.55
16071921 23 -0.51
17071921 23 -0.68
18071921 23 -0.74
19071921 23 -0.69
20071921 23 -0.64
21071921 23 -0.60
22071921 23 -0.56
23071921 23 -0.52
24071921 23 -0.49
25071921 23 -0.45
26071921 23 -0.41
27071921 23 -0.37
28071921 23 -0.32
29071921 23 -0.27
30071921 23 -0.19
31071921 23 -0.11
01081921 23 -0.21
02081921 23 -0.73
03081921 23 -0.81
04081921 23 -0.84
05081921 23 -0.85
06081921 23 -0.84
07081921 23 -0.83
08081921 23 -0.81
09081921 23 -0.79
10081921 23 -0.75
11081921 23 -0.71
12081921 23 -0.74
13081921 23 -0.87
14081921 23 -0.92
15081921 23 -0.90
16081921 23 -0.88
17081921 23 -0.86
18081921 23 -0.83
19081921 23 -0.81
20081921 23 -0.81
21081921 23 -0.78
22081921 23 -0.77
23081921 23 -0.72
24081921 23 -0.67
25081921 23 -0.62
26081921 23 -0.57
27081921 23 -0.53
28081921 23 -0.49
29081921 23 -0.46
30081921 23 -0.73
31081921 23 -0.85
01091921 23 -0.88
02091921 23 -0.88
03091921 23 -0.89
04091921 23 -0.87
05091921 23 -0.85
06091921 23 -0.91
07091921 23 -0.93
08091921 23 -0.91
09091921 23 -0.89
10091921 23 -0.88
11091921 23 -0.87
12091921 23 -0.85
13091921 23 -0.84
14091921 23 -0.83
15091921 23 -0.79
16091921 23 -0.77
17091921 23 -0.87
18091921 23 -0.92
19091921 23 -0.92
20091921 23 -0.89
21091921 23 -0.88
22091921 23 -0.86
23091921 23 -0.86
24091921 23 -0.84
25091921 23 -0.81
26091921 23 -0.77
27091921 23 -0.72
28091921 23 -0.67
29091921 23 -0.63
30091921 23 -0.61
01101921 23 -0.66
02101921 23 -0.81
03101921 23 -0.78
04101921 23 -0.73
05101921 23 -0.67
06101921 23 -0.62
07101921 23 -0.57
08101921 23 -0.53
09101921 23 -0.49
10101921 23 -0.83
11101921 23 -0.95
12101921 23 -0.88
13101921 23 -0.86
14101921 23 -0.83
15101921 23 -0.80
16101921 23 -0.76
17101921 23 -0.72
18101921 23 -0.91
19101921 23 -0.97
20101921 23 -0.98
21101921 23 -0.97
22101921 23 -0.97
23101921 23 -0.97
24101921 23 -0.97
25101921 23 -0.95
26101921 23 -0.94
27101921 23 -0.96
28101921 23 -0.97
29101921 23 -0.96
30101921 23 -0.94
31101921 23 -0.93
01111921 23 -0.92
02111921 23 -0.93
03111921 23 -0.93
04111921 23 -0.94
05111921 23 -0.94
06111921 23 -0.94
07111921 23 -0.94
08111921 23 -0.94
09111921 23 -0.94
10111921 23 -0.94
11111921 23 -0.94
12111921 23 -0.94
13111921 23 -0.94
14111921 23 -0.95
15111921 23 -0.99
16111921 23 -1.03
17111921 23 -1.06
18111921 23 -1.07
19111921 23 -1.08
20111921 23 -1.10
21111921 23 -1.10
22111921 23 -1.10
23111921 23 -1.10
24111921 23 -1.10
25111921 23 -1.10
26111921 23 -1.10
27111921 23 -1.10
28111921 23 -1.10
29111921 23 -1.10
30111921 23 -1.11
01121921 23 -1.11
02121921 23 -1.11
03121921 23 -1.11
04121921 23 -1.10
05121921 23 -1.09
06121921 23 -1.08
07121921 23 -1.09
08121921 23 -1.08
09121921 23 -1.08
10121921 23 -1.08
11121921 23 -1.08
12121921 23 -1.09
13121921 23 -1.09
14121921 23 -1.09
15121921 23 -1.09
16121921 23 -1.09
17121921 23 -1.09
18121921 23 -1.08
19121921 23 -1.04
20121921 23 -1.01
21121921 23 -1.00
22121921 23 -1.09
23121921 23 -1.10
24121921 23 -1.04
25121921 23 -1.01
26121921 23 -0.98
27121921 23 -0.96
28121921 23 -0.96
29121921 23 -0.94
30121921 23 -0.92
31121921 23 -0.90
