01011956 23 -0.91
02011956 23 -0.91
03011956 23 -0.90
04011956 23 -0.90
05011956 23 -0.90
06011956 23 -0.91
07011956 23 -0.91
08011956 23 -0.91
09011956 23 -0.91
10011956 23 -0.90
11011956 23 -0.89
12011956 23 -0.87
13011956 23 -0.86
14011956 23 -0.85
15011956 23 -0.83
16011956 23 -0.86
17011956 23 -0.89
18011956 23 -0.89
19011956 23 -0.88
20011956 23 -0.90
21011956 23 -0.90
22011956 23 -0.89
23011956 23 -0.88
24011956 23 -0.87
25011956 23 -0.85
26011956 23 -0.84
27011956 23 -0.82
28011956 23 -0.80
29011956 23 -0.78
30011956 23 -0.76
31011956 23 -0.75
01021956 23 -0.80
02021956 23 -0.85
03021956 23 -0.88
04021956 23 -0.88
05021956 23 -0.87
06021956 23 -0.86
07021956 23 -0.84
08021956 23 -0.83
09021956 23 -0.81
10021956 23 -0.79
11021956 23 -0.83
12021956 23 -0.87
13021956 23 -0.90
14021956 23 -0.90
15021956 23 -0.88
16021956 23 -0.87
17021956 23 -0.85
18021956 23 -0.84
19021956 23 -0.82
20021956 23 -0.80
21021956 23 -0.78
22021956 23 -0.75
23021956 23 -0.73
24021956 23 -0.78
25021956 23 -0.78
26021956 23 -0.78
27021956 23 -0.82
28021956 23 -0.86
01031956 23 -0.87
02031956 23 -0.89
03031956 23 -0.90
04031956 23 -0.88
05031956 23 -0.86
06031956 23 -0.86
07031956 23 -0.89
08031956 23 -0.89
09031956 23 -0.87
10031956 23 -0.85
11031956 23 -0.84
12031956 23 -0.87
13031956 23 -0.89
14031956 23 -0.88
15031956 23 -0.89
16031956 23 -0.90
17031956 23 -0.88
18031956 23 -0.88
19031956 23 -0.90
20031956 23 -0.89
21031956 23 -0.88
22031956 23 -0.90
23031956 23 -0.89
24031956 23 -0.90
25031956 23 -0.89
26031956 23 -0.88
27031956 23 -0.90
28031956 23 -0.89
29031956 23 -0.87
30031956 23 -0.86
31031956 23 -0.89
01041956 23 -0.90
02041956 23 -0.88
03041956 23 -0.88
04041956 23 -0.90
05041956 23 -0.90
06041956 23 -0.88
07041956 23 -0.87
08041956 23 -0.85
09041956 23 -0.83
10041956 23 -0.80
11041956 23 -0.79
12041956 23 -0.83
13041956 23 -0.86
14041956 23 -0.86
15041956 23 -0.85
16041956 23 -0.82
17041956 23 -0.80
18041956 23 -0.83
19041956 23 -0.84
20041956 23 -0.83
21041956 23 -0.80
22041956 23 -0.79
23041956 23 -0.82
24041956 23 -0.83
25041956 23 -0.81
26041956 23 -0.79
27041956 23 -0.78
28041956 23 -0.83
29041956 23 -0.84
30041956 23 -0.83
01051956 23 -0.86
02051956 23 -0.87
03051956 23 -0.85
04051956 23 -0.84
05051956 23 -0.87
06051956 23 -0.88
07051956 23 -0.86
08051956 23 -0.85
09051956 23 -0.88
10051956 23 -0.88
11051956 23 -0.88
12051956 23 -0.89
13051956 23 -0.89
14051956 23 -0.89
15051956 23 -0.87
16051956 23 -0.89
17051956 23 -0.90
18051956 23 -0.89
19051956 23 -0.85
20051956 23 -0.81
21051956 23 -0.81
22051956 23 -0.86
23051956 23 -0.88
24051956 23 -0.86
25051956 23 -0.84
26051956 23 -0.81
27051956 23 -0.78
28051956 23 -0.75
29051956 23 -0.71
30051956 23 -0.67
31051956 23 -0.63
01061956 23 -0.60
02061956 23 -0.72
03061956 23 -0.79
04061956 23 -0.78
05061956 23 -0.75
06061956 23 -0.72
07061956 23 -0.69
08061956 23 -0.65
09061956 23 -0.62
10061956 23 -0.59
11061956 23 -0.59
12061956 23 -0.78
13061956 23 -0.86
14061956 23 -0.88
15061956 23 -0.87
16061956 23 -0.84
17061956 23 -0.80
18061956 23 -0.76
19061956 23 -0.72
20061956 23 -0.71
21061956 23 -0.79
22061956 23 -0.82
23061956 23 -0.83
24061956 23 -0.83
25061956 23 -0.81
26061956 23 -0.78
27061956 23 -0.78
28061956 23 -0.83
29061956 23 -0.86
30061956 23 -0.87
01071956 23 -0.84
02071956 23 -0.80
03071956 23 -0.76
04071956 23 -0.70
05071956 23 -0.65
06071956 23 -0.60
07071956 23 -0.55
08071956 23 -0.51
09071956 23 -0.47
10071956 23 -0.48
11071956 23 -0.71
12071956 23 -0.73
13071956 23 -0.65
14071956 23 -0.60
15071956 23 -0.55
16071956 23 -0.51
17071956 23 -0.68
18071956 23 -0.74
19071956 23 -0.69
20071956 23 -0.64
21071956 23 -0.60
22071956 23 -0.56
23071956 23 -0.52
24071956 23 -0.49
25071956 23 -0.45
26071956 23 -0.41
27071956 23 -0.37
28071956 23 -0.32
29071956 23 -0.27
30071956 23 -0.19
31071956 23 -0.11
01081956 23 -0.21
02081956 23 -0.73
03081956 23 -0.81
04081956 23 -0.84
05081956 23 -0.85
06081956 23 -0.84
07081956 23 -0.83
08081956 23 -0.81
09081956 23 -0.79
10081956 23 -0.75
11081956 23 -0.71
12081956 23 -0.74
13081956 23 -0.87
14081956 23 -0.92
15081956 23 -0.90
16081956 23 -0.88
17081956 23 -0.86
18081956 23 -0.83
19081956 23 -0.81
20081956 23 -0.81
21081956 23 -0.78
22081956 23 -0.77
23081956 23 -0.72
24081956 23 -0.67
25081956 23 -0.62
26081956 23 -0.57
27081956 23 -0.53
28081956 23 -0.49
29081956 23 -0.46
30081956 23 -0.73
31081956 23 -0.85
01091956 23 -0.88
02091956 23 -0.88
03091956 23 -0.89
04091956 23 -0.87
05091956 23 -0.85
06091956 23 -0.91
07091956 23 -0.93
08091956 23 -0.91
09091956 23 -0.89
10091956 23 -0.88
11091956 23 -0.87
12091956 23 -0.85
13091956 23 -0.84
14091956 23 -0.83
15091956 23 -0.79
16091956 23 -0.77
17091956 23 -0.87
18091956 23 -0.92
19091956 23 -0.92
20091956 23 -0.89
21091956 23 -0.88
22091956 23 -0.86
23091956 23 -0.86
24091956 23 -0.84
25091956 23 -0.81
26091956 23 -0.77
27091956 23 -0.72
28091956 23 -0.67
29091956 23 -0.63
30091956 23 -0.61
01101956 23 -0.66
02101956 23 -0.81
03101956 23 -0.78
04101956 23 -0.73
05101956 23 -0.67
06101956 23 -0.62
07101956 23 -0.57
08101956 23 -0.53
09101956 23 -0.49
10101956 23 -0.83
11101956 23 -0.95
12101956 23 -0.88
13101956 23 -0.86
14101956 23 -0.83
15101956 23 -0.80
16101956 23 -0.76
17101956 23 -0.72
18101956 23 -0.91
19101956 23 -0.97
20101956 23 -0.98
21101956 23 -0.97
22101956 23 -0.97
23101956 23 -0.97
24101956 23 -0.97
25101956 23 -0.95
26101956 23 -0.94
27101956 23 -0.96
28101956 23 -0.97
29101956 23 -0.96
30101956 23 -0.94
31101956 23 -0.93
01111956 23 -0.92
02111956 23 -0.93
03111956 23 -0.93
04111956 23 -0.94
05111956 23 -0.94
06111956 23 -0.94
07111956 23 -0.94
08111956 23 -0.94
09111956 23 -0.94
10111956 23 -0.94
11111956 23 -0.94
12111956 23 -0.94
13111956 23 -0.94
14111956 23 -0.95
15111956 23 -0.99
16111956 23 -1.03
17111956 23 -1.06
18111956 23 -1.07
19111956 23 -1.08
20111956 23 -1.10
21111956 23 -1.10
22111956 23 -1.10
23111956 23 -1.10
24111956 23 -1.10
25111956 23 -1.10
26111956 23 -1.10
27111956 23 -1.10
28111956 23 -1.10
29111956 23 -1.10
30111956 23 -1.11
01121956 23 -1.11
02121956 23 -1.11
03121956 23 -1.11
04121956 23 -1.10
05121956 23 -1.09
06121956 23 -1.08
07121956 23 -1.09
08121956 23 -1.08
09121956 23 -1.08
10121956 23 -1.08
11121956 23 -1.08
12121956 23 -1.09
13121956 23 -1.09
14121956 23 -1.09
15121956 23 -1.09
16121956 23 -1.09
17121956 23 -1.09
18121956 23 -1.08
19121956 23 -1.04
20121956 23 -1.01
21121956 23 -1.00
22121956 23 -1.09
23121956 23 -1.10
24121956 23 -1.04
25121956 23 -1.01
26121956 23 -0.98
27121956 23 -0.96
28121956 23 -0.96
29121956 23 -0.94
30121956 23 -0.92
31121956 23 -0.90
