01011968 23 -0.91
02011968 23 -0.91
03011968 23 -0.90
04011968 23 -0.90
05011968 23 -0.90
06011968 23 -0.91
07011968 23 -0.91
08011968 23 -0.91
09011968 23 -0.91
10011968 23 -0.90
11011968 23 -0.89
12011968 23 -0.87
13011968 23 -0.86
14011968 23 -0.85
15011968 23 -0.83
16011968 23 -0.86
17011968 23 -0.89
18011968 23 -0.89
19011968 23 -0.88
20011968 23 -0.90
21011968 23 -0.90
22011968 23 -0.89
23011968 23 -0.88
24011968 23 -0.87
25011968 23 -0.85
26011968 23 -0.84
27011968 23 -0.82
28011968 23 -0.80
29011968 23 -0.78
30011968 23 -0.76
31011968 23 -0.75
01021968 23 -0.80
02021968 23 -0.85
03021968 23 -0.88
04021968 23 -0.88
05021968 23 -0.87
06021968 23 -0.86
07021968 23 -0.84
08021968 23 -0.83
09021968 23 -0.81
10021968 23 -0.79
11021968 23 -0.83
12021968 23 -0.87
13021968 23 -0.90
14021968 23 -0.90
15021968 23 -0.88
16021968 23 -0.87
17021968 23 -0.85
18021968 23 -0.84
19021968 23 -0.82
20021968 23 -0.80
21021968 23 -0.78
22021968 23 -0.75
23021968 23 -0.73
24021968 23 -0.78
25021968 23 -0.78
26021968 23 -0.78
27021968 23 -0.82
28021968 23 -0.86
01031968 23 -0.87
02031968 23 -0.89
03031968 23 -0.90
04031968 23 -0.88
05031968 23 -0.86
06031968 23 -0.86
07031968 23 -0.89
08031968 23 -0.89
09031968 23 -0.87
10031968 23 -0.85
11031968 23 -0.84
12031968 23 -0.87
13031968 23 -0.89
14031968 23 -0.88
15031968 23 -0.89
16031968 23 -0.90
17031968 23 -0.88
18031968 23 -0.88
19031968 23 -0.90
20031968 23 -0.89
21031968 23 -0.88
22031968 23 -0.90
23031968 23 -0.89
24031968 23 -0.90
25031968 23 -0.89
26031968 23 -0.88
27031968 23 -0.90
28031968 23 -0.89
29031968 23 -0.87
30031968 23 -0.86
31031968 23 -0.89
01041968 23 -0.90
02041968 23 -0.88
03041968 23 -0.88
04041968 23 -0.90
05041968 23 -0.90
06041968 23 -0.88
07041968 23 -0.87
08041968 23 -0.85
09041968 23 -0.83
10041968 23 -0.80
11041968 23 -0.79
12041968 23 -0.83
13041968 23 -0.86
14041968 23 -0.86
15041968 23 -0.85
16041968 23 -0.82
17041968 23 -0.80
18041968 23 -0.83
19041968 23 -0.84
20041968 23 -0.83
21041968 23 -0.80
22041968 23 -0.79
23041968 23 -0.82
24041968 23 -0.83
25041968 23 -0.81
26041968 23 -0.79
27041968 23 -0.78
28041968 23 -0.83
29041968 23 -0.84
30041968 23 -0.83
01051968 23 -0.86
02051968 23 -0.87
03051968 23 -0.85
04051968 23 -0.84
05051968 23 -0.87
06051968 23 -0.88
07051968 23 -0.86
08051968 23 -0.85
09051968 23 -0.88
10051968 23 -0.88
11051968 23 -0.88
12051968 23 -0.89
13051968 23 -0.89
14051968 23 -0.89
15051968 23 -0.87
16051968 23 -0.89
17051968 23 -0.90
18051968 23 -0.89
19051968 23 -0.85
20051968 23 -0.81
21051968 23 -0.81
22051968 23 -0.86
23051968 23 -0.88
24051968 23 -0.86
25051968 23 -0.84
26051968 23 -0.81
27051968 23 -0.78
28051968 23 -0.75
29051968 23 -0.71
30051968 23 -0.67
31051968 23 -0.63
01061968 23 -0.60
02061968 23 -0.72
03061968 23 -0.79
04061968 23 -0.78
05061968 23 -0.75
06061968 23 -0.72
07061968 23 -0.69
08061968 23 -0.65
09061968 23 -0.62
10061968 23 -0.59
11061968 23 -0.59
12061968 23 -0.78
13061968 23 -0.86
14061968 23 -0.88
15061968 23 -0.87
16061968 23 -0.84
17061968 23 -0.80
18061968 23 -0.76
19061968 23 -0.72
20061968 23 -0.71
21061968 23 -0.79
22061968 23 -0.82
23061968 23 -0.83
24061968 23 -0.83
25061968 23 -0.81
26061968 23 -0.78
27061968 23 -0.78
28061968 23 -0.83
29061968 23 -0.86
30061968 23 -0.87
01071968 23 -0.84
02071968 23 -0.80
03071968 23 -0.76
04071968 23 -0.70
05071968 23 -0.65
06071968 23 -0.60
07071968 23 -0.55
08071968 23 -0.51
09071968 23 -0.47
10071968 23 -0.48
11071968 23 -0.71
12071968 23 -0.73
13071968 23 -0.65
14071968 23 -0.60
15071968 23 -0.55
16071968 23 -0.51
17071968 23 -0.68
18071968 23 -0.74
19071968 23 -0.69
20071968 23 -0.64
21071968 23 -0.60
22071968 23 -0.56
23071968 23 -0.52
24071968 23 -0.49
25071968 23 -0.45
26071968 23 -0.41
27071968 23 -0.37
28071968 23 -0.32
29071968 23 -0.27
30071968 23 -0.19
31071968 23 -0.11
01081968 23 -0.21
02081968 23 -0.73
03081968 23 -0.81
04081968 23 -0.84
05081968 23 -0.85
06081968 23 -0.84
07081968 23 -0.83
08081968 23 -0.81
09081968 23 -0.79
10081968 23 -0.75
11081968 23 -0.71
12081968 23 -0.74
13081968 23 -0.87
14081968 23 -0.92
15081968 23 -0.90
16081968 23 -0.88
17081968 23 -0.86
18081968 23 -0.83
19081968 23 -0.81
20081968 23 -0.81
21081968 23 -0.78
22081968 23 -0.77
23081968 23 -0.72
24081968 23 -0.67
25081968 23 -0.62
26081968 23 -0.57
27081968 23 -0.53
28081968 23 -0.49
29081968 23 -0.46
30081968 23 -0.73
31081968 23 -0.85
01091968 23 -0.88
02091968 23 -0.88
03091968 23 -0.89
04091968 23 -0.87
05091968 23 -0.85
06091968 23 -0.91
07091968 23 -0.93
08091968 23 -0.91
09091968 23 -0.89
10091968 23 -0.88
11091968 23 -0.87
12091968 23 -0.85
13091968 23 -0.84
14091968 23 -0.83
15091968 23 -0.79
16091968 23 -0.77
17091968 23 -0.87
18091968 23 -0.92
19091968 23 -0.92
20091968 23 -0.89
21091968 23 -0.88
22091968 23 -0.86
23091968 23 -0.86
24091968 23 -0.84
25091968 23 -0.81
26091968 23 -0.77
27091968 23 -0.72
28091968 23 -0.67
29091968 23 -0.63
30091968 23 -0.61
01101968 23 -0.66
02101968 23 -0.81
03101968 23 -0.78
04101968 23 -0.73
05101968 23 -0.67
06101968 23 -0.62
07101968 23 -0.57
08101968 23 -0.53
09101968 23 -0.49
10101968 23 -0.83
11101968 23 -0.95
12101968 23 -0.88
13101968 23 -0.86
14101968 23 -0.83
15101968 23 -0.80
16101968 23 -0.76
17101968 23 -0.72
18101968 23 -0.91
19101968 23 -0.97
20101968 23 -0.98
21101968 23 -0.97
22101968 23 -0.97
23101968 23 -0.97
24101968 23 -0.97
25101968 23 -0.95
26101968 23 -0.94
27101968 23 -0.96
28101968 23 -0.97
29101968 23 -0.96
30101968 23 -0.94
31101968 23 -0.93
01111968 23 -0.92
02111968 23 -0.93
03111968 23 -0.93
04111968 23 -0.94
05111968 23 -0.94
06111968 23 -0.94
07111968 23 -0.94
08111968 23 -0.94
09111968 23 -0.94
10111968 23 -0.94
11111968 23 -0.94
12111968 23 -0.94
13111968 23 -0.94
14111968 23 -0.95
15111968 23 -0.99
16111968 23 -1.03
17111968 23 -1.06
18111968 23 -1.07
19111968 23 -1.08
20111968 23 -1.10
21111968 23 -1.10
22111968 23 -1.10
23111968 23 -1.10
24111968 23 -1.10
25111968 23 -1.10
26111968 23 -1.10
27111968 23 -1.10
28111968 23 -1.10
29111968 23 -1.10
30111968 23 -1.11
01121968 23 -1.11
02121968 23 -1.11
03121968 23 -1.11
04121968 23 -1.10
05121968 23 -1.09
06121968 23 -1.08
07121968 23 -1.09
08121968 23 -1.08
09121968 23 -1.08
10121968 23 -1.08
11121968 23 -1.08
12121968 23 -1.09
13121968 23 -1.09
14121968 23 -1.09
15121968 23 -1.09
16121968 23 -1.09
17121968 23 -1.09
18121968 23 -1.08
19121968 23 -1.04
20121968 23 -1.01
21121968 23 -1.00
22121968 23 -1.09
23121968 23 -1.10
24121968 23 -1.04
25121968 23 -1.01
26121968 23 -0.98
27121968 23 -0.96
28121968 23 -0.96
29121968 23 -0.94
30121968 23 -0.92
31121968 23 -0.90
