01011926 23 -0.91
02011926 23 -0.91
03011926 23 -0.90
04011926 23 -0.90
05011926 23 -0.90
06011926 23 -0.91
07011926 23 -0.91
08011926 23 -0.91
09011926 23 -0.91
10011926 23 -0.90
11011926 23 -0.89
12011926 23 -0.87
13011926 23 -0.86
14011926 23 -0.85
15011926 23 -0.83
16011926 23 -0.86
17011926 23 -0.89
18011926 23 -0.89
19011926 23 -0.88
20011926 23 -0.90
21011926 23 -0.90
22011926 23 -0.89
23011926 23 -0.88
24011926 23 -0.87
25011926 23 -0.85
26011926 23 -0.84
27011926 23 -0.82
28011926 23 -0.80
29011926 23 -0.78
30011926 23 -0.76
31011926 23 -0.75
01021926 23 -0.80
02021926 23 -0.85
03021926 23 -0.88
04021926 23 -0.88
05021926 23 -0.87
06021926 23 -0.86
07021926 23 -0.84
08021926 23 -0.83
09021926 23 -0.81
10021926 23 -0.79
11021926 23 -0.83
12021926 23 -0.87
13021926 23 -0.90
14021926 23 -0.90
15021926 23 -0.88
16021926 23 -0.87
17021926 23 -0.85
18021926 23 -0.84
19021926 23 -0.82
20021926 23 -0.80
21021926 23 -0.78
22021926 23 -0.75
23021926 23 -0.73
24021926 23 -0.78
25021926 23 -0.78
26021926 23 -0.78
27021926 23 -0.82
28021926 23 -0.86
01031926 23 -0.87
02031926 23 -0.89
03031926 23 -0.90
04031926 23 -0.88
05031926 23 -0.86
06031926 23 -0.86
07031926 23 -0.89
08031926 23 -0.89
09031926 23 -0.87
10031926 23 -0.85
11031926 23 -0.84
12031926 23 -0.87
13031926 23 -0.89
14031926 23 -0.88
15031926 23 -0.89
16031926 23 -0.90
17031926 23 -0.88
18031926 23 -0.88
19031926 23 -0.90
20031926 23 -0.89
21031926 23 -0.88
22031926 23 -0.90
23031926 23 -0.89
24031926 23 -0.90
25031926 23 -0.89
26031926 23 -0.88
27031926 23 -0.90
28031926 23 -0.89
29031926 23 -0.87
30031926 23 -0.86
31031926 23 -0.89
01041926 23 -0.90
02041926 23 -0.88
03041926 23 -0.88
04041926 23 -0.90
05041926 23 -0.90
06041926 23 -0.88
07041926 23 -0.87
08041926 23 -0.85
09041926 23 -0.83
10041926 23 -0.80
11041926 23 -0.79
12041926 23 -0.83
13041926 23 -0.86
14041926 23 -0.86
15041926 23 -0.85
16041926 23 -0.82
17041926 23 -0.80
18041926 23 -0.83
19041926 23 -0.84
20041926 23 -0.83
21041926 23 -0.80
22041926 23 -0.79
23041926 23 -0.82
24041926 23 -0.83
25041926 23 -0.81
26041926 23 -0.79
27041926 23 -0.78
28041926 23 -0.83
29041926 23 -0.84
30041926 23 -0.83
01051926 23 -0.86
02051926 23 -0.87
03051926 23 -0.85
04051926 23 -0.84
05051926 23 -0.87
06051926 23 -0.88
07051926 23 -0.86
08051926 23 -0.85
09051926 23 -0.88
10051926 23 -0.88
11051926 23 -0.88
12051926 23 -0.89
13051926 23 -0.89
14051926 23 -0.89
15051926 23 -0.87
16051926 23 -0.89
17051926 23 -0.90
18051926 23 -0.89
19051926 23 -0.85
20051926 23 -0.81
21051926 23 -0.81
22051926 23 -0.86
23051926 23 -0.88
24051926 23 -0.86
25051926 23 -0.84
26051926 23 -0.81
27051926 23 -0.78
28051926 23 -0.75
29051926 23 -0.71
30051926 23 -0.67
31051926 23 -0.63
01061926 23 -0.60
02061926 23 -0.72
03061926 23 -0.79
04061926 23 -0.78
05061926 23 -0.75
06061926 23 -0.72
07061926 23 -0.69
08061926 23 -0.65
09061926 23 -0.62
10061926 23 -0.59
11061926 23 -0.59
12061926 23 -0.78
13061926 23 -0.86
14061926 23 -0.88
15061926 23 -0.87
16061926 23 -0.84
17061926 23 -0.80
18061926 23 -0.76
19061926 23 -0.72
20061926 23 -0.71
21061926 23 -0.79
22061926 23 -0.82
23061926 23 -0.83
24061926 23 -0.83
25061926 23 -0.81
26061926 23 -0.78
27061926 23 -0.78
28061926 23 -0.83
29061926 23 -0.86
30061926 23 -0.87
01071926 23 -0.84
02071926 23 -0.80
03071926 23 -0.76
04071926 23 -0.70
05071926 23 -0.65
06071926 23 -0.60
07071926 23 -0.55
08071926 23 -0.51
09071926 23 -0.47
10071926 23 -0.48
11071926 23 -0.71
12071926 23 -0.73
13071926 23 -0.65
14071926 23 -0.60
15071926 23 -0.55
16071926 23 -0.51
17071926 23 -0.68
18071926 23 -0.74
19071926 23 -0.69
20071926 23 -0.64
21071926 23 -0.60
22071926 23 -0.56
23071926 23 -0.52
24071926 23 -0.49
25071926 23 -0.45
26071926 23 -0.41
27071926 23 -0.37
28071926 23 -0.32
29071926 23 -0.27
30071926 23 -0.19
31071926 23 -0.11
01081926 23 -0.21
02081926 23 -0.73
03081926 23 -0.81
04081926 23 -0.84
05081926 23 -0.85
06081926 23 -0.84
07081926 23 -0.83
08081926 23 -0.81
09081926 23 -0.79
10081926 23 -0.75
11081926 23 -0.71
12081926 23 -0.74
13081926 23 -0.87
14081926 23 -0.92
15081926 23 -0.90
16081926 23 -0.88
17081926 23 -0.86
18081926 23 -0.83
19081926 23 -0.81
20081926 23 -0.81
21081926 23 -0.78
22081926 23 -0.77
23081926 23 -0.72
24081926 23 -0.67
25081926 23 -0.62
26081926 23 -0.57
27081926 23 -0.53
28081926 23 -0.49
29081926 23 -0.46
30081926 23 -0.73
31081926 23 -0.85
01091926 23 -0.88
02091926 23 -0.88
03091926 23 -0.89
04091926 23 -0.87
05091926 23 -0.85
06091926 23 -0.91
07091926 23 -0.93
08091926 23 -0.91
09091926 23 -0.89
10091926 23 -0.88
11091926 23 -0.87
12091926 23 -0.85
13091926 23 -0.84
14091926 23 -0.83
15091926 23 -0.79
16091926 23 -0.77
17091926 23 -0.87
18091926 23 -0.92
19091926 23 -0.92
20091926 23 -0.89
21091926 23 -0.88
22091926 23 -0.86
23091926 23 -0.86
24091926 23 -0.84
25091926 23 -0.81
26091926 23 -0.77
27091926 23 -0.72
28091926 23 -0.67
29091926 23 -0.63
30091926 23 -0.61
01101926 23 -0.66
02101926 23 -0.81
03101926 23 -0.78
04101926 23 -0.73
05101926 23 -0.67
06101926 23 -0.62
07101926 23 -0.57
08101926 23 -0.53
09101926 23 -0.49
10101926 23 -0.83
11101926 23 -0.95
12101926 23 -0.88
13101926 23 -0.86
14101926 23 -0.83
15101926 23 -0.80
16101926 23 -0.76
17101926 23 -0.72
18101926 23 -0.91
19101926 23 -0.97
20101926 23 -0.98
21101926 23 -0.97
22101926 23 -0.97
23101926 23 -0.97
24101926 23 -0.97
25101926 23 -0.95
26101926 23 -0.94
27101926 23 -0.96
28101926 23 -0.97
29101926 23 -0.96
30101926 23 -0.94
31101926 23 -0.93
01111926 23 -0.92
02111926 23 -0.93
03111926 23 -0.93
04111926 23 -0.94
05111926 23 -0.94
06111926 23 -0.94
07111926 23 -0.94
08111926 23 -0.94
09111926 23 -0.94
10111926 23 -0.94
11111926 23 -0.94
12111926 23 -0.94
13111926 23 -0.94
14111926 23 -0.95
15111926 23 -0.99
16111926 23 -1.03
17111926 23 -1.06
18111926 23 -1.07
19111926 23 -1.08
20111926 23 -1.10
21111926 23 -1.10
22111926 23 -1.10
23111926 23 -1.10
24111926 23 -1.10
25111926 23 -1.10
26111926 23 -1.10
27111926 23 -1.10
28111926 23 -1.10
29111926 23 -1.10
30111926 23 -1.11
01121926 23 -1.11
02121926 23 -1.11
03121926 23 -1.11
04121926 23 -1.10
05121926 23 -1.09
06121926 23 -1.08
07121926 23 -1.09
08121926 23 -1.08
09121926 23 -1.08
10121926 23 -1.08
11121926 23 -1.08
12121926 23 -1.09
13121926 23 -1.09
14121926 23 -1.09
15121926 23 -1.09
16121926 23 -1.09
17121926 23 -1.09
18121926 23 -1.08
19121926 23 -1.04
20121926 23 -1.01
21121926 23 -1.00
22121926 23 -1.09
23121926 23 -1.10
24121926 23 -1.04
25121926 23 -1.01
26121926 23 -0.98
27121926 23 -0.96
28121926 23 -0.96
29121926 23 -0.94
30121926 23 -0.92
31121926 23 -0.90
