01011965 23 -0.91
02011965 23 -0.91
03011965 23 -0.90
04011965 23 -0.90
05011965 23 -0.90
06011965 23 -0.91
07011965 23 -0.91
08011965 23 -0.91
09011965 23 -0.91
10011965 23 -0.90
11011965 23 -0.89
12011965 23 -0.87
13011965 23 -0.86
14011965 23 -0.85
15011965 23 -0.83
16011965 23 -0.86
17011965 23 -0.89
18011965 23 -0.89
19011965 23 -0.88
20011965 23 -0.90
21011965 23 -0.90
22011965 23 -0.89
23011965 23 -0.88
24011965 23 -0.87
25011965 23 -0.85
26011965 23 -0.84
27011965 23 -0.82
28011965 23 -0.80
29011965 23 -0.78
30011965 23 -0.76
31011965 23 -0.75
01021965 23 -0.80
02021965 23 -0.85
03021965 23 -0.88
04021965 23 -0.88
05021965 23 -0.87
06021965 23 -0.86
07021965 23 -0.84
08021965 23 -0.83
09021965 23 -0.81
10021965 23 -0.79
11021965 23 -0.83
12021965 23 -0.87
13021965 23 -0.90
14021965 23 -0.90
15021965 23 -0.88
16021965 23 -0.87
17021965 23 -0.85
18021965 23 -0.84
19021965 23 -0.82
20021965 23 -0.80
21021965 23 -0.78
22021965 23 -0.75
23021965 23 -0.73
24021965 23 -0.78
25021965 23 -0.78
26021965 23 -0.78
27021965 23 -0.82
28021965 23 -0.86
01031965 23 -0.87
02031965 23 -0.89
03031965 23 -0.90
04031965 23 -0.88
05031965 23 -0.86
06031965 23 -0.86
07031965 23 -0.89
08031965 23 -0.89
09031965 23 -0.87
10031965 23 -0.85
11031965 23 -0.84
12031965 23 -0.87
13031965 23 -0.89
14031965 23 -0.88
15031965 23 -0.89
16031965 23 -0.90
17031965 23 -0.88
18031965 23 -0.88
19031965 23 -0.90
20031965 23 -0.89
21031965 23 -0.88
22031965 23 -0.90
23031965 23 -0.89
24031965 23 -0.90
25031965 23 -0.89
26031965 23 -0.88
27031965 23 -0.90
28031965 23 -0.89
29031965 23 -0.87
30031965 23 -0.86
31031965 23 -0.89
01041965 23 -0.90
02041965 23 -0.88
03041965 23 -0.88
04041965 23 -0.90
05041965 23 -0.90
06041965 23 -0.88
07041965 23 -0.87
08041965 23 -0.85
09041965 23 -0.83
10041965 23 -0.80
11041965 23 -0.79
12041965 23 -0.83
13041965 23 -0.86
14041965 23 -0.86
15041965 23 -0.85
16041965 23 -0.82
17041965 23 -0.80
18041965 23 -0.83
19041965 23 -0.84
20041965 23 -0.83
21041965 23 -0.80
22041965 23 -0.79
23041965 23 -0.82
24041965 23 -0.83
25041965 23 -0.81
26041965 23 -0.79
27041965 23 -0.78
28041965 23 -0.83
29041965 23 -0.84
30041965 23 -0.83
01051965 23 -0.86
02051965 23 -0.87
03051965 23 -0.85
04051965 23 -0.84
05051965 23 -0.87
06051965 23 -0.88
07051965 23 -0.86
08051965 23 -0.85
09051965 23 -0.88
10051965 23 -0.88
11051965 23 -0.88
12051965 23 -0.89
13051965 23 -0.89
14051965 23 -0.89
15051965 23 -0.87
16051965 23 -0.89
17051965 23 -0.90
18051965 23 -0.89
19051965 23 -0.85
20051965 23 -0.81
21051965 23 -0.81
22051965 23 -0.86
23051965 23 -0.88
24051965 23 -0.86
25051965 23 -0.84
26051965 23 -0.81
27051965 23 -0.78
28051965 23 -0.75
29051965 23 -0.71
30051965 23 -0.67
31051965 23 -0.63
01061965 23 -0.60
02061965 23 -0.72
03061965 23 -0.79
04061965 23 -0.78
05061965 23 -0.75
06061965 23 -0.72
07061965 23 -0.69
08061965 23 -0.65
09061965 23 -0.62
10061965 23 -0.59
11061965 23 -0.59
12061965 23 -0.78
13061965 23 -0.86
14061965 23 -0.88
15061965 23 -0.87
16061965 23 -0.84
17061965 23 -0.80
18061965 23 -0.76
19061965 23 -0.72
20061965 23 -0.71
21061965 23 -0.79
22061965 23 -0.82
23061965 23 -0.83
24061965 23 -0.83
25061965 23 -0.81
26061965 23 -0.78
27061965 23 -0.78
28061965 23 -0.83
29061965 23 -0.86
30061965 23 -0.87
01071965 23 -0.84
02071965 23 -0.80
03071965 23 -0.76
04071965 23 -0.70
05071965 23 -0.65
06071965 23 -0.60
07071965 23 -0.55
08071965 23 -0.51
09071965 23 -0.47
10071965 23 -0.48
11071965 23 -0.71
12071965 23 -0.73
13071965 23 -0.65
14071965 23 -0.60
15071965 23 -0.55
16071965 23 -0.51
17071965 23 -0.68
18071965 23 -0.74
19071965 23 -0.69
20071965 23 -0.64
21071965 23 -0.60
22071965 23 -0.56
23071965 23 -0.52
24071965 23 -0.49
25071965 23 -0.45
26071965 23 -0.41
27071965 23 -0.37
28071965 23 -0.32
29071965 23 -0.27
30071965 23 -0.19
31071965 23 -0.11
01081965 23 -0.21
02081965 23 -0.73
03081965 23 -0.81
04081965 23 -0.84
05081965 23 -0.85
06081965 23 -0.84
07081965 23 -0.83
08081965 23 -0.81
09081965 23 -0.79
10081965 23 -0.75
11081965 23 -0.71
12081965 23 -0.74
13081965 23 -0.87
14081965 23 -0.92
15081965 23 -0.90
16081965 23 -0.88
17081965 23 -0.86
18081965 23 -0.83
19081965 23 -0.81
20081965 23 -0.81
21081965 23 -0.78
22081965 23 -0.77
23081965 23 -0.72
24081965 23 -0.67
25081965 23 -0.62
26081965 23 -0.57
27081965 23 -0.53
28081965 23 -0.49
29081965 23 -0.46
30081965 23 -0.73
31081965 23 -0.85
01091965 23 -0.88
02091965 23 -0.88
03091965 23 -0.89
04091965 23 -0.87
05091965 23 -0.85
06091965 23 -0.91
07091965 23 -0.93
08091965 23 -0.91
09091965 23 -0.89
10091965 23 -0.88
11091965 23 -0.87
12091965 23 -0.85
13091965 23 -0.84
14091965 23 -0.83
15091965 23 -0.79
16091965 23 -0.77
17091965 23 -0.87
18091965 23 -0.92
19091965 23 -0.92
20091965 23 -0.89
21091965 23 -0.88
22091965 23 -0.86
23091965 23 -0.86
24091965 23 -0.84
25091965 23 -0.81
26091965 23 -0.77
27091965 23 -0.72
28091965 23 -0.67
29091965 23 -0.63
30091965 23 -0.61
01101965 23 -0.66
02101965 23 -0.81
03101965 23 -0.78
04101965 23 -0.73
05101965 23 -0.67
06101965 23 -0.62
07101965 23 -0.57
08101965 23 -0.53
09101965 23 -0.49
10101965 23 -0.83
11101965 23 -0.95
12101965 23 -0.88
13101965 23 -0.86
14101965 23 -0.83
15101965 23 -0.80
16101965 23 -0.76
17101965 23 -0.72
18101965 23 -0.91
19101965 23 -0.97
20101965 23 -0.98
21101965 23 -0.97
22101965 23 -0.97
23101965 23 -0.97
24101965 23 -0.97
25101965 23 -0.95
26101965 23 -0.94
27101965 23 -0.96
28101965 23 -0.97
29101965 23 -0.96
30101965 23 -0.94
31101965 23 -0.93
01111965 23 -0.92
02111965 23 -0.93
03111965 23 -0.93
04111965 23 -0.94
05111965 23 -0.94
06111965 23 -0.94
07111965 23 -0.94
08111965 23 -0.94
09111965 23 -0.94
10111965 23 -0.94
11111965 23 -0.94
12111965 23 -0.94
13111965 23 -0.94
14111965 23 -0.95
15111965 23 -0.99
16111965 23 -1.03
17111965 23 -1.06
18111965 23 -1.07
19111965 23 -1.08
20111965 23 -1.10
21111965 23 -1.10
22111965 23 -1.10
23111965 23 -1.10
24111965 23 -1.10
25111965 23 -1.10
26111965 23 -1.10
27111965 23 -1.10
28111965 23 -1.10
29111965 23 -1.10
30111965 23 -1.11
01121965 23 -1.11
02121965 23 -1.11
03121965 23 -1.11
04121965 23 -1.10
05121965 23 -1.09
06121965 23 -1.08
07121965 23 -1.09
08121965 23 -1.08
09121965 23 -1.08
10121965 23 -1.08
11121965 23 -1.08
12121965 23 -1.09
13121965 23 -1.09
14121965 23 -1.09
15121965 23 -1.09
16121965 23 -1.09
17121965 23 -1.09
18121965 23 -1.08
19121965 23 -1.04
20121965 23 -1.01
21121965 23 -1.00
22121965 23 -1.09
23121965 23 -1.10
24121965 23 -1.04
25121965 23 -1.01
26121965 23 -0.98
27121965 23 -0.96
28121965 23 -0.96
29121965 23 -0.94
30121965 23 -0.92
31121965 23 -0.90
