01011908 23 -0.91
02011908 23 -0.91
03011908 23 -0.90
04011908 23 -0.90
05011908 23 -0.90
06011908 23 -0.91
07011908 23 -0.91
08011908 23 -0.91
09011908 23 -0.91
10011908 23 -0.90
11011908 23 -0.89
12011908 23 -0.87
13011908 23 -0.86
14011908 23 -0.85
15011908 23 -0.83
16011908 23 -0.86
17011908 23 -0.89
18011908 23 -0.89
19011908 23 -0.88
20011908 23 -0.90
21011908 23 -0.90
22011908 23 -0.89
23011908 23 -0.88
24011908 23 -0.87
25011908 23 -0.85
26011908 23 -0.84
27011908 23 -0.82
28011908 23 -0.80
29011908 23 -0.78
30011908 23 -0.76
31011908 23 -0.75
01021908 23 -0.80
02021908 23 -0.85
03021908 23 -0.88
04021908 23 -0.88
05021908 23 -0.87
06021908 23 -0.86
07021908 23 -0.84
08021908 23 -0.83
09021908 23 -0.81
10021908 23 -0.79
11021908 23 -0.83
12021908 23 -0.87
13021908 23 -0.90
14021908 23 -0.90
15021908 23 -0.88
16021908 23 -0.87
17021908 23 -0.85
18021908 23 -0.84
19021908 23 -0.82
20021908 23 -0.80
21021908 23 -0.78
22021908 23 -0.75
23021908 23 -0.73
24021908 23 -0.78
25021908 23 -0.78
26021908 23 -0.78
27021908 23 -0.82
28021908 23 -0.86
01031908 23 -0.87
02031908 23 -0.89
03031908 23 -0.90
04031908 23 -0.88
05031908 23 -0.86
06031908 23 -0.86
07031908 23 -0.89
08031908 23 -0.89
09031908 23 -0.87
10031908 23 -0.85
11031908 23 -0.84
12031908 23 -0.87
13031908 23 -0.89
14031908 23 -0.88
15031908 23 -0.89
16031908 23 -0.90
17031908 23 -0.88
18031908 23 -0.88
19031908 23 -0.90
20031908 23 -0.89
21031908 23 -0.88
22031908 23 -0.90
23031908 23 -0.89
24031908 23 -0.90
25031908 23 -0.89
26031908 23 -0.88
27031908 23 -0.90
28031908 23 -0.89
29031908 23 -0.87
30031908 23 -0.86
31031908 23 -0.89
01041908 23 -0.90
02041908 23 -0.88
03041908 23 -0.88
04041908 23 -0.90
05041908 23 -0.90
06041908 23 -0.88
07041908 23 -0.87
08041908 23 -0.85
09041908 23 -0.83
10041908 23 -0.80
11041908 23 -0.79
12041908 23 -0.83
13041908 23 -0.86
14041908 23 -0.86
15041908 23 -0.85
16041908 23 -0.82
17041908 23 -0.80
18041908 23 -0.83
19041908 23 -0.84
20041908 23 -0.83
21041908 23 -0.80
22041908 23 -0.79
23041908 23 -0.82
24041908 23 -0.83
25041908 23 -0.81
26041908 23 -0.79
27041908 23 -0.78
28041908 23 -0.83
29041908 23 -0.84
30041908 23 -0.83
01051908 23 -0.86
02051908 23 -0.87
03051908 23 -0.85
04051908 23 -0.84
05051908 23 -0.87
06051908 23 -0.88
07051908 23 -0.86
08051908 23 -0.85
09051908 23 -0.88
10051908 23 -0.88
11051908 23 -0.88
12051908 23 -0.89
13051908 23 -0.89
14051908 23 -0.89
15051908 23 -0.87
16051908 23 -0.89
17051908 23 -0.90
18051908 23 -0.89
19051908 23 -0.85
20051908 23 -0.81
21051908 23 -0.81
22051908 23 -0.86
23051908 23 -0.88
24051908 23 -0.86
25051908 23 -0.84
26051908 23 -0.81
27051908 23 -0.78
28051908 23 -0.75
29051908 23 -0.71
30051908 23 -0.67
31051908 23 -0.63
01061908 23 -0.60
02061908 23 -0.72
03061908 23 -0.79
04061908 23 -0.78
05061908 23 -0.75
06061908 23 -0.72
07061908 23 -0.69
08061908 23 -0.65
09061908 23 -0.62
10061908 23 -0.59
11061908 23 -0.59
12061908 23 -0.78
13061908 23 -0.86
14061908 23 -0.88
15061908 23 -0.87
16061908 23 -0.84
17061908 23 -0.80
18061908 23 -0.76
19061908 23 -0.72
20061908 23 -0.71
21061908 23 -0.79
22061908 23 -0.82
23061908 23 -0.83
24061908 23 -0.83
25061908 23 -0.81
26061908 23 -0.78
27061908 23 -0.78
28061908 23 -0.83
29061908 23 -0.86
30061908 23 -0.87
01071908 23 -0.84
02071908 23 -0.80
03071908 23 -0.76
04071908 23 -0.70
05071908 23 -0.65
06071908 23 -0.60
07071908 23 -0.55
08071908 23 -0.51
09071908 23 -0.47
10071908 23 -0.48
11071908 23 -0.71
12071908 23 -0.73
13071908 23 -0.65
14071908 23 -0.60
15071908 23 -0.55
16071908 23 -0.51
17071908 23 -0.68
18071908 23 -0.74
19071908 23 -0.69
20071908 23 -0.64
21071908 23 -0.60
22071908 23 -0.56
23071908 23 -0.52
24071908 23 -0.49
25071908 23 -0.45
26071908 23 -0.41
27071908 23 -0.37
28071908 23 -0.32
29071908 23 -0.27
30071908 23 -0.19
31071908 23 -0.11
01081908 23 -0.21
02081908 23 -0.73
03081908 23 -0.81
04081908 23 -0.84
05081908 23 -0.85
06081908 23 -0.84
07081908 23 -0.83
08081908 23 -0.81
09081908 23 -0.79
10081908 23 -0.75
11081908 23 -0.71
12081908 23 -0.74
13081908 23 -0.87
14081908 23 -0.92
15081908 23 -0.90
16081908 23 -0.88
17081908 23 -0.86
18081908 23 -0.83
19081908 23 -0.81
20081908 23 -0.81
21081908 23 -0.78
22081908 23 -0.77
23081908 23 -0.72
24081908 23 -0.67
25081908 23 -0.62
26081908 23 -0.57
27081908 23 -0.53
28081908 23 -0.49
29081908 23 -0.46
30081908 23 -0.73
31081908 23 -0.85
01091908 23 -0.88
02091908 23 -0.88
03091908 23 -0.89
04091908 23 -0.87
05091908 23 -0.85
06091908 23 -0.91
07091908 23 -0.93
08091908 23 -0.91
09091908 23 -0.89
10091908 23 -0.88
11091908 23 -0.87
12091908 23 -0.85
13091908 23 -0.84
14091908 23 -0.83
15091908 23 -0.79
16091908 23 -0.77
17091908 23 -0.87
18091908 23 -0.92
19091908 23 -0.92
20091908 23 -0.89
21091908 23 -0.88
22091908 23 -0.86
23091908 23 -0.86
24091908 23 -0.84
25091908 23 -0.81
26091908 23 -0.77
27091908 23 -0.72
28091908 23 -0.67
29091908 23 -0.63
30091908 23 -0.61
01101908 23 -0.66
02101908 23 -0.81
03101908 23 -0.78
04101908 23 -0.73
05101908 23 -0.67
06101908 23 -0.62
07101908 23 -0.57
08101908 23 -0.53
09101908 23 -0.49
10101908 23 -0.83
11101908 23 -0.95
12101908 23 -0.88
13101908 23 -0.86
14101908 23 -0.83
15101908 23 -0.80
16101908 23 -0.76
17101908 23 -0.72
18101908 23 -0.91
19101908 23 -0.97
20101908 23 -0.98
21101908 23 -0.97
22101908 23 -0.97
23101908 23 -0.97
24101908 23 -0.97
25101908 23 -0.95
26101908 23 -0.94
27101908 23 -0.96
28101908 23 -0.97
29101908 23 -0.96
30101908 23 -0.94
31101908 23 -0.93
01111908 23 -0.92
02111908 23 -0.93
03111908 23 -0.93
04111908 23 -0.94
05111908 23 -0.94
06111908 23 -0.94
07111908 23 -0.94
08111908 23 -0.94
09111908 23 -0.94
10111908 23 -0.94
11111908 23 -0.94
12111908 23 -0.94
13111908 23 -0.94
14111908 23 -0.95
15111908 23 -0.99
16111908 23 -1.03
17111908 23 -1.06
18111908 23 -1.07
19111908 23 -1.08
20111908 23 -1.10
21111908 23 -1.10
22111908 23 -1.10
23111908 23 -1.10
24111908 23 -1.10
25111908 23 -1.10
26111908 23 -1.10
27111908 23 -1.10
28111908 23 -1.10
29111908 23 -1.10
30111908 23 -1.11
01121908 23 -1.11
02121908 23 -1.11
03121908 23 -1.11
04121908 23 -1.10
05121908 23 -1.09
06121908 23 -1.08
07121908 23 -1.09
08121908 23 -1.08
09121908 23 -1.08
10121908 23 -1.08
11121908 23 -1.08
12121908 23 -1.09
13121908 23 -1.09
14121908 23 -1.09
15121908 23 -1.09
16121908 23 -1.09
17121908 23 -1.09
18121908 23 -1.08
19121908 23 -1.04
20121908 23 -1.01
21121908 23 -1.00
22121908 23 -1.09
23121908 23 -1.10
24121908 23 -1.04
25121908 23 -1.01
26121908 23 -0.98
27121908 23 -0.96
28121908 23 -0.96
29121908 23 -0.94
30121908 23 -0.92
31121908 23 -0.90
