01012016 23 -0.91
02012016 23 -0.91
03012016 23 -0.90
04012016 23 -0.90
05012016 23 -0.90
06012016 23 -0.91
07012016 23 -0.91
08012016 23 -0.91
09012016 23 -0.91
10012016 23 -0.90
11012016 23 -0.89
12012016 23 -0.87
13012016 23 -0.86
14012016 23 -0.85
15012016 23 -0.83
16012016 23 -0.86
17012016 23 -0.89
18012016 23 -0.89
19012016 23 -0.88
20012016 23 -0.90
21012016 23 -0.90
22012016 23 -0.89
23012016 23 -0.88
24012016 23 -0.87
25012016 23 -0.85
26012016 23 -0.84
27012016 23 -0.82
28012016 23 -0.80
29012016 23 -0.78
30012016 23 -0.76
31012016 23 -0.75
01022016 23 -0.80
02022016 23 -0.85
03022016 23 -0.88
04022016 23 -0.88
05022016 23 -0.87
06022016 23 -0.86
07022016 23 -0.84
08022016 23 -0.83
09022016 23 -0.81
10022016 23 -0.79
11022016 23 -0.83
12022016 23 -0.87
13022016 23 -0.90
14022016 23 -0.90
15022016 23 -0.88
16022016 23 -0.87
17022016 23 -0.85
18022016 23 -0.84
19022016 23 -0.82
20022016 23 -0.80
21022016 23 -0.78
22022016 23 -0.75
23022016 23 -0.73
24022016 23 -0.78
25022016 23 -0.78
26022016 23 -0.78
27022016 23 -0.82
28022016 23 -0.86
01032016 23 -0.87
02032016 23 -0.89
03032016 23 -0.90
04032016 23 -0.88
05032016 23 -0.86
06032016 23 -0.86
07032016 23 -0.89
08032016 23 -0.89
09032016 23 -0.87
10032016 23 -0.85
11032016 23 -0.84
12032016 23 -0.87
13032016 23 -0.89
14032016 23 -0.88
15032016 23 -0.89
16032016 23 -0.90
17032016 23 -0.88
18032016 23 -0.88
19032016 23 -0.90
20032016 23 -0.89
21032016 23 -0.88
22032016 23 -0.90
23032016 23 -0.89
24032016 23 -0.90
25032016 23 -0.89
26032016 23 -0.88
27032016 23 -0.90
28032016 23 -0.89
29032016 23 -0.87
30032016 23 -0.86
31032016 23 -0.89
01042016 23 -0.90
02042016 23 -0.88
03042016 23 -0.88
04042016 23 -0.90
05042016 23 -0.90
06042016 23 -0.88
07042016 23 -0.87
08042016 23 -0.85
09042016 23 -0.83
10042016 23 -0.80
11042016 23 -0.79
12042016 23 -0.83
13042016 23 -0.86
14042016 23 -0.86
15042016 23 -0.85
16042016 23 -0.82
17042016 23 -0.80
18042016 23 -0.83
19042016 23 -0.84
20042016 23 -0.83
21042016 23 -0.80
22042016 23 -0.79
23042016 23 -0.82
24042016 23 -0.83
25042016 23 -0.81
26042016 23 -0.79
27042016 23 -0.78
28042016 23 -0.83
29042016 23 -0.84
30042016 23 -0.83
01052016 23 -0.86
02052016 23 -0.87
03052016 23 -0.85
04052016 23 -0.84
05052016 23 -0.87
06052016 23 -0.88
07052016 23 -0.86
08052016 23 -0.85
09052016 23 -0.88
10052016 23 -0.88
11052016 23 -0.88
12052016 23 -0.89
13052016 23 -0.89
14052016 23 -0.89
15052016 23 -0.87
16052016 23 -0.89
17052016 23 -0.90
18052016 23 -0.89
19052016 23 -0.85
20052016 23 -0.81
21052016 23 -0.81
22052016 23 -0.86
23052016 23 -0.88
24052016 23 -0.86
25052016 23 -0.84
26052016 23 -0.81
27052016 23 -0.78
28052016 23 -0.75
29052016 23 -0.71
30052016 23 -0.67
31052016 23 -0.63
01062016 23 -0.60
02062016 23 -0.72
03062016 23 -0.79
04062016 23 -0.78
05062016 23 -0.75
06062016 23 -0.72
07062016 23 -0.69
08062016 23 -0.65
09062016 23 -0.62
10062016 23 -0.59
11062016 23 -0.59
12062016 23 -0.78
13062016 23 -0.86
14062016 23 -0.88
15062016 23 -0.87
16062016 23 -0.84
17062016 23 -0.80
18062016 23 -0.76
19062016 23 -0.72
20062016 23 -0.71
21062016 23 -0.79
22062016 23 -0.82
23062016 23 -0.83
24062016 23 -0.83
25062016 23 -0.81
26062016 23 -0.78
27062016 23 -0.78
28062016 23 -0.83
29062016 23 -0.86
30062016 23 -0.87
01072016 23 -0.84
02072016 23 -0.80
03072016 23 -0.76
04072016 23 -0.70
05072016 23 -0.65
06072016 23 -0.60
07072016 23 -0.55
08072016 23 -0.51
09072016 23 -0.47
10072016 23 -0.48
11072016 23 -0.71
12072016 23 -0.73
13072016 23 -0.65
14072016 23 -0.60
15072016 23 -0.55
16072016 23 -0.51
17072016 23 -0.68
18072016 23 -0.74
19072016 23 -0.69
20072016 23 -0.64
21072016 23 -0.60
22072016 23 -0.56
23072016 23 -0.52
24072016 23 -0.49
25072016 23 -0.45
26072016 23 -0.41
27072016 23 -0.37
28072016 23 -0.32
29072016 23 -0.27
30072016 23 -0.19
31072016 23 -0.11
01082016 23 -0.21
02082016 23 -0.73
03082016 23 -0.81
04082016 23 -0.84
05082016 23 -0.85
06082016 23 -0.84
07082016 23 -0.83
08082016 23 -0.81
09082016 23 -0.79
10082016 23 -0.75
11082016 23 -0.71
12082016 23 -0.74
13082016 23 -0.87
14082016 23 -0.92
15082016 23 -0.90
16082016 23 -0.88
17082016 23 -0.86
18082016 23 -0.83
19082016 23 -0.81
20082016 23 -0.81
21082016 23 -0.78
22082016 23 -0.77
23082016 23 -0.72
24082016 23 -0.67
25082016 23 -0.62
26082016 23 -0.57
27082016 23 -0.53
28082016 23 -0.49
29082016 23 -0.46
30082016 23 -0.73
31082016 23 -0.85
01092016 23 -0.88
02092016 23 -0.88
03092016 23 -0.89
04092016 23 -0.87
05092016 23 -0.85
06092016 23 -0.91
07092016 23 -0.93
08092016 23 -0.91
09092016 23 -0.89
10092016 23 -0.88
11092016 23 -0.87
12092016 23 -0.85
13092016 23 -0.84
14092016 23 -0.83
15092016 23 -0.79
16092016 23 -0.77
17092016 23 -0.87
18092016 23 -0.92
19092016 23 -0.92
20092016 23 -0.89
21092016 23 -0.88
22092016 23 -0.86
23092016 23 -0.86
24092016 23 -0.84
25092016 23 -0.81
26092016 23 -0.77
27092016 23 -0.72
28092016 23 -0.67
29092016 23 -0.63
30092016 23 -0.61
01102016 23 -0.66
02102016 23 -0.81
03102016 23 -0.78
04102016 23 -0.73
05102016 23 -0.67
06102016 23 -0.62
07102016 23 -0.57
08102016 23 -0.53
09102016 23 -0.49
10102016 23 -0.83
11102016 23 -0.95
12102016 23 -0.88
13102016 23 -0.86
14102016 23 -0.83
15102016 23 -0.80
16102016 23 -0.76
17102016 23 -0.72
18102016 23 -0.91
19102016 23 -0.97
20102016 23 -0.98
21102016 23 -0.97
22102016 23 -0.97
23102016 23 -0.97
24102016 23 -0.97
25102016 23 -0.95
26102016 23 -0.94
27102016 23 -0.96
28102016 23 -0.97
29102016 23 -0.96
30102016 23 -0.94
31102016 23 -0.93
01112016 23 -0.92
02112016 23 -0.93
03112016 23 -0.93
04112016 23 -0.94
05112016 23 -0.94
06112016 23 -0.94
07112016 23 -0.94
08112016 23 -0.94
09112016 23 -0.94
10112016 23 -0.94
11112016 23 -0.94
12112016 23 -0.94
13112016 23 -0.94
14112016 23 -0.95
15112016 23 -0.99
16112016 23 -1.03
17112016 23 -1.06
18112016 23 -1.07
19112016 23 -1.08
20112016 23 -1.10
21112016 23 -1.10
22112016 23 -1.10
23112016 23 -1.10
24112016 23 -1.10
25112016 23 -1.10
26112016 23 -1.10
27112016 23 -1.10
28112016 23 -1.10
29112016 23 -1.10
30112016 23 -1.11
01122016 23 -1.11
02122016 23 -1.11
03122016 23 -1.11
04122016 23 -1.10
05122016 23 -1.09
06122016 23 -1.08
07122016 23 -1.09
08122016 23 -1.08
09122016 23 -1.08
10122016 23 -1.08
11122016 23 -1.08
12122016 23 -1.09
13122016 23 -1.09
14122016 23 -1.09
15122016 23 -1.09
16122016 23 -1.09
17122016 23 -1.09
18122016 23 -1.08
19122016 23 -1.04
20122016 23 -1.01
21122016 23 -1.00
22122016 23 -1.09
23122016 23 -1.10
24122016 23 -1.04
25122016 23 -1.01
26122016 23 -0.98
27122016 23 -0.96
28122016 23 -0.96
29122016 23 -0.94
30122016 23 -0.92
31122016 23 -0.90
