01011925 23 -0.91
02011925 23 -0.91
03011925 23 -0.90
04011925 23 -0.90
05011925 23 -0.90
06011925 23 -0.91
07011925 23 -0.91
08011925 23 -0.91
09011925 23 -0.91
10011925 23 -0.90
11011925 23 -0.89
12011925 23 -0.87
13011925 23 -0.86
14011925 23 -0.85
15011925 23 -0.83
16011925 23 -0.86
17011925 23 -0.89
18011925 23 -0.89
19011925 23 -0.88
20011925 23 -0.90
21011925 23 -0.90
22011925 23 -0.89
23011925 23 -0.88
24011925 23 -0.87
25011925 23 -0.85
26011925 23 -0.84
27011925 23 -0.82
28011925 23 -0.80
29011925 23 -0.78
30011925 23 -0.76
31011925 23 -0.75
01021925 23 -0.80
02021925 23 -0.85
03021925 23 -0.88
04021925 23 -0.88
05021925 23 -0.87
06021925 23 -0.86
07021925 23 -0.84
08021925 23 -0.83
09021925 23 -0.81
10021925 23 -0.79
11021925 23 -0.83
12021925 23 -0.87
13021925 23 -0.90
14021925 23 -0.90
15021925 23 -0.88
16021925 23 -0.87
17021925 23 -0.85
18021925 23 -0.84
19021925 23 -0.82
20021925 23 -0.80
21021925 23 -0.78
22021925 23 -0.75
23021925 23 -0.73
24021925 23 -0.78
25021925 23 -0.78
26021925 23 -0.78
27021925 23 -0.82
28021925 23 -0.86
01031925 23 -0.87
02031925 23 -0.89
03031925 23 -0.90
04031925 23 -0.88
05031925 23 -0.86
06031925 23 -0.86
07031925 23 -0.89
08031925 23 -0.89
09031925 23 -0.87
10031925 23 -0.85
11031925 23 -0.84
12031925 23 -0.87
13031925 23 -0.89
14031925 23 -0.88
15031925 23 -0.89
16031925 23 -0.90
17031925 23 -0.88
18031925 23 -0.88
19031925 23 -0.90
20031925 23 -0.89
21031925 23 -0.88
22031925 23 -0.90
23031925 23 -0.89
24031925 23 -0.90
25031925 23 -0.89
26031925 23 -0.88
27031925 23 -0.90
28031925 23 -0.89
29031925 23 -0.87
30031925 23 -0.86
31031925 23 -0.89
01041925 23 -0.90
02041925 23 -0.88
03041925 23 -0.88
04041925 23 -0.90
05041925 23 -0.90
06041925 23 -0.88
07041925 23 -0.87
08041925 23 -0.85
09041925 23 -0.83
10041925 23 -0.80
11041925 23 -0.79
12041925 23 -0.83
13041925 23 -0.86
14041925 23 -0.86
15041925 23 -0.85
16041925 23 -0.82
17041925 23 -0.80
18041925 23 -0.83
19041925 23 -0.84
20041925 23 -0.83
21041925 23 -0.80
22041925 23 -0.79
23041925 23 -0.82
24041925 23 -0.83
25041925 23 -0.81
26041925 23 -0.79
27041925 23 -0.78
28041925 23 -0.83
29041925 23 -0.84
30041925 23 -0.83
01051925 23 -0.86
02051925 23 -0.87
03051925 23 -0.85
04051925 23 -0.84
05051925 23 -0.87
06051925 23 -0.88
07051925 23 -0.86
08051925 23 -0.85
09051925 23 -0.88
10051925 23 -0.88
11051925 23 -0.88
12051925 23 -0.89
13051925 23 -0.89
14051925 23 -0.89
15051925 23 -0.87
16051925 23 -0.89
17051925 23 -0.90
18051925 23 -0.89
19051925 23 -0.85
20051925 23 -0.81
21051925 23 -0.81
22051925 23 -0.86
23051925 23 -0.88
24051925 23 -0.86
25051925 23 -0.84
26051925 23 -0.81
27051925 23 -0.78
28051925 23 -0.75
29051925 23 -0.71
30051925 23 -0.67
31051925 23 -0.63
01061925 23 -0.60
02061925 23 -0.72
03061925 23 -0.79
04061925 23 -0.78
05061925 23 -0.75
06061925 23 -0.72
07061925 23 -0.69
08061925 23 -0.65
09061925 23 -0.62
10061925 23 -0.59
11061925 23 -0.59
12061925 23 -0.78
13061925 23 -0.86
14061925 23 -0.88
15061925 23 -0.87
16061925 23 -0.84
17061925 23 -0.80
18061925 23 -0.76
19061925 23 -0.72
20061925 23 -0.71
21061925 23 -0.79
22061925 23 -0.82
23061925 23 -0.83
24061925 23 -0.83
25061925 23 -0.81
26061925 23 -0.78
27061925 23 -0.78
28061925 23 -0.83
29061925 23 -0.86
30061925 23 -0.87
01071925 23 -0.84
02071925 23 -0.80
03071925 23 -0.76
04071925 23 -0.70
05071925 23 -0.65
06071925 23 -0.60
07071925 23 -0.55
08071925 23 -0.51
09071925 23 -0.47
10071925 23 -0.48
11071925 23 -0.71
12071925 23 -0.73
13071925 23 -0.65
14071925 23 -0.60
15071925 23 -0.55
16071925 23 -0.51
17071925 23 -0.68
18071925 23 -0.74
19071925 23 -0.69
20071925 23 -0.64
21071925 23 -0.60
22071925 23 -0.56
23071925 23 -0.52
24071925 23 -0.49
25071925 23 -0.45
26071925 23 -0.41
27071925 23 -0.37
28071925 23 -0.32
29071925 23 -0.27
30071925 23 -0.19
31071925 23 -0.11
01081925 23 -0.21
02081925 23 -0.73
03081925 23 -0.81
04081925 23 -0.84
05081925 23 -0.85
06081925 23 -0.84
07081925 23 -0.83
08081925 23 -0.81
09081925 23 -0.79
10081925 23 -0.75
11081925 23 -0.71
12081925 23 -0.74
13081925 23 -0.87
14081925 23 -0.92
15081925 23 -0.90
16081925 23 -0.88
17081925 23 -0.86
18081925 23 -0.83
19081925 23 -0.81
20081925 23 -0.81
21081925 23 -0.78
22081925 23 -0.77
23081925 23 -0.72
24081925 23 -0.67
25081925 23 -0.62
26081925 23 -0.57
27081925 23 -0.53
28081925 23 -0.49
29081925 23 -0.46
30081925 23 -0.73
31081925 23 -0.85
01091925 23 -0.88
02091925 23 -0.88
03091925 23 -0.89
04091925 23 -0.87
05091925 23 -0.85
06091925 23 -0.91
07091925 23 -0.93
08091925 23 -0.91
09091925 23 -0.89
10091925 23 -0.88
11091925 23 -0.87
12091925 23 -0.85
13091925 23 -0.84
14091925 23 -0.83
15091925 23 -0.79
16091925 23 -0.77
17091925 23 -0.87
18091925 23 -0.92
19091925 23 -0.92
20091925 23 -0.89
21091925 23 -0.88
22091925 23 -0.86
23091925 23 -0.86
24091925 23 -0.84
25091925 23 -0.81
26091925 23 -0.77
27091925 23 -0.72
28091925 23 -0.67
29091925 23 -0.63
30091925 23 -0.61
01101925 23 -0.66
02101925 23 -0.81
03101925 23 -0.78
04101925 23 -0.73
05101925 23 -0.67
06101925 23 -0.62
07101925 23 -0.57
08101925 23 -0.53
09101925 23 -0.49
10101925 23 -0.83
11101925 23 -0.95
12101925 23 -0.88
13101925 23 -0.86
14101925 23 -0.83
15101925 23 -0.80
16101925 23 -0.76
17101925 23 -0.72
18101925 23 -0.91
19101925 23 -0.97
20101925 23 -0.98
21101925 23 -0.97
22101925 23 -0.97
23101925 23 -0.97
24101925 23 -0.97
25101925 23 -0.95
26101925 23 -0.94
27101925 23 -0.96
28101925 23 -0.97
29101925 23 -0.96
30101925 23 -0.94
31101925 23 -0.93
01111925 23 -0.92
02111925 23 -0.93
03111925 23 -0.93
04111925 23 -0.94
05111925 23 -0.94
06111925 23 -0.94
07111925 23 -0.94
08111925 23 -0.94
09111925 23 -0.94
10111925 23 -0.94
11111925 23 -0.94
12111925 23 -0.94
13111925 23 -0.94
14111925 23 -0.95
15111925 23 -0.99
16111925 23 -1.03
17111925 23 -1.06
18111925 23 -1.07
19111925 23 -1.08
20111925 23 -1.10
21111925 23 -1.10
22111925 23 -1.10
23111925 23 -1.10
24111925 23 -1.10
25111925 23 -1.10
26111925 23 -1.10
27111925 23 -1.10
28111925 23 -1.10
29111925 23 -1.10
30111925 23 -1.11
01121925 23 -1.11
02121925 23 -1.11
03121925 23 -1.11
04121925 23 -1.10
05121925 23 -1.09
06121925 23 -1.08
07121925 23 -1.09
08121925 23 -1.08
09121925 23 -1.08
10121925 23 -1.08
11121925 23 -1.08
12121925 23 -1.09
13121925 23 -1.09
14121925 23 -1.09
15121925 23 -1.09
16121925 23 -1.09
17121925 23 -1.09
18121925 23 -1.08
19121925 23 -1.04
20121925 23 -1.01
21121925 23 -1.00
22121925 23 -1.09
23121925 23 -1.10
24121925 23 -1.04
25121925 23 -1.01
26121925 23 -0.98
27121925 23 -0.96
28121925 23 -0.96
29121925 23 -0.94
30121925 23 -0.92
31121925 23 -0.90
