01011975 23 -0.91
02011975 23 -0.91
03011975 23 -0.90
04011975 23 -0.90
05011975 23 -0.90
06011975 23 -0.91
07011975 23 -0.91
08011975 23 -0.91
09011975 23 -0.91
10011975 23 -0.90
11011975 23 -0.89
12011975 23 -0.87
13011975 23 -0.86
14011975 23 -0.85
15011975 23 -0.83
16011975 23 -0.86
17011975 23 -0.89
18011975 23 -0.89
19011975 23 -0.88
20011975 23 -0.90
21011975 23 -0.90
22011975 23 -0.89
23011975 23 -0.88
24011975 23 -0.87
25011975 23 -0.85
26011975 23 -0.84
27011975 23 -0.82
28011975 23 -0.80
29011975 23 -0.78
30011975 23 -0.76
31011975 23 -0.75
01021975 23 -0.80
02021975 23 -0.85
03021975 23 -0.88
04021975 23 -0.88
05021975 23 -0.87
06021975 23 -0.86
07021975 23 -0.84
08021975 23 -0.83
09021975 23 -0.81
10021975 23 -0.79
11021975 23 -0.83
12021975 23 -0.87
13021975 23 -0.90
14021975 23 -0.90
15021975 23 -0.88
16021975 23 -0.87
17021975 23 -0.85
18021975 23 -0.84
19021975 23 -0.82
20021975 23 -0.80
21021975 23 -0.78
22021975 23 -0.75
23021975 23 -0.73
24021975 23 -0.78
25021975 23 -0.78
26021975 23 -0.78
27021975 23 -0.82
28021975 23 -0.86
01031975 23 -0.87
02031975 23 -0.89
03031975 23 -0.90
04031975 23 -0.88
05031975 23 -0.86
06031975 23 -0.86
07031975 23 -0.89
08031975 23 -0.89
09031975 23 -0.87
10031975 23 -0.85
11031975 23 -0.84
12031975 23 -0.87
13031975 23 -0.89
14031975 23 -0.88
15031975 23 -0.89
16031975 23 -0.90
17031975 23 -0.88
18031975 23 -0.88
19031975 23 -0.90
20031975 23 -0.89
21031975 23 -0.88
22031975 23 -0.90
23031975 23 -0.89
24031975 23 -0.90
25031975 23 -0.89
26031975 23 -0.88
27031975 23 -0.90
28031975 23 -0.89
29031975 23 -0.87
30031975 23 -0.86
31031975 23 -0.89
01041975 23 -0.90
02041975 23 -0.88
03041975 23 -0.88
04041975 23 -0.90
05041975 23 -0.90
06041975 23 -0.88
07041975 23 -0.87
08041975 23 -0.85
09041975 23 -0.83
10041975 23 -0.80
11041975 23 -0.79
12041975 23 -0.83
13041975 23 -0.86
14041975 23 -0.86
15041975 23 -0.85
16041975 23 -0.82
17041975 23 -0.80
18041975 23 -0.83
19041975 23 -0.84
20041975 23 -0.83
21041975 23 -0.80
22041975 23 -0.79
23041975 23 -0.82
24041975 23 -0.83
25041975 23 -0.81
26041975 23 -0.79
27041975 23 -0.78
28041975 23 -0.83
29041975 23 -0.84
30041975 23 -0.83
01051975 23 -0.86
02051975 23 -0.87
03051975 23 -0.85
04051975 23 -0.84
05051975 23 -0.87
06051975 23 -0.88
07051975 23 -0.86
08051975 23 -0.85
09051975 23 -0.88
10051975 23 -0.88
11051975 23 -0.88
12051975 23 -0.89
13051975 23 -0.89
14051975 23 -0.89
15051975 23 -0.87
16051975 23 -0.89
17051975 23 -0.90
18051975 23 -0.89
19051975 23 -0.85
20051975 23 -0.81
21051975 23 -0.81
22051975 23 -0.86
23051975 23 -0.88
24051975 23 -0.86
25051975 23 -0.84
26051975 23 -0.81
27051975 23 -0.78
28051975 23 -0.75
29051975 23 -0.71
30051975 23 -0.67
31051975 23 -0.63
01061975 23 -0.60
02061975 23 -0.72
03061975 23 -0.79
04061975 23 -0.78
05061975 23 -0.75
06061975 23 -0.72
07061975 23 -0.69
08061975 23 -0.65
09061975 23 -0.62
10061975 23 -0.59
11061975 23 -0.59
12061975 23 -0.78
13061975 23 -0.86
14061975 23 -0.88
15061975 23 -0.87
16061975 23 -0.84
17061975 23 -0.80
18061975 23 -0.76
19061975 23 -0.72
20061975 23 -0.71
21061975 23 -0.79
22061975 23 -0.82
23061975 23 -0.83
24061975 23 -0.83
25061975 23 -0.81
26061975 23 -0.78
27061975 23 -0.78
28061975 23 -0.83
29061975 23 -0.86
30061975 23 -0.87
01071975 23 -0.84
02071975 23 -0.80
03071975 23 -0.76
04071975 23 -0.70
05071975 23 -0.65
06071975 23 -0.60
07071975 23 -0.55
08071975 23 -0.51
09071975 23 -0.47
10071975 23 -0.48
11071975 23 -0.71
12071975 23 -0.73
13071975 23 -0.65
14071975 23 -0.60
15071975 23 -0.55
16071975 23 -0.51
17071975 23 -0.68
18071975 23 -0.74
19071975 23 -0.69
20071975 23 -0.64
21071975 23 -0.60
22071975 23 -0.56
23071975 23 -0.52
24071975 23 -0.49
25071975 23 -0.45
26071975 23 -0.41
27071975 23 -0.37
28071975 23 -0.32
29071975 23 -0.27
30071975 23 -0.19
31071975 23 -0.11
01081975 23 -0.21
02081975 23 -0.73
03081975 23 -0.81
04081975 23 -0.84
05081975 23 -0.85
06081975 23 -0.84
07081975 23 -0.83
08081975 23 -0.81
09081975 23 -0.79
10081975 23 -0.75
11081975 23 -0.71
12081975 23 -0.74
13081975 23 -0.87
14081975 23 -0.92
15081975 23 -0.90
16081975 23 -0.88
17081975 23 -0.86
18081975 23 -0.83
19081975 23 -0.81
20081975 23 -0.81
21081975 23 -0.78
22081975 23 -0.77
23081975 23 -0.72
24081975 23 -0.67
25081975 23 -0.62
26081975 23 -0.57
27081975 23 -0.53
28081975 23 -0.49
29081975 23 -0.46
30081975 23 -0.73
31081975 23 -0.85
01091975 23 -0.88
02091975 23 -0.88
03091975 23 -0.89
04091975 23 -0.87
05091975 23 -0.85
06091975 23 -0.91
07091975 23 -0.93
08091975 23 -0.91
09091975 23 -0.89
10091975 23 -0.88
11091975 23 -0.87
12091975 23 -0.85
13091975 23 -0.84
14091975 23 -0.83
15091975 23 -0.79
16091975 23 -0.77
17091975 23 -0.87
18091975 23 -0.92
19091975 23 -0.92
20091975 23 -0.89
21091975 23 -0.88
22091975 23 -0.86
23091975 23 -0.86
24091975 23 -0.84
25091975 23 -0.81
26091975 23 -0.77
27091975 23 -0.72
28091975 23 -0.67
29091975 23 -0.63
30091975 23 -0.61
01101975 23 -0.66
02101975 23 -0.81
03101975 23 -0.78
04101975 23 -0.73
05101975 23 -0.67
06101975 23 -0.62
07101975 23 -0.57
08101975 23 -0.53
09101975 23 -0.49
10101975 23 -0.83
11101975 23 -0.95
12101975 23 -0.88
13101975 23 -0.86
14101975 23 -0.83
15101975 23 -0.80
16101975 23 -0.76
17101975 23 -0.72
18101975 23 -0.91
19101975 23 -0.97
20101975 23 -0.98
21101975 23 -0.97
22101975 23 -0.97
23101975 23 -0.97
24101975 23 -0.97
25101975 23 -0.95
26101975 23 -0.94
27101975 23 -0.96
28101975 23 -0.97
29101975 23 -0.96
30101975 23 -0.94
31101975 23 -0.93
01111975 23 -0.92
02111975 23 -0.93
03111975 23 -0.93
04111975 23 -0.94
05111975 23 -0.94
06111975 23 -0.94
07111975 23 -0.94
08111975 23 -0.94
09111975 23 -0.94
10111975 23 -0.94
11111975 23 -0.94
12111975 23 -0.94
13111975 23 -0.94
14111975 23 -0.95
15111975 23 -0.99
16111975 23 -1.03
17111975 23 -1.06
18111975 23 -1.07
19111975 23 -1.08
20111975 23 -1.10
21111975 23 -1.10
22111975 23 -1.10
23111975 23 -1.10
24111975 23 -1.10
25111975 23 -1.10
26111975 23 -1.10
27111975 23 -1.10
28111975 23 -1.10
29111975 23 -1.10
30111975 23 -1.11
01121975 23 -1.11
02121975 23 -1.11
03121975 23 -1.11
04121975 23 -1.10
05121975 23 -1.09
06121975 23 -1.08
07121975 23 -1.09
08121975 23 -1.08
09121975 23 -1.08
10121975 23 -1.08
11121975 23 -1.08
12121975 23 -1.09
13121975 23 -1.09
14121975 23 -1.09
15121975 23 -1.09
16121975 23 -1.09
17121975 23 -1.09
18121975 23 -1.08
19121975 23 -1.04
20121975 23 -1.01
21121975 23 -1.00
22121975 23 -1.09
23121975 23 -1.10
24121975 23 -1.04
25121975 23 -1.01
26121975 23 -0.98
27121975 23 -0.96
28121975 23 -0.96
29121975 23 -0.94
30121975 23 -0.92
31121975 23 -0.90
