01011946 23 -0.91
02011946 23 -0.91
03011946 23 -0.90
04011946 23 -0.90
05011946 23 -0.90
06011946 23 -0.91
07011946 23 -0.91
08011946 23 -0.91
09011946 23 -0.91
10011946 23 -0.90
11011946 23 -0.89
12011946 23 -0.87
13011946 23 -0.86
14011946 23 -0.85
15011946 23 -0.83
16011946 23 -0.86
17011946 23 -0.89
18011946 23 -0.89
19011946 23 -0.88
20011946 23 -0.90
21011946 23 -0.90
22011946 23 -0.89
23011946 23 -0.88
24011946 23 -0.87
25011946 23 -0.85
26011946 23 -0.84
27011946 23 -0.82
28011946 23 -0.80
29011946 23 -0.78
30011946 23 -0.76
31011946 23 -0.75
01021946 23 -0.80
02021946 23 -0.85
03021946 23 -0.88
04021946 23 -0.88
05021946 23 -0.87
06021946 23 -0.86
07021946 23 -0.84
08021946 23 -0.83
09021946 23 -0.81
10021946 23 -0.79
11021946 23 -0.83
12021946 23 -0.87
13021946 23 -0.90
14021946 23 -0.90
15021946 23 -0.88
16021946 23 -0.87
17021946 23 -0.85
18021946 23 -0.84
19021946 23 -0.82
20021946 23 -0.80
21021946 23 -0.78
22021946 23 -0.75
23021946 23 -0.73
24021946 23 -0.78
25021946 23 -0.78
26021946 23 -0.78
27021946 23 -0.82
28021946 23 -0.86
01031946 23 -0.87
02031946 23 -0.89
03031946 23 -0.90
04031946 23 -0.88
05031946 23 -0.86
06031946 23 -0.86
07031946 23 -0.89
08031946 23 -0.89
09031946 23 -0.87
10031946 23 -0.85
11031946 23 -0.84
12031946 23 -0.87
13031946 23 -0.89
14031946 23 -0.88
15031946 23 -0.89
16031946 23 -0.90
17031946 23 -0.88
18031946 23 -0.88
19031946 23 -0.90
20031946 23 -0.89
21031946 23 -0.88
22031946 23 -0.90
23031946 23 -0.89
24031946 23 -0.90
25031946 23 -0.89
26031946 23 -0.88
27031946 23 -0.90
28031946 23 -0.89
29031946 23 -0.87
30031946 23 -0.86
31031946 23 -0.89
01041946 23 -0.90
02041946 23 -0.88
03041946 23 -0.88
04041946 23 -0.90
05041946 23 -0.90
06041946 23 -0.88
07041946 23 -0.87
08041946 23 -0.85
09041946 23 -0.83
10041946 23 -0.80
11041946 23 -0.79
12041946 23 -0.83
13041946 23 -0.86
14041946 23 -0.86
15041946 23 -0.85
16041946 23 -0.82
17041946 23 -0.80
18041946 23 -0.83
19041946 23 -0.84
20041946 23 -0.83
21041946 23 -0.80
22041946 23 -0.79
23041946 23 -0.82
24041946 23 -0.83
25041946 23 -0.81
26041946 23 -0.79
27041946 23 -0.78
28041946 23 -0.83
29041946 23 -0.84
30041946 23 -0.83
01051946 23 -0.86
02051946 23 -0.87
03051946 23 -0.85
04051946 23 -0.84
05051946 23 -0.87
06051946 23 -0.88
07051946 23 -0.86
08051946 23 -0.85
09051946 23 -0.88
10051946 23 -0.88
11051946 23 -0.88
12051946 23 -0.89
13051946 23 -0.89
14051946 23 -0.89
15051946 23 -0.87
16051946 23 -0.89
17051946 23 -0.90
18051946 23 -0.89
19051946 23 -0.85
20051946 23 -0.81
21051946 23 -0.81
22051946 23 -0.86
23051946 23 -0.88
24051946 23 -0.86
25051946 23 -0.84
26051946 23 -0.81
27051946 23 -0.78
28051946 23 -0.75
29051946 23 -0.71
30051946 23 -0.67
31051946 23 -0.63
01061946 23 -0.60
02061946 23 -0.72
03061946 23 -0.79
04061946 23 -0.78
05061946 23 -0.75
06061946 23 -0.72
07061946 23 -0.69
08061946 23 -0.65
09061946 23 -0.62
10061946 23 -0.59
11061946 23 -0.59
12061946 23 -0.78
13061946 23 -0.86
14061946 23 -0.88
15061946 23 -0.87
16061946 23 -0.84
17061946 23 -0.80
18061946 23 -0.76
19061946 23 -0.72
20061946 23 -0.71
21061946 23 -0.79
22061946 23 -0.82
23061946 23 -0.83
24061946 23 -0.83
25061946 23 -0.81
26061946 23 -0.78
27061946 23 -0.78
28061946 23 -0.83
29061946 23 -0.86
30061946 23 -0.87
01071946 23 -0.84
02071946 23 -0.80
03071946 23 -0.76
04071946 23 -0.70
05071946 23 -0.65
06071946 23 -0.60
07071946 23 -0.55
08071946 23 -0.51
09071946 23 -0.47
10071946 23 -0.48
11071946 23 -0.71
12071946 23 -0.73
13071946 23 -0.65
14071946 23 -0.60
15071946 23 -0.55
16071946 23 -0.51
17071946 23 -0.68
18071946 23 -0.74
19071946 23 -0.69
20071946 23 -0.64
21071946 23 -0.60
22071946 23 -0.56
23071946 23 -0.52
24071946 23 -0.49
25071946 23 -0.45
26071946 23 -0.41
27071946 23 -0.37
28071946 23 -0.32
29071946 23 -0.27
30071946 23 -0.19
31071946 23 -0.11
01081946 23 -0.21
02081946 23 -0.73
03081946 23 -0.81
04081946 23 -0.84
05081946 23 -0.85
06081946 23 -0.84
07081946 23 -0.83
08081946 23 -0.81
09081946 23 -0.79
10081946 23 -0.75
11081946 23 -0.71
12081946 23 -0.74
13081946 23 -0.87
14081946 23 -0.92
15081946 23 -0.90
16081946 23 -0.88
17081946 23 -0.86
18081946 23 -0.83
19081946 23 -0.81
20081946 23 -0.81
21081946 23 -0.78
22081946 23 -0.77
23081946 23 -0.72
24081946 23 -0.67
25081946 23 -0.62
26081946 23 -0.57
27081946 23 -0.53
28081946 23 -0.49
29081946 23 -0.46
30081946 23 -0.73
31081946 23 -0.85
01091946 23 -0.88
02091946 23 -0.88
03091946 23 -0.89
04091946 23 -0.87
05091946 23 -0.85
06091946 23 -0.91
07091946 23 -0.93
08091946 23 -0.91
09091946 23 -0.89
10091946 23 -0.88
11091946 23 -0.87
12091946 23 -0.85
13091946 23 -0.84
14091946 23 -0.83
15091946 23 -0.79
16091946 23 -0.77
17091946 23 -0.87
18091946 23 -0.92
19091946 23 -0.92
20091946 23 -0.89
21091946 23 -0.88
22091946 23 -0.86
23091946 23 -0.86
24091946 23 -0.84
25091946 23 -0.81
26091946 23 -0.77
27091946 23 -0.72
28091946 23 -0.67
29091946 23 -0.63
30091946 23 -0.61
01101946 23 -0.66
02101946 23 -0.81
03101946 23 -0.78
04101946 23 -0.73
05101946 23 -0.67
06101946 23 -0.62
07101946 23 -0.57
08101946 23 -0.53
09101946 23 -0.49
10101946 23 -0.83
11101946 23 -0.95
12101946 23 -0.88
13101946 23 -0.86
14101946 23 -0.83
15101946 23 -0.80
16101946 23 -0.76
17101946 23 -0.72
18101946 23 -0.91
19101946 23 -0.97
20101946 23 -0.98
21101946 23 -0.97
22101946 23 -0.97
23101946 23 -0.97
24101946 23 -0.97
25101946 23 -0.95
26101946 23 -0.94
27101946 23 -0.96
28101946 23 -0.97
29101946 23 -0.96
30101946 23 -0.94
31101946 23 -0.93
01111946 23 -0.92
02111946 23 -0.93
03111946 23 -0.93
04111946 23 -0.94
05111946 23 -0.94
06111946 23 -0.94
07111946 23 -0.94
08111946 23 -0.94
09111946 23 -0.94
10111946 23 -0.94
11111946 23 -0.94
12111946 23 -0.94
13111946 23 -0.94
14111946 23 -0.95
15111946 23 -0.99
16111946 23 -1.03
17111946 23 -1.06
18111946 23 -1.07
19111946 23 -1.08
20111946 23 -1.10
21111946 23 -1.10
22111946 23 -1.10
23111946 23 -1.10
24111946 23 -1.10
25111946 23 -1.10
26111946 23 -1.10
27111946 23 -1.10
28111946 23 -1.10
29111946 23 -1.10
30111946 23 -1.11
01121946 23 -1.11
02121946 23 -1.11
03121946 23 -1.11
04121946 23 -1.10
05121946 23 -1.09
06121946 23 -1.08
07121946 23 -1.09
08121946 23 -1.08
09121946 23 -1.08
10121946 23 -1.08
11121946 23 -1.08
12121946 23 -1.09
13121946 23 -1.09
14121946 23 -1.09
15121946 23 -1.09
16121946 23 -1.09
17121946 23 -1.09
18121946 23 -1.08
19121946 23 -1.04
20121946 23 -1.01
21121946 23 -1.00
22121946 23 -1.09
23121946 23 -1.10
24121946 23 -1.04
25121946 23 -1.01
26121946 23 -0.98
27121946 23 -0.96
28121946 23 -0.96
29121946 23 -0.94
30121946 23 -0.92
31121946 23 -0.90
