01011973 23 -0.91
02011973 23 -0.91
03011973 23 -0.90
04011973 23 -0.90
05011973 23 -0.90
06011973 23 -0.91
07011973 23 -0.91
08011973 23 -0.91
09011973 23 -0.91
10011973 23 -0.90
11011973 23 -0.89
12011973 23 -0.87
13011973 23 -0.86
14011973 23 -0.85
15011973 23 -0.83
16011973 23 -0.86
17011973 23 -0.89
18011973 23 -0.89
19011973 23 -0.88
20011973 23 -0.90
21011973 23 -0.90
22011973 23 -0.89
23011973 23 -0.88
24011973 23 -0.87
25011973 23 -0.85
26011973 23 -0.84
27011973 23 -0.82
28011973 23 -0.80
29011973 23 -0.78
30011973 23 -0.76
31011973 23 -0.75
01021973 23 -0.80
02021973 23 -0.85
03021973 23 -0.88
04021973 23 -0.88
05021973 23 -0.87
06021973 23 -0.86
07021973 23 -0.84
08021973 23 -0.83
09021973 23 -0.81
10021973 23 -0.79
11021973 23 -0.83
12021973 23 -0.87
13021973 23 -0.90
14021973 23 -0.90
15021973 23 -0.88
16021973 23 -0.87
17021973 23 -0.85
18021973 23 -0.84
19021973 23 -0.82
20021973 23 -0.80
21021973 23 -0.78
22021973 23 -0.75
23021973 23 -0.73
24021973 23 -0.78
25021973 23 -0.78
26021973 23 -0.78
27021973 23 -0.82
28021973 23 -0.86
01031973 23 -0.87
02031973 23 -0.89
03031973 23 -0.90
04031973 23 -0.88
05031973 23 -0.86
06031973 23 -0.86
07031973 23 -0.89
08031973 23 -0.89
09031973 23 -0.87
10031973 23 -0.85
11031973 23 -0.84
12031973 23 -0.87
13031973 23 -0.89
14031973 23 -0.88
15031973 23 -0.89
16031973 23 -0.90
17031973 23 -0.88
18031973 23 -0.88
19031973 23 -0.90
20031973 23 -0.89
21031973 23 -0.88
22031973 23 -0.90
23031973 23 -0.89
24031973 23 -0.90
25031973 23 -0.89
26031973 23 -0.88
27031973 23 -0.90
28031973 23 -0.89
29031973 23 -0.87
30031973 23 -0.86
31031973 23 -0.89
01041973 23 -0.90
02041973 23 -0.88
03041973 23 -0.88
04041973 23 -0.90
05041973 23 -0.90
06041973 23 -0.88
07041973 23 -0.87
08041973 23 -0.85
09041973 23 -0.83
10041973 23 -0.80
11041973 23 -0.79
12041973 23 -0.83
13041973 23 -0.86
14041973 23 -0.86
15041973 23 -0.85
16041973 23 -0.82
17041973 23 -0.80
18041973 23 -0.83
19041973 23 -0.84
20041973 23 -0.83
21041973 23 -0.80
22041973 23 -0.79
23041973 23 -0.82
24041973 23 -0.83
25041973 23 -0.81
26041973 23 -0.79
27041973 23 -0.78
28041973 23 -0.83
29041973 23 -0.84
30041973 23 -0.83
01051973 23 -0.86
02051973 23 -0.87
03051973 23 -0.85
04051973 23 -0.84
05051973 23 -0.87
06051973 23 -0.88
07051973 23 -0.86
08051973 23 -0.85
09051973 23 -0.88
10051973 23 -0.88
11051973 23 -0.88
12051973 23 -0.89
13051973 23 -0.89
14051973 23 -0.89
15051973 23 -0.87
16051973 23 -0.89
17051973 23 -0.90
18051973 23 -0.89
19051973 23 -0.85
20051973 23 -0.81
21051973 23 -0.81
22051973 23 -0.86
23051973 23 -0.88
24051973 23 -0.86
25051973 23 -0.84
26051973 23 -0.81
27051973 23 -0.78
28051973 23 -0.75
29051973 23 -0.71
30051973 23 -0.67
31051973 23 -0.63
01061973 23 -0.60
02061973 23 -0.72
03061973 23 -0.79
04061973 23 -0.78
05061973 23 -0.75
06061973 23 -0.72
07061973 23 -0.69
08061973 23 -0.65
09061973 23 -0.62
10061973 23 -0.59
11061973 23 -0.59
12061973 23 -0.78
13061973 23 -0.86
14061973 23 -0.88
15061973 23 -0.87
16061973 23 -0.84
17061973 23 -0.80
18061973 23 -0.76
19061973 23 -0.72
20061973 23 -0.71
21061973 23 -0.79
22061973 23 -0.82
23061973 23 -0.83
24061973 23 -0.83
25061973 23 -0.81
26061973 23 -0.78
27061973 23 -0.78
28061973 23 -0.83
29061973 23 -0.86
30061973 23 -0.87
01071973 23 -0.84
02071973 23 -0.80
03071973 23 -0.76
04071973 23 -0.70
05071973 23 -0.65
06071973 23 -0.60
07071973 23 -0.55
08071973 23 -0.51
09071973 23 -0.47
10071973 23 -0.48
11071973 23 -0.71
12071973 23 -0.73
13071973 23 -0.65
14071973 23 -0.60
15071973 23 -0.55
16071973 23 -0.51
17071973 23 -0.68
18071973 23 -0.74
19071973 23 -0.69
20071973 23 -0.64
21071973 23 -0.60
22071973 23 -0.56
23071973 23 -0.52
24071973 23 -0.49
25071973 23 -0.45
26071973 23 -0.41
27071973 23 -0.37
28071973 23 -0.32
29071973 23 -0.27
30071973 23 -0.19
31071973 23 -0.11
01081973 23 -0.21
02081973 23 -0.73
03081973 23 -0.81
04081973 23 -0.84
05081973 23 -0.85
06081973 23 -0.84
07081973 23 -0.83
08081973 23 -0.81
09081973 23 -0.79
10081973 23 -0.75
11081973 23 -0.71
12081973 23 -0.74
13081973 23 -0.87
14081973 23 -0.92
15081973 23 -0.90
16081973 23 -0.88
17081973 23 -0.86
18081973 23 -0.83
19081973 23 -0.81
20081973 23 -0.81
21081973 23 -0.78
22081973 23 -0.77
23081973 23 -0.72
24081973 23 -0.67
25081973 23 -0.62
26081973 23 -0.57
27081973 23 -0.53
28081973 23 -0.49
29081973 23 -0.46
30081973 23 -0.73
31081973 23 -0.85
01091973 23 -0.88
02091973 23 -0.88
03091973 23 -0.89
04091973 23 -0.87
05091973 23 -0.85
06091973 23 -0.91
07091973 23 -0.93
08091973 23 -0.91
09091973 23 -0.89
10091973 23 -0.88
11091973 23 -0.87
12091973 23 -0.85
13091973 23 -0.84
14091973 23 -0.83
15091973 23 -0.79
16091973 23 -0.77
17091973 23 -0.87
18091973 23 -0.92
19091973 23 -0.92
20091973 23 -0.89
21091973 23 -0.88
22091973 23 -0.86
23091973 23 -0.86
24091973 23 -0.84
25091973 23 -0.81
26091973 23 -0.77
27091973 23 -0.72
28091973 23 -0.67
29091973 23 -0.63
30091973 23 -0.61
01101973 23 -0.66
02101973 23 -0.81
03101973 23 -0.78
04101973 23 -0.73
05101973 23 -0.67
06101973 23 -0.62
07101973 23 -0.57
08101973 23 -0.53
09101973 23 -0.49
10101973 23 -0.83
11101973 23 -0.95
12101973 23 -0.88
13101973 23 -0.86
14101973 23 -0.83
15101973 23 -0.80
16101973 23 -0.76
17101973 23 -0.72
18101973 23 -0.91
19101973 23 -0.97
20101973 23 -0.98
21101973 23 -0.97
22101973 23 -0.97
23101973 23 -0.97
24101973 23 -0.97
25101973 23 -0.95
26101973 23 -0.94
27101973 23 -0.96
28101973 23 -0.97
29101973 23 -0.96
30101973 23 -0.94
31101973 23 -0.93
01111973 23 -0.92
02111973 23 -0.93
03111973 23 -0.93
04111973 23 -0.94
05111973 23 -0.94
06111973 23 -0.94
07111973 23 -0.94
08111973 23 -0.94
09111973 23 -0.94
10111973 23 -0.94
11111973 23 -0.94
12111973 23 -0.94
13111973 23 -0.94
14111973 23 -0.95
15111973 23 -0.99
16111973 23 -1.03
17111973 23 -1.06
18111973 23 -1.07
19111973 23 -1.08
20111973 23 -1.10
21111973 23 -1.10
22111973 23 -1.10
23111973 23 -1.10
24111973 23 -1.10
25111973 23 -1.10
26111973 23 -1.10
27111973 23 -1.10
28111973 23 -1.10
29111973 23 -1.10
30111973 23 -1.11
01121973 23 -1.11
02121973 23 -1.11
03121973 23 -1.11
04121973 23 -1.10
05121973 23 -1.09
06121973 23 -1.08
07121973 23 -1.09
08121973 23 -1.08
09121973 23 -1.08
10121973 23 -1.08
11121973 23 -1.08
12121973 23 -1.09
13121973 23 -1.09
14121973 23 -1.09
15121973 23 -1.09
16121973 23 -1.09
17121973 23 -1.09
18121973 23 -1.08
19121973 23 -1.04
20121973 23 -1.01
21121973 23 -1.00
22121973 23 -1.09
23121973 23 -1.10
24121973 23 -1.04
25121973 23 -1.01
26121973 23 -0.98
27121973 23 -0.96
28121973 23 -0.96
29121973 23 -0.94
30121973 23 -0.92
31121973 23 -0.90
