01011964 23 -0.91
02011964 23 -0.91
03011964 23 -0.90
04011964 23 -0.90
05011964 23 -0.90
06011964 23 -0.91
07011964 23 -0.91
08011964 23 -0.91
09011964 23 -0.91
10011964 23 -0.90
11011964 23 -0.89
12011964 23 -0.87
13011964 23 -0.86
14011964 23 -0.85
15011964 23 -0.83
16011964 23 -0.86
17011964 23 -0.89
18011964 23 -0.89
19011964 23 -0.88
20011964 23 -0.90
21011964 23 -0.90
22011964 23 -0.89
23011964 23 -0.88
24011964 23 -0.87
25011964 23 -0.85
26011964 23 -0.84
27011964 23 -0.82
28011964 23 -0.80
29011964 23 -0.78
30011964 23 -0.76
31011964 23 -0.75
01021964 23 -0.80
02021964 23 -0.85
03021964 23 -0.88
04021964 23 -0.88
05021964 23 -0.87
06021964 23 -0.86
07021964 23 -0.84
08021964 23 -0.83
09021964 23 -0.81
10021964 23 -0.79
11021964 23 -0.83
12021964 23 -0.87
13021964 23 -0.90
14021964 23 -0.90
15021964 23 -0.88
16021964 23 -0.87
17021964 23 -0.85
18021964 23 -0.84
19021964 23 -0.82
20021964 23 -0.80
21021964 23 -0.78
22021964 23 -0.75
23021964 23 -0.73
24021964 23 -0.78
25021964 23 -0.78
26021964 23 -0.78
27021964 23 -0.82
28021964 23 -0.86
01031964 23 -0.87
02031964 23 -0.89
03031964 23 -0.90
04031964 23 -0.88
05031964 23 -0.86
06031964 23 -0.86
07031964 23 -0.89
08031964 23 -0.89
09031964 23 -0.87
10031964 23 -0.85
11031964 23 -0.84
12031964 23 -0.87
13031964 23 -0.89
14031964 23 -0.88
15031964 23 -0.89
16031964 23 -0.90
17031964 23 -0.88
18031964 23 -0.88
19031964 23 -0.90
20031964 23 -0.89
21031964 23 -0.88
22031964 23 -0.90
23031964 23 -0.89
24031964 23 -0.90
25031964 23 -0.89
26031964 23 -0.88
27031964 23 -0.90
28031964 23 -0.89
29031964 23 -0.87
30031964 23 -0.86
31031964 23 -0.89
01041964 23 -0.90
02041964 23 -0.88
03041964 23 -0.88
04041964 23 -0.90
05041964 23 -0.90
06041964 23 -0.88
07041964 23 -0.87
08041964 23 -0.85
09041964 23 -0.83
10041964 23 -0.80
11041964 23 -0.79
12041964 23 -0.83
13041964 23 -0.86
14041964 23 -0.86
15041964 23 -0.85
16041964 23 -0.82
17041964 23 -0.80
18041964 23 -0.83
19041964 23 -0.84
20041964 23 -0.83
21041964 23 -0.80
22041964 23 -0.79
23041964 23 -0.82
24041964 23 -0.83
25041964 23 -0.81
26041964 23 -0.79
27041964 23 -0.78
28041964 23 -0.83
29041964 23 -0.84
30041964 23 -0.83
01051964 23 -0.86
02051964 23 -0.87
03051964 23 -0.85
04051964 23 -0.84
05051964 23 -0.87
06051964 23 -0.88
07051964 23 -0.86
08051964 23 -0.85
09051964 23 -0.88
10051964 23 -0.88
11051964 23 -0.88
12051964 23 -0.89
13051964 23 -0.89
14051964 23 -0.89
15051964 23 -0.87
16051964 23 -0.89
17051964 23 -0.90
18051964 23 -0.89
19051964 23 -0.85
20051964 23 -0.81
21051964 23 -0.81
22051964 23 -0.86
23051964 23 -0.88
24051964 23 -0.86
25051964 23 -0.84
26051964 23 -0.81
27051964 23 -0.78
28051964 23 -0.75
29051964 23 -0.71
30051964 23 -0.67
31051964 23 -0.63
01061964 23 -0.60
02061964 23 -0.72
03061964 23 -0.79
04061964 23 -0.78
05061964 23 -0.75
06061964 23 -0.72
07061964 23 -0.69
08061964 23 -0.65
09061964 23 -0.62
10061964 23 -0.59
11061964 23 -0.59
12061964 23 -0.78
13061964 23 -0.86
14061964 23 -0.88
15061964 23 -0.87
16061964 23 -0.84
17061964 23 -0.80
18061964 23 -0.76
19061964 23 -0.72
20061964 23 -0.71
21061964 23 -0.79
22061964 23 -0.82
23061964 23 -0.83
24061964 23 -0.83
25061964 23 -0.81
26061964 23 -0.78
27061964 23 -0.78
28061964 23 -0.83
29061964 23 -0.86
30061964 23 -0.87
01071964 23 -0.84
02071964 23 -0.80
03071964 23 -0.76
04071964 23 -0.70
05071964 23 -0.65
06071964 23 -0.60
07071964 23 -0.55
08071964 23 -0.51
09071964 23 -0.47
10071964 23 -0.48
11071964 23 -0.71
12071964 23 -0.73
13071964 23 -0.65
14071964 23 -0.60
15071964 23 -0.55
16071964 23 -0.51
17071964 23 -0.68
18071964 23 -0.74
19071964 23 -0.69
20071964 23 -0.64
21071964 23 -0.60
22071964 23 -0.56
23071964 23 -0.52
24071964 23 -0.49
25071964 23 -0.45
26071964 23 -0.41
27071964 23 -0.37
28071964 23 -0.32
29071964 23 -0.27
30071964 23 -0.19
31071964 23 -0.11
01081964 23 -0.21
02081964 23 -0.73
03081964 23 -0.81
04081964 23 -0.84
05081964 23 -0.85
06081964 23 -0.84
07081964 23 -0.83
08081964 23 -0.81
09081964 23 -0.79
10081964 23 -0.75
11081964 23 -0.71
12081964 23 -0.74
13081964 23 -0.87
14081964 23 -0.92
15081964 23 -0.90
16081964 23 -0.88
17081964 23 -0.86
18081964 23 -0.83
19081964 23 -0.81
20081964 23 -0.81
21081964 23 -0.78
22081964 23 -0.77
23081964 23 -0.72
24081964 23 -0.67
25081964 23 -0.62
26081964 23 -0.57
27081964 23 -0.53
28081964 23 -0.49
29081964 23 -0.46
30081964 23 -0.73
31081964 23 -0.85
01091964 23 -0.88
02091964 23 -0.88
03091964 23 -0.89
04091964 23 -0.87
05091964 23 -0.85
06091964 23 -0.91
07091964 23 -0.93
08091964 23 -0.91
09091964 23 -0.89
10091964 23 -0.88
11091964 23 -0.87
12091964 23 -0.85
13091964 23 -0.84
14091964 23 -0.83
15091964 23 -0.79
16091964 23 -0.77
17091964 23 -0.87
18091964 23 -0.92
19091964 23 -0.92
20091964 23 -0.89
21091964 23 -0.88
22091964 23 -0.86
23091964 23 -0.86
24091964 23 -0.84
25091964 23 -0.81
26091964 23 -0.77
27091964 23 -0.72
28091964 23 -0.67
29091964 23 -0.63
30091964 23 -0.61
01101964 23 -0.66
02101964 23 -0.81
03101964 23 -0.78
04101964 23 -0.73
05101964 23 -0.67
06101964 23 -0.62
07101964 23 -0.57
08101964 23 -0.53
09101964 23 -0.49
10101964 23 -0.83
11101964 23 -0.95
12101964 23 -0.88
13101964 23 -0.86
14101964 23 -0.83
15101964 23 -0.80
16101964 23 -0.76
17101964 23 -0.72
18101964 23 -0.91
19101964 23 -0.97
20101964 23 -0.98
21101964 23 -0.97
22101964 23 -0.97
23101964 23 -0.97
24101964 23 -0.97
25101964 23 -0.95
26101964 23 -0.94
27101964 23 -0.96
28101964 23 -0.97
29101964 23 -0.96
30101964 23 -0.94
31101964 23 -0.93
01111964 23 -0.92
02111964 23 -0.93
03111964 23 -0.93
04111964 23 -0.94
05111964 23 -0.94
06111964 23 -0.94
07111964 23 -0.94
08111964 23 -0.94
09111964 23 -0.94
10111964 23 -0.94
11111964 23 -0.94
12111964 23 -0.94
13111964 23 -0.94
14111964 23 -0.95
15111964 23 -0.99
16111964 23 -1.03
17111964 23 -1.06
18111964 23 -1.07
19111964 23 -1.08
20111964 23 -1.10
21111964 23 -1.10
22111964 23 -1.10
23111964 23 -1.10
24111964 23 -1.10
25111964 23 -1.10
26111964 23 -1.10
27111964 23 -1.10
28111964 23 -1.10
29111964 23 -1.10
30111964 23 -1.11
01121964 23 -1.11
02121964 23 -1.11
03121964 23 -1.11
04121964 23 -1.10
05121964 23 -1.09
06121964 23 -1.08
07121964 23 -1.09
08121964 23 -1.08
09121964 23 -1.08
10121964 23 -1.08
11121964 23 -1.08
12121964 23 -1.09
13121964 23 -1.09
14121964 23 -1.09
15121964 23 -1.09
16121964 23 -1.09
17121964 23 -1.09
18121964 23 -1.08
19121964 23 -1.04
20121964 23 -1.01
21121964 23 -1.00
22121964 23 -1.09
23121964 23 -1.10
24121964 23 -1.04
25121964 23 -1.01
26121964 23 -0.98
27121964 23 -0.96
28121964 23 -0.96
29121964 23 -0.94
30121964 23 -0.92
31121964 23 -0.90
