01011970 23 -0.91
02011970 23 -0.91
03011970 23 -0.90
04011970 23 -0.90
05011970 23 -0.90
06011970 23 -0.91
07011970 23 -0.91
08011970 23 -0.91
09011970 23 -0.91
10011970 23 -0.90
11011970 23 -0.89
12011970 23 -0.87
13011970 23 -0.86
14011970 23 -0.85
15011970 23 -0.83
16011970 23 -0.86
17011970 23 -0.89
18011970 23 -0.89
19011970 23 -0.88
20011970 23 -0.90
21011970 23 -0.90
22011970 23 -0.89
23011970 23 -0.88
24011970 23 -0.87
25011970 23 -0.85
26011970 23 -0.84
27011970 23 -0.82
28011970 23 -0.80
29011970 23 -0.78
30011970 23 -0.76
31011970 23 -0.75
01021970 23 -0.80
02021970 23 -0.85
03021970 23 -0.88
04021970 23 -0.88
05021970 23 -0.87
06021970 23 -0.86
07021970 23 -0.84
08021970 23 -0.83
09021970 23 -0.81
10021970 23 -0.79
11021970 23 -0.83
12021970 23 -0.87
13021970 23 -0.90
14021970 23 -0.90
15021970 23 -0.88
16021970 23 -0.87
17021970 23 -0.85
18021970 23 -0.84
19021970 23 -0.82
20021970 23 -0.80
21021970 23 -0.78
22021970 23 -0.75
23021970 23 -0.73
24021970 23 -0.78
25021970 23 -0.78
26021970 23 -0.78
27021970 23 -0.82
28021970 23 -0.86
01031970 23 -0.87
02031970 23 -0.89
03031970 23 -0.90
04031970 23 -0.88
05031970 23 -0.86
06031970 23 -0.86
07031970 23 -0.89
08031970 23 -0.89
09031970 23 -0.87
10031970 23 -0.85
11031970 23 -0.84
12031970 23 -0.87
13031970 23 -0.89
14031970 23 -0.88
15031970 23 -0.89
16031970 23 -0.90
17031970 23 -0.88
18031970 23 -0.88
19031970 23 -0.90
20031970 23 -0.89
21031970 23 -0.88
22031970 23 -0.90
23031970 23 -0.89
24031970 23 -0.90
25031970 23 -0.89
26031970 23 -0.88
27031970 23 -0.90
28031970 23 -0.89
29031970 23 -0.87
30031970 23 -0.86
31031970 23 -0.89
01041970 23 -0.90
02041970 23 -0.88
03041970 23 -0.88
04041970 23 -0.90
05041970 23 -0.90
06041970 23 -0.88
07041970 23 -0.87
08041970 23 -0.85
09041970 23 -0.83
10041970 23 -0.80
11041970 23 -0.79
12041970 23 -0.83
13041970 23 -0.86
14041970 23 -0.86
15041970 23 -0.85
16041970 23 -0.82
17041970 23 -0.80
18041970 23 -0.83
19041970 23 -0.84
20041970 23 -0.83
21041970 23 -0.80
22041970 23 -0.79
23041970 23 -0.82
24041970 23 -0.83
25041970 23 -0.81
26041970 23 -0.79
27041970 23 -0.78
28041970 23 -0.83
29041970 23 -0.84
30041970 23 -0.83
01051970 23 -0.86
02051970 23 -0.87
03051970 23 -0.85
04051970 23 -0.84
05051970 23 -0.87
06051970 23 -0.88
07051970 23 -0.86
08051970 23 -0.85
09051970 23 -0.88
10051970 23 -0.88
11051970 23 -0.88
12051970 23 -0.89
13051970 23 -0.89
14051970 23 -0.89
15051970 23 -0.87
16051970 23 -0.89
17051970 23 -0.90
18051970 23 -0.89
19051970 23 -0.85
20051970 23 -0.81
21051970 23 -0.81
22051970 23 -0.86
23051970 23 -0.88
24051970 23 -0.86
25051970 23 -0.84
26051970 23 -0.81
27051970 23 -0.78
28051970 23 -0.75
29051970 23 -0.71
30051970 23 -0.67
31051970 23 -0.63
01061970 23 -0.60
02061970 23 -0.72
03061970 23 -0.79
04061970 23 -0.78
05061970 23 -0.75
06061970 23 -0.72
07061970 23 -0.69
08061970 23 -0.65
09061970 23 -0.62
10061970 23 -0.59
11061970 23 -0.59
12061970 23 -0.78
13061970 23 -0.86
14061970 23 -0.88
15061970 23 -0.87
16061970 23 -0.84
17061970 23 -0.80
18061970 23 -0.76
19061970 23 -0.72
20061970 23 -0.71
21061970 23 -0.79
22061970 23 -0.82
23061970 23 -0.83
24061970 23 -0.83
25061970 23 -0.81
26061970 23 -0.78
27061970 23 -0.78
28061970 23 -0.83
29061970 23 -0.86
30061970 23 -0.87
01071970 23 -0.84
02071970 23 -0.80
03071970 23 -0.76
04071970 23 -0.70
05071970 23 -0.65
06071970 23 -0.60
07071970 23 -0.55
08071970 23 -0.51
09071970 23 -0.47
10071970 23 -0.48
11071970 23 -0.71
12071970 23 -0.73
13071970 23 -0.65
14071970 23 -0.60
15071970 23 -0.55
16071970 23 -0.51
17071970 23 -0.68
18071970 23 -0.74
19071970 23 -0.69
20071970 23 -0.64
21071970 23 -0.60
22071970 23 -0.56
23071970 23 -0.52
24071970 23 -0.49
25071970 23 -0.45
26071970 23 -0.41
27071970 23 -0.37
28071970 23 -0.32
29071970 23 -0.27
30071970 23 -0.19
31071970 23 -0.11
01081970 23 -0.21
02081970 23 -0.73
03081970 23 -0.81
04081970 23 -0.84
05081970 23 -0.85
06081970 23 -0.84
07081970 23 -0.83
08081970 23 -0.81
09081970 23 -0.79
10081970 23 -0.75
11081970 23 -0.71
12081970 23 -0.74
13081970 23 -0.87
14081970 23 -0.92
15081970 23 -0.90
16081970 23 -0.88
17081970 23 -0.86
18081970 23 -0.83
19081970 23 -0.81
20081970 23 -0.81
21081970 23 -0.78
22081970 23 -0.77
23081970 23 -0.72
24081970 23 -0.67
25081970 23 -0.62
26081970 23 -0.57
27081970 23 -0.53
28081970 23 -0.49
29081970 23 -0.46
30081970 23 -0.73
31081970 23 -0.85
01091970 23 -0.88
02091970 23 -0.88
03091970 23 -0.89
04091970 23 -0.87
05091970 23 -0.85
06091970 23 -0.91
07091970 23 -0.93
08091970 23 -0.91
09091970 23 -0.89
10091970 23 -0.88
11091970 23 -0.87
12091970 23 -0.85
13091970 23 -0.84
14091970 23 -0.83
15091970 23 -0.79
16091970 23 -0.77
17091970 23 -0.87
18091970 23 -0.92
19091970 23 -0.92
20091970 23 -0.89
21091970 23 -0.88
22091970 23 -0.86
23091970 23 -0.86
24091970 23 -0.84
25091970 23 -0.81
26091970 23 -0.77
27091970 23 -0.72
28091970 23 -0.67
29091970 23 -0.63
30091970 23 -0.61
01101970 23 -0.66
02101970 23 -0.81
03101970 23 -0.78
04101970 23 -0.73
05101970 23 -0.67
06101970 23 -0.62
07101970 23 -0.57
08101970 23 -0.53
09101970 23 -0.49
10101970 23 -0.83
11101970 23 -0.95
12101970 23 -0.88
13101970 23 -0.86
14101970 23 -0.83
15101970 23 -0.80
16101970 23 -0.76
17101970 23 -0.72
18101970 23 -0.91
19101970 23 -0.97
20101970 23 -0.98
21101970 23 -0.97
22101970 23 -0.97
23101970 23 -0.97
24101970 23 -0.97
25101970 23 -0.95
26101970 23 -0.94
27101970 23 -0.96
28101970 23 -0.97
29101970 23 -0.96
30101970 23 -0.94
31101970 23 -0.93
01111970 23 -0.92
02111970 23 -0.93
03111970 23 -0.93
04111970 23 -0.94
05111970 23 -0.94
06111970 23 -0.94
07111970 23 -0.94
08111970 23 -0.94
09111970 23 -0.94
10111970 23 -0.94
11111970 23 -0.94
12111970 23 -0.94
13111970 23 -0.94
14111970 23 -0.95
15111970 23 -0.99
16111970 23 -1.03
17111970 23 -1.06
18111970 23 -1.07
19111970 23 -1.08
20111970 23 -1.10
21111970 23 -1.10
22111970 23 -1.10
23111970 23 -1.10
24111970 23 -1.10
25111970 23 -1.10
26111970 23 -1.10
27111970 23 -1.10
28111970 23 -1.10
29111970 23 -1.10
30111970 23 -1.11
01121970 23 -1.11
02121970 23 -1.11
03121970 23 -1.11
04121970 23 -1.10
05121970 23 -1.09
06121970 23 -1.08
07121970 23 -1.09
08121970 23 -1.08
09121970 23 -1.08
10121970 23 -1.08
11121970 23 -1.08
12121970 23 -1.09
13121970 23 -1.09
14121970 23 -1.09
15121970 23 -1.09
16121970 23 -1.09
17121970 23 -1.09
18121970 23 -1.08
19121970 23 -1.04
20121970 23 -1.01
21121970 23 -1.00
22121970 23 -1.09
23121970 23 -1.10
24121970 23 -1.04
25121970 23 -1.01
26121970 23 -0.98
27121970 23 -0.96
28121970 23 -0.96
29121970 23 -0.94
30121970 23 -0.92
31121970 23 -0.90
