01011996 23 -0.91
02011996 23 -0.91
03011996 23 -0.90
04011996 23 -0.90
05011996 23 -0.90
06011996 23 -0.91
07011996 23 -0.91
08011996 23 -0.91
09011996 23 -0.91
10011996 23 -0.90
11011996 23 -0.89
12011996 23 -0.87
13011996 23 -0.86
14011996 23 -0.85
15011996 23 -0.83
16011996 23 -0.86
17011996 23 -0.89
18011996 23 -0.89
19011996 23 -0.88
20011996 23 -0.90
21011996 23 -0.90
22011996 23 -0.89
23011996 23 -0.88
24011996 23 -0.87
25011996 23 -0.85
26011996 23 -0.84
27011996 23 -0.82
28011996 23 -0.80
29011996 23 -0.78
30011996 23 -0.76
31011996 23 -0.75
01021996 23 -0.80
02021996 23 -0.85
03021996 23 -0.88
04021996 23 -0.88
05021996 23 -0.87
06021996 23 -0.86
07021996 23 -0.84
08021996 23 -0.83
09021996 23 -0.81
10021996 23 -0.79
11021996 23 -0.83
12021996 23 -0.87
13021996 23 -0.90
14021996 23 -0.90
15021996 23 -0.88
16021996 23 -0.87
17021996 23 -0.85
18021996 23 -0.84
19021996 23 -0.82
20021996 23 -0.80
21021996 23 -0.78
22021996 23 -0.75
23021996 23 -0.73
24021996 23 -0.78
25021996 23 -0.78
26021996 23 -0.78
27021996 23 -0.82
28021996 23 -0.86
01031996 23 -0.87
02031996 23 -0.89
03031996 23 -0.90
04031996 23 -0.88
05031996 23 -0.86
06031996 23 -0.86
07031996 23 -0.89
08031996 23 -0.89
09031996 23 -0.87
10031996 23 -0.85
11031996 23 -0.84
12031996 23 -0.87
13031996 23 -0.89
14031996 23 -0.88
15031996 23 -0.89
16031996 23 -0.90
17031996 23 -0.88
18031996 23 -0.88
19031996 23 -0.90
20031996 23 -0.89
21031996 23 -0.88
22031996 23 -0.90
23031996 23 -0.89
24031996 23 -0.90
25031996 23 -0.89
26031996 23 -0.88
27031996 23 -0.90
28031996 23 -0.89
29031996 23 -0.87
30031996 23 -0.86
31031996 23 -0.89
01041996 23 -0.90
02041996 23 -0.88
03041996 23 -0.88
04041996 23 -0.90
05041996 23 -0.90
06041996 23 -0.88
07041996 23 -0.87
08041996 23 -0.85
09041996 23 -0.83
10041996 23 -0.80
11041996 23 -0.79
12041996 23 -0.83
13041996 23 -0.86
14041996 23 -0.86
15041996 23 -0.85
16041996 23 -0.82
17041996 23 -0.80
18041996 23 -0.83
19041996 23 -0.84
20041996 23 -0.83
21041996 23 -0.80
22041996 23 -0.79
23041996 23 -0.82
24041996 23 -0.83
25041996 23 -0.81
26041996 23 -0.79
27041996 23 -0.78
28041996 23 -0.83
29041996 23 -0.84
30041996 23 -0.83
01051996 23 -0.86
02051996 23 -0.87
03051996 23 -0.85
04051996 23 -0.84
05051996 23 -0.87
06051996 23 -0.88
07051996 23 -0.86
08051996 23 -0.85
09051996 23 -0.88
10051996 23 -0.88
11051996 23 -0.88
12051996 23 -0.89
13051996 23 -0.89
14051996 23 -0.89
15051996 23 -0.87
16051996 23 -0.89
17051996 23 -0.90
18051996 23 -0.89
19051996 23 -0.85
20051996 23 -0.81
21051996 23 -0.81
22051996 23 -0.86
23051996 23 -0.88
24051996 23 -0.86
25051996 23 -0.84
26051996 23 -0.81
27051996 23 -0.78
28051996 23 -0.75
29051996 23 -0.71
30051996 23 -0.67
31051996 23 -0.63
01061996 23 -0.60
02061996 23 -0.72
03061996 23 -0.79
04061996 23 -0.78
05061996 23 -0.75
06061996 23 -0.72
07061996 23 -0.69
08061996 23 -0.65
09061996 23 -0.62
10061996 23 -0.59
11061996 23 -0.59
12061996 23 -0.78
13061996 23 -0.86
14061996 23 -0.88
15061996 23 -0.87
16061996 23 -0.84
17061996 23 -0.80
18061996 23 -0.76
19061996 23 -0.72
20061996 23 -0.71
21061996 23 -0.79
22061996 23 -0.82
23061996 23 -0.83
24061996 23 -0.83
25061996 23 -0.81
26061996 23 -0.78
27061996 23 -0.78
28061996 23 -0.83
29061996 23 -0.86
30061996 23 -0.87
01071996 23 -0.84
02071996 23 -0.80
03071996 23 -0.76
04071996 23 -0.70
05071996 23 -0.65
06071996 23 -0.60
07071996 23 -0.55
08071996 23 -0.51
09071996 23 -0.47
10071996 23 -0.48
11071996 23 -0.71
12071996 23 -0.73
13071996 23 -0.65
14071996 23 -0.60
15071996 23 -0.55
16071996 23 -0.51
17071996 23 -0.68
18071996 23 -0.74
19071996 23 -0.69
20071996 23 -0.64
21071996 23 -0.60
22071996 23 -0.56
23071996 23 -0.52
24071996 23 -0.49
25071996 23 -0.45
26071996 23 -0.41
27071996 23 -0.37
28071996 23 -0.32
29071996 23 -0.27
30071996 23 -0.19
31071996 23 -0.11
01081996 23 -0.21
02081996 23 -0.73
03081996 23 -0.81
04081996 23 -0.84
05081996 23 -0.85
06081996 23 -0.84
07081996 23 -0.83
08081996 23 -0.81
09081996 23 -0.79
10081996 23 -0.75
11081996 23 -0.71
12081996 23 -0.74
13081996 23 -0.87
14081996 23 -0.92
15081996 23 -0.90
16081996 23 -0.88
17081996 23 -0.86
18081996 23 -0.83
19081996 23 -0.81
20081996 23 -0.81
21081996 23 -0.78
22081996 23 -0.77
23081996 23 -0.72
24081996 23 -0.67
25081996 23 -0.62
26081996 23 -0.57
27081996 23 -0.53
28081996 23 -0.49
29081996 23 -0.46
30081996 23 -0.73
31081996 23 -0.85
01091996 23 -0.88
02091996 23 -0.88
03091996 23 -0.89
04091996 23 -0.87
05091996 23 -0.85
06091996 23 -0.91
07091996 23 -0.93
08091996 23 -0.91
09091996 23 -0.89
10091996 23 -0.88
11091996 23 -0.87
12091996 23 -0.85
13091996 23 -0.84
14091996 23 -0.83
15091996 23 -0.79
16091996 23 -0.77
17091996 23 -0.87
18091996 23 -0.92
19091996 23 -0.92
20091996 23 -0.89
21091996 23 -0.88
22091996 23 -0.86
23091996 23 -0.86
24091996 23 -0.84
25091996 23 -0.81
26091996 23 -0.77
27091996 23 -0.72
28091996 23 -0.67
29091996 23 -0.63
30091996 23 -0.61
01101996 23 -0.66
02101996 23 -0.81
03101996 23 -0.78
04101996 23 -0.73
05101996 23 -0.67
06101996 23 -0.62
07101996 23 -0.57
08101996 23 -0.53
09101996 23 -0.49
10101996 23 -0.83
11101996 23 -0.95
12101996 23 -0.88
13101996 23 -0.86
14101996 23 -0.83
15101996 23 -0.80
16101996 23 -0.76
17101996 23 -0.72
18101996 23 -0.91
19101996 23 -0.97
20101996 23 -0.98
21101996 23 -0.97
22101996 23 -0.97
23101996 23 -0.97
24101996 23 -0.97
25101996 23 -0.95
26101996 23 -0.94
27101996 23 -0.96
28101996 23 -0.97
29101996 23 -0.96
30101996 23 -0.94
31101996 23 -0.93
01111996 23 -0.92
02111996 23 -0.93
03111996 23 -0.93
04111996 23 -0.94
05111996 23 -0.94
06111996 23 -0.94
07111996 23 -0.94
08111996 23 -0.94
09111996 23 -0.94
10111996 23 -0.94
11111996 23 -0.94
12111996 23 -0.94
13111996 23 -0.94
14111996 23 -0.95
15111996 23 -0.99
16111996 23 -1.03
17111996 23 -1.06
18111996 23 -1.07
19111996 23 -1.08
20111996 23 -1.10
21111996 23 -1.10
22111996 23 -1.10
23111996 23 -1.10
24111996 23 -1.10
25111996 23 -1.10
26111996 23 -1.10
27111996 23 -1.10
28111996 23 -1.10
29111996 23 -1.10
30111996 23 -1.11
01121996 23 -1.11
02121996 23 -1.11
03121996 23 -1.11
04121996 23 -1.10
05121996 23 -1.09
06121996 23 -1.08
07121996 23 -1.09
08121996 23 -1.08
09121996 23 -1.08
10121996 23 -1.08
11121996 23 -1.08
12121996 23 -1.09
13121996 23 -1.09
14121996 23 -1.09
15121996 23 -1.09
16121996 23 -1.09
17121996 23 -1.09
18121996 23 -1.08
19121996 23 -1.04
20121996 23 -1.01
21121996 23 -1.00
22121996 23 -1.09
23121996 23 -1.10
24121996 23 -1.04
25121996 23 -1.01
26121996 23 -0.98
27121996 23 -0.96
28121996 23 -0.96
29121996 23 -0.94
30121996 23 -0.92
31121996 23 -0.90
