01011989 23 -0.91
02011989 23 -0.91
03011989 23 -0.90
04011989 23 -0.90
05011989 23 -0.90
06011989 23 -0.91
07011989 23 -0.91
08011989 23 -0.91
09011989 23 -0.91
10011989 23 -0.90
11011989 23 -0.89
12011989 23 -0.87
13011989 23 -0.86
14011989 23 -0.85
15011989 23 -0.83
16011989 23 -0.86
17011989 23 -0.89
18011989 23 -0.89
19011989 23 -0.88
20011989 23 -0.90
21011989 23 -0.90
22011989 23 -0.89
23011989 23 -0.88
24011989 23 -0.87
25011989 23 -0.85
26011989 23 -0.84
27011989 23 -0.82
28011989 23 -0.80
29011989 23 -0.78
30011989 23 -0.76
31011989 23 -0.75
01021989 23 -0.80
02021989 23 -0.85
03021989 23 -0.88
04021989 23 -0.88
05021989 23 -0.87
06021989 23 -0.86
07021989 23 -0.84
08021989 23 -0.83
09021989 23 -0.81
10021989 23 -0.79
11021989 23 -0.83
12021989 23 -0.87
13021989 23 -0.90
14021989 23 -0.90
15021989 23 -0.88
16021989 23 -0.87
17021989 23 -0.85
18021989 23 -0.84
19021989 23 -0.82
20021989 23 -0.80
21021989 23 -0.78
22021989 23 -0.75
23021989 23 -0.73
24021989 23 -0.78
25021989 23 -0.78
26021989 23 -0.78
27021989 23 -0.82
28021989 23 -0.86
01031989 23 -0.87
02031989 23 -0.89
03031989 23 -0.90
04031989 23 -0.88
05031989 23 -0.86
06031989 23 -0.86
07031989 23 -0.89
08031989 23 -0.89
09031989 23 -0.87
10031989 23 -0.85
11031989 23 -0.84
12031989 23 -0.87
13031989 23 -0.89
14031989 23 -0.88
15031989 23 -0.89
16031989 23 -0.90
17031989 23 -0.88
18031989 23 -0.88
19031989 23 -0.90
20031989 23 -0.89
21031989 23 -0.88
22031989 23 -0.90
23031989 23 -0.89
24031989 23 -0.90
25031989 23 -0.89
26031989 23 -0.88
27031989 23 -0.90
28031989 23 -0.89
29031989 23 -0.87
30031989 23 -0.86
31031989 23 -0.89
01041989 23 -0.90
02041989 23 -0.88
03041989 23 -0.88
04041989 23 -0.90
05041989 23 -0.90
06041989 23 -0.88
07041989 23 -0.87
08041989 23 -0.85
09041989 23 -0.83
10041989 23 -0.80
11041989 23 -0.79
12041989 23 -0.83
13041989 23 -0.86
14041989 23 -0.86
15041989 23 -0.85
16041989 23 -0.82
17041989 23 -0.80
18041989 23 -0.83
19041989 23 -0.84
20041989 23 -0.83
21041989 23 -0.80
22041989 23 -0.79
23041989 23 -0.82
24041989 23 -0.83
25041989 23 -0.81
26041989 23 -0.79
27041989 23 -0.78
28041989 23 -0.83
29041989 23 -0.84
30041989 23 -0.83
01051989 23 -0.86
02051989 23 -0.87
03051989 23 -0.85
04051989 23 -0.84
05051989 23 -0.87
06051989 23 -0.88
07051989 23 -0.86
08051989 23 -0.85
09051989 23 -0.88
10051989 23 -0.88
11051989 23 -0.88
12051989 23 -0.89
13051989 23 -0.89
14051989 23 -0.89
15051989 23 -0.87
16051989 23 -0.89
17051989 23 -0.90
18051989 23 -0.89
19051989 23 -0.85
20051989 23 -0.81
21051989 23 -0.81
22051989 23 -0.86
23051989 23 -0.88
24051989 23 -0.86
25051989 23 -0.84
26051989 23 -0.81
27051989 23 -0.78
28051989 23 -0.75
29051989 23 -0.71
30051989 23 -0.67
31051989 23 -0.63
01061989 23 -0.60
02061989 23 -0.72
03061989 23 -0.79
04061989 23 -0.78
05061989 23 -0.75
06061989 23 -0.72
07061989 23 -0.69
08061989 23 -0.65
09061989 23 -0.62
10061989 23 -0.59
11061989 23 -0.59
12061989 23 -0.78
13061989 23 -0.86
14061989 23 -0.88
15061989 23 -0.87
16061989 23 -0.84
17061989 23 -0.80
18061989 23 -0.76
19061989 23 -0.72
20061989 23 -0.71
21061989 23 -0.79
22061989 23 -0.82
23061989 23 -0.83
24061989 23 -0.83
25061989 23 -0.81
26061989 23 -0.78
27061989 23 -0.78
28061989 23 -0.83
29061989 23 -0.86
30061989 23 -0.87
01071989 23 -0.84
02071989 23 -0.80
03071989 23 -0.76
04071989 23 -0.70
05071989 23 -0.65
06071989 23 -0.60
07071989 23 -0.55
08071989 23 -0.51
09071989 23 -0.47
10071989 23 -0.48
11071989 23 -0.71
12071989 23 -0.73
13071989 23 -0.65
14071989 23 -0.60
15071989 23 -0.55
16071989 23 -0.51
17071989 23 -0.68
18071989 23 -0.74
19071989 23 -0.69
20071989 23 -0.64
21071989 23 -0.60
22071989 23 -0.56
23071989 23 -0.52
24071989 23 -0.49
25071989 23 -0.45
26071989 23 -0.41
27071989 23 -0.37
28071989 23 -0.32
29071989 23 -0.27
30071989 23 -0.19
31071989 23 -0.11
01081989 23 -0.21
02081989 23 -0.73
03081989 23 -0.81
04081989 23 -0.84
05081989 23 -0.85
06081989 23 -0.84
07081989 23 -0.83
08081989 23 -0.81
09081989 23 -0.79
10081989 23 -0.75
11081989 23 -0.71
12081989 23 -0.74
13081989 23 -0.87
14081989 23 -0.92
15081989 23 -0.90
16081989 23 -0.88
17081989 23 -0.86
18081989 23 -0.83
19081989 23 -0.81
20081989 23 -0.81
21081989 23 -0.78
22081989 23 -0.77
23081989 23 -0.72
24081989 23 -0.67
25081989 23 -0.62
26081989 23 -0.57
27081989 23 -0.53
28081989 23 -0.49
29081989 23 -0.46
30081989 23 -0.73
31081989 23 -0.85
01091989 23 -0.88
02091989 23 -0.88
03091989 23 -0.89
04091989 23 -0.87
05091989 23 -0.85
06091989 23 -0.91
07091989 23 -0.93
08091989 23 -0.91
09091989 23 -0.89
10091989 23 -0.88
11091989 23 -0.87
12091989 23 -0.85
13091989 23 -0.84
14091989 23 -0.83
15091989 23 -0.79
16091989 23 -0.77
17091989 23 -0.87
18091989 23 -0.92
19091989 23 -0.92
20091989 23 -0.89
21091989 23 -0.88
22091989 23 -0.86
23091989 23 -0.86
24091989 23 -0.84
25091989 23 -0.81
26091989 23 -0.77
27091989 23 -0.72
28091989 23 -0.67
29091989 23 -0.63
30091989 23 -0.61
01101989 23 -0.66
02101989 23 -0.81
03101989 23 -0.78
04101989 23 -0.73
05101989 23 -0.67
06101989 23 -0.62
07101989 23 -0.57
08101989 23 -0.53
09101989 23 -0.49
10101989 23 -0.83
11101989 23 -0.95
12101989 23 -0.88
13101989 23 -0.86
14101989 23 -0.83
15101989 23 -0.80
16101989 23 -0.76
17101989 23 -0.72
18101989 23 -0.91
19101989 23 -0.97
20101989 23 -0.98
21101989 23 -0.97
22101989 23 -0.97
23101989 23 -0.97
24101989 23 -0.97
25101989 23 -0.95
26101989 23 -0.94
27101989 23 -0.96
28101989 23 -0.97
29101989 23 -0.96
30101989 23 -0.94
31101989 23 -0.93
01111989 23 -0.92
02111989 23 -0.93
03111989 23 -0.93
04111989 23 -0.94
05111989 23 -0.94
06111989 23 -0.94
07111989 23 -0.94
08111989 23 -0.94
09111989 23 -0.94
10111989 23 -0.94
11111989 23 -0.94
12111989 23 -0.94
13111989 23 -0.94
14111989 23 -0.95
15111989 23 -0.99
16111989 23 -1.03
17111989 23 -1.06
18111989 23 -1.07
19111989 23 -1.08
20111989 23 -1.10
21111989 23 -1.10
22111989 23 -1.10
23111989 23 -1.10
24111989 23 -1.10
25111989 23 -1.10
26111989 23 -1.10
27111989 23 -1.10
28111989 23 -1.10
29111989 23 -1.10
30111989 23 -1.11
01121989 23 -1.11
02121989 23 -1.11
03121989 23 -1.11
04121989 23 -1.10
05121989 23 -1.09
06121989 23 -1.08
07121989 23 -1.09
08121989 23 -1.08
09121989 23 -1.08
10121989 23 -1.08
11121989 23 -1.08
12121989 23 -1.09
13121989 23 -1.09
14121989 23 -1.09
15121989 23 -1.09
16121989 23 -1.09
17121989 23 -1.09
18121989 23 -1.08
19121989 23 -1.04
20121989 23 -1.01
21121989 23 -1.00
22121989 23 -1.09
23121989 23 -1.10
24121989 23 -1.04
25121989 23 -1.01
26121989 23 -0.98
27121989 23 -0.96
28121989 23 -0.96
29121989 23 -0.94
30121989 23 -0.92
31121989 23 -0.90
