01011981 23 -0.91
02011981 23 -0.91
03011981 23 -0.90
04011981 23 -0.90
05011981 23 -0.90
06011981 23 -0.91
07011981 23 -0.91
08011981 23 -0.91
09011981 23 -0.91
10011981 23 -0.90
11011981 23 -0.89
12011981 23 -0.87
13011981 23 -0.86
14011981 23 -0.85
15011981 23 -0.83
16011981 23 -0.86
17011981 23 -0.89
18011981 23 -0.89
19011981 23 -0.88
20011981 23 -0.90
21011981 23 -0.90
22011981 23 -0.89
23011981 23 -0.88
24011981 23 -0.87
25011981 23 -0.85
26011981 23 -0.84
27011981 23 -0.82
28011981 23 -0.80
29011981 23 -0.78
30011981 23 -0.76
31011981 23 -0.75
01021981 23 -0.80
02021981 23 -0.85
03021981 23 -0.88
04021981 23 -0.88
05021981 23 -0.87
06021981 23 -0.86
07021981 23 -0.84
08021981 23 -0.83
09021981 23 -0.81
10021981 23 -0.79
11021981 23 -0.83
12021981 23 -0.87
13021981 23 -0.90
14021981 23 -0.90
15021981 23 -0.88
16021981 23 -0.87
17021981 23 -0.85
18021981 23 -0.84
19021981 23 -0.82
20021981 23 -0.80
21021981 23 -0.78
22021981 23 -0.75
23021981 23 -0.73
24021981 23 -0.78
25021981 23 -0.78
26021981 23 -0.78
27021981 23 -0.82
28021981 23 -0.86
01031981 23 -0.87
02031981 23 -0.89
03031981 23 -0.90
04031981 23 -0.88
05031981 23 -0.86
06031981 23 -0.86
07031981 23 -0.89
08031981 23 -0.89
09031981 23 -0.87
10031981 23 -0.85
11031981 23 -0.84
12031981 23 -0.87
13031981 23 -0.89
14031981 23 -0.88
15031981 23 -0.89
16031981 23 -0.90
17031981 23 -0.88
18031981 23 -0.88
19031981 23 -0.90
20031981 23 -0.89
21031981 23 -0.88
22031981 23 -0.90
23031981 23 -0.89
24031981 23 -0.90
25031981 23 -0.89
26031981 23 -0.88
27031981 23 -0.90
28031981 23 -0.89
29031981 23 -0.87
30031981 23 -0.86
31031981 23 -0.89
01041981 23 -0.90
02041981 23 -0.88
03041981 23 -0.88
04041981 23 -0.90
05041981 23 -0.90
06041981 23 -0.88
07041981 23 -0.87
08041981 23 -0.85
09041981 23 -0.83
10041981 23 -0.80
11041981 23 -0.79
12041981 23 -0.83
13041981 23 -0.86
14041981 23 -0.86
15041981 23 -0.85
16041981 23 -0.82
17041981 23 -0.80
18041981 23 -0.83
19041981 23 -0.84
20041981 23 -0.83
21041981 23 -0.80
22041981 23 -0.79
23041981 23 -0.82
24041981 23 -0.83
25041981 23 -0.81
26041981 23 -0.79
27041981 23 -0.78
28041981 23 -0.83
29041981 23 -0.84
30041981 23 -0.83
01051981 23 -0.86
02051981 23 -0.87
03051981 23 -0.85
04051981 23 -0.84
05051981 23 -0.87
06051981 23 -0.88
07051981 23 -0.86
08051981 23 -0.85
09051981 23 -0.88
10051981 23 -0.88
11051981 23 -0.88
12051981 23 -0.89
13051981 23 -0.89
14051981 23 -0.89
15051981 23 -0.87
16051981 23 -0.89
17051981 23 -0.90
18051981 23 -0.89
19051981 23 -0.85
20051981 23 -0.81
21051981 23 -0.81
22051981 23 -0.86
23051981 23 -0.88
24051981 23 -0.86
25051981 23 -0.84
26051981 23 -0.81
27051981 23 -0.78
28051981 23 -0.75
29051981 23 -0.71
30051981 23 -0.67
31051981 23 -0.63
01061981 23 -0.60
02061981 23 -0.72
03061981 23 -0.79
04061981 23 -0.78
05061981 23 -0.75
06061981 23 -0.72
07061981 23 -0.69
08061981 23 -0.65
09061981 23 -0.62
10061981 23 -0.59
11061981 23 -0.59
12061981 23 -0.78
13061981 23 -0.86
14061981 23 -0.88
15061981 23 -0.87
16061981 23 -0.84
17061981 23 -0.80
18061981 23 -0.76
19061981 23 -0.72
20061981 23 -0.71
21061981 23 -0.79
22061981 23 -0.82
23061981 23 -0.83
24061981 23 -0.83
25061981 23 -0.81
26061981 23 -0.78
27061981 23 -0.78
28061981 23 -0.83
29061981 23 -0.86
30061981 23 -0.87
01071981 23 -0.84
02071981 23 -0.80
03071981 23 -0.76
04071981 23 -0.70
05071981 23 -0.65
06071981 23 -0.60
07071981 23 -0.55
08071981 23 -0.51
09071981 23 -0.47
10071981 23 -0.48
11071981 23 -0.71
12071981 23 -0.73
13071981 23 -0.65
14071981 23 -0.60
15071981 23 -0.55
16071981 23 -0.51
17071981 23 -0.68
18071981 23 -0.74
19071981 23 -0.69
20071981 23 -0.64
21071981 23 -0.60
22071981 23 -0.56
23071981 23 -0.52
24071981 23 -0.49
25071981 23 -0.45
26071981 23 -0.41
27071981 23 -0.37
28071981 23 -0.32
29071981 23 -0.27
30071981 23 -0.19
31071981 23 -0.11
01081981 23 -0.21
02081981 23 -0.73
03081981 23 -0.81
04081981 23 -0.84
05081981 23 -0.85
06081981 23 -0.84
07081981 23 -0.83
08081981 23 -0.81
09081981 23 -0.79
10081981 23 -0.75
11081981 23 -0.71
12081981 23 -0.74
13081981 23 -0.87
14081981 23 -0.92
15081981 23 -0.90
16081981 23 -0.88
17081981 23 -0.86
18081981 23 -0.83
19081981 23 -0.81
20081981 23 -0.81
21081981 23 -0.78
22081981 23 -0.77
23081981 23 -0.72
24081981 23 -0.67
25081981 23 -0.62
26081981 23 -0.57
27081981 23 -0.53
28081981 23 -0.49
29081981 23 -0.46
30081981 23 -0.73
31081981 23 -0.85
01091981 23 -0.88
02091981 23 -0.88
03091981 23 -0.89
04091981 23 -0.87
05091981 23 -0.85
06091981 23 -0.91
07091981 23 -0.93
08091981 23 -0.91
09091981 23 -0.89
10091981 23 -0.88
11091981 23 -0.87
12091981 23 -0.85
13091981 23 -0.84
14091981 23 -0.83
15091981 23 -0.79
16091981 23 -0.77
17091981 23 -0.87
18091981 23 -0.92
19091981 23 -0.92
20091981 23 -0.89
21091981 23 -0.88
22091981 23 -0.86
23091981 23 -0.86
24091981 23 -0.84
25091981 23 -0.81
26091981 23 -0.77
27091981 23 -0.72
28091981 23 -0.67
29091981 23 -0.63
30091981 23 -0.61
01101981 23 -0.66
02101981 23 -0.81
03101981 23 -0.78
04101981 23 -0.73
05101981 23 -0.67
06101981 23 -0.62
07101981 23 -0.57
08101981 23 -0.53
09101981 23 -0.49
10101981 23 -0.83
11101981 23 -0.95
12101981 23 -0.88
13101981 23 -0.86
14101981 23 -0.83
15101981 23 -0.80
16101981 23 -0.76
17101981 23 -0.72
18101981 23 -0.91
19101981 23 -0.97
20101981 23 -0.98
21101981 23 -0.97
22101981 23 -0.97
23101981 23 -0.97
24101981 23 -0.97
25101981 23 -0.95
26101981 23 -0.94
27101981 23 -0.96
28101981 23 -0.97
29101981 23 -0.96
30101981 23 -0.94
31101981 23 -0.93
01111981 23 -0.92
02111981 23 -0.93
03111981 23 -0.93
04111981 23 -0.94
05111981 23 -0.94
06111981 23 -0.94
07111981 23 -0.94
08111981 23 -0.94
09111981 23 -0.94
10111981 23 -0.94
11111981 23 -0.94
12111981 23 -0.94
13111981 23 -0.94
14111981 23 -0.95
15111981 23 -0.99
16111981 23 -1.03
17111981 23 -1.06
18111981 23 -1.07
19111981 23 -1.08
20111981 23 -1.10
21111981 23 -1.10
22111981 23 -1.10
23111981 23 -1.10
24111981 23 -1.10
25111981 23 -1.10
26111981 23 -1.10
27111981 23 -1.10
28111981 23 -1.10
29111981 23 -1.10
30111981 23 -1.11
01121981 23 -1.11
02121981 23 -1.11
03121981 23 -1.11
04121981 23 -1.10
05121981 23 -1.09
06121981 23 -1.08
07121981 23 -1.09
08121981 23 -1.08
09121981 23 -1.08
10121981 23 -1.08
11121981 23 -1.08
12121981 23 -1.09
13121981 23 -1.09
14121981 23 -1.09
15121981 23 -1.09
16121981 23 -1.09
17121981 23 -1.09
18121981 23 -1.08
19121981 23 -1.04
20121981 23 -1.01
21121981 23 -1.00
22121981 23 -1.09
23121981 23 -1.10
24121981 23 -1.04
25121981 23 -1.01
26121981 23 -0.98
27121981 23 -0.96
28121981 23 -0.96
29121981 23 -0.94
30121981 23 -0.92
31121981 23 -0.90
