01011943 23 -0.91
02011943 23 -0.91
03011943 23 -0.90
04011943 23 -0.90
05011943 23 -0.90
06011943 23 -0.91
07011943 23 -0.91
08011943 23 -0.91
09011943 23 -0.91
10011943 23 -0.90
11011943 23 -0.89
12011943 23 -0.87
13011943 23 -0.86
14011943 23 -0.85
15011943 23 -0.83
16011943 23 -0.86
17011943 23 -0.89
18011943 23 -0.89
19011943 23 -0.88
20011943 23 -0.90
21011943 23 -0.90
22011943 23 -0.89
23011943 23 -0.88
24011943 23 -0.87
25011943 23 -0.85
26011943 23 -0.84
27011943 23 -0.82
28011943 23 -0.80
29011943 23 -0.78
30011943 23 -0.76
31011943 23 -0.75
01021943 23 -0.80
02021943 23 -0.85
03021943 23 -0.88
04021943 23 -0.88
05021943 23 -0.87
06021943 23 -0.86
07021943 23 -0.84
08021943 23 -0.83
09021943 23 -0.81
10021943 23 -0.79
11021943 23 -0.83
12021943 23 -0.87
13021943 23 -0.90
14021943 23 -0.90
15021943 23 -0.88
16021943 23 -0.87
17021943 23 -0.85
18021943 23 -0.84
19021943 23 -0.82
20021943 23 -0.80
21021943 23 -0.78
22021943 23 -0.75
23021943 23 -0.73
24021943 23 -0.78
25021943 23 -0.78
26021943 23 -0.78
27021943 23 -0.82
28021943 23 -0.86
01031943 23 -0.87
02031943 23 -0.89
03031943 23 -0.90
04031943 23 -0.88
05031943 23 -0.86
06031943 23 -0.86
07031943 23 -0.89
08031943 23 -0.89
09031943 23 -0.87
10031943 23 -0.85
11031943 23 -0.84
12031943 23 -0.87
13031943 23 -0.89
14031943 23 -0.88
15031943 23 -0.89
16031943 23 -0.90
17031943 23 -0.88
18031943 23 -0.88
19031943 23 -0.90
20031943 23 -0.89
21031943 23 -0.88
22031943 23 -0.90
23031943 23 -0.89
24031943 23 -0.90
25031943 23 -0.89
26031943 23 -0.88
27031943 23 -0.90
28031943 23 -0.89
29031943 23 -0.87
30031943 23 -0.86
31031943 23 -0.89
01041943 23 -0.90
02041943 23 -0.88
03041943 23 -0.88
04041943 23 -0.90
05041943 23 -0.90
06041943 23 -0.88
07041943 23 -0.87
08041943 23 -0.85
09041943 23 -0.83
10041943 23 -0.80
11041943 23 -0.79
12041943 23 -0.83
13041943 23 -0.86
14041943 23 -0.86
15041943 23 -0.85
16041943 23 -0.82
17041943 23 -0.80
18041943 23 -0.83
19041943 23 -0.84
20041943 23 -0.83
21041943 23 -0.80
22041943 23 -0.79
23041943 23 -0.82
24041943 23 -0.83
25041943 23 -0.81
26041943 23 -0.79
27041943 23 -0.78
28041943 23 -0.83
29041943 23 -0.84
30041943 23 -0.83
01051943 23 -0.86
02051943 23 -0.87
03051943 23 -0.85
04051943 23 -0.84
05051943 23 -0.87
06051943 23 -0.88
07051943 23 -0.86
08051943 23 -0.85
09051943 23 -0.88
10051943 23 -0.88
11051943 23 -0.88
12051943 23 -0.89
13051943 23 -0.89
14051943 23 -0.89
15051943 23 -0.87
16051943 23 -0.89
17051943 23 -0.90
18051943 23 -0.89
19051943 23 -0.85
20051943 23 -0.81
21051943 23 -0.81
22051943 23 -0.86
23051943 23 -0.88
24051943 23 -0.86
25051943 23 -0.84
26051943 23 -0.81
27051943 23 -0.78
28051943 23 -0.75
29051943 23 -0.71
30051943 23 -0.67
31051943 23 -0.63
01061943 23 -0.60
02061943 23 -0.72
03061943 23 -0.79
04061943 23 -0.78
05061943 23 -0.75
06061943 23 -0.72
07061943 23 -0.69
08061943 23 -0.65
09061943 23 -0.62
10061943 23 -0.59
11061943 23 -0.59
12061943 23 -0.78
13061943 23 -0.86
14061943 23 -0.88
15061943 23 -0.87
16061943 23 -0.84
17061943 23 -0.80
18061943 23 -0.76
19061943 23 -0.72
20061943 23 -0.71
21061943 23 -0.79
22061943 23 -0.82
23061943 23 -0.83
24061943 23 -0.83
25061943 23 -0.81
26061943 23 -0.78
27061943 23 -0.78
28061943 23 -0.83
29061943 23 -0.86
30061943 23 -0.87
01071943 23 -0.84
02071943 23 -0.80
03071943 23 -0.76
04071943 23 -0.70
05071943 23 -0.65
06071943 23 -0.60
07071943 23 -0.55
08071943 23 -0.51
09071943 23 -0.47
10071943 23 -0.48
11071943 23 -0.71
12071943 23 -0.73
13071943 23 -0.65
14071943 23 -0.60
15071943 23 -0.55
16071943 23 -0.51
17071943 23 -0.68
18071943 23 -0.74
19071943 23 -0.69
20071943 23 -0.64
21071943 23 -0.60
22071943 23 -0.56
23071943 23 -0.52
24071943 23 -0.49
25071943 23 -0.45
26071943 23 -0.41
27071943 23 -0.37
28071943 23 -0.32
29071943 23 -0.27
30071943 23 -0.19
31071943 23 -0.11
01081943 23 -0.21
02081943 23 -0.73
03081943 23 -0.81
04081943 23 -0.84
05081943 23 -0.85
06081943 23 -0.84
07081943 23 -0.83
08081943 23 -0.81
09081943 23 -0.79
10081943 23 -0.75
11081943 23 -0.71
12081943 23 -0.74
13081943 23 -0.87
14081943 23 -0.92
15081943 23 -0.90
16081943 23 -0.88
17081943 23 -0.86
18081943 23 -0.83
19081943 23 -0.81
20081943 23 -0.81
21081943 23 -0.78
22081943 23 -0.77
23081943 23 -0.72
24081943 23 -0.67
25081943 23 -0.62
26081943 23 -0.57
27081943 23 -0.53
28081943 23 -0.49
29081943 23 -0.46
30081943 23 -0.73
31081943 23 -0.85
01091943 23 -0.88
02091943 23 -0.88
03091943 23 -0.89
04091943 23 -0.87
05091943 23 -0.85
06091943 23 -0.91
07091943 23 -0.93
08091943 23 -0.91
09091943 23 -0.89
10091943 23 -0.88
11091943 23 -0.87
12091943 23 -0.85
13091943 23 -0.84
14091943 23 -0.83
15091943 23 -0.79
16091943 23 -0.77
17091943 23 -0.87
18091943 23 -0.92
19091943 23 -0.92
20091943 23 -0.89
21091943 23 -0.88
22091943 23 -0.86
23091943 23 -0.86
24091943 23 -0.84
25091943 23 -0.81
26091943 23 -0.77
27091943 23 -0.72
28091943 23 -0.67
29091943 23 -0.63
30091943 23 -0.61
01101943 23 -0.66
02101943 23 -0.81
03101943 23 -0.78
04101943 23 -0.73
05101943 23 -0.67
06101943 23 -0.62
07101943 23 -0.57
08101943 23 -0.53
09101943 23 -0.49
10101943 23 -0.83
11101943 23 -0.95
12101943 23 -0.88
13101943 23 -0.86
14101943 23 -0.83
15101943 23 -0.80
16101943 23 -0.76
17101943 23 -0.72
18101943 23 -0.91
19101943 23 -0.97
20101943 23 -0.98
21101943 23 -0.97
22101943 23 -0.97
23101943 23 -0.97
24101943 23 -0.97
25101943 23 -0.95
26101943 23 -0.94
27101943 23 -0.96
28101943 23 -0.97
29101943 23 -0.96
30101943 23 -0.94
31101943 23 -0.93
01111943 23 -0.92
02111943 23 -0.93
03111943 23 -0.93
04111943 23 -0.94
05111943 23 -0.94
06111943 23 -0.94
07111943 23 -0.94
08111943 23 -0.94
09111943 23 -0.94
10111943 23 -0.94
11111943 23 -0.94
12111943 23 -0.94
13111943 23 -0.94
14111943 23 -0.95
15111943 23 -0.99
16111943 23 -1.03
17111943 23 -1.06
18111943 23 -1.07
19111943 23 -1.08
20111943 23 -1.10
21111943 23 -1.10
22111943 23 -1.10
23111943 23 -1.10
24111943 23 -1.10
25111943 23 -1.10
26111943 23 -1.10
27111943 23 -1.10
28111943 23 -1.10
29111943 23 -1.10
30111943 23 -1.11
01121943 23 -1.11
02121943 23 -1.11
03121943 23 -1.11
04121943 23 -1.10
05121943 23 -1.09
06121943 23 -1.08
07121943 23 -1.09
08121943 23 -1.08
09121943 23 -1.08
10121943 23 -1.08
11121943 23 -1.08
12121943 23 -1.09
13121943 23 -1.09
14121943 23 -1.09
15121943 23 -1.09
16121943 23 -1.09
17121943 23 -1.09
18121943 23 -1.08
19121943 23 -1.04
20121943 23 -1.01
21121943 23 -1.00
22121943 23 -1.09
23121943 23 -1.10
24121943 23 -1.04
25121943 23 -1.01
26121943 23 -0.98
27121943 23 -0.96
28121943 23 -0.96
29121943 23 -0.94
30121943 23 -0.92
31121943 23 -0.90
