01012017 23 -0.91
02012017 23 -0.91
03012017 23 -0.90
04012017 23 -0.90
05012017 23 -0.90
06012017 23 -0.91
07012017 23 -0.91
08012017 23 -0.91
09012017 23 -0.91
10012017 23 -0.90
11012017 23 -0.89
12012017 23 -0.87
13012017 23 -0.86
14012017 23 -0.85
15012017 23 -0.83
16012017 23 -0.86
17012017 23 -0.89
18012017 23 -0.89
19012017 23 -0.88
20012017 23 -0.90
21012017 23 -0.90
22012017 23 -0.89
23012017 23 -0.88
24012017 23 -0.87
25012017 23 -0.85
26012017 23 -0.84
27012017 23 -0.82
28012017 23 -0.80
29012017 23 -0.78
30012017 23 -0.76
31012017 23 -0.75
01022017 23 -0.80
02022017 23 -0.85
03022017 23 -0.88
04022017 23 -0.88
05022017 23 -0.87
06022017 23 -0.86
07022017 23 -0.84
08022017 23 -0.83
09022017 23 -0.81
10022017 23 -0.79
11022017 23 -0.83
12022017 23 -0.87
13022017 23 -0.90
14022017 23 -0.90
15022017 23 -0.88
16022017 23 -0.87
17022017 23 -0.85
18022017 23 -0.84
19022017 23 -0.82
20022017 23 -0.80
21022017 23 -0.78
22022017 23 -0.75
23022017 23 -0.73
24022017 23 -0.78
25022017 23 -0.78
26022017 23 -0.78
27022017 23 -0.82
28022017 23 -0.86
01032017 23 -0.87
02032017 23 -0.89
03032017 23 -0.90
04032017 23 -0.88
05032017 23 -0.86
06032017 23 -0.86
07032017 23 -0.89
08032017 23 -0.89
09032017 23 -0.87
10032017 23 -0.85
11032017 23 -0.84
12032017 23 -0.87
13032017 23 -0.89
14032017 23 -0.88
15032017 23 -0.89
16032017 23 -0.90
17032017 23 -0.88
18032017 23 -0.88
19032017 23 -0.90
20032017 23 -0.89
21032017 23 -0.88
22032017 23 -0.90
23032017 23 -0.89
24032017 23 -0.90
25032017 23 -0.89
26032017 23 -0.88
27032017 23 -0.90
28032017 23 -0.89
29032017 23 -0.87
30032017 23 -0.86
31032017 23 -0.89
01042017 23 -0.90
02042017 23 -0.88
03042017 23 -0.88
04042017 23 -0.90
05042017 23 -0.90
06042017 23 -0.88
07042017 23 -0.87
08042017 23 -0.85
09042017 23 -0.83
10042017 23 -0.80
11042017 23 -0.79
12042017 23 -0.83
13042017 23 -0.86
14042017 23 -0.86
15042017 23 -0.85
16042017 23 -0.82
17042017 23 -0.80
18042017 23 -0.83
19042017 23 -0.84
20042017 23 -0.83
21042017 23 -0.80
22042017 23 -0.79
23042017 23 -0.82
24042017 23 -0.83
25042017 23 -0.81
26042017 23 -0.79
27042017 23 -0.78
28042017 23 -0.83
29042017 23 -0.84
30042017 23 -0.83
01052017 23 -0.86
02052017 23 -0.87
03052017 23 -0.85
04052017 23 -0.84
05052017 23 -0.87
06052017 23 -0.88
07052017 23 -0.86
08052017 23 -0.85
09052017 23 -0.88
10052017 23 -0.88
11052017 23 -0.88
12052017 23 -0.89
13052017 23 -0.89
14052017 23 -0.89
15052017 23 -0.87
16052017 23 -0.89
17052017 23 -0.90
18052017 23 -0.89
19052017 23 -0.85
20052017 23 -0.81
21052017 23 -0.81
22052017 23 -0.86
23052017 23 -0.88
24052017 23 -0.86
25052017 23 -0.84
26052017 23 -0.81
27052017 23 -0.78
28052017 23 -0.75
29052017 23 -0.71
30052017 23 -0.67
31052017 23 -0.63
01062017 23 -0.60
02062017 23 -0.72
03062017 23 -0.79
04062017 23 -0.78
05062017 23 -0.75
06062017 23 -0.72
07062017 23 -0.69
08062017 23 -0.65
09062017 23 -0.62
10062017 23 -0.59
11062017 23 -0.59
12062017 23 -0.78
13062017 23 -0.86
14062017 23 -0.88
15062017 23 -0.87
16062017 23 -0.84
17062017 23 -0.80
18062017 23 -0.76
19062017 23 -0.72
20062017 23 -0.71
21062017 23 -0.79
22062017 23 -0.82
23062017 23 -0.83
24062017 23 -0.83
25062017 23 -0.81
26062017 23 -0.78
27062017 23 -0.78
28062017 23 -0.83
29062017 23 -0.86
30062017 23 -0.87
01072017 23 -0.84
02072017 23 -0.80
03072017 23 -0.76
04072017 23 -0.70
05072017 23 -0.65
06072017 23 -0.60
07072017 23 -0.55
08072017 23 -0.51
09072017 23 -0.47
10072017 23 -0.48
11072017 23 -0.71
12072017 23 -0.73
13072017 23 -0.65
14072017 23 -0.60
15072017 23 -0.55
16072017 23 -0.51
17072017 23 -0.68
18072017 23 -0.74
19072017 23 -0.69
20072017 23 -0.64
21072017 23 -0.60
22072017 23 -0.56
23072017 23 -0.52
24072017 23 -0.49
25072017 23 -0.45
26072017 23 -0.41
27072017 23 -0.37
28072017 23 -0.32
29072017 23 -0.27
30072017 23 -0.19
31072017 23 -0.11
01082017 23 -0.21
02082017 23 -0.73
03082017 23 -0.81
04082017 23 -0.84
05082017 23 -0.85
06082017 23 -0.84
07082017 23 -0.83
08082017 23 -0.81
09082017 23 -0.79
10082017 23 -0.75
11082017 23 -0.71
12082017 23 -0.74
13082017 23 -0.87
14082017 23 -0.92
15082017 23 -0.90
16082017 23 -0.88
17082017 23 -0.86
18082017 23 -0.83
19082017 23 -0.81
20082017 23 -0.81
21082017 23 -0.78
22082017 23 -0.77
23082017 23 -0.72
24082017 23 -0.67
25082017 23 -0.62
26082017 23 -0.57
27082017 23 -0.53
28082017 23 -0.49
29082017 23 -0.46
30082017 23 -0.73
31082017 23 -0.85
01092017 23 -0.88
02092017 23 -0.88
03092017 23 -0.89
04092017 23 -0.87
05092017 23 -0.85
06092017 23 -0.91
07092017 23 -0.93
08092017 23 -0.91
09092017 23 -0.89
10092017 23 -0.88
11092017 23 -0.87
12092017 23 -0.85
13092017 23 -0.84
14092017 23 -0.83
15092017 23 -0.79
16092017 23 -0.77
17092017 23 -0.87
18092017 23 -0.92
19092017 23 -0.92
20092017 23 -0.89
21092017 23 -0.88
22092017 23 -0.86
23092017 23 -0.86
24092017 23 -0.84
25092017 23 -0.81
26092017 23 -0.77
27092017 23 -0.72
28092017 23 -0.67
29092017 23 -0.63
30092017 23 -0.61
01102017 23 -0.66
02102017 23 -0.81
03102017 23 -0.78
04102017 23 -0.73
05102017 23 -0.67
06102017 23 -0.62
07102017 23 -0.57
08102017 23 -0.53
09102017 23 -0.49
10102017 23 -0.83
11102017 23 -0.95
12102017 23 -0.88
13102017 23 -0.86
14102017 23 -0.83
15102017 23 -0.80
16102017 23 -0.76
17102017 23 -0.72
18102017 23 -0.91
19102017 23 -0.97
20102017 23 -0.98
21102017 23 -0.97
22102017 23 -0.97
23102017 23 -0.97
24102017 23 -0.97
25102017 23 -0.95
26102017 23 -0.94
27102017 23 -0.96
28102017 23 -0.97
29102017 23 -0.96
30102017 23 -0.94
31102017 23 -0.93
01112017 23 -0.92
02112017 23 -0.93
03112017 23 -0.93
04112017 23 -0.94
05112017 23 -0.94
06112017 23 -0.94
07112017 23 -0.94
08112017 23 -0.94
09112017 23 -0.94
10112017 23 -0.94
11112017 23 -0.94
12112017 23 -0.94
13112017 23 -0.94
14112017 23 -0.95
15112017 23 -0.99
16112017 23 -1.03
17112017 23 -1.06
18112017 23 -1.07
19112017 23 -1.08
20112017 23 -1.10
21112017 23 -1.10
22112017 23 -1.10
23112017 23 -1.10
24112017 23 -1.10
25112017 23 -1.10
26112017 23 -1.10
27112017 23 -1.10
28112017 23 -1.10
29112017 23 -1.10
30112017 23 -1.11
01122017 23 -1.11
02122017 23 -1.11
03122017 23 -1.11
04122017 23 -1.10
05122017 23 -1.09
06122017 23 -1.08
07122017 23 -1.09
08122017 23 -1.08
09122017 23 -1.08
10122017 23 -1.08
11122017 23 -1.08
12122017 23 -1.09
13122017 23 -1.09
14122017 23 -1.09
15122017 23 -1.09
16122017 23 -1.09
17122017 23 -1.09
18122017 23 -1.08
19122017 23 -1.04
20122017 23 -1.01
21122017 23 -1.00
22122017 23 -1.09
23122017 23 -1.10
24122017 23 -1.04
25122017 23 -1.01
26122017 23 -0.98
27122017 23 -0.96
28122017 23 -0.96
29122017 23 -0.94
30122017 23 -0.92
31122017 23 -0.90
