01011988 23 -0.91
02011988 23 -0.91
03011988 23 -0.90
04011988 23 -0.90
05011988 23 -0.90
06011988 23 -0.91
07011988 23 -0.91
08011988 23 -0.91
09011988 23 -0.91
10011988 23 -0.90
11011988 23 -0.89
12011988 23 -0.87
13011988 23 -0.86
14011988 23 -0.85
15011988 23 -0.83
16011988 23 -0.86
17011988 23 -0.89
18011988 23 -0.89
19011988 23 -0.88
20011988 23 -0.90
21011988 23 -0.90
22011988 23 -0.89
23011988 23 -0.88
24011988 23 -0.87
25011988 23 -0.85
26011988 23 -0.84
27011988 23 -0.82
28011988 23 -0.80
29011988 23 -0.78
30011988 23 -0.76
31011988 23 -0.75
01021988 23 -0.80
02021988 23 -0.85
03021988 23 -0.88
04021988 23 -0.88
05021988 23 -0.87
06021988 23 -0.86
07021988 23 -0.84
08021988 23 -0.83
09021988 23 -0.81
10021988 23 -0.79
11021988 23 -0.83
12021988 23 -0.87
13021988 23 -0.90
14021988 23 -0.90
15021988 23 -0.88
16021988 23 -0.87
17021988 23 -0.85
18021988 23 -0.84
19021988 23 -0.82
20021988 23 -0.80
21021988 23 -0.78
22021988 23 -0.75
23021988 23 -0.73
24021988 23 -0.78
25021988 23 -0.78
26021988 23 -0.78
27021988 23 -0.82
28021988 23 -0.86
01031988 23 -0.87
02031988 23 -0.89
03031988 23 -0.90
04031988 23 -0.88
05031988 23 -0.86
06031988 23 -0.86
07031988 23 -0.89
08031988 23 -0.89
09031988 23 -0.87
10031988 23 -0.85
11031988 23 -0.84
12031988 23 -0.87
13031988 23 -0.89
14031988 23 -0.88
15031988 23 -0.89
16031988 23 -0.90
17031988 23 -0.88
18031988 23 -0.88
19031988 23 -0.90
20031988 23 -0.89
21031988 23 -0.88
22031988 23 -0.90
23031988 23 -0.89
24031988 23 -0.90
25031988 23 -0.89
26031988 23 -0.88
27031988 23 -0.90
28031988 23 -0.89
29031988 23 -0.87
30031988 23 -0.86
31031988 23 -0.89
01041988 23 -0.90
02041988 23 -0.88
03041988 23 -0.88
04041988 23 -0.90
05041988 23 -0.90
06041988 23 -0.88
07041988 23 -0.87
08041988 23 -0.85
09041988 23 -0.83
10041988 23 -0.80
11041988 23 -0.79
12041988 23 -0.83
13041988 23 -0.86
14041988 23 -0.86
15041988 23 -0.85
16041988 23 -0.82
17041988 23 -0.80
18041988 23 -0.83
19041988 23 -0.84
20041988 23 -0.83
21041988 23 -0.80
22041988 23 -0.79
23041988 23 -0.82
24041988 23 -0.83
25041988 23 -0.81
26041988 23 -0.79
27041988 23 -0.78
28041988 23 -0.83
29041988 23 -0.84
30041988 23 -0.83
01051988 23 -0.86
02051988 23 -0.87
03051988 23 -0.85
04051988 23 -0.84
05051988 23 -0.87
06051988 23 -0.88
07051988 23 -0.86
08051988 23 -0.85
09051988 23 -0.88
10051988 23 -0.88
11051988 23 -0.88
12051988 23 -0.89
13051988 23 -0.89
14051988 23 -0.89
15051988 23 -0.87
16051988 23 -0.89
17051988 23 -0.90
18051988 23 -0.89
19051988 23 -0.85
20051988 23 -0.81
21051988 23 -0.81
22051988 23 -0.86
23051988 23 -0.88
24051988 23 -0.86
25051988 23 -0.84
26051988 23 -0.81
27051988 23 -0.78
28051988 23 -0.75
29051988 23 -0.71
30051988 23 -0.67
31051988 23 -0.63
01061988 23 -0.60
02061988 23 -0.72
03061988 23 -0.79
04061988 23 -0.78
05061988 23 -0.75
06061988 23 -0.72
07061988 23 -0.69
08061988 23 -0.65
09061988 23 -0.62
10061988 23 -0.59
11061988 23 -0.59
12061988 23 -0.78
13061988 23 -0.86
14061988 23 -0.88
15061988 23 -0.87
16061988 23 -0.84
17061988 23 -0.80
18061988 23 -0.76
19061988 23 -0.72
20061988 23 -0.71
21061988 23 -0.79
22061988 23 -0.82
23061988 23 -0.83
24061988 23 -0.83
25061988 23 -0.81
26061988 23 -0.78
27061988 23 -0.78
28061988 23 -0.83
29061988 23 -0.86
30061988 23 -0.87
01071988 23 -0.84
02071988 23 -0.80
03071988 23 -0.76
04071988 23 -0.70
05071988 23 -0.65
06071988 23 -0.60
07071988 23 -0.55
08071988 23 -0.51
09071988 23 -0.47
10071988 23 -0.48
11071988 23 -0.71
12071988 23 -0.73
13071988 23 -0.65
14071988 23 -0.60
15071988 23 -0.55
16071988 23 -0.51
17071988 23 -0.68
18071988 23 -0.74
19071988 23 -0.69
20071988 23 -0.64
21071988 23 -0.60
22071988 23 -0.56
23071988 23 -0.52
24071988 23 -0.49
25071988 23 -0.45
26071988 23 -0.41
27071988 23 -0.37
28071988 23 -0.32
29071988 23 -0.27
30071988 23 -0.19
31071988 23 -0.11
01081988 23 -0.21
02081988 23 -0.73
03081988 23 -0.81
04081988 23 -0.84
05081988 23 -0.85
06081988 23 -0.84
07081988 23 -0.83
08081988 23 -0.81
09081988 23 -0.79
10081988 23 -0.75
11081988 23 -0.71
12081988 23 -0.74
13081988 23 -0.87
14081988 23 -0.92
15081988 23 -0.90
16081988 23 -0.88
17081988 23 -0.86
18081988 23 -0.83
19081988 23 -0.81
20081988 23 -0.81
21081988 23 -0.78
22081988 23 -0.77
23081988 23 -0.72
24081988 23 -0.67
25081988 23 -0.62
26081988 23 -0.57
27081988 23 -0.53
28081988 23 -0.49
29081988 23 -0.46
30081988 23 -0.73
31081988 23 -0.85
01091988 23 -0.88
02091988 23 -0.88
03091988 23 -0.89
04091988 23 -0.87
05091988 23 -0.85
06091988 23 -0.91
07091988 23 -0.93
08091988 23 -0.91
09091988 23 -0.89
10091988 23 -0.88
11091988 23 -0.87
12091988 23 -0.85
13091988 23 -0.84
14091988 23 -0.83
15091988 23 -0.79
16091988 23 -0.77
17091988 23 -0.87
18091988 23 -0.92
19091988 23 -0.92
20091988 23 -0.89
21091988 23 -0.88
22091988 23 -0.86
23091988 23 -0.86
24091988 23 -0.84
25091988 23 -0.81
26091988 23 -0.77
27091988 23 -0.72
28091988 23 -0.67
29091988 23 -0.63
30091988 23 -0.61
01101988 23 -0.66
02101988 23 -0.81
03101988 23 -0.78
04101988 23 -0.73
05101988 23 -0.67
06101988 23 -0.62
07101988 23 -0.57
08101988 23 -0.53
09101988 23 -0.49
10101988 23 -0.83
11101988 23 -0.95
12101988 23 -0.88
13101988 23 -0.86
14101988 23 -0.83
15101988 23 -0.80
16101988 23 -0.76
17101988 23 -0.72
18101988 23 -0.91
19101988 23 -0.97
20101988 23 -0.98
21101988 23 -0.97
22101988 23 -0.97
23101988 23 -0.97
24101988 23 -0.97
25101988 23 -0.95
26101988 23 -0.94
27101988 23 -0.96
28101988 23 -0.97
29101988 23 -0.96
30101988 23 -0.94
31101988 23 -0.93
01111988 23 -0.92
02111988 23 -0.93
03111988 23 -0.93
04111988 23 -0.94
05111988 23 -0.94
06111988 23 -0.94
07111988 23 -0.94
08111988 23 -0.94
09111988 23 -0.94
10111988 23 -0.94
11111988 23 -0.94
12111988 23 -0.94
13111988 23 -0.94
14111988 23 -0.95
15111988 23 -0.99
16111988 23 -1.03
17111988 23 -1.06
18111988 23 -1.07
19111988 23 -1.08
20111988 23 -1.10
21111988 23 -1.10
22111988 23 -1.10
23111988 23 -1.10
24111988 23 -1.10
25111988 23 -1.10
26111988 23 -1.10
27111988 23 -1.10
28111988 23 -1.10
29111988 23 -1.10
30111988 23 -1.11
01121988 23 -1.11
02121988 23 -1.11
03121988 23 -1.11
04121988 23 -1.10
05121988 23 -1.09
06121988 23 -1.08
07121988 23 -1.09
08121988 23 -1.08
09121988 23 -1.08
10121988 23 -1.08
11121988 23 -1.08
12121988 23 -1.09
13121988 23 -1.09
14121988 23 -1.09
15121988 23 -1.09
16121988 23 -1.09
17121988 23 -1.09
18121988 23 -1.08
19121988 23 -1.04
20121988 23 -1.01
21121988 23 -1.00
22121988 23 -1.09
23121988 23 -1.10
24121988 23 -1.04
25121988 23 -1.01
26121988 23 -0.98
27121988 23 -0.96
28121988 23 -0.96
29121988 23 -0.94
30121988 23 -0.92
31121988 23 -0.90
