01011983 23 -0.91
02011983 23 -0.91
03011983 23 -0.90
04011983 23 -0.90
05011983 23 -0.90
06011983 23 -0.91
07011983 23 -0.91
08011983 23 -0.91
09011983 23 -0.91
10011983 23 -0.90
11011983 23 -0.89
12011983 23 -0.87
13011983 23 -0.86
14011983 23 -0.85
15011983 23 -0.83
16011983 23 -0.86
17011983 23 -0.89
18011983 23 -0.89
19011983 23 -0.88
20011983 23 -0.90
21011983 23 -0.90
22011983 23 -0.89
23011983 23 -0.88
24011983 23 -0.87
25011983 23 -0.85
26011983 23 -0.84
27011983 23 -0.82
28011983 23 -0.80
29011983 23 -0.78
30011983 23 -0.76
31011983 23 -0.75
01021983 23 -0.80
02021983 23 -0.85
03021983 23 -0.88
04021983 23 -0.88
05021983 23 -0.87
06021983 23 -0.86
07021983 23 -0.84
08021983 23 -0.83
09021983 23 -0.81
10021983 23 -0.79
11021983 23 -0.83
12021983 23 -0.87
13021983 23 -0.90
14021983 23 -0.90
15021983 23 -0.88
16021983 23 -0.87
17021983 23 -0.85
18021983 23 -0.84
19021983 23 -0.82
20021983 23 -0.80
21021983 23 -0.78
22021983 23 -0.75
23021983 23 -0.73
24021983 23 -0.78
25021983 23 -0.78
26021983 23 -0.78
27021983 23 -0.82
28021983 23 -0.86
01031983 23 -0.87
02031983 23 -0.89
03031983 23 -0.90
04031983 23 -0.88
05031983 23 -0.86
06031983 23 -0.86
07031983 23 -0.89
08031983 23 -0.89
09031983 23 -0.87
10031983 23 -0.85
11031983 23 -0.84
12031983 23 -0.87
13031983 23 -0.89
14031983 23 -0.88
15031983 23 -0.89
16031983 23 -0.90
17031983 23 -0.88
18031983 23 -0.88
19031983 23 -0.90
20031983 23 -0.89
21031983 23 -0.88
22031983 23 -0.90
23031983 23 -0.89
24031983 23 -0.90
25031983 23 -0.89
26031983 23 -0.88
27031983 23 -0.90
28031983 23 -0.89
29031983 23 -0.87
30031983 23 -0.86
31031983 23 -0.89
01041983 23 -0.90
02041983 23 -0.88
03041983 23 -0.88
04041983 23 -0.90
05041983 23 -0.90
06041983 23 -0.88
07041983 23 -0.87
08041983 23 -0.85
09041983 23 -0.83
10041983 23 -0.80
11041983 23 -0.79
12041983 23 -0.83
13041983 23 -0.86
14041983 23 -0.86
15041983 23 -0.85
16041983 23 -0.82
17041983 23 -0.80
18041983 23 -0.83
19041983 23 -0.84
20041983 23 -0.83
21041983 23 -0.80
22041983 23 -0.79
23041983 23 -0.82
24041983 23 -0.83
25041983 23 -0.81
26041983 23 -0.79
27041983 23 -0.78
28041983 23 -0.83
29041983 23 -0.84
30041983 23 -0.83
01051983 23 -0.86
02051983 23 -0.87
03051983 23 -0.85
04051983 23 -0.84
05051983 23 -0.87
06051983 23 -0.88
07051983 23 -0.86
08051983 23 -0.85
09051983 23 -0.88
10051983 23 -0.88
11051983 23 -0.88
12051983 23 -0.89
13051983 23 -0.89
14051983 23 -0.89
15051983 23 -0.87
16051983 23 -0.89
17051983 23 -0.90
18051983 23 -0.89
19051983 23 -0.85
20051983 23 -0.81
21051983 23 -0.81
22051983 23 -0.86
23051983 23 -0.88
24051983 23 -0.86
25051983 23 -0.84
26051983 23 -0.81
27051983 23 -0.78
28051983 23 -0.75
29051983 23 -0.71
30051983 23 -0.67
31051983 23 -0.63
01061983 23 -0.60
02061983 23 -0.72
03061983 23 -0.79
04061983 23 -0.78
05061983 23 -0.75
06061983 23 -0.72
07061983 23 -0.69
08061983 23 -0.65
09061983 23 -0.62
10061983 23 -0.59
11061983 23 -0.59
12061983 23 -0.78
13061983 23 -0.86
14061983 23 -0.88
15061983 23 -0.87
16061983 23 -0.84
17061983 23 -0.80
18061983 23 -0.76
19061983 23 -0.72
20061983 23 -0.71
21061983 23 -0.79
22061983 23 -0.82
23061983 23 -0.83
24061983 23 -0.83
25061983 23 -0.81
26061983 23 -0.78
27061983 23 -0.78
28061983 23 -0.83
29061983 23 -0.86
30061983 23 -0.87
01071983 23 -0.84
02071983 23 -0.80
03071983 23 -0.76
04071983 23 -0.70
05071983 23 -0.65
06071983 23 -0.60
07071983 23 -0.55
08071983 23 -0.51
09071983 23 -0.47
10071983 23 -0.48
11071983 23 -0.71
12071983 23 -0.73
13071983 23 -0.65
14071983 23 -0.60
15071983 23 -0.55
16071983 23 -0.51
17071983 23 -0.68
18071983 23 -0.74
19071983 23 -0.69
20071983 23 -0.64
21071983 23 -0.60
22071983 23 -0.56
23071983 23 -0.52
24071983 23 -0.49
25071983 23 -0.45
26071983 23 -0.41
27071983 23 -0.37
28071983 23 -0.32
29071983 23 -0.27
30071983 23 -0.19
31071983 23 -0.11
01081983 23 -0.21
02081983 23 -0.73
03081983 23 -0.81
04081983 23 -0.84
05081983 23 -0.85
06081983 23 -0.84
07081983 23 -0.83
08081983 23 -0.81
09081983 23 -0.79
10081983 23 -0.75
11081983 23 -0.71
12081983 23 -0.74
13081983 23 -0.87
14081983 23 -0.92
15081983 23 -0.90
16081983 23 -0.88
17081983 23 -0.86
18081983 23 -0.83
19081983 23 -0.81
20081983 23 -0.81
21081983 23 -0.78
22081983 23 -0.77
23081983 23 -0.72
24081983 23 -0.67
25081983 23 -0.62
26081983 23 -0.57
27081983 23 -0.53
28081983 23 -0.49
29081983 23 -0.46
30081983 23 -0.73
31081983 23 -0.85
01091983 23 -0.88
02091983 23 -0.88
03091983 23 -0.89
04091983 23 -0.87
05091983 23 -0.85
06091983 23 -0.91
07091983 23 -0.93
08091983 23 -0.91
09091983 23 -0.89
10091983 23 -0.88
11091983 23 -0.87
12091983 23 -0.85
13091983 23 -0.84
14091983 23 -0.83
15091983 23 -0.79
16091983 23 -0.77
17091983 23 -0.87
18091983 23 -0.92
19091983 23 -0.92
20091983 23 -0.89
21091983 23 -0.88
22091983 23 -0.86
23091983 23 -0.86
24091983 23 -0.84
25091983 23 -0.81
26091983 23 -0.77
27091983 23 -0.72
28091983 23 -0.67
29091983 23 -0.63
30091983 23 -0.61
01101983 23 -0.66
02101983 23 -0.81
03101983 23 -0.78
04101983 23 -0.73
05101983 23 -0.67
06101983 23 -0.62
07101983 23 -0.57
08101983 23 -0.53
09101983 23 -0.49
10101983 23 -0.83
11101983 23 -0.95
12101983 23 -0.88
13101983 23 -0.86
14101983 23 -0.83
15101983 23 -0.80
16101983 23 -0.76
17101983 23 -0.72
18101983 23 -0.91
19101983 23 -0.97
20101983 23 -0.98
21101983 23 -0.97
22101983 23 -0.97
23101983 23 -0.97
24101983 23 -0.97
25101983 23 -0.95
26101983 23 -0.94
27101983 23 -0.96
28101983 23 -0.97
29101983 23 -0.96
30101983 23 -0.94
31101983 23 -0.93
01111983 23 -0.92
02111983 23 -0.93
03111983 23 -0.93
04111983 23 -0.94
05111983 23 -0.94
06111983 23 -0.94
07111983 23 -0.94
08111983 23 -0.94
09111983 23 -0.94
10111983 23 -0.94
11111983 23 -0.94
12111983 23 -0.94
13111983 23 -0.94
14111983 23 -0.95
15111983 23 -0.99
16111983 23 -1.03
17111983 23 -1.06
18111983 23 -1.07
19111983 23 -1.08
20111983 23 -1.10
21111983 23 -1.10
22111983 23 -1.10
23111983 23 -1.10
24111983 23 -1.10
25111983 23 -1.10
26111983 23 -1.10
27111983 23 -1.10
28111983 23 -1.10
29111983 23 -1.10
30111983 23 -1.11
01121983 23 -1.11
02121983 23 -1.11
03121983 23 -1.11
04121983 23 -1.10
05121983 23 -1.09
06121983 23 -1.08
07121983 23 -1.09
08121983 23 -1.08
09121983 23 -1.08
10121983 23 -1.08
11121983 23 -1.08
12121983 23 -1.09
13121983 23 -1.09
14121983 23 -1.09
15121983 23 -1.09
16121983 23 -1.09
17121983 23 -1.09
18121983 23 -1.08
19121983 23 -1.04
20121983 23 -1.01
21121983 23 -1.00
22121983 23 -1.09
23121983 23 -1.10
24121983 23 -1.04
25121983 23 -1.01
26121983 23 -0.98
27121983 23 -0.96
28121983 23 -0.96
29121983 23 -0.94
30121983 23 -0.92
31121983 23 -0.90
