01011951 23 -0.91
02011951 23 -0.91
03011951 23 -0.90
04011951 23 -0.90
05011951 23 -0.90
06011951 23 -0.91
07011951 23 -0.91
08011951 23 -0.91
09011951 23 -0.91
10011951 23 -0.90
11011951 23 -0.89
12011951 23 -0.87
13011951 23 -0.86
14011951 23 -0.85
15011951 23 -0.83
16011951 23 -0.86
17011951 23 -0.89
18011951 23 -0.89
19011951 23 -0.88
20011951 23 -0.90
21011951 23 -0.90
22011951 23 -0.89
23011951 23 -0.88
24011951 23 -0.87
25011951 23 -0.85
26011951 23 -0.84
27011951 23 -0.82
28011951 23 -0.80
29011951 23 -0.78
30011951 23 -0.76
31011951 23 -0.75
01021951 23 -0.80
02021951 23 -0.85
03021951 23 -0.88
04021951 23 -0.88
05021951 23 -0.87
06021951 23 -0.86
07021951 23 -0.84
08021951 23 -0.83
09021951 23 -0.81
10021951 23 -0.79
11021951 23 -0.83
12021951 23 -0.87
13021951 23 -0.90
14021951 23 -0.90
15021951 23 -0.88
16021951 23 -0.87
17021951 23 -0.85
18021951 23 -0.84
19021951 23 -0.82
20021951 23 -0.80
21021951 23 -0.78
22021951 23 -0.75
23021951 23 -0.73
24021951 23 -0.78
25021951 23 -0.78
26021951 23 -0.78
27021951 23 -0.82
28021951 23 -0.86
01031951 23 -0.87
02031951 23 -0.89
03031951 23 -0.90
04031951 23 -0.88
05031951 23 -0.86
06031951 23 -0.86
07031951 23 -0.89
08031951 23 -0.89
09031951 23 -0.87
10031951 23 -0.85
11031951 23 -0.84
12031951 23 -0.87
13031951 23 -0.89
14031951 23 -0.88
15031951 23 -0.89
16031951 23 -0.90
17031951 23 -0.88
18031951 23 -0.88
19031951 23 -0.90
20031951 23 -0.89
21031951 23 -0.88
22031951 23 -0.90
23031951 23 -0.89
24031951 23 -0.90
25031951 23 -0.89
26031951 23 -0.88
27031951 23 -0.90
28031951 23 -0.89
29031951 23 -0.87
30031951 23 -0.86
31031951 23 -0.89
01041951 23 -0.90
02041951 23 -0.88
03041951 23 -0.88
04041951 23 -0.90
05041951 23 -0.90
06041951 23 -0.88
07041951 23 -0.87
08041951 23 -0.85
09041951 23 -0.83
10041951 23 -0.80
11041951 23 -0.79
12041951 23 -0.83
13041951 23 -0.86
14041951 23 -0.86
15041951 23 -0.85
16041951 23 -0.82
17041951 23 -0.80
18041951 23 -0.83
19041951 23 -0.84
20041951 23 -0.83
21041951 23 -0.80
22041951 23 -0.79
23041951 23 -0.82
24041951 23 -0.83
25041951 23 -0.81
26041951 23 -0.79
27041951 23 -0.78
28041951 23 -0.83
29041951 23 -0.84
30041951 23 -0.83
01051951 23 -0.86
02051951 23 -0.87
03051951 23 -0.85
04051951 23 -0.84
05051951 23 -0.87
06051951 23 -0.88
07051951 23 -0.86
08051951 23 -0.85
09051951 23 -0.88
10051951 23 -0.88
11051951 23 -0.88
12051951 23 -0.89
13051951 23 -0.89
14051951 23 -0.89
15051951 23 -0.87
16051951 23 -0.89
17051951 23 -0.90
18051951 23 -0.89
19051951 23 -0.85
20051951 23 -0.81
21051951 23 -0.81
22051951 23 -0.86
23051951 23 -0.88
24051951 23 -0.86
25051951 23 -0.84
26051951 23 -0.81
27051951 23 -0.78
28051951 23 -0.75
29051951 23 -0.71
30051951 23 -0.67
31051951 23 -0.63
01061951 23 -0.60
02061951 23 -0.72
03061951 23 -0.79
04061951 23 -0.78
05061951 23 -0.75
06061951 23 -0.72
07061951 23 -0.69
08061951 23 -0.65
09061951 23 -0.62
10061951 23 -0.59
11061951 23 -0.59
12061951 23 -0.78
13061951 23 -0.86
14061951 23 -0.88
15061951 23 -0.87
16061951 23 -0.84
17061951 23 -0.80
18061951 23 -0.76
19061951 23 -0.72
20061951 23 -0.71
21061951 23 -0.79
22061951 23 -0.82
23061951 23 -0.83
24061951 23 -0.83
25061951 23 -0.81
26061951 23 -0.78
27061951 23 -0.78
28061951 23 -0.83
29061951 23 -0.86
30061951 23 -0.87
01071951 23 -0.84
02071951 23 -0.80
03071951 23 -0.76
04071951 23 -0.70
05071951 23 -0.65
06071951 23 -0.60
07071951 23 -0.55
08071951 23 -0.51
09071951 23 -0.47
10071951 23 -0.48
11071951 23 -0.71
12071951 23 -0.73
13071951 23 -0.65
14071951 23 -0.60
15071951 23 -0.55
16071951 23 -0.51
17071951 23 -0.68
18071951 23 -0.74
19071951 23 -0.69
20071951 23 -0.64
21071951 23 -0.60
22071951 23 -0.56
23071951 23 -0.52
24071951 23 -0.49
25071951 23 -0.45
26071951 23 -0.41
27071951 23 -0.37
28071951 23 -0.32
29071951 23 -0.27
30071951 23 -0.19
31071951 23 -0.11
01081951 23 -0.21
02081951 23 -0.73
03081951 23 -0.81
04081951 23 -0.84
05081951 23 -0.85
06081951 23 -0.84
07081951 23 -0.83
08081951 23 -0.81
09081951 23 -0.79
10081951 23 -0.75
11081951 23 -0.71
12081951 23 -0.74
13081951 23 -0.87
14081951 23 -0.92
15081951 23 -0.90
16081951 23 -0.88
17081951 23 -0.86
18081951 23 -0.83
19081951 23 -0.81
20081951 23 -0.81
21081951 23 -0.78
22081951 23 -0.77
23081951 23 -0.72
24081951 23 -0.67
25081951 23 -0.62
26081951 23 -0.57
27081951 23 -0.53
28081951 23 -0.49
29081951 23 -0.46
30081951 23 -0.73
31081951 23 -0.85
01091951 23 -0.88
02091951 23 -0.88
03091951 23 -0.89
04091951 23 -0.87
05091951 23 -0.85
06091951 23 -0.91
07091951 23 -0.93
08091951 23 -0.91
09091951 23 -0.89
10091951 23 -0.88
11091951 23 -0.87
12091951 23 -0.85
13091951 23 -0.84
14091951 23 -0.83
15091951 23 -0.79
16091951 23 -0.77
17091951 23 -0.87
18091951 23 -0.92
19091951 23 -0.92
20091951 23 -0.89
21091951 23 -0.88
22091951 23 -0.86
23091951 23 -0.86
24091951 23 -0.84
25091951 23 -0.81
26091951 23 -0.77
27091951 23 -0.72
28091951 23 -0.67
29091951 23 -0.63
30091951 23 -0.61
01101951 23 -0.66
02101951 23 -0.81
03101951 23 -0.78
04101951 23 -0.73
05101951 23 -0.67
06101951 23 -0.62
07101951 23 -0.57
08101951 23 -0.53
09101951 23 -0.49
10101951 23 -0.83
11101951 23 -0.95
12101951 23 -0.88
13101951 23 -0.86
14101951 23 -0.83
15101951 23 -0.80
16101951 23 -0.76
17101951 23 -0.72
18101951 23 -0.91
19101951 23 -0.97
20101951 23 -0.98
21101951 23 -0.97
22101951 23 -0.97
23101951 23 -0.97
24101951 23 -0.97
25101951 23 -0.95
26101951 23 -0.94
27101951 23 -0.96
28101951 23 -0.97
29101951 23 -0.96
30101951 23 -0.94
31101951 23 -0.93
01111951 23 -0.92
02111951 23 -0.93
03111951 23 -0.93
04111951 23 -0.94
05111951 23 -0.94
06111951 23 -0.94
07111951 23 -0.94
08111951 23 -0.94
09111951 23 -0.94
10111951 23 -0.94
11111951 23 -0.94
12111951 23 -0.94
13111951 23 -0.94
14111951 23 -0.95
15111951 23 -0.99
16111951 23 -1.03
17111951 23 -1.06
18111951 23 -1.07
19111951 23 -1.08
20111951 23 -1.10
21111951 23 -1.10
22111951 23 -1.10
23111951 23 -1.10
24111951 23 -1.10
25111951 23 -1.10
26111951 23 -1.10
27111951 23 -1.10
28111951 23 -1.10
29111951 23 -1.10
30111951 23 -1.11
01121951 23 -1.11
02121951 23 -1.11
03121951 23 -1.11
04121951 23 -1.10
05121951 23 -1.09
06121951 23 -1.08
07121951 23 -1.09
08121951 23 -1.08
09121951 23 -1.08
10121951 23 -1.08
11121951 23 -1.08
12121951 23 -1.09
13121951 23 -1.09
14121951 23 -1.09
15121951 23 -1.09
16121951 23 -1.09
17121951 23 -1.09
18121951 23 -1.08
19121951 23 -1.04
20121951 23 -1.01
21121951 23 -1.00
22121951 23 -1.09
23121951 23 -1.10
24121951 23 -1.04
25121951 23 -1.01
26121951 23 -0.98
27121951 23 -0.96
28121951 23 -0.96
29121951 23 -0.94
30121951 23 -0.92
31121951 23 -0.90
