01011901 23 -0.91
02011901 23 -0.91
03011901 23 -0.90
04011901 23 -0.90
05011901 23 -0.90
06011901 23 -0.91
07011901 23 -0.91
08011901 23 -0.91
09011901 23 -0.91
10011901 23 -0.90
11011901 23 -0.89
12011901 23 -0.87
13011901 23 -0.86
14011901 23 -0.85
15011901 23 -0.83
16011901 23 -0.86
17011901 23 -0.89
18011901 23 -0.89
19011901 23 -0.88
20011901 23 -0.90
21011901 23 -0.90
22011901 23 -0.89
23011901 23 -0.88
24011901 23 -0.87
25011901 23 -0.85
26011901 23 -0.84
27011901 23 -0.82
28011901 23 -0.80
29011901 23 -0.78
30011901 23 -0.76
31011901 23 -0.75
01021901 23 -0.80
02021901 23 -0.85
03021901 23 -0.88
04021901 23 -0.88
05021901 23 -0.87
06021901 23 -0.86
07021901 23 -0.84
08021901 23 -0.83
09021901 23 -0.81
10021901 23 -0.79
11021901 23 -0.83
12021901 23 -0.87
13021901 23 -0.90
14021901 23 -0.90
15021901 23 -0.88
16021901 23 -0.87
17021901 23 -0.85
18021901 23 -0.84
19021901 23 -0.82
20021901 23 -0.80
21021901 23 -0.78
22021901 23 -0.75
23021901 23 -0.73
24021901 23 -0.78
25021901 23 -0.78
26021901 23 -0.78
27021901 23 -0.82
28021901 23 -0.86
01031901 23 -0.87
02031901 23 -0.89
03031901 23 -0.90
04031901 23 -0.88
05031901 23 -0.86
06031901 23 -0.86
07031901 23 -0.89
08031901 23 -0.89
09031901 23 -0.87
10031901 23 -0.85
11031901 23 -0.84
12031901 23 -0.87
13031901 23 -0.89
14031901 23 -0.88
15031901 23 -0.89
16031901 23 -0.90
17031901 23 -0.88
18031901 23 -0.88
19031901 23 -0.90
20031901 23 -0.89
21031901 23 -0.88
22031901 23 -0.90
23031901 23 -0.89
24031901 23 -0.90
25031901 23 -0.89
26031901 23 -0.88
27031901 23 -0.90
28031901 23 -0.89
29031901 23 -0.87
30031901 23 -0.86
31031901 23 -0.89
01041901 23 -0.90
02041901 23 -0.88
03041901 23 -0.88
04041901 23 -0.90
05041901 23 -0.90
06041901 23 -0.88
07041901 23 -0.87
08041901 23 -0.85
09041901 23 -0.83
10041901 23 -0.80
11041901 23 -0.79
12041901 23 -0.83
13041901 23 -0.86
14041901 23 -0.86
15041901 23 -0.85
16041901 23 -0.82
17041901 23 -0.80
18041901 23 -0.83
19041901 23 -0.84
20041901 23 -0.83
21041901 23 -0.80
22041901 23 -0.79
23041901 23 -0.82
24041901 23 -0.83
25041901 23 -0.81
26041901 23 -0.79
27041901 23 -0.78
28041901 23 -0.83
29041901 23 -0.84
30041901 23 -0.83
01051901 23 -0.86
02051901 23 -0.87
03051901 23 -0.85
04051901 23 -0.84
05051901 23 -0.87
06051901 23 -0.88
07051901 23 -0.86
08051901 23 -0.85
09051901 23 -0.88
10051901 23 -0.88
11051901 23 -0.88
12051901 23 -0.89
13051901 23 -0.89
14051901 23 -0.89
15051901 23 -0.87
16051901 23 -0.89
17051901 23 -0.90
18051901 23 -0.89
19051901 23 -0.85
20051901 23 -0.81
21051901 23 -0.81
22051901 23 -0.86
23051901 23 -0.88
24051901 23 -0.86
25051901 23 -0.84
26051901 23 -0.81
27051901 23 -0.78
28051901 23 -0.75
29051901 23 -0.71
30051901 23 -0.67
31051901 23 -0.63
01061901 23 -0.60
02061901 23 -0.72
03061901 23 -0.79
04061901 23 -0.78
05061901 23 -0.75
06061901 23 -0.72
07061901 23 -0.69
08061901 23 -0.65
09061901 23 -0.62
10061901 23 -0.59
11061901 23 -0.59
12061901 23 -0.78
13061901 23 -0.86
14061901 23 -0.88
15061901 23 -0.87
16061901 23 -0.84
17061901 23 -0.80
18061901 23 -0.76
19061901 23 -0.72
20061901 23 -0.71
21061901 23 -0.79
22061901 23 -0.82
23061901 23 -0.83
24061901 23 -0.83
25061901 23 -0.81
26061901 23 -0.78
27061901 23 -0.78
28061901 23 -0.83
29061901 23 -0.86
30061901 23 -0.87
01071901 23 -0.84
02071901 23 -0.80
03071901 23 -0.76
04071901 23 -0.70
05071901 23 -0.65
06071901 23 -0.60
07071901 23 -0.55
08071901 23 -0.51
09071901 23 -0.47
10071901 23 -0.48
11071901 23 -0.71
12071901 23 -0.73
13071901 23 -0.65
14071901 23 -0.60
15071901 23 -0.55
16071901 23 -0.51
17071901 23 -0.68
18071901 23 -0.74
19071901 23 -0.69
20071901 23 -0.64
21071901 23 -0.60
22071901 23 -0.56
23071901 23 -0.52
24071901 23 -0.49
25071901 23 -0.45
26071901 23 -0.41
27071901 23 -0.37
28071901 23 -0.32
29071901 23 -0.27
30071901 23 -0.19
31071901 23 -0.11
01081901 23 -0.21
02081901 23 -0.73
03081901 23 -0.81
04081901 23 -0.84
05081901 23 -0.85
06081901 23 -0.84
07081901 23 -0.83
08081901 23 -0.81
09081901 23 -0.79
10081901 23 -0.75
11081901 23 -0.71
12081901 23 -0.74
13081901 23 -0.87
14081901 23 -0.92
15081901 23 -0.90
16081901 23 -0.88
17081901 23 -0.86
18081901 23 -0.83
19081901 23 -0.81
20081901 23 -0.81
21081901 23 -0.78
22081901 23 -0.77
23081901 23 -0.72
24081901 23 -0.67
25081901 23 -0.62
26081901 23 -0.57
27081901 23 -0.53
28081901 23 -0.49
29081901 23 -0.46
30081901 23 -0.73
31081901 23 -0.85
01091901 23 -0.88
02091901 23 -0.88
03091901 23 -0.89
04091901 23 -0.87
05091901 23 -0.85
06091901 23 -0.91
07091901 23 -0.93
08091901 23 -0.91
09091901 23 -0.89
10091901 23 -0.88
11091901 23 -0.87
12091901 23 -0.85
13091901 23 -0.84
14091901 23 -0.83
15091901 23 -0.79
16091901 23 -0.77
17091901 23 -0.87
18091901 23 -0.92
19091901 23 -0.92
20091901 23 -0.89
21091901 23 -0.88
22091901 23 -0.86
23091901 23 -0.86
24091901 23 -0.84
25091901 23 -0.81
26091901 23 -0.77
27091901 23 -0.72
28091901 23 -0.67
29091901 23 -0.63
30091901 23 -0.61
01101901 23 -0.66
02101901 23 -0.81
03101901 23 -0.78
04101901 23 -0.73
05101901 23 -0.67
06101901 23 -0.62
07101901 23 -0.57
08101901 23 -0.53
09101901 23 -0.49
10101901 23 -0.83
11101901 23 -0.95
12101901 23 -0.88
13101901 23 -0.86
14101901 23 -0.83
15101901 23 -0.80
16101901 23 -0.76
17101901 23 -0.72
18101901 23 -0.91
19101901 23 -0.97
20101901 23 -0.98
21101901 23 -0.97
22101901 23 -0.97
23101901 23 -0.97
24101901 23 -0.97
25101901 23 -0.95
26101901 23 -0.94
27101901 23 -0.96
28101901 23 -0.97
29101901 23 -0.96
30101901 23 -0.94
31101901 23 -0.93
01111901 23 -0.92
02111901 23 -0.93
03111901 23 -0.93
04111901 23 -0.94
05111901 23 -0.94
06111901 23 -0.94
07111901 23 -0.94
08111901 23 -0.94
09111901 23 -0.94
10111901 23 -0.94
11111901 23 -0.94
12111901 23 -0.94
13111901 23 -0.94
14111901 23 -0.95
15111901 23 -0.99
16111901 23 -1.03
17111901 23 -1.06
18111901 23 -1.07
19111901 23 -1.08
20111901 23 -1.10
21111901 23 -1.10
22111901 23 -1.10
23111901 23 -1.10
24111901 23 -1.10
25111901 23 -1.10
26111901 23 -1.10
27111901 23 -1.10
28111901 23 -1.10
29111901 23 -1.10
30111901 23 -1.11
01121901 23 -1.11
02121901 23 -1.11
03121901 23 -1.11
04121901 23 -1.10
05121901 23 -1.09
06121901 23 -1.08
07121901 23 -1.09
08121901 23 -1.08
09121901 23 -1.08
10121901 23 -1.08
11121901 23 -1.08
12121901 23 -1.09
13121901 23 -1.09
14121901 23 -1.09
15121901 23 -1.09
16121901 23 -1.09
17121901 23 -1.09
18121901 23 -1.08
19121901 23 -1.04
20121901 23 -1.01
21121901 23 -1.00
22121901 23 -1.09
23121901 23 -1.10
24121901 23 -1.04
25121901 23 -1.01
26121901 23 -0.98
27121901 23 -0.96
28121901 23 -0.96
29121901 23 -0.94
30121901 23 -0.92
31121901 23 -0.90
