01011909 23 -0.91
02011909 23 -0.91
03011909 23 -0.90
04011909 23 -0.90
05011909 23 -0.90
06011909 23 -0.91
07011909 23 -0.91
08011909 23 -0.91
09011909 23 -0.91
10011909 23 -0.90
11011909 23 -0.89
12011909 23 -0.87
13011909 23 -0.86
14011909 23 -0.85
15011909 23 -0.83
16011909 23 -0.86
17011909 23 -0.89
18011909 23 -0.89
19011909 23 -0.88
20011909 23 -0.90
21011909 23 -0.90
22011909 23 -0.89
23011909 23 -0.88
24011909 23 -0.87
25011909 23 -0.85
26011909 23 -0.84
27011909 23 -0.82
28011909 23 -0.80
29011909 23 -0.78
30011909 23 -0.76
31011909 23 -0.75
01021909 23 -0.80
02021909 23 -0.85
03021909 23 -0.88
04021909 23 -0.88
05021909 23 -0.87
06021909 23 -0.86
07021909 23 -0.84
08021909 23 -0.83
09021909 23 -0.81
10021909 23 -0.79
11021909 23 -0.83
12021909 23 -0.87
13021909 23 -0.90
14021909 23 -0.90
15021909 23 -0.88
16021909 23 -0.87
17021909 23 -0.85
18021909 23 -0.84
19021909 23 -0.82
20021909 23 -0.80
21021909 23 -0.78
22021909 23 -0.75
23021909 23 -0.73
24021909 23 -0.78
25021909 23 -0.78
26021909 23 -0.78
27021909 23 -0.82
28021909 23 -0.86
01031909 23 -0.87
02031909 23 -0.89
03031909 23 -0.90
04031909 23 -0.88
05031909 23 -0.86
06031909 23 -0.86
07031909 23 -0.89
08031909 23 -0.89
09031909 23 -0.87
10031909 23 -0.85
11031909 23 -0.84
12031909 23 -0.87
13031909 23 -0.89
14031909 23 -0.88
15031909 23 -0.89
16031909 23 -0.90
17031909 23 -0.88
18031909 23 -0.88
19031909 23 -0.90
20031909 23 -0.89
21031909 23 -0.88
22031909 23 -0.90
23031909 23 -0.89
24031909 23 -0.90
25031909 23 -0.89
26031909 23 -0.88
27031909 23 -0.90
28031909 23 -0.89
29031909 23 -0.87
30031909 23 -0.86
31031909 23 -0.89
01041909 23 -0.90
02041909 23 -0.88
03041909 23 -0.88
04041909 23 -0.90
05041909 23 -0.90
06041909 23 -0.88
07041909 23 -0.87
08041909 23 -0.85
09041909 23 -0.83
10041909 23 -0.80
11041909 23 -0.79
12041909 23 -0.83
13041909 23 -0.86
14041909 23 -0.86
15041909 23 -0.85
16041909 23 -0.82
17041909 23 -0.80
18041909 23 -0.83
19041909 23 -0.84
20041909 23 -0.83
21041909 23 -0.80
22041909 23 -0.79
23041909 23 -0.82
24041909 23 -0.83
25041909 23 -0.81
26041909 23 -0.79
27041909 23 -0.78
28041909 23 -0.83
29041909 23 -0.84
30041909 23 -0.83
01051909 23 -0.86
02051909 23 -0.87
03051909 23 -0.85
04051909 23 -0.84
05051909 23 -0.87
06051909 23 -0.88
07051909 23 -0.86
08051909 23 -0.85
09051909 23 -0.88
10051909 23 -0.88
11051909 23 -0.88
12051909 23 -0.89
13051909 23 -0.89
14051909 23 -0.89
15051909 23 -0.87
16051909 23 -0.89
17051909 23 -0.90
18051909 23 -0.89
19051909 23 -0.85
20051909 23 -0.81
21051909 23 -0.81
22051909 23 -0.86
23051909 23 -0.88
24051909 23 -0.86
25051909 23 -0.84
26051909 23 -0.81
27051909 23 -0.78
28051909 23 -0.75
29051909 23 -0.71
30051909 23 -0.67
31051909 23 -0.63
01061909 23 -0.60
02061909 23 -0.72
03061909 23 -0.79
04061909 23 -0.78
05061909 23 -0.75
06061909 23 -0.72
07061909 23 -0.69
08061909 23 -0.65
09061909 23 -0.62
10061909 23 -0.59
11061909 23 -0.59
12061909 23 -0.78
13061909 23 -0.86
14061909 23 -0.88
15061909 23 -0.87
16061909 23 -0.84
17061909 23 -0.80
18061909 23 -0.76
19061909 23 -0.72
20061909 23 -0.71
21061909 23 -0.79
22061909 23 -0.82
23061909 23 -0.83
24061909 23 -0.83
25061909 23 -0.81
26061909 23 -0.78
27061909 23 -0.78
28061909 23 -0.83
29061909 23 -0.86
30061909 23 -0.87
01071909 23 -0.84
02071909 23 -0.80
03071909 23 -0.76
04071909 23 -0.70
05071909 23 -0.65
06071909 23 -0.60
07071909 23 -0.55
08071909 23 -0.51
09071909 23 -0.47
10071909 23 -0.48
11071909 23 -0.71
12071909 23 -0.73
13071909 23 -0.65
14071909 23 -0.60
15071909 23 -0.55
16071909 23 -0.51
17071909 23 -0.68
18071909 23 -0.74
19071909 23 -0.69
20071909 23 -0.64
21071909 23 -0.60
22071909 23 -0.56
23071909 23 -0.52
24071909 23 -0.49
25071909 23 -0.45
26071909 23 -0.41
27071909 23 -0.37
28071909 23 -0.32
29071909 23 -0.27
30071909 23 -0.19
31071909 23 -0.11
01081909 23 -0.21
02081909 23 -0.73
03081909 23 -0.81
04081909 23 -0.84
05081909 23 -0.85
06081909 23 -0.84
07081909 23 -0.83
08081909 23 -0.81
09081909 23 -0.79
10081909 23 -0.75
11081909 23 -0.71
12081909 23 -0.74
13081909 23 -0.87
14081909 23 -0.92
15081909 23 -0.90
16081909 23 -0.88
17081909 23 -0.86
18081909 23 -0.83
19081909 23 -0.81
20081909 23 -0.81
21081909 23 -0.78
22081909 23 -0.77
23081909 23 -0.72
24081909 23 -0.67
25081909 23 -0.62
26081909 23 -0.57
27081909 23 -0.53
28081909 23 -0.49
29081909 23 -0.46
30081909 23 -0.73
31081909 23 -0.85
01091909 23 -0.88
02091909 23 -0.88
03091909 23 -0.89
04091909 23 -0.87
05091909 23 -0.85
06091909 23 -0.91
07091909 23 -0.93
08091909 23 -0.91
09091909 23 -0.89
10091909 23 -0.88
11091909 23 -0.87
12091909 23 -0.85
13091909 23 -0.84
14091909 23 -0.83
15091909 23 -0.79
16091909 23 -0.77
17091909 23 -0.87
18091909 23 -0.92
19091909 23 -0.92
20091909 23 -0.89
21091909 23 -0.88
22091909 23 -0.86
23091909 23 -0.86
24091909 23 -0.84
25091909 23 -0.81
26091909 23 -0.77
27091909 23 -0.72
28091909 23 -0.67
29091909 23 -0.63
30091909 23 -0.61
01101909 23 -0.66
02101909 23 -0.81
03101909 23 -0.78
04101909 23 -0.73
05101909 23 -0.67
06101909 23 -0.62
07101909 23 -0.57
08101909 23 -0.53
09101909 23 -0.49
10101909 23 -0.83
11101909 23 -0.95
12101909 23 -0.88
13101909 23 -0.86
14101909 23 -0.83
15101909 23 -0.80
16101909 23 -0.76
17101909 23 -0.72
18101909 23 -0.91
19101909 23 -0.97
20101909 23 -0.98
21101909 23 -0.97
22101909 23 -0.97
23101909 23 -0.97
24101909 23 -0.97
25101909 23 -0.95
26101909 23 -0.94
27101909 23 -0.96
28101909 23 -0.97
29101909 23 -0.96
30101909 23 -0.94
31101909 23 -0.93
01111909 23 -0.92
02111909 23 -0.93
03111909 23 -0.93
04111909 23 -0.94
05111909 23 -0.94
06111909 23 -0.94
07111909 23 -0.94
08111909 23 -0.94
09111909 23 -0.94
10111909 23 -0.94
11111909 23 -0.94
12111909 23 -0.94
13111909 23 -0.94
14111909 23 -0.95
15111909 23 -0.99
16111909 23 -1.03
17111909 23 -1.06
18111909 23 -1.07
19111909 23 -1.08
20111909 23 -1.10
21111909 23 -1.10
22111909 23 -1.10
23111909 23 -1.10
24111909 23 -1.10
25111909 23 -1.10
26111909 23 -1.10
27111909 23 -1.10
28111909 23 -1.10
29111909 23 -1.10
30111909 23 -1.11
01121909 23 -1.11
02121909 23 -1.11
03121909 23 -1.11
04121909 23 -1.10
05121909 23 -1.09
06121909 23 -1.08
07121909 23 -1.09
08121909 23 -1.08
09121909 23 -1.08
10121909 23 -1.08
11121909 23 -1.08
12121909 23 -1.09
13121909 23 -1.09
14121909 23 -1.09
15121909 23 -1.09
16121909 23 -1.09
17121909 23 -1.09
18121909 23 -1.08
19121909 23 -1.04
20121909 23 -1.01
21121909 23 -1.00
22121909 23 -1.09
23121909 23 -1.10
24121909 23 -1.04
25121909 23 -1.01
26121909 23 -0.98
27121909 23 -0.96
28121909 23 -0.96
29121909 23 -0.94
30121909 23 -0.92
31121909 23 -0.90
