01011972 23 -0.91
02011972 23 -0.91
03011972 23 -0.90
04011972 23 -0.90
05011972 23 -0.90
06011972 23 -0.91
07011972 23 -0.91
08011972 23 -0.91
09011972 23 -0.91
10011972 23 -0.90
11011972 23 -0.89
12011972 23 -0.87
13011972 23 -0.86
14011972 23 -0.85
15011972 23 -0.83
16011972 23 -0.86
17011972 23 -0.89
18011972 23 -0.89
19011972 23 -0.88
20011972 23 -0.90
21011972 23 -0.90
22011972 23 -0.89
23011972 23 -0.88
24011972 23 -0.87
25011972 23 -0.85
26011972 23 -0.84
27011972 23 -0.82
28011972 23 -0.80
29011972 23 -0.78
30011972 23 -0.76
31011972 23 -0.75
01021972 23 -0.80
02021972 23 -0.85
03021972 23 -0.88
04021972 23 -0.88
05021972 23 -0.87
06021972 23 -0.86
07021972 23 -0.84
08021972 23 -0.83
09021972 23 -0.81
10021972 23 -0.79
11021972 23 -0.83
12021972 23 -0.87
13021972 23 -0.90
14021972 23 -0.90
15021972 23 -0.88
16021972 23 -0.87
17021972 23 -0.85
18021972 23 -0.84
19021972 23 -0.82
20021972 23 -0.80
21021972 23 -0.78
22021972 23 -0.75
23021972 23 -0.73
24021972 23 -0.78
25021972 23 -0.78
26021972 23 -0.78
27021972 23 -0.82
28021972 23 -0.86
01031972 23 -0.87
02031972 23 -0.89
03031972 23 -0.90
04031972 23 -0.88
05031972 23 -0.86
06031972 23 -0.86
07031972 23 -0.89
08031972 23 -0.89
09031972 23 -0.87
10031972 23 -0.85
11031972 23 -0.84
12031972 23 -0.87
13031972 23 -0.89
14031972 23 -0.88
15031972 23 -0.89
16031972 23 -0.90
17031972 23 -0.88
18031972 23 -0.88
19031972 23 -0.90
20031972 23 -0.89
21031972 23 -0.88
22031972 23 -0.90
23031972 23 -0.89
24031972 23 -0.90
25031972 23 -0.89
26031972 23 -0.88
27031972 23 -0.90
28031972 23 -0.89
29031972 23 -0.87
30031972 23 -0.86
31031972 23 -0.89
01041972 23 -0.90
02041972 23 -0.88
03041972 23 -0.88
04041972 23 -0.90
05041972 23 -0.90
06041972 23 -0.88
07041972 23 -0.87
08041972 23 -0.85
09041972 23 -0.83
10041972 23 -0.80
11041972 23 -0.79
12041972 23 -0.83
13041972 23 -0.86
14041972 23 -0.86
15041972 23 -0.85
16041972 23 -0.82
17041972 23 -0.80
18041972 23 -0.83
19041972 23 -0.84
20041972 23 -0.83
21041972 23 -0.80
22041972 23 -0.79
23041972 23 -0.82
24041972 23 -0.83
25041972 23 -0.81
26041972 23 -0.79
27041972 23 -0.78
28041972 23 -0.83
29041972 23 -0.84
30041972 23 -0.83
01051972 23 -0.86
02051972 23 -0.87
03051972 23 -0.85
04051972 23 -0.84
05051972 23 -0.87
06051972 23 -0.88
07051972 23 -0.86
08051972 23 -0.85
09051972 23 -0.88
10051972 23 -0.88
11051972 23 -0.88
12051972 23 -0.89
13051972 23 -0.89
14051972 23 -0.89
15051972 23 -0.87
16051972 23 -0.89
17051972 23 -0.90
18051972 23 -0.89
19051972 23 -0.85
20051972 23 -0.81
21051972 23 -0.81
22051972 23 -0.86
23051972 23 -0.88
24051972 23 -0.86
25051972 23 -0.84
26051972 23 -0.81
27051972 23 -0.78
28051972 23 -0.75
29051972 23 -0.71
30051972 23 -0.67
31051972 23 -0.63
01061972 23 -0.60
02061972 23 -0.72
03061972 23 -0.79
04061972 23 -0.78
05061972 23 -0.75
06061972 23 -0.72
07061972 23 -0.69
08061972 23 -0.65
09061972 23 -0.62
10061972 23 -0.59
11061972 23 -0.59
12061972 23 -0.78
13061972 23 -0.86
14061972 23 -0.88
15061972 23 -0.87
16061972 23 -0.84
17061972 23 -0.80
18061972 23 -0.76
19061972 23 -0.72
20061972 23 -0.71
21061972 23 -0.79
22061972 23 -0.82
23061972 23 -0.83
24061972 23 -0.83
25061972 23 -0.81
26061972 23 -0.78
27061972 23 -0.78
28061972 23 -0.83
29061972 23 -0.86
30061972 23 -0.87
01071972 23 -0.84
02071972 23 -0.80
03071972 23 -0.76
04071972 23 -0.70
05071972 23 -0.65
06071972 23 -0.60
07071972 23 -0.55
08071972 23 -0.51
09071972 23 -0.47
10071972 23 -0.48
11071972 23 -0.71
12071972 23 -0.73
13071972 23 -0.65
14071972 23 -0.60
15071972 23 -0.55
16071972 23 -0.51
17071972 23 -0.68
18071972 23 -0.74
19071972 23 -0.69
20071972 23 -0.64
21071972 23 -0.60
22071972 23 -0.56
23071972 23 -0.52
24071972 23 -0.49
25071972 23 -0.45
26071972 23 -0.41
27071972 23 -0.37
28071972 23 -0.32
29071972 23 -0.27
30071972 23 -0.19
31071972 23 -0.11
01081972 23 -0.21
02081972 23 -0.73
03081972 23 -0.81
04081972 23 -0.84
05081972 23 -0.85
06081972 23 -0.84
07081972 23 -0.83
08081972 23 -0.81
09081972 23 -0.79
10081972 23 -0.75
11081972 23 -0.71
12081972 23 -0.74
13081972 23 -0.87
14081972 23 -0.92
15081972 23 -0.90
16081972 23 -0.88
17081972 23 -0.86
18081972 23 -0.83
19081972 23 -0.81
20081972 23 -0.81
21081972 23 -0.78
22081972 23 -0.77
23081972 23 -0.72
24081972 23 -0.67
25081972 23 -0.62
26081972 23 -0.57
27081972 23 -0.53
28081972 23 -0.49
29081972 23 -0.46
30081972 23 -0.73
31081972 23 -0.85
01091972 23 -0.88
02091972 23 -0.88
03091972 23 -0.89
04091972 23 -0.87
05091972 23 -0.85
06091972 23 -0.91
07091972 23 -0.93
08091972 23 -0.91
09091972 23 -0.89
10091972 23 -0.88
11091972 23 -0.87
12091972 23 -0.85
13091972 23 -0.84
14091972 23 -0.83
15091972 23 -0.79
16091972 23 -0.77
17091972 23 -0.87
18091972 23 -0.92
19091972 23 -0.92
20091972 23 -0.89
21091972 23 -0.88
22091972 23 -0.86
23091972 23 -0.86
24091972 23 -0.84
25091972 23 -0.81
26091972 23 -0.77
27091972 23 -0.72
28091972 23 -0.67
29091972 23 -0.63
30091972 23 -0.61
01101972 23 -0.66
02101972 23 -0.81
03101972 23 -0.78
04101972 23 -0.73
05101972 23 -0.67
06101972 23 -0.62
07101972 23 -0.57
08101972 23 -0.53
09101972 23 -0.49
10101972 23 -0.83
11101972 23 -0.95
12101972 23 -0.88
13101972 23 -0.86
14101972 23 -0.83
15101972 23 -0.80
16101972 23 -0.76
17101972 23 -0.72
18101972 23 -0.91
19101972 23 -0.97
20101972 23 -0.98
21101972 23 -0.97
22101972 23 -0.97
23101972 23 -0.97
24101972 23 -0.97
25101972 23 -0.95
26101972 23 -0.94
27101972 23 -0.96
28101972 23 -0.97
29101972 23 -0.96
30101972 23 -0.94
31101972 23 -0.93
01111972 23 -0.92
02111972 23 -0.93
03111972 23 -0.93
04111972 23 -0.94
05111972 23 -0.94
06111972 23 -0.94
07111972 23 -0.94
08111972 23 -0.94
09111972 23 -0.94
10111972 23 -0.94
11111972 23 -0.94
12111972 23 -0.94
13111972 23 -0.94
14111972 23 -0.95
15111972 23 -0.99
16111972 23 -1.03
17111972 23 -1.06
18111972 23 -1.07
19111972 23 -1.08
20111972 23 -1.10
21111972 23 -1.10
22111972 23 -1.10
23111972 23 -1.10
24111972 23 -1.10
25111972 23 -1.10
26111972 23 -1.10
27111972 23 -1.10
28111972 23 -1.10
29111972 23 -1.10
30111972 23 -1.11
01121972 23 -1.11
02121972 23 -1.11
03121972 23 -1.11
04121972 23 -1.10
05121972 23 -1.09
06121972 23 -1.08
07121972 23 -1.09
08121972 23 -1.08
09121972 23 -1.08
10121972 23 -1.08
11121972 23 -1.08
12121972 23 -1.09
13121972 23 -1.09
14121972 23 -1.09
15121972 23 -1.09
16121972 23 -1.09
17121972 23 -1.09
18121972 23 -1.08
19121972 23 -1.04
20121972 23 -1.01
21121972 23 -1.00
22121972 23 -1.09
23121972 23 -1.10
24121972 23 -1.04
25121972 23 -1.01
26121972 23 -0.98
27121972 23 -0.96
28121972 23 -0.96
29121972 23 -0.94
30121972 23 -0.92
31121972 23 -0.90
