01012001 23 -0.91
02012001 23 -0.91
03012001 23 -0.90
04012001 23 -0.90
05012001 23 -0.90
06012001 23 -0.91
07012001 23 -0.91
08012001 23 -0.91
09012001 23 -0.91
10012001 23 -0.90
11012001 23 -0.89
12012001 23 -0.87
13012001 23 -0.86
14012001 23 -0.85
15012001 23 -0.83
16012001 23 -0.86
17012001 23 -0.89
18012001 23 -0.89
19012001 23 -0.88
20012001 23 -0.90
21012001 23 -0.90
22012001 23 -0.89
23012001 23 -0.88
24012001 23 -0.87
25012001 23 -0.85
26012001 23 -0.84
27012001 23 -0.82
28012001 23 -0.80
29012001 23 -0.78
30012001 23 -0.76
31012001 23 -0.75
01022001 23 -0.80
02022001 23 -0.85
03022001 23 -0.88
04022001 23 -0.88
05022001 23 -0.87
06022001 23 -0.86
07022001 23 -0.84
08022001 23 -0.83
09022001 23 -0.81
10022001 23 -0.79
11022001 23 -0.83
12022001 23 -0.87
13022001 23 -0.90
14022001 23 -0.90
15022001 23 -0.88
16022001 23 -0.87
17022001 23 -0.85
18022001 23 -0.84
19022001 23 -0.82
20022001 23 -0.80
21022001 23 -0.78
22022001 23 -0.75
23022001 23 -0.73
24022001 23 -0.78
25022001 23 -0.78
26022001 23 -0.78
27022001 23 -0.82
28022001 23 -0.86
01032001 23 -0.87
02032001 23 -0.89
03032001 23 -0.90
04032001 23 -0.88
05032001 23 -0.86
06032001 23 -0.86
07032001 23 -0.89
08032001 23 -0.89
09032001 23 -0.87
10032001 23 -0.85
11032001 23 -0.84
12032001 23 -0.87
13032001 23 -0.89
14032001 23 -0.88
15032001 23 -0.89
16032001 23 -0.90
17032001 23 -0.88
18032001 23 -0.88
19032001 23 -0.90
20032001 23 -0.89
21032001 23 -0.88
22032001 23 -0.90
23032001 23 -0.89
24032001 23 -0.90
25032001 23 -0.89
26032001 23 -0.88
27032001 23 -0.90
28032001 23 -0.89
29032001 23 -0.87
30032001 23 -0.86
31032001 23 -0.89
01042001 23 -0.90
02042001 23 -0.88
03042001 23 -0.88
04042001 23 -0.90
05042001 23 -0.90
06042001 23 -0.88
07042001 23 -0.87
08042001 23 -0.85
09042001 23 -0.83
10042001 23 -0.80
11042001 23 -0.79
12042001 23 -0.83
13042001 23 -0.86
14042001 23 -0.86
15042001 23 -0.85
16042001 23 -0.82
17042001 23 -0.80
18042001 23 -0.83
19042001 23 -0.84
20042001 23 -0.83
21042001 23 -0.80
22042001 23 -0.79
23042001 23 -0.82
24042001 23 -0.83
25042001 23 -0.81
26042001 23 -0.79
27042001 23 -0.78
28042001 23 -0.83
29042001 23 -0.84
30042001 23 -0.83
01052001 23 -0.86
02052001 23 -0.87
03052001 23 -0.85
04052001 23 -0.84
05052001 23 -0.87
06052001 23 -0.88
07052001 23 -0.86
08052001 23 -0.85
09052001 23 -0.88
10052001 23 -0.88
11052001 23 -0.88
12052001 23 -0.89
13052001 23 -0.89
14052001 23 -0.89
15052001 23 -0.87
16052001 23 -0.89
17052001 23 -0.90
18052001 23 -0.89
19052001 23 -0.85
20052001 23 -0.81
21052001 23 -0.81
22052001 23 -0.86
23052001 23 -0.88
24052001 23 -0.86
25052001 23 -0.84
26052001 23 -0.81
27052001 23 -0.78
28052001 23 -0.75
29052001 23 -0.71
30052001 23 -0.67
31052001 23 -0.63
01062001 23 -0.60
02062001 23 -0.72
03062001 23 -0.79
04062001 23 -0.78
05062001 23 -0.75
06062001 23 -0.72
07062001 23 -0.69
08062001 23 -0.65
09062001 23 -0.62
10062001 23 -0.59
11062001 23 -0.59
12062001 23 -0.78
13062001 23 -0.86
14062001 23 -0.88
15062001 23 -0.87
16062001 23 -0.84
17062001 23 -0.80
18062001 23 -0.76
19062001 23 -0.72
20062001 23 -0.71
21062001 23 -0.79
22062001 23 -0.82
23062001 23 -0.83
24062001 23 -0.83
25062001 23 -0.81
26062001 23 -0.78
27062001 23 -0.78
28062001 23 -0.83
29062001 23 -0.86
30062001 23 -0.87
01072001 23 -0.84
02072001 23 -0.80
03072001 23 -0.76
04072001 23 -0.70
05072001 23 -0.65
06072001 23 -0.60
07072001 23 -0.55
08072001 23 -0.51
09072001 23 -0.47
10072001 23 -0.48
11072001 23 -0.71
12072001 23 -0.73
13072001 23 -0.65
14072001 23 -0.60
15072001 23 -0.55
16072001 23 -0.51
17072001 23 -0.68
18072001 23 -0.74
19072001 23 -0.69
20072001 23 -0.64
21072001 23 -0.60
22072001 23 -0.56
23072001 23 -0.52
24072001 23 -0.49
25072001 23 -0.45
26072001 23 -0.41
27072001 23 -0.37
28072001 23 -0.32
29072001 23 -0.27
30072001 23 -0.19
31072001 23 -0.11
01082001 23 -0.21
02082001 23 -0.73
03082001 23 -0.81
04082001 23 -0.84
05082001 23 -0.85
06082001 23 -0.84
07082001 23 -0.83
08082001 23 -0.81
09082001 23 -0.79
10082001 23 -0.75
11082001 23 -0.71
12082001 23 -0.74
13082001 23 -0.87
14082001 23 -0.92
15082001 23 -0.90
16082001 23 -0.88
17082001 23 -0.86
18082001 23 -0.83
19082001 23 -0.81
20082001 23 -0.81
21082001 23 -0.78
22082001 23 -0.77
23082001 23 -0.72
24082001 23 -0.67
25082001 23 -0.62
26082001 23 -0.57
27082001 23 -0.53
28082001 23 -0.49
29082001 23 -0.46
30082001 23 -0.73
31082001 23 -0.85
01092001 23 -0.88
02092001 23 -0.88
03092001 23 -0.89
04092001 23 -0.87
05092001 23 -0.85
06092001 23 -0.91
07092001 23 -0.93
08092001 23 -0.91
09092001 23 -0.89
10092001 23 -0.88
11092001 23 -0.87
12092001 23 -0.85
13092001 23 -0.84
14092001 23 -0.83
15092001 23 -0.79
16092001 23 -0.77
17092001 23 -0.87
18092001 23 -0.92
19092001 23 -0.92
20092001 23 -0.89
21092001 23 -0.88
22092001 23 -0.86
23092001 23 -0.86
24092001 23 -0.84
25092001 23 -0.81
26092001 23 -0.77
27092001 23 -0.72
28092001 23 -0.67
29092001 23 -0.63
30092001 23 -0.61
01102001 23 -0.66
02102001 23 -0.81
03102001 23 -0.78
04102001 23 -0.73
05102001 23 -0.67
06102001 23 -0.62
07102001 23 -0.57
08102001 23 -0.53
09102001 23 -0.49
10102001 23 -0.83
11102001 23 -0.95
12102001 23 -0.88
13102001 23 -0.86
14102001 23 -0.83
15102001 23 -0.80
16102001 23 -0.76
17102001 23 -0.72
18102001 23 -0.91
19102001 23 -0.97
20102001 23 -0.98
21102001 23 -0.97
22102001 23 -0.97
23102001 23 -0.97
24102001 23 -0.97
25102001 23 -0.95
26102001 23 -0.94
27102001 23 -0.96
28102001 23 -0.97
29102001 23 -0.96
30102001 23 -0.94
31102001 23 -0.93
01112001 23 -0.92
02112001 23 -0.93
03112001 23 -0.93
04112001 23 -0.94
05112001 23 -0.94
06112001 23 -0.94
07112001 23 -0.94
08112001 23 -0.94
09112001 23 -0.94
10112001 23 -0.94
11112001 23 -0.94
12112001 23 -0.94
13112001 23 -0.94
14112001 23 -0.95
15112001 23 -0.99
16112001 23 -1.03
17112001 23 -1.06
18112001 23 -1.07
19112001 23 -1.08
20112001 23 -1.10
21112001 23 -1.10
22112001 23 -1.10
23112001 23 -1.10
24112001 23 -1.10
25112001 23 -1.10
26112001 23 -1.10
27112001 23 -1.10
28112001 23 -1.10
29112001 23 -1.10
30112001 23 -1.11
01122001 23 -1.11
02122001 23 -1.11
03122001 23 -1.11
04122001 23 -1.10
05122001 23 -1.09
06122001 23 -1.08
07122001 23 -1.09
08122001 23 -1.08
09122001 23 -1.08
10122001 23 -1.08
11122001 23 -1.08
12122001 23 -1.09
13122001 23 -1.09
14122001 23 -1.09
15122001 23 -1.09
16122001 23 -1.09
17122001 23 -1.09
18122001 23 -1.08
19122001 23 -1.04
20122001 23 -1.01
21122001 23 -1.00
22122001 23 -1.09
23122001 23 -1.10
24122001 23 -1.04
25122001 23 -1.01
26122001 23 -0.98
27122001 23 -0.96
28122001 23 -0.96
29122001 23 -0.94
30122001 23 -0.92
31122001 23 -0.90
