01011955 23 -0.91
02011955 23 -0.91
03011955 23 -0.90
04011955 23 -0.90
05011955 23 -0.90
06011955 23 -0.91
07011955 23 -0.91
08011955 23 -0.91
09011955 23 -0.91
10011955 23 -0.90
11011955 23 -0.89
12011955 23 -0.87
13011955 23 -0.86
14011955 23 -0.85
15011955 23 -0.83
16011955 23 -0.86
17011955 23 -0.89
18011955 23 -0.89
19011955 23 -0.88
20011955 23 -0.90
21011955 23 -0.90
22011955 23 -0.89
23011955 23 -0.88
24011955 23 -0.87
25011955 23 -0.85
26011955 23 -0.84
27011955 23 -0.82
28011955 23 -0.80
29011955 23 -0.78
30011955 23 -0.76
31011955 23 -0.75
01021955 23 -0.80
02021955 23 -0.85
03021955 23 -0.88
04021955 23 -0.88
05021955 23 -0.87
06021955 23 -0.86
07021955 23 -0.84
08021955 23 -0.83
09021955 23 -0.81
10021955 23 -0.79
11021955 23 -0.83
12021955 23 -0.87
13021955 23 -0.90
14021955 23 -0.90
15021955 23 -0.88
16021955 23 -0.87
17021955 23 -0.85
18021955 23 -0.84
19021955 23 -0.82
20021955 23 -0.80
21021955 23 -0.78
22021955 23 -0.75
23021955 23 -0.73
24021955 23 -0.78
25021955 23 -0.78
26021955 23 -0.78
27021955 23 -0.82
28021955 23 -0.86
01031955 23 -0.87
02031955 23 -0.89
03031955 23 -0.90
04031955 23 -0.88
05031955 23 -0.86
06031955 23 -0.86
07031955 23 -0.89
08031955 23 -0.89
09031955 23 -0.87
10031955 23 -0.85
11031955 23 -0.84
12031955 23 -0.87
13031955 23 -0.89
14031955 23 -0.88
15031955 23 -0.89
16031955 23 -0.90
17031955 23 -0.88
18031955 23 -0.88
19031955 23 -0.90
20031955 23 -0.89
21031955 23 -0.88
22031955 23 -0.90
23031955 23 -0.89
24031955 23 -0.90
25031955 23 -0.89
26031955 23 -0.88
27031955 23 -0.90
28031955 23 -0.89
29031955 23 -0.87
30031955 23 -0.86
31031955 23 -0.89
01041955 23 -0.90
02041955 23 -0.88
03041955 23 -0.88
04041955 23 -0.90
05041955 23 -0.90
06041955 23 -0.88
07041955 23 -0.87
08041955 23 -0.85
09041955 23 -0.83
10041955 23 -0.80
11041955 23 -0.79
12041955 23 -0.83
13041955 23 -0.86
14041955 23 -0.86
15041955 23 -0.85
16041955 23 -0.82
17041955 23 -0.80
18041955 23 -0.83
19041955 23 -0.84
20041955 23 -0.83
21041955 23 -0.80
22041955 23 -0.79
23041955 23 -0.82
24041955 23 -0.83
25041955 23 -0.81
26041955 23 -0.79
27041955 23 -0.78
28041955 23 -0.83
29041955 23 -0.84
30041955 23 -0.83
01051955 23 -0.86
02051955 23 -0.87
03051955 23 -0.85
04051955 23 -0.84
05051955 23 -0.87
06051955 23 -0.88
07051955 23 -0.86
08051955 23 -0.85
09051955 23 -0.88
10051955 23 -0.88
11051955 23 -0.88
12051955 23 -0.89
13051955 23 -0.89
14051955 23 -0.89
15051955 23 -0.87
16051955 23 -0.89
17051955 23 -0.90
18051955 23 -0.89
19051955 23 -0.85
20051955 23 -0.81
21051955 23 -0.81
22051955 23 -0.86
23051955 23 -0.88
24051955 23 -0.86
25051955 23 -0.84
26051955 23 -0.81
27051955 23 -0.78
28051955 23 -0.75
29051955 23 -0.71
30051955 23 -0.67
31051955 23 -0.63
01061955 23 -0.60
02061955 23 -0.72
03061955 23 -0.79
04061955 23 -0.78
05061955 23 -0.75
06061955 23 -0.72
07061955 23 -0.69
08061955 23 -0.65
09061955 23 -0.62
10061955 23 -0.59
11061955 23 -0.59
12061955 23 -0.78
13061955 23 -0.86
14061955 23 -0.88
15061955 23 -0.87
16061955 23 -0.84
17061955 23 -0.80
18061955 23 -0.76
19061955 23 -0.72
20061955 23 -0.71
21061955 23 -0.79
22061955 23 -0.82
23061955 23 -0.83
24061955 23 -0.83
25061955 23 -0.81
26061955 23 -0.78
27061955 23 -0.78
28061955 23 -0.83
29061955 23 -0.86
30061955 23 -0.87
01071955 23 -0.84
02071955 23 -0.80
03071955 23 -0.76
04071955 23 -0.70
05071955 23 -0.65
06071955 23 -0.60
07071955 23 -0.55
08071955 23 -0.51
09071955 23 -0.47
10071955 23 -0.48
11071955 23 -0.71
12071955 23 -0.73
13071955 23 -0.65
14071955 23 -0.60
15071955 23 -0.55
16071955 23 -0.51
17071955 23 -0.68
18071955 23 -0.74
19071955 23 -0.69
20071955 23 -0.64
21071955 23 -0.60
22071955 23 -0.56
23071955 23 -0.52
24071955 23 -0.49
25071955 23 -0.45
26071955 23 -0.41
27071955 23 -0.37
28071955 23 -0.32
29071955 23 -0.27
30071955 23 -0.19
31071955 23 -0.11
01081955 23 -0.21
02081955 23 -0.73
03081955 23 -0.81
04081955 23 -0.84
05081955 23 -0.85
06081955 23 -0.84
07081955 23 -0.83
08081955 23 -0.81
09081955 23 -0.79
10081955 23 -0.75
11081955 23 -0.71
12081955 23 -0.74
13081955 23 -0.87
14081955 23 -0.92
15081955 23 -0.90
16081955 23 -0.88
17081955 23 -0.86
18081955 23 -0.83
19081955 23 -0.81
20081955 23 -0.81
21081955 23 -0.78
22081955 23 -0.77
23081955 23 -0.72
24081955 23 -0.67
25081955 23 -0.62
26081955 23 -0.57
27081955 23 -0.53
28081955 23 -0.49
29081955 23 -0.46
30081955 23 -0.73
31081955 23 -0.85
01091955 23 -0.88
02091955 23 -0.88
03091955 23 -0.89
04091955 23 -0.87
05091955 23 -0.85
06091955 23 -0.91
07091955 23 -0.93
08091955 23 -0.91
09091955 23 -0.89
10091955 23 -0.88
11091955 23 -0.87
12091955 23 -0.85
13091955 23 -0.84
14091955 23 -0.83
15091955 23 -0.79
16091955 23 -0.77
17091955 23 -0.87
18091955 23 -0.92
19091955 23 -0.92
20091955 23 -0.89
21091955 23 -0.88
22091955 23 -0.86
23091955 23 -0.86
24091955 23 -0.84
25091955 23 -0.81
26091955 23 -0.77
27091955 23 -0.72
28091955 23 -0.67
29091955 23 -0.63
30091955 23 -0.61
01101955 23 -0.66
02101955 23 -0.81
03101955 23 -0.78
04101955 23 -0.73
05101955 23 -0.67
06101955 23 -0.62
07101955 23 -0.57
08101955 23 -0.53
09101955 23 -0.49
10101955 23 -0.83
11101955 23 -0.95
12101955 23 -0.88
13101955 23 -0.86
14101955 23 -0.83
15101955 23 -0.80
16101955 23 -0.76
17101955 23 -0.72
18101955 23 -0.91
19101955 23 -0.97
20101955 23 -0.98
21101955 23 -0.97
22101955 23 -0.97
23101955 23 -0.97
24101955 23 -0.97
25101955 23 -0.95
26101955 23 -0.94
27101955 23 -0.96
28101955 23 -0.97
29101955 23 -0.96
30101955 23 -0.94
31101955 23 -0.93
01111955 23 -0.92
02111955 23 -0.93
03111955 23 -0.93
04111955 23 -0.94
05111955 23 -0.94
06111955 23 -0.94
07111955 23 -0.94
08111955 23 -0.94
09111955 23 -0.94
10111955 23 -0.94
11111955 23 -0.94
12111955 23 -0.94
13111955 23 -0.94
14111955 23 -0.95
15111955 23 -0.99
16111955 23 -1.03
17111955 23 -1.06
18111955 23 -1.07
19111955 23 -1.08
20111955 23 -1.10
21111955 23 -1.10
22111955 23 -1.10
23111955 23 -1.10
24111955 23 -1.10
25111955 23 -1.10
26111955 23 -1.10
27111955 23 -1.10
28111955 23 -1.10
29111955 23 -1.10
30111955 23 -1.11
01121955 23 -1.11
02121955 23 -1.11
03121955 23 -1.11
04121955 23 -1.10
05121955 23 -1.09
06121955 23 -1.08
07121955 23 -1.09
08121955 23 -1.08
09121955 23 -1.08
10121955 23 -1.08
11121955 23 -1.08
12121955 23 -1.09
13121955 23 -1.09
14121955 23 -1.09
15121955 23 -1.09
16121955 23 -1.09
17121955 23 -1.09
18121955 23 -1.08
19121955 23 -1.04
20121955 23 -1.01
21121955 23 -1.00
22121955 23 -1.09
23121955 23 -1.10
24121955 23 -1.04
25121955 23 -1.01
26121955 23 -0.98
27121955 23 -0.96
28121955 23 -0.96
29121955 23 -0.94
30121955 23 -0.92
31121955 23 -0.90
