01011912 23 -0.91
02011912 23 -0.91
03011912 23 -0.90
04011912 23 -0.90
05011912 23 -0.90
06011912 23 -0.91
07011912 23 -0.91
08011912 23 -0.91
09011912 23 -0.91
10011912 23 -0.90
11011912 23 -0.89
12011912 23 -0.87
13011912 23 -0.86
14011912 23 -0.85
15011912 23 -0.83
16011912 23 -0.86
17011912 23 -0.89
18011912 23 -0.89
19011912 23 -0.88
20011912 23 -0.90
21011912 23 -0.90
22011912 23 -0.89
23011912 23 -0.88
24011912 23 -0.87
25011912 23 -0.85
26011912 23 -0.84
27011912 23 -0.82
28011912 23 -0.80
29011912 23 -0.78
30011912 23 -0.76
31011912 23 -0.75
01021912 23 -0.80
02021912 23 -0.85
03021912 23 -0.88
04021912 23 -0.88
05021912 23 -0.87
06021912 23 -0.86
07021912 23 -0.84
08021912 23 -0.83
09021912 23 -0.81
10021912 23 -0.79
11021912 23 -0.83
12021912 23 -0.87
13021912 23 -0.90
14021912 23 -0.90
15021912 23 -0.88
16021912 23 -0.87
17021912 23 -0.85
18021912 23 -0.84
19021912 23 -0.82
20021912 23 -0.80
21021912 23 -0.78
22021912 23 -0.75
23021912 23 -0.73
24021912 23 -0.78
25021912 23 -0.78
26021912 23 -0.78
27021912 23 -0.82
28021912 23 -0.86
01031912 23 -0.87
02031912 23 -0.89
03031912 23 -0.90
04031912 23 -0.88
05031912 23 -0.86
06031912 23 -0.86
07031912 23 -0.89
08031912 23 -0.89
09031912 23 -0.87
10031912 23 -0.85
11031912 23 -0.84
12031912 23 -0.87
13031912 23 -0.89
14031912 23 -0.88
15031912 23 -0.89
16031912 23 -0.90
17031912 23 -0.88
18031912 23 -0.88
19031912 23 -0.90
20031912 23 -0.89
21031912 23 -0.88
22031912 23 -0.90
23031912 23 -0.89
24031912 23 -0.90
25031912 23 -0.89
26031912 23 -0.88
27031912 23 -0.90
28031912 23 -0.89
29031912 23 -0.87
30031912 23 -0.86
31031912 23 -0.89
01041912 23 -0.90
02041912 23 -0.88
03041912 23 -0.88
04041912 23 -0.90
05041912 23 -0.90
06041912 23 -0.88
07041912 23 -0.87
08041912 23 -0.85
09041912 23 -0.83
10041912 23 -0.80
11041912 23 -0.79
12041912 23 -0.83
13041912 23 -0.86
14041912 23 -0.86
15041912 23 -0.85
16041912 23 -0.82
17041912 23 -0.80
18041912 23 -0.83
19041912 23 -0.84
20041912 23 -0.83
21041912 23 -0.80
22041912 23 -0.79
23041912 23 -0.82
24041912 23 -0.83
25041912 23 -0.81
26041912 23 -0.79
27041912 23 -0.78
28041912 23 -0.83
29041912 23 -0.84
30041912 23 -0.83
01051912 23 -0.86
02051912 23 -0.87
03051912 23 -0.85
04051912 23 -0.84
05051912 23 -0.87
06051912 23 -0.88
07051912 23 -0.86
08051912 23 -0.85
09051912 23 -0.88
10051912 23 -0.88
11051912 23 -0.88
12051912 23 -0.89
13051912 23 -0.89
14051912 23 -0.89
15051912 23 -0.87
16051912 23 -0.89
17051912 23 -0.90
18051912 23 -0.89
19051912 23 -0.85
20051912 23 -0.81
21051912 23 -0.81
22051912 23 -0.86
23051912 23 -0.88
24051912 23 -0.86
25051912 23 -0.84
26051912 23 -0.81
27051912 23 -0.78
28051912 23 -0.75
29051912 23 -0.71
30051912 23 -0.67
31051912 23 -0.63
01061912 23 -0.60
02061912 23 -0.72
03061912 23 -0.79
04061912 23 -0.78
05061912 23 -0.75
06061912 23 -0.72
07061912 23 -0.69
08061912 23 -0.65
09061912 23 -0.62
10061912 23 -0.59
11061912 23 -0.59
12061912 23 -0.78
13061912 23 -0.86
14061912 23 -0.88
15061912 23 -0.87
16061912 23 -0.84
17061912 23 -0.80
18061912 23 -0.76
19061912 23 -0.72
20061912 23 -0.71
21061912 23 -0.79
22061912 23 -0.82
23061912 23 -0.83
24061912 23 -0.83
25061912 23 -0.81
26061912 23 -0.78
27061912 23 -0.78
28061912 23 -0.83
29061912 23 -0.86
30061912 23 -0.87
01071912 23 -0.84
02071912 23 -0.80
03071912 23 -0.76
04071912 23 -0.70
05071912 23 -0.65
06071912 23 -0.60
07071912 23 -0.55
08071912 23 -0.51
09071912 23 -0.47
10071912 23 -0.48
11071912 23 -0.71
12071912 23 -0.73
13071912 23 -0.65
14071912 23 -0.60
15071912 23 -0.55
16071912 23 -0.51
17071912 23 -0.68
18071912 23 -0.74
19071912 23 -0.69
20071912 23 -0.64
21071912 23 -0.60
22071912 23 -0.56
23071912 23 -0.52
24071912 23 -0.49
25071912 23 -0.45
26071912 23 -0.41
27071912 23 -0.37
28071912 23 -0.32
29071912 23 -0.27
30071912 23 -0.19
31071912 23 -0.11
01081912 23 -0.21
02081912 23 -0.73
03081912 23 -0.81
04081912 23 -0.84
05081912 23 -0.85
06081912 23 -0.84
07081912 23 -0.83
08081912 23 -0.81
09081912 23 -0.79
10081912 23 -0.75
11081912 23 -0.71
12081912 23 -0.74
13081912 23 -0.87
14081912 23 -0.92
15081912 23 -0.90
16081912 23 -0.88
17081912 23 -0.86
18081912 23 -0.83
19081912 23 -0.81
20081912 23 -0.81
21081912 23 -0.78
22081912 23 -0.77
23081912 23 -0.72
24081912 23 -0.67
25081912 23 -0.62
26081912 23 -0.57
27081912 23 -0.53
28081912 23 -0.49
29081912 23 -0.46
30081912 23 -0.73
31081912 23 -0.85
01091912 23 -0.88
02091912 23 -0.88
03091912 23 -0.89
04091912 23 -0.87
05091912 23 -0.85
06091912 23 -0.91
07091912 23 -0.93
08091912 23 -0.91
09091912 23 -0.89
10091912 23 -0.88
11091912 23 -0.87
12091912 23 -0.85
13091912 23 -0.84
14091912 23 -0.83
15091912 23 -0.79
16091912 23 -0.77
17091912 23 -0.87
18091912 23 -0.92
19091912 23 -0.92
20091912 23 -0.89
21091912 23 -0.88
22091912 23 -0.86
23091912 23 -0.86
24091912 23 -0.84
25091912 23 -0.81
26091912 23 -0.77
27091912 23 -0.72
28091912 23 -0.67
29091912 23 -0.63
30091912 23 -0.61
01101912 23 -0.66
02101912 23 -0.81
03101912 23 -0.78
04101912 23 -0.73
05101912 23 -0.67
06101912 23 -0.62
07101912 23 -0.57
08101912 23 -0.53
09101912 23 -0.49
10101912 23 -0.83
11101912 23 -0.95
12101912 23 -0.88
13101912 23 -0.86
14101912 23 -0.83
15101912 23 -0.80
16101912 23 -0.76
17101912 23 -0.72
18101912 23 -0.91
19101912 23 -0.97
20101912 23 -0.98
21101912 23 -0.97
22101912 23 -0.97
23101912 23 -0.97
24101912 23 -0.97
25101912 23 -0.95
26101912 23 -0.94
27101912 23 -0.96
28101912 23 -0.97
29101912 23 -0.96
30101912 23 -0.94
31101912 23 -0.93
01111912 23 -0.92
02111912 23 -0.93
03111912 23 -0.93
04111912 23 -0.94
05111912 23 -0.94
06111912 23 -0.94
07111912 23 -0.94
08111912 23 -0.94
09111912 23 -0.94
10111912 23 -0.94
11111912 23 -0.94
12111912 23 -0.94
13111912 23 -0.94
14111912 23 -0.95
15111912 23 -0.99
16111912 23 -1.03
17111912 23 -1.06
18111912 23 -1.07
19111912 23 -1.08
20111912 23 -1.10
21111912 23 -1.10
22111912 23 -1.10
23111912 23 -1.10
24111912 23 -1.10
25111912 23 -1.10
26111912 23 -1.10
27111912 23 -1.10
28111912 23 -1.10
29111912 23 -1.10
30111912 23 -1.11
01121912 23 -1.11
02121912 23 -1.11
03121912 23 -1.11
04121912 23 -1.10
05121912 23 -1.09
06121912 23 -1.08
07121912 23 -1.09
08121912 23 -1.08
09121912 23 -1.08
10121912 23 -1.08
11121912 23 -1.08
12121912 23 -1.09
13121912 23 -1.09
14121912 23 -1.09
15121912 23 -1.09
16121912 23 -1.09
17121912 23 -1.09
18121912 23 -1.08
19121912 23 -1.04
20121912 23 -1.01
21121912 23 -1.00
22121912 23 -1.09
23121912 23 -1.10
24121912 23 -1.04
25121912 23 -1.01
26121912 23 -0.98
27121912 23 -0.96
28121912 23 -0.96
29121912 23 -0.94
30121912 23 -0.92
31121912 23 -0.90
