01011959 23 -0.91
02011959 23 -0.91
03011959 23 -0.90
04011959 23 -0.90
05011959 23 -0.90
06011959 23 -0.91
07011959 23 -0.91
08011959 23 -0.91
09011959 23 -0.91
10011959 23 -0.90
11011959 23 -0.89
12011959 23 -0.87
13011959 23 -0.86
14011959 23 -0.85
15011959 23 -0.83
16011959 23 -0.86
17011959 23 -0.89
18011959 23 -0.89
19011959 23 -0.88
20011959 23 -0.90
21011959 23 -0.90
22011959 23 -0.89
23011959 23 -0.88
24011959 23 -0.87
25011959 23 -0.85
26011959 23 -0.84
27011959 23 -0.82
28011959 23 -0.80
29011959 23 -0.78
30011959 23 -0.76
31011959 23 -0.75
01021959 23 -0.80
02021959 23 -0.85
03021959 23 -0.88
04021959 23 -0.88
05021959 23 -0.87
06021959 23 -0.86
07021959 23 -0.84
08021959 23 -0.83
09021959 23 -0.81
10021959 23 -0.79
11021959 23 -0.83
12021959 23 -0.87
13021959 23 -0.90
14021959 23 -0.90
15021959 23 -0.88
16021959 23 -0.87
17021959 23 -0.85
18021959 23 -0.84
19021959 23 -0.82
20021959 23 -0.80
21021959 23 -0.78
22021959 23 -0.75
23021959 23 -0.73
24021959 23 -0.78
25021959 23 -0.78
26021959 23 -0.78
27021959 23 -0.82
28021959 23 -0.86
01031959 23 -0.87
02031959 23 -0.89
03031959 23 -0.90
04031959 23 -0.88
05031959 23 -0.86
06031959 23 -0.86
07031959 23 -0.89
08031959 23 -0.89
09031959 23 -0.87
10031959 23 -0.85
11031959 23 -0.84
12031959 23 -0.87
13031959 23 -0.89
14031959 23 -0.88
15031959 23 -0.89
16031959 23 -0.90
17031959 23 -0.88
18031959 23 -0.88
19031959 23 -0.90
20031959 23 -0.89
21031959 23 -0.88
22031959 23 -0.90
23031959 23 -0.89
24031959 23 -0.90
25031959 23 -0.89
26031959 23 -0.88
27031959 23 -0.90
28031959 23 -0.89
29031959 23 -0.87
30031959 23 -0.86
31031959 23 -0.89
01041959 23 -0.90
02041959 23 -0.88
03041959 23 -0.88
04041959 23 -0.90
05041959 23 -0.90
06041959 23 -0.88
07041959 23 -0.87
08041959 23 -0.85
09041959 23 -0.83
10041959 23 -0.80
11041959 23 -0.79
12041959 23 -0.83
13041959 23 -0.86
14041959 23 -0.86
15041959 23 -0.85
16041959 23 -0.82
17041959 23 -0.80
18041959 23 -0.83
19041959 23 -0.84
20041959 23 -0.83
21041959 23 -0.80
22041959 23 -0.79
23041959 23 -0.82
24041959 23 -0.83
25041959 23 -0.81
26041959 23 -0.79
27041959 23 -0.78
28041959 23 -0.83
29041959 23 -0.84
30041959 23 -0.83
01051959 23 -0.86
02051959 23 -0.87
03051959 23 -0.85
04051959 23 -0.84
05051959 23 -0.87
06051959 23 -0.88
07051959 23 -0.86
08051959 23 -0.85
09051959 23 -0.88
10051959 23 -0.88
11051959 23 -0.88
12051959 23 -0.89
13051959 23 -0.89
14051959 23 -0.89
15051959 23 -0.87
16051959 23 -0.89
17051959 23 -0.90
18051959 23 -0.89
19051959 23 -0.85
20051959 23 -0.81
21051959 23 -0.81
22051959 23 -0.86
23051959 23 -0.88
24051959 23 -0.86
25051959 23 -0.84
26051959 23 -0.81
27051959 23 -0.78
28051959 23 -0.75
29051959 23 -0.71
30051959 23 -0.67
31051959 23 -0.63
01061959 23 -0.60
02061959 23 -0.72
03061959 23 -0.79
04061959 23 -0.78
05061959 23 -0.75
06061959 23 -0.72
07061959 23 -0.69
08061959 23 -0.65
09061959 23 -0.62
10061959 23 -0.59
11061959 23 -0.59
12061959 23 -0.78
13061959 23 -0.86
14061959 23 -0.88
15061959 23 -0.87
16061959 23 -0.84
17061959 23 -0.80
18061959 23 -0.76
19061959 23 -0.72
20061959 23 -0.71
21061959 23 -0.79
22061959 23 -0.82
23061959 23 -0.83
24061959 23 -0.83
25061959 23 -0.81
26061959 23 -0.78
27061959 23 -0.78
28061959 23 -0.83
29061959 23 -0.86
30061959 23 -0.87
01071959 23 -0.84
02071959 23 -0.80
03071959 23 -0.76
04071959 23 -0.70
05071959 23 -0.65
06071959 23 -0.60
07071959 23 -0.55
08071959 23 -0.51
09071959 23 -0.47
10071959 23 -0.48
11071959 23 -0.71
12071959 23 -0.73
13071959 23 -0.65
14071959 23 -0.60
15071959 23 -0.55
16071959 23 -0.51
17071959 23 -0.68
18071959 23 -0.74
19071959 23 -0.69
20071959 23 -0.64
21071959 23 -0.60
22071959 23 -0.56
23071959 23 -0.52
24071959 23 -0.49
25071959 23 -0.45
26071959 23 -0.41
27071959 23 -0.37
28071959 23 -0.32
29071959 23 -0.27
30071959 23 -0.19
31071959 23 -0.11
01081959 23 -0.21
02081959 23 -0.73
03081959 23 -0.81
04081959 23 -0.84
05081959 23 -0.85
06081959 23 -0.84
07081959 23 -0.83
08081959 23 -0.81
09081959 23 -0.79
10081959 23 -0.75
11081959 23 -0.71
12081959 23 -0.74
13081959 23 -0.87
14081959 23 -0.92
15081959 23 -0.90
16081959 23 -0.88
17081959 23 -0.86
18081959 23 -0.83
19081959 23 -0.81
20081959 23 -0.81
21081959 23 -0.78
22081959 23 -0.77
23081959 23 -0.72
24081959 23 -0.67
25081959 23 -0.62
26081959 23 -0.57
27081959 23 -0.53
28081959 23 -0.49
29081959 23 -0.46
30081959 23 -0.73
31081959 23 -0.85
01091959 23 -0.88
02091959 23 -0.88
03091959 23 -0.89
04091959 23 -0.87
05091959 23 -0.85
06091959 23 -0.91
07091959 23 -0.93
08091959 23 -0.91
09091959 23 -0.89
10091959 23 -0.88
11091959 23 -0.87
12091959 23 -0.85
13091959 23 -0.84
14091959 23 -0.83
15091959 23 -0.79
16091959 23 -0.77
17091959 23 -0.87
18091959 23 -0.92
19091959 23 -0.92
20091959 23 -0.89
21091959 23 -0.88
22091959 23 -0.86
23091959 23 -0.86
24091959 23 -0.84
25091959 23 -0.81
26091959 23 -0.77
27091959 23 -0.72
28091959 23 -0.67
29091959 23 -0.63
30091959 23 -0.61
01101959 23 -0.66
02101959 23 -0.81
03101959 23 -0.78
04101959 23 -0.73
05101959 23 -0.67
06101959 23 -0.62
07101959 23 -0.57
08101959 23 -0.53
09101959 23 -0.49
10101959 23 -0.83
11101959 23 -0.95
12101959 23 -0.88
13101959 23 -0.86
14101959 23 -0.83
15101959 23 -0.80
16101959 23 -0.76
17101959 23 -0.72
18101959 23 -0.91
19101959 23 -0.97
20101959 23 -0.98
21101959 23 -0.97
22101959 23 -0.97
23101959 23 -0.97
24101959 23 -0.97
25101959 23 -0.95
26101959 23 -0.94
27101959 23 -0.96
28101959 23 -0.97
29101959 23 -0.96
30101959 23 -0.94
31101959 23 -0.93
01111959 23 -0.92
02111959 23 -0.93
03111959 23 -0.93
04111959 23 -0.94
05111959 23 -0.94
06111959 23 -0.94
07111959 23 -0.94
08111959 23 -0.94
09111959 23 -0.94
10111959 23 -0.94
11111959 23 -0.94
12111959 23 -0.94
13111959 23 -0.94
14111959 23 -0.95
15111959 23 -0.99
16111959 23 -1.03
17111959 23 -1.06
18111959 23 -1.07
19111959 23 -1.08
20111959 23 -1.10
21111959 23 -1.10
22111959 23 -1.10
23111959 23 -1.10
24111959 23 -1.10
25111959 23 -1.10
26111959 23 -1.10
27111959 23 -1.10
28111959 23 -1.10
29111959 23 -1.10
30111959 23 -1.11
01121959 23 -1.11
02121959 23 -1.11
03121959 23 -1.11
04121959 23 -1.10
05121959 23 -1.09
06121959 23 -1.08
07121959 23 -1.09
08121959 23 -1.08
09121959 23 -1.08
10121959 23 -1.08
11121959 23 -1.08
12121959 23 -1.09
13121959 23 -1.09
14121959 23 -1.09
15121959 23 -1.09
16121959 23 -1.09
17121959 23 -1.09
18121959 23 -1.08
19121959 23 -1.04
20121959 23 -1.01
21121959 23 -1.00
22121959 23 -1.09
23121959 23 -1.10
24121959 23 -1.04
25121959 23 -1.01
26121959 23 -0.98
27121959 23 -0.96
28121959 23 -0.96
29121959 23 -0.94
30121959 23 -0.92
31121959 23 -0.90
