01011980 23 -0.91
02011980 23 -0.91
03011980 23 -0.90
04011980 23 -0.90
05011980 23 -0.90
06011980 23 -0.91
07011980 23 -0.91
08011980 23 -0.91
09011980 23 -0.91
10011980 23 -0.90
11011980 23 -0.89
12011980 23 -0.87
13011980 23 -0.86
14011980 23 -0.85
15011980 23 -0.83
16011980 23 -0.86
17011980 23 -0.89
18011980 23 -0.89
19011980 23 -0.88
20011980 23 -0.90
21011980 23 -0.90
22011980 23 -0.89
23011980 23 -0.88
24011980 23 -0.87
25011980 23 -0.85
26011980 23 -0.84
27011980 23 -0.82
28011980 23 -0.80
29011980 23 -0.78
30011980 23 -0.76
31011980 23 -0.75
01021980 23 -0.80
02021980 23 -0.85
03021980 23 -0.88
04021980 23 -0.88
05021980 23 -0.87
06021980 23 -0.86
07021980 23 -0.84
08021980 23 -0.83
09021980 23 -0.81
10021980 23 -0.79
11021980 23 -0.83
12021980 23 -0.87
13021980 23 -0.90
14021980 23 -0.90
15021980 23 -0.88
16021980 23 -0.87
17021980 23 -0.85
18021980 23 -0.84
19021980 23 -0.82
20021980 23 -0.80
21021980 23 -0.78
22021980 23 -0.75
23021980 23 -0.73
24021980 23 -0.78
25021980 23 -0.78
26021980 23 -0.78
27021980 23 -0.82
28021980 23 -0.86
01031980 23 -0.87
02031980 23 -0.89
03031980 23 -0.90
04031980 23 -0.88
05031980 23 -0.86
06031980 23 -0.86
07031980 23 -0.89
08031980 23 -0.89
09031980 23 -0.87
10031980 23 -0.85
11031980 23 -0.84
12031980 23 -0.87
13031980 23 -0.89
14031980 23 -0.88
15031980 23 -0.89
16031980 23 -0.90
17031980 23 -0.88
18031980 23 -0.88
19031980 23 -0.90
20031980 23 -0.89
21031980 23 -0.88
22031980 23 -0.90
23031980 23 -0.89
24031980 23 -0.90
25031980 23 -0.89
26031980 23 -0.88
27031980 23 -0.90
28031980 23 -0.89
29031980 23 -0.87
30031980 23 -0.86
31031980 23 -0.89
01041980 23 -0.90
02041980 23 -0.88
03041980 23 -0.88
04041980 23 -0.90
05041980 23 -0.90
06041980 23 -0.88
07041980 23 -0.87
08041980 23 -0.85
09041980 23 -0.83
10041980 23 -0.80
11041980 23 -0.79
12041980 23 -0.83
13041980 23 -0.86
14041980 23 -0.86
15041980 23 -0.85
16041980 23 -0.82
17041980 23 -0.80
18041980 23 -0.83
19041980 23 -0.84
20041980 23 -0.83
21041980 23 -0.80
22041980 23 -0.79
23041980 23 -0.82
24041980 23 -0.83
25041980 23 -0.81
26041980 23 -0.79
27041980 23 -0.78
28041980 23 -0.83
29041980 23 -0.84
30041980 23 -0.83
01051980 23 -0.86
02051980 23 -0.87
03051980 23 -0.85
04051980 23 -0.84
05051980 23 -0.87
06051980 23 -0.88
07051980 23 -0.86
08051980 23 -0.85
09051980 23 -0.88
10051980 23 -0.88
11051980 23 -0.88
12051980 23 -0.89
13051980 23 -0.89
14051980 23 -0.89
15051980 23 -0.87
16051980 23 -0.89
17051980 23 -0.90
18051980 23 -0.89
19051980 23 -0.85
20051980 23 -0.81
21051980 23 -0.81
22051980 23 -0.86
23051980 23 -0.88
24051980 23 -0.86
25051980 23 -0.84
26051980 23 -0.81
27051980 23 -0.78
28051980 23 -0.75
29051980 23 -0.71
30051980 23 -0.67
31051980 23 -0.63
01061980 23 -0.60
02061980 23 -0.72
03061980 23 -0.79
04061980 23 -0.78
05061980 23 -0.75
06061980 23 -0.72
07061980 23 -0.69
08061980 23 -0.65
09061980 23 -0.62
10061980 23 -0.59
11061980 23 -0.59
12061980 23 -0.78
13061980 23 -0.86
14061980 23 -0.88
15061980 23 -0.87
16061980 23 -0.84
17061980 23 -0.80
18061980 23 -0.76
19061980 23 -0.72
20061980 23 -0.71
21061980 23 -0.79
22061980 23 -0.82
23061980 23 -0.83
24061980 23 -0.83
25061980 23 -0.81
26061980 23 -0.78
27061980 23 -0.78
28061980 23 -0.83
29061980 23 -0.86
30061980 23 -0.87
01071980 23 -0.84
02071980 23 -0.80
03071980 23 -0.76
04071980 23 -0.70
05071980 23 -0.65
06071980 23 -0.60
07071980 23 -0.55
08071980 23 -0.51
09071980 23 -0.47
10071980 23 -0.48
11071980 23 -0.71
12071980 23 -0.73
13071980 23 -0.65
14071980 23 -0.60
15071980 23 -0.55
16071980 23 -0.51
17071980 23 -0.68
18071980 23 -0.74
19071980 23 -0.69
20071980 23 -0.64
21071980 23 -0.60
22071980 23 -0.56
23071980 23 -0.52
24071980 23 -0.49
25071980 23 -0.45
26071980 23 -0.41
27071980 23 -0.37
28071980 23 -0.32
29071980 23 -0.27
30071980 23 -0.19
31071980 23 -0.11
01081980 23 -0.21
02081980 23 -0.73
03081980 23 -0.81
04081980 23 -0.84
05081980 23 -0.85
06081980 23 -0.84
07081980 23 -0.83
08081980 23 -0.81
09081980 23 -0.79
10081980 23 -0.75
11081980 23 -0.71
12081980 23 -0.74
13081980 23 -0.87
14081980 23 -0.92
15081980 23 -0.90
16081980 23 -0.88
17081980 23 -0.86
18081980 23 -0.83
19081980 23 -0.81
20081980 23 -0.81
21081980 23 -0.78
22081980 23 -0.77
23081980 23 -0.72
24081980 23 -0.67
25081980 23 -0.62
26081980 23 -0.57
27081980 23 -0.53
28081980 23 -0.49
29081980 23 -0.46
30081980 23 -0.73
31081980 23 -0.85
01091980 23 -0.88
02091980 23 -0.88
03091980 23 -0.89
04091980 23 -0.87
05091980 23 -0.85
06091980 23 -0.91
07091980 23 -0.93
08091980 23 -0.91
09091980 23 -0.89
10091980 23 -0.88
11091980 23 -0.87
12091980 23 -0.85
13091980 23 -0.84
14091980 23 -0.83
15091980 23 -0.79
16091980 23 -0.77
17091980 23 -0.87
18091980 23 -0.92
19091980 23 -0.92
20091980 23 -0.89
21091980 23 -0.88
22091980 23 -0.86
23091980 23 -0.86
24091980 23 -0.84
25091980 23 -0.81
26091980 23 -0.77
27091980 23 -0.72
28091980 23 -0.67
29091980 23 -0.63
30091980 23 -0.61
01101980 23 -0.66
02101980 23 -0.81
03101980 23 -0.78
04101980 23 -0.73
05101980 23 -0.67
06101980 23 -0.62
07101980 23 -0.57
08101980 23 -0.53
09101980 23 -0.49
10101980 23 -0.83
11101980 23 -0.95
12101980 23 -0.88
13101980 23 -0.86
14101980 23 -0.83
15101980 23 -0.80
16101980 23 -0.76
17101980 23 -0.72
18101980 23 -0.91
19101980 23 -0.97
20101980 23 -0.98
21101980 23 -0.97
22101980 23 -0.97
23101980 23 -0.97
24101980 23 -0.97
25101980 23 -0.95
26101980 23 -0.94
27101980 23 -0.96
28101980 23 -0.97
29101980 23 -0.96
30101980 23 -0.94
31101980 23 -0.93
01111980 23 -0.92
02111980 23 -0.93
03111980 23 -0.93
04111980 23 -0.94
05111980 23 -0.94
06111980 23 -0.94
07111980 23 -0.94
08111980 23 -0.94
09111980 23 -0.94
10111980 23 -0.94
11111980 23 -0.94
12111980 23 -0.94
13111980 23 -0.94
14111980 23 -0.95
15111980 23 -0.99
16111980 23 -1.03
17111980 23 -1.06
18111980 23 -1.07
19111980 23 -1.08
20111980 23 -1.10
21111980 23 -1.10
22111980 23 -1.10
23111980 23 -1.10
24111980 23 -1.10
25111980 23 -1.10
26111980 23 -1.10
27111980 23 -1.10
28111980 23 -1.10
29111980 23 -1.10
30111980 23 -1.11
01121980 23 -1.11
02121980 23 -1.11
03121980 23 -1.11
04121980 23 -1.10
05121980 23 -1.09
06121980 23 -1.08
07121980 23 -1.09
08121980 23 -1.08
09121980 23 -1.08
10121980 23 -1.08
11121980 23 -1.08
12121980 23 -1.09
13121980 23 -1.09
14121980 23 -1.09
15121980 23 -1.09
16121980 23 -1.09
17121980 23 -1.09
18121980 23 -1.08
19121980 23 -1.04
20121980 23 -1.01
21121980 23 -1.00
22121980 23 -1.09
23121980 23 -1.10
24121980 23 -1.04
25121980 23 -1.01
26121980 23 -0.98
27121980 23 -0.96
28121980 23 -0.96
29121980 23 -0.94
30121980 23 -0.92
31121980 23 -0.90
