01011927 23 -0.91
02011927 23 -0.91
03011927 23 -0.90
04011927 23 -0.90
05011927 23 -0.90
06011927 23 -0.91
07011927 23 -0.91
08011927 23 -0.91
09011927 23 -0.91
10011927 23 -0.90
11011927 23 -0.89
12011927 23 -0.87
13011927 23 -0.86
14011927 23 -0.85
15011927 23 -0.83
16011927 23 -0.86
17011927 23 -0.89
18011927 23 -0.89
19011927 23 -0.88
20011927 23 -0.90
21011927 23 -0.90
22011927 23 -0.89
23011927 23 -0.88
24011927 23 -0.87
25011927 23 -0.85
26011927 23 -0.84
27011927 23 -0.82
28011927 23 -0.80
29011927 23 -0.78
30011927 23 -0.76
31011927 23 -0.75
01021927 23 -0.80
02021927 23 -0.85
03021927 23 -0.88
04021927 23 -0.88
05021927 23 -0.87
06021927 23 -0.86
07021927 23 -0.84
08021927 23 -0.83
09021927 23 -0.81
10021927 23 -0.79
11021927 23 -0.83
12021927 23 -0.87
13021927 23 -0.90
14021927 23 -0.90
15021927 23 -0.88
16021927 23 -0.87
17021927 23 -0.85
18021927 23 -0.84
19021927 23 -0.82
20021927 23 -0.80
21021927 23 -0.78
22021927 23 -0.75
23021927 23 -0.73
24021927 23 -0.78
25021927 23 -0.78
26021927 23 -0.78
27021927 23 -0.82
28021927 23 -0.86
01031927 23 -0.87
02031927 23 -0.89
03031927 23 -0.90
04031927 23 -0.88
05031927 23 -0.86
06031927 23 -0.86
07031927 23 -0.89
08031927 23 -0.89
09031927 23 -0.87
10031927 23 -0.85
11031927 23 -0.84
12031927 23 -0.87
13031927 23 -0.89
14031927 23 -0.88
15031927 23 -0.89
16031927 23 -0.90
17031927 23 -0.88
18031927 23 -0.88
19031927 23 -0.90
20031927 23 -0.89
21031927 23 -0.88
22031927 23 -0.90
23031927 23 -0.89
24031927 23 -0.90
25031927 23 -0.89
26031927 23 -0.88
27031927 23 -0.90
28031927 23 -0.89
29031927 23 -0.87
30031927 23 -0.86
31031927 23 -0.89
01041927 23 -0.90
02041927 23 -0.88
03041927 23 -0.88
04041927 23 -0.90
05041927 23 -0.90
06041927 23 -0.88
07041927 23 -0.87
08041927 23 -0.85
09041927 23 -0.83
10041927 23 -0.80
11041927 23 -0.79
12041927 23 -0.83
13041927 23 -0.86
14041927 23 -0.86
15041927 23 -0.85
16041927 23 -0.82
17041927 23 -0.80
18041927 23 -0.83
19041927 23 -0.84
20041927 23 -0.83
21041927 23 -0.80
22041927 23 -0.79
23041927 23 -0.82
24041927 23 -0.83
25041927 23 -0.81
26041927 23 -0.79
27041927 23 -0.78
28041927 23 -0.83
29041927 23 -0.84
30041927 23 -0.83
01051927 23 -0.86
02051927 23 -0.87
03051927 23 -0.85
04051927 23 -0.84
05051927 23 -0.87
06051927 23 -0.88
07051927 23 -0.86
08051927 23 -0.85
09051927 23 -0.88
10051927 23 -0.88
11051927 23 -0.88
12051927 23 -0.89
13051927 23 -0.89
14051927 23 -0.89
15051927 23 -0.87
16051927 23 -0.89
17051927 23 -0.90
18051927 23 -0.89
19051927 23 -0.85
20051927 23 -0.81
21051927 23 -0.81
22051927 23 -0.86
23051927 23 -0.88
24051927 23 -0.86
25051927 23 -0.84
26051927 23 -0.81
27051927 23 -0.78
28051927 23 -0.75
29051927 23 -0.71
30051927 23 -0.67
31051927 23 -0.63
01061927 23 -0.60
02061927 23 -0.72
03061927 23 -0.79
04061927 23 -0.78
05061927 23 -0.75
06061927 23 -0.72
07061927 23 -0.69
08061927 23 -0.65
09061927 23 -0.62
10061927 23 -0.59
11061927 23 -0.59
12061927 23 -0.78
13061927 23 -0.86
14061927 23 -0.88
15061927 23 -0.87
16061927 23 -0.84
17061927 23 -0.80
18061927 23 -0.76
19061927 23 -0.72
20061927 23 -0.71
21061927 23 -0.79
22061927 23 -0.82
23061927 23 -0.83
24061927 23 -0.83
25061927 23 -0.81
26061927 23 -0.78
27061927 23 -0.78
28061927 23 -0.83
29061927 23 -0.86
30061927 23 -0.87
01071927 23 -0.84
02071927 23 -0.80
03071927 23 -0.76
04071927 23 -0.70
05071927 23 -0.65
06071927 23 -0.60
07071927 23 -0.55
08071927 23 -0.51
09071927 23 -0.47
10071927 23 -0.48
11071927 23 -0.71
12071927 23 -0.73
13071927 23 -0.65
14071927 23 -0.60
15071927 23 -0.55
16071927 23 -0.51
17071927 23 -0.68
18071927 23 -0.74
19071927 23 -0.69
20071927 23 -0.64
21071927 23 -0.60
22071927 23 -0.56
23071927 23 -0.52
24071927 23 -0.49
25071927 23 -0.45
26071927 23 -0.41
27071927 23 -0.37
28071927 23 -0.32
29071927 23 -0.27
30071927 23 -0.19
31071927 23 -0.11
01081927 23 -0.21
02081927 23 -0.73
03081927 23 -0.81
04081927 23 -0.84
05081927 23 -0.85
06081927 23 -0.84
07081927 23 -0.83
08081927 23 -0.81
09081927 23 -0.79
10081927 23 -0.75
11081927 23 -0.71
12081927 23 -0.74
13081927 23 -0.87
14081927 23 -0.92
15081927 23 -0.90
16081927 23 -0.88
17081927 23 -0.86
18081927 23 -0.83
19081927 23 -0.81
20081927 23 -0.81
21081927 23 -0.78
22081927 23 -0.77
23081927 23 -0.72
24081927 23 -0.67
25081927 23 -0.62
26081927 23 -0.57
27081927 23 -0.53
28081927 23 -0.49
29081927 23 -0.46
30081927 23 -0.73
31081927 23 -0.85
01091927 23 -0.88
02091927 23 -0.88
03091927 23 -0.89
04091927 23 -0.87
05091927 23 -0.85
06091927 23 -0.91
07091927 23 -0.93
08091927 23 -0.91
09091927 23 -0.89
10091927 23 -0.88
11091927 23 -0.87
12091927 23 -0.85
13091927 23 -0.84
14091927 23 -0.83
15091927 23 -0.79
16091927 23 -0.77
17091927 23 -0.87
18091927 23 -0.92
19091927 23 -0.92
20091927 23 -0.89
21091927 23 -0.88
22091927 23 -0.86
23091927 23 -0.86
24091927 23 -0.84
25091927 23 -0.81
26091927 23 -0.77
27091927 23 -0.72
28091927 23 -0.67
29091927 23 -0.63
30091927 23 -0.61
01101927 23 -0.66
02101927 23 -0.81
03101927 23 -0.78
04101927 23 -0.73
05101927 23 -0.67
06101927 23 -0.62
07101927 23 -0.57
08101927 23 -0.53
09101927 23 -0.49
10101927 23 -0.83
11101927 23 -0.95
12101927 23 -0.88
13101927 23 -0.86
14101927 23 -0.83
15101927 23 -0.80
16101927 23 -0.76
17101927 23 -0.72
18101927 23 -0.91
19101927 23 -0.97
20101927 23 -0.98
21101927 23 -0.97
22101927 23 -0.97
23101927 23 -0.97
24101927 23 -0.97
25101927 23 -0.95
26101927 23 -0.94
27101927 23 -0.96
28101927 23 -0.97
29101927 23 -0.96
30101927 23 -0.94
31101927 23 -0.93
01111927 23 -0.92
02111927 23 -0.93
03111927 23 -0.93
04111927 23 -0.94
05111927 23 -0.94
06111927 23 -0.94
07111927 23 -0.94
08111927 23 -0.94
09111927 23 -0.94
10111927 23 -0.94
11111927 23 -0.94
12111927 23 -0.94
13111927 23 -0.94
14111927 23 -0.95
15111927 23 -0.99
16111927 23 -1.03
17111927 23 -1.06
18111927 23 -1.07
19111927 23 -1.08
20111927 23 -1.10
21111927 23 -1.10
22111927 23 -1.10
23111927 23 -1.10
24111927 23 -1.10
25111927 23 -1.10
26111927 23 -1.10
27111927 23 -1.10
28111927 23 -1.10
29111927 23 -1.10
30111927 23 -1.11
01121927 23 -1.11
02121927 23 -1.11
03121927 23 -1.11
04121927 23 -1.10
05121927 23 -1.09
06121927 23 -1.08
07121927 23 -1.09
08121927 23 -1.08
09121927 23 -1.08
10121927 23 -1.08
11121927 23 -1.08
12121927 23 -1.09
13121927 23 -1.09
14121927 23 -1.09
15121927 23 -1.09
16121927 23 -1.09
17121927 23 -1.09
18121927 23 -1.08
19121927 23 -1.04
20121927 23 -1.01
21121927 23 -1.00
22121927 23 -1.09
23121927 23 -1.10
24121927 23 -1.04
25121927 23 -1.01
26121927 23 -0.98
27121927 23 -0.96
28121927 23 -0.96
29121927 23 -0.94
30121927 23 -0.92
31121927 23 -0.90
