01012008 23 -0.91
02012008 23 -0.91
03012008 23 -0.90
04012008 23 -0.90
05012008 23 -0.90
06012008 23 -0.91
07012008 23 -0.91
08012008 23 -0.91
09012008 23 -0.91
10012008 23 -0.90
11012008 23 -0.89
12012008 23 -0.87
13012008 23 -0.86
14012008 23 -0.85
15012008 23 -0.83
16012008 23 -0.86
17012008 23 -0.89
18012008 23 -0.89
19012008 23 -0.88
20012008 23 -0.90
21012008 23 -0.90
22012008 23 -0.89
23012008 23 -0.88
24012008 23 -0.87
25012008 23 -0.85
26012008 23 -0.84
27012008 23 -0.82
28012008 23 -0.80
29012008 23 -0.78
30012008 23 -0.76
31012008 23 -0.75
01022008 23 -0.80
02022008 23 -0.85
03022008 23 -0.88
04022008 23 -0.88
05022008 23 -0.87
06022008 23 -0.86
07022008 23 -0.84
08022008 23 -0.83
09022008 23 -0.81
10022008 23 -0.79
11022008 23 -0.83
12022008 23 -0.87
13022008 23 -0.90
14022008 23 -0.90
15022008 23 -0.88
16022008 23 -0.87
17022008 23 -0.85
18022008 23 -0.84
19022008 23 -0.82
20022008 23 -0.80
21022008 23 -0.78
22022008 23 -0.75
23022008 23 -0.73
24022008 23 -0.78
25022008 23 -0.78
26022008 23 -0.78
27022008 23 -0.82
28022008 23 -0.86
01032008 23 -0.87
02032008 23 -0.89
03032008 23 -0.90
04032008 23 -0.88
05032008 23 -0.86
06032008 23 -0.86
07032008 23 -0.89
08032008 23 -0.89
09032008 23 -0.87
10032008 23 -0.85
11032008 23 -0.84
12032008 23 -0.87
13032008 23 -0.89
14032008 23 -0.88
15032008 23 -0.89
16032008 23 -0.90
17032008 23 -0.88
18032008 23 -0.88
19032008 23 -0.90
20032008 23 -0.89
21032008 23 -0.88
22032008 23 -0.90
23032008 23 -0.89
24032008 23 -0.90
25032008 23 -0.89
26032008 23 -0.88
27032008 23 -0.90
28032008 23 -0.89
29032008 23 -0.87
30032008 23 -0.86
31032008 23 -0.89
01042008 23 -0.90
02042008 23 -0.88
03042008 23 -0.88
04042008 23 -0.90
05042008 23 -0.90
06042008 23 -0.88
07042008 23 -0.87
08042008 23 -0.85
09042008 23 -0.83
10042008 23 -0.80
11042008 23 -0.79
12042008 23 -0.83
13042008 23 -0.86
14042008 23 -0.86
15042008 23 -0.85
16042008 23 -0.82
17042008 23 -0.80
18042008 23 -0.83
19042008 23 -0.84
20042008 23 -0.83
21042008 23 -0.80
22042008 23 -0.79
23042008 23 -0.82
24042008 23 -0.83
25042008 23 -0.81
26042008 23 -0.79
27042008 23 -0.78
28042008 23 -0.83
29042008 23 -0.84
30042008 23 -0.83
01052008 23 -0.86
02052008 23 -0.87
03052008 23 -0.85
04052008 23 -0.84
05052008 23 -0.87
06052008 23 -0.88
07052008 23 -0.86
08052008 23 -0.85
09052008 23 -0.88
10052008 23 -0.88
11052008 23 -0.88
12052008 23 -0.89
13052008 23 -0.89
14052008 23 -0.89
15052008 23 -0.87
16052008 23 -0.89
17052008 23 -0.90
18052008 23 -0.89
19052008 23 -0.85
20052008 23 -0.81
21052008 23 -0.81
22052008 23 -0.86
23052008 23 -0.88
24052008 23 -0.86
25052008 23 -0.84
26052008 23 -0.81
27052008 23 -0.78
28052008 23 -0.75
29052008 23 -0.71
30052008 23 -0.67
31052008 23 -0.63
01062008 23 -0.60
02062008 23 -0.72
03062008 23 -0.79
04062008 23 -0.78
05062008 23 -0.75
06062008 23 -0.72
07062008 23 -0.69
08062008 23 -0.65
09062008 23 -0.62
10062008 23 -0.59
11062008 23 -0.59
12062008 23 -0.78
13062008 23 -0.86
14062008 23 -0.88
15062008 23 -0.87
16062008 23 -0.84
17062008 23 -0.80
18062008 23 -0.76
19062008 23 -0.72
20062008 23 -0.71
21062008 23 -0.79
22062008 23 -0.82
23062008 23 -0.83
24062008 23 -0.83
25062008 23 -0.81
26062008 23 -0.78
27062008 23 -0.78
28062008 23 -0.83
29062008 23 -0.86
30062008 23 -0.87
01072008 23 -0.84
02072008 23 -0.80
03072008 23 -0.76
04072008 23 -0.70
05072008 23 -0.65
06072008 23 -0.60
07072008 23 -0.55
08072008 23 -0.51
09072008 23 -0.47
10072008 23 -0.48
11072008 23 -0.71
12072008 23 -0.73
13072008 23 -0.65
14072008 23 -0.60
15072008 23 -0.55
16072008 23 -0.51
17072008 23 -0.68
18072008 23 -0.74
19072008 23 -0.69
20072008 23 -0.64
21072008 23 -0.60
22072008 23 -0.56
23072008 23 -0.52
24072008 23 -0.49
25072008 23 -0.45
26072008 23 -0.41
27072008 23 -0.37
28072008 23 -0.32
29072008 23 -0.27
30072008 23 -0.19
31072008 23 -0.11
01082008 23 -0.21
02082008 23 -0.73
03082008 23 -0.81
04082008 23 -0.84
05082008 23 -0.85
06082008 23 -0.84
07082008 23 -0.83
08082008 23 -0.81
09082008 23 -0.79
10082008 23 -0.75
11082008 23 -0.71
12082008 23 -0.74
13082008 23 -0.87
14082008 23 -0.92
15082008 23 -0.90
16082008 23 -0.88
17082008 23 -0.86
18082008 23 -0.83
19082008 23 -0.81
20082008 23 -0.81
21082008 23 -0.78
22082008 23 -0.77
23082008 23 -0.72
24082008 23 -0.67
25082008 23 -0.62
26082008 23 -0.57
27082008 23 -0.53
28082008 23 -0.49
29082008 23 -0.46
30082008 23 -0.73
31082008 23 -0.85
01092008 23 -0.88
02092008 23 -0.88
03092008 23 -0.89
04092008 23 -0.87
05092008 23 -0.85
06092008 23 -0.91
07092008 23 -0.93
08092008 23 -0.91
09092008 23 -0.89
10092008 23 -0.88
11092008 23 -0.87
12092008 23 -0.85
13092008 23 -0.84
14092008 23 -0.83
15092008 23 -0.79
16092008 23 -0.77
17092008 23 -0.87
18092008 23 -0.92
19092008 23 -0.92
20092008 23 -0.89
21092008 23 -0.88
22092008 23 -0.86
23092008 23 -0.86
24092008 23 -0.84
25092008 23 -0.81
26092008 23 -0.77
27092008 23 -0.72
28092008 23 -0.67
29092008 23 -0.63
30092008 23 -0.61
01102008 23 -0.66
02102008 23 -0.81
03102008 23 -0.78
04102008 23 -0.73
05102008 23 -0.67
06102008 23 -0.62
07102008 23 -0.57
08102008 23 -0.53
09102008 23 -0.49
10102008 23 -0.83
11102008 23 -0.95
12102008 23 -0.88
13102008 23 -0.86
14102008 23 -0.83
15102008 23 -0.80
16102008 23 -0.76
17102008 23 -0.72
18102008 23 -0.91
19102008 23 -0.97
20102008 23 -0.98
21102008 23 -0.97
22102008 23 -0.97
23102008 23 -0.97
24102008 23 -0.97
25102008 23 -0.95
26102008 23 -0.94
27102008 23 -0.96
28102008 23 -0.97
29102008 23 -0.96
30102008 23 -0.94
31102008 23 -0.93
01112008 23 -0.92
02112008 23 -0.93
03112008 23 -0.93
04112008 23 -0.94
05112008 23 -0.94
06112008 23 -0.94
07112008 23 -0.94
08112008 23 -0.94
09112008 23 -0.94
10112008 23 -0.94
11112008 23 -0.94
12112008 23 -0.94
13112008 23 -0.94
14112008 23 -0.95
15112008 23 -0.99
16112008 23 -1.03
17112008 23 -1.06
18112008 23 -1.07
19112008 23 -1.08
20112008 23 -1.10
21112008 23 -1.10
22112008 23 -1.10
23112008 23 -1.10
24112008 23 -1.10
25112008 23 -1.10
26112008 23 -1.10
27112008 23 -1.10
28112008 23 -1.10
29112008 23 -1.10
30112008 23 -1.11
01122008 23 -1.11
02122008 23 -1.11
03122008 23 -1.11
04122008 23 -1.10
05122008 23 -1.09
06122008 23 -1.08
07122008 23 -1.09
08122008 23 -1.08
09122008 23 -1.08
10122008 23 -1.08
11122008 23 -1.08
12122008 23 -1.09
13122008 23 -1.09
14122008 23 -1.09
15122008 23 -1.09
16122008 23 -1.09
17122008 23 -1.09
18122008 23 -1.08
19122008 23 -1.04
20122008 23 -1.01
21122008 23 -1.00
22122008 23 -1.09
23122008 23 -1.10
24122008 23 -1.04
25122008 23 -1.01
26122008 23 -0.98
27122008 23 -0.96
28122008 23 -0.96
29122008 23 -0.94
30122008 23 -0.92
31122008 23 -0.90
