01011950 23 -0.91
02011950 23 -0.91
03011950 23 -0.90
04011950 23 -0.90
05011950 23 -0.90
06011950 23 -0.91
07011950 23 -0.91
08011950 23 -0.91
09011950 23 -0.91
10011950 23 -0.90
11011950 23 -0.89
12011950 23 -0.87
13011950 23 -0.86
14011950 23 -0.85
15011950 23 -0.83
16011950 23 -0.86
17011950 23 -0.89
18011950 23 -0.89
19011950 23 -0.88
20011950 23 -0.90
21011950 23 -0.90
22011950 23 -0.89
23011950 23 -0.88
24011950 23 -0.87
25011950 23 -0.85
26011950 23 -0.84
27011950 23 -0.82
28011950 23 -0.80
29011950 23 -0.78
30011950 23 -0.76
31011950 23 -0.75
01021950 23 -0.80
02021950 23 -0.85
03021950 23 -0.88
04021950 23 -0.88
05021950 23 -0.87
06021950 23 -0.86
07021950 23 -0.84
08021950 23 -0.83
09021950 23 -0.81
10021950 23 -0.79
11021950 23 -0.83
12021950 23 -0.87
13021950 23 -0.90
14021950 23 -0.90
15021950 23 -0.88
16021950 23 -0.87
17021950 23 -0.85
18021950 23 -0.84
19021950 23 -0.82
20021950 23 -0.80
21021950 23 -0.78
22021950 23 -0.75
23021950 23 -0.73
24021950 23 -0.78
25021950 23 -0.78
26021950 23 -0.78
27021950 23 -0.82
28021950 23 -0.86
01031950 23 -0.87
02031950 23 -0.89
03031950 23 -0.90
04031950 23 -0.88
05031950 23 -0.86
06031950 23 -0.86
07031950 23 -0.89
08031950 23 -0.89
09031950 23 -0.87
10031950 23 -0.85
11031950 23 -0.84
12031950 23 -0.87
13031950 23 -0.89
14031950 23 -0.88
15031950 23 -0.89
16031950 23 -0.90
17031950 23 -0.88
18031950 23 -0.88
19031950 23 -0.90
20031950 23 -0.89
21031950 23 -0.88
22031950 23 -0.90
23031950 23 -0.89
24031950 23 -0.90
25031950 23 -0.89
26031950 23 -0.88
27031950 23 -0.90
28031950 23 -0.89
29031950 23 -0.87
30031950 23 -0.86
31031950 23 -0.89
01041950 23 -0.90
02041950 23 -0.88
03041950 23 -0.88
04041950 23 -0.90
05041950 23 -0.90
06041950 23 -0.88
07041950 23 -0.87
08041950 23 -0.85
09041950 23 -0.83
10041950 23 -0.80
11041950 23 -0.79
12041950 23 -0.83
13041950 23 -0.86
14041950 23 -0.86
15041950 23 -0.85
16041950 23 -0.82
17041950 23 -0.80
18041950 23 -0.83
19041950 23 -0.84
20041950 23 -0.83
21041950 23 -0.80
22041950 23 -0.79
23041950 23 -0.82
24041950 23 -0.83
25041950 23 -0.81
26041950 23 -0.79
27041950 23 -0.78
28041950 23 -0.83
29041950 23 -0.84
30041950 23 -0.83
01051950 23 -0.86
02051950 23 -0.87
03051950 23 -0.85
04051950 23 -0.84
05051950 23 -0.87
06051950 23 -0.88
07051950 23 -0.86
08051950 23 -0.85
09051950 23 -0.88
10051950 23 -0.88
11051950 23 -0.88
12051950 23 -0.89
13051950 23 -0.89
14051950 23 -0.89
15051950 23 -0.87
16051950 23 -0.89
17051950 23 -0.90
18051950 23 -0.89
19051950 23 -0.85
20051950 23 -0.81
21051950 23 -0.81
22051950 23 -0.86
23051950 23 -0.88
24051950 23 -0.86
25051950 23 -0.84
26051950 23 -0.81
27051950 23 -0.78
28051950 23 -0.75
29051950 23 -0.71
30051950 23 -0.67
31051950 23 -0.63
01061950 23 -0.60
02061950 23 -0.72
03061950 23 -0.79
04061950 23 -0.78
05061950 23 -0.75
06061950 23 -0.72
07061950 23 -0.69
08061950 23 -0.65
09061950 23 -0.62
10061950 23 -0.59
11061950 23 -0.59
12061950 23 -0.78
13061950 23 -0.86
14061950 23 -0.88
15061950 23 -0.87
16061950 23 -0.84
17061950 23 -0.80
18061950 23 -0.76
19061950 23 -0.72
20061950 23 -0.71
21061950 23 -0.79
22061950 23 -0.82
23061950 23 -0.83
24061950 23 -0.83
25061950 23 -0.81
26061950 23 -0.78
27061950 23 -0.78
28061950 23 -0.83
29061950 23 -0.86
30061950 23 -0.87
01071950 23 -0.84
02071950 23 -0.80
03071950 23 -0.76
04071950 23 -0.70
05071950 23 -0.65
06071950 23 -0.60
07071950 23 -0.55
08071950 23 -0.51
09071950 23 -0.47
10071950 23 -0.48
11071950 23 -0.71
12071950 23 -0.73
13071950 23 -0.65
14071950 23 -0.60
15071950 23 -0.55
16071950 23 -0.51
17071950 23 -0.68
18071950 23 -0.74
19071950 23 -0.69
20071950 23 -0.64
21071950 23 -0.60
22071950 23 -0.56
23071950 23 -0.52
24071950 23 -0.49
25071950 23 -0.45
26071950 23 -0.41
27071950 23 -0.37
28071950 23 -0.32
29071950 23 -0.27
30071950 23 -0.19
31071950 23 -0.11
01081950 23 -0.21
02081950 23 -0.73
03081950 23 -0.81
04081950 23 -0.84
05081950 23 -0.85
06081950 23 -0.84
07081950 23 -0.83
08081950 23 -0.81
09081950 23 -0.79
10081950 23 -0.75
11081950 23 -0.71
12081950 23 -0.74
13081950 23 -0.87
14081950 23 -0.92
15081950 23 -0.90
16081950 23 -0.88
17081950 23 -0.86
18081950 23 -0.83
19081950 23 -0.81
20081950 23 -0.81
21081950 23 -0.78
22081950 23 -0.77
23081950 23 -0.72
24081950 23 -0.67
25081950 23 -0.62
26081950 23 -0.57
27081950 23 -0.53
28081950 23 -0.49
29081950 23 -0.46
30081950 23 -0.73
31081950 23 -0.85
01091950 23 -0.88
02091950 23 -0.88
03091950 23 -0.89
04091950 23 -0.87
05091950 23 -0.85
06091950 23 -0.91
07091950 23 -0.93
08091950 23 -0.91
09091950 23 -0.89
10091950 23 -0.88
11091950 23 -0.87
12091950 23 -0.85
13091950 23 -0.84
14091950 23 -0.83
15091950 23 -0.79
16091950 23 -0.77
17091950 23 -0.87
18091950 23 -0.92
19091950 23 -0.92
20091950 23 -0.89
21091950 23 -0.88
22091950 23 -0.86
23091950 23 -0.86
24091950 23 -0.84
25091950 23 -0.81
26091950 23 -0.77
27091950 23 -0.72
28091950 23 -0.67
29091950 23 -0.63
30091950 23 -0.61
01101950 23 -0.66
02101950 23 -0.81
03101950 23 -0.78
04101950 23 -0.73
05101950 23 -0.67
06101950 23 -0.62
07101950 23 -0.57
08101950 23 -0.53
09101950 23 -0.49
10101950 23 -0.83
11101950 23 -0.95
12101950 23 -0.88
13101950 23 -0.86
14101950 23 -0.83
15101950 23 -0.80
16101950 23 -0.76
17101950 23 -0.72
18101950 23 -0.91
19101950 23 -0.97
20101950 23 -0.98
21101950 23 -0.97
22101950 23 -0.97
23101950 23 -0.97
24101950 23 -0.97
25101950 23 -0.95
26101950 23 -0.94
27101950 23 -0.96
28101950 23 -0.97
29101950 23 -0.96
30101950 23 -0.94
31101950 23 -0.93
01111950 23 -0.92
02111950 23 -0.93
03111950 23 -0.93
04111950 23 -0.94
05111950 23 -0.94
06111950 23 -0.94
07111950 23 -0.94
08111950 23 -0.94
09111950 23 -0.94
10111950 23 -0.94
11111950 23 -0.94
12111950 23 -0.94
13111950 23 -0.94
14111950 23 -0.95
15111950 23 -0.99
16111950 23 -1.03
17111950 23 -1.06
18111950 23 -1.07
19111950 23 -1.08
20111950 23 -1.10
21111950 23 -1.10
22111950 23 -1.10
23111950 23 -1.10
24111950 23 -1.10
25111950 23 -1.10
26111950 23 -1.10
27111950 23 -1.10
28111950 23 -1.10
29111950 23 -1.10
30111950 23 -1.11
01121950 23 -1.11
02121950 23 -1.11
03121950 23 -1.11
04121950 23 -1.10
05121950 23 -1.09
06121950 23 -1.08
07121950 23 -1.09
08121950 23 -1.08
09121950 23 -1.08
10121950 23 -1.08
11121950 23 -1.08
12121950 23 -1.09
13121950 23 -1.09
14121950 23 -1.09
15121950 23 -1.09
16121950 23 -1.09
17121950 23 -1.09
18121950 23 -1.08
19121950 23 -1.04
20121950 23 -1.01
21121950 23 -1.00
22121950 23 -1.09
23121950 23 -1.10
24121950 23 -1.04
25121950 23 -1.01
26121950 23 -0.98
27121950 23 -0.96
28121950 23 -0.96
29121950 23 -0.94
30121950 23 -0.92
31121950 23 -0.90
