01011905 23 -0.91
02011905 23 -0.91
03011905 23 -0.90
04011905 23 -0.90
05011905 23 -0.90
06011905 23 -0.91
07011905 23 -0.91
08011905 23 -0.91
09011905 23 -0.91
10011905 23 -0.90
11011905 23 -0.89
12011905 23 -0.87
13011905 23 -0.86
14011905 23 -0.85
15011905 23 -0.83
16011905 23 -0.86
17011905 23 -0.89
18011905 23 -0.89
19011905 23 -0.88
20011905 23 -0.90
21011905 23 -0.90
22011905 23 -0.89
23011905 23 -0.88
24011905 23 -0.87
25011905 23 -0.85
26011905 23 -0.84
27011905 23 -0.82
28011905 23 -0.80
29011905 23 -0.78
30011905 23 -0.76
31011905 23 -0.75
01021905 23 -0.80
02021905 23 -0.85
03021905 23 -0.88
04021905 23 -0.88
05021905 23 -0.87
06021905 23 -0.86
07021905 23 -0.84
08021905 23 -0.83
09021905 23 -0.81
10021905 23 -0.79
11021905 23 -0.83
12021905 23 -0.87
13021905 23 -0.90
14021905 23 -0.90
15021905 23 -0.88
16021905 23 -0.87
17021905 23 -0.85
18021905 23 -0.84
19021905 23 -0.82
20021905 23 -0.80
21021905 23 -0.78
22021905 23 -0.75
23021905 23 -0.73
24021905 23 -0.78
25021905 23 -0.78
26021905 23 -0.78
27021905 23 -0.82
28021905 23 -0.86
01031905 23 -0.87
02031905 23 -0.89
03031905 23 -0.90
04031905 23 -0.88
05031905 23 -0.86
06031905 23 -0.86
07031905 23 -0.89
08031905 23 -0.89
09031905 23 -0.87
10031905 23 -0.85
11031905 23 -0.84
12031905 23 -0.87
13031905 23 -0.89
14031905 23 -0.88
15031905 23 -0.89
16031905 23 -0.90
17031905 23 -0.88
18031905 23 -0.88
19031905 23 -0.90
20031905 23 -0.89
21031905 23 -0.88
22031905 23 -0.90
23031905 23 -0.89
24031905 23 -0.90
25031905 23 -0.89
26031905 23 -0.88
27031905 23 -0.90
28031905 23 -0.89
29031905 23 -0.87
30031905 23 -0.86
31031905 23 -0.89
01041905 23 -0.90
02041905 23 -0.88
03041905 23 -0.88
04041905 23 -0.90
05041905 23 -0.90
06041905 23 -0.88
07041905 23 -0.87
08041905 23 -0.85
09041905 23 -0.83
10041905 23 -0.80
11041905 23 -0.79
12041905 23 -0.83
13041905 23 -0.86
14041905 23 -0.86
15041905 23 -0.85
16041905 23 -0.82
17041905 23 -0.80
18041905 23 -0.83
19041905 23 -0.84
20041905 23 -0.83
21041905 23 -0.80
22041905 23 -0.79
23041905 23 -0.82
24041905 23 -0.83
25041905 23 -0.81
26041905 23 -0.79
27041905 23 -0.78
28041905 23 -0.83
29041905 23 -0.84
30041905 23 -0.83
01051905 23 -0.86
02051905 23 -0.87
03051905 23 -0.85
04051905 23 -0.84
05051905 23 -0.87
06051905 23 -0.88
07051905 23 -0.86
08051905 23 -0.85
09051905 23 -0.88
10051905 23 -0.88
11051905 23 -0.88
12051905 23 -0.89
13051905 23 -0.89
14051905 23 -0.89
15051905 23 -0.87
16051905 23 -0.89
17051905 23 -0.90
18051905 23 -0.89
19051905 23 -0.85
20051905 23 -0.81
21051905 23 -0.81
22051905 23 -0.86
23051905 23 -0.88
24051905 23 -0.86
25051905 23 -0.84
26051905 23 -0.81
27051905 23 -0.78
28051905 23 -0.75
29051905 23 -0.71
30051905 23 -0.67
31051905 23 -0.63
01061905 23 -0.60
02061905 23 -0.72
03061905 23 -0.79
04061905 23 -0.78
05061905 23 -0.75
06061905 23 -0.72
07061905 23 -0.69
08061905 23 -0.65
09061905 23 -0.62
10061905 23 -0.59
11061905 23 -0.59
12061905 23 -0.78
13061905 23 -0.86
14061905 23 -0.88
15061905 23 -0.87
16061905 23 -0.84
17061905 23 -0.80
18061905 23 -0.76
19061905 23 -0.72
20061905 23 -0.71
21061905 23 -0.79
22061905 23 -0.82
23061905 23 -0.83
24061905 23 -0.83
25061905 23 -0.81
26061905 23 -0.78
27061905 23 -0.78
28061905 23 -0.83
29061905 23 -0.86
30061905 23 -0.87
01071905 23 -0.84
02071905 23 -0.80
03071905 23 -0.76
04071905 23 -0.70
05071905 23 -0.65
06071905 23 -0.60
07071905 23 -0.55
08071905 23 -0.51
09071905 23 -0.47
10071905 23 -0.48
11071905 23 -0.71
12071905 23 -0.73
13071905 23 -0.65
14071905 23 -0.60
15071905 23 -0.55
16071905 23 -0.51
17071905 23 -0.68
18071905 23 -0.74
19071905 23 -0.69
20071905 23 -0.64
21071905 23 -0.60
22071905 23 -0.56
23071905 23 -0.52
24071905 23 -0.49
25071905 23 -0.45
26071905 23 -0.41
27071905 23 -0.37
28071905 23 -0.32
29071905 23 -0.27
30071905 23 -0.19
31071905 23 -0.11
01081905 23 -0.21
02081905 23 -0.73
03081905 23 -0.81
04081905 23 -0.84
05081905 23 -0.85
06081905 23 -0.84
07081905 23 -0.83
08081905 23 -0.81
09081905 23 -0.79
10081905 23 -0.75
11081905 23 -0.71
12081905 23 -0.74
13081905 23 -0.87
14081905 23 -0.92
15081905 23 -0.90
16081905 23 -0.88
17081905 23 -0.86
18081905 23 -0.83
19081905 23 -0.81
20081905 23 -0.81
21081905 23 -0.78
22081905 23 -0.77
23081905 23 -0.72
24081905 23 -0.67
25081905 23 -0.62
26081905 23 -0.57
27081905 23 -0.53
28081905 23 -0.49
29081905 23 -0.46
30081905 23 -0.73
31081905 23 -0.85
01091905 23 -0.88
02091905 23 -0.88
03091905 23 -0.89
04091905 23 -0.87
05091905 23 -0.85
06091905 23 -0.91
07091905 23 -0.93
08091905 23 -0.91
09091905 23 -0.89
10091905 23 -0.88
11091905 23 -0.87
12091905 23 -0.85
13091905 23 -0.84
14091905 23 -0.83
15091905 23 -0.79
16091905 23 -0.77
17091905 23 -0.87
18091905 23 -0.92
19091905 23 -0.92
20091905 23 -0.89
21091905 23 -0.88
22091905 23 -0.86
23091905 23 -0.86
24091905 23 -0.84
25091905 23 -0.81
26091905 23 -0.77
27091905 23 -0.72
28091905 23 -0.67
29091905 23 -0.63
30091905 23 -0.61
01101905 23 -0.66
02101905 23 -0.81
03101905 23 -0.78
04101905 23 -0.73
05101905 23 -0.67
06101905 23 -0.62
07101905 23 -0.57
08101905 23 -0.53
09101905 23 -0.49
10101905 23 -0.83
11101905 23 -0.95
12101905 23 -0.88
13101905 23 -0.86
14101905 23 -0.83
15101905 23 -0.80
16101905 23 -0.76
17101905 23 -0.72
18101905 23 -0.91
19101905 23 -0.97
20101905 23 -0.98
21101905 23 -0.97
22101905 23 -0.97
23101905 23 -0.97
24101905 23 -0.97
25101905 23 -0.95
26101905 23 -0.94
27101905 23 -0.96
28101905 23 -0.97
29101905 23 -0.96
30101905 23 -0.94
31101905 23 -0.93
01111905 23 -0.92
02111905 23 -0.93
03111905 23 -0.93
04111905 23 -0.94
05111905 23 -0.94
06111905 23 -0.94
07111905 23 -0.94
08111905 23 -0.94
09111905 23 -0.94
10111905 23 -0.94
11111905 23 -0.94
12111905 23 -0.94
13111905 23 -0.94
14111905 23 -0.95
15111905 23 -0.99
16111905 23 -1.03
17111905 23 -1.06
18111905 23 -1.07
19111905 23 -1.08
20111905 23 -1.10
21111905 23 -1.10
22111905 23 -1.10
23111905 23 -1.10
24111905 23 -1.10
25111905 23 -1.10
26111905 23 -1.10
27111905 23 -1.10
28111905 23 -1.10
29111905 23 -1.10
30111905 23 -1.11
01121905 23 -1.11
02121905 23 -1.11
03121905 23 -1.11
04121905 23 -1.10
05121905 23 -1.09
06121905 23 -1.08
07121905 23 -1.09
08121905 23 -1.08
09121905 23 -1.08
10121905 23 -1.08
11121905 23 -1.08
12121905 23 -1.09
13121905 23 -1.09
14121905 23 -1.09
15121905 23 -1.09
16121905 23 -1.09
17121905 23 -1.09
18121905 23 -1.08
19121905 23 -1.04
20121905 23 -1.01
21121905 23 -1.00
22121905 23 -1.09
23121905 23 -1.10
24121905 23 -1.04
25121905 23 -1.01
26121905 23 -0.98
27121905 23 -0.96
28121905 23 -0.96
29121905 23 -0.94
30121905 23 -0.92
31121905 23 -0.90
