01011936 23 -0.91
02011936 23 -0.91
03011936 23 -0.90
04011936 23 -0.90
05011936 23 -0.90
06011936 23 -0.91
07011936 23 -0.91
08011936 23 -0.91
09011936 23 -0.91
10011936 23 -0.90
11011936 23 -0.89
12011936 23 -0.87
13011936 23 -0.86
14011936 23 -0.85
15011936 23 -0.83
16011936 23 -0.86
17011936 23 -0.89
18011936 23 -0.89
19011936 23 -0.88
20011936 23 -0.90
21011936 23 -0.90
22011936 23 -0.89
23011936 23 -0.88
24011936 23 -0.87
25011936 23 -0.85
26011936 23 -0.84
27011936 23 -0.82
28011936 23 -0.80
29011936 23 -0.78
30011936 23 -0.76
31011936 23 -0.75
01021936 23 -0.80
02021936 23 -0.85
03021936 23 -0.88
04021936 23 -0.88
05021936 23 -0.87
06021936 23 -0.86
07021936 23 -0.84
08021936 23 -0.83
09021936 23 -0.81
10021936 23 -0.79
11021936 23 -0.83
12021936 23 -0.87
13021936 23 -0.90
14021936 23 -0.90
15021936 23 -0.88
16021936 23 -0.87
17021936 23 -0.85
18021936 23 -0.84
19021936 23 -0.82
20021936 23 -0.80
21021936 23 -0.78
22021936 23 -0.75
23021936 23 -0.73
24021936 23 -0.78
25021936 23 -0.78
26021936 23 -0.78
27021936 23 -0.82
28021936 23 -0.86
01031936 23 -0.87
02031936 23 -0.89
03031936 23 -0.90
04031936 23 -0.88
05031936 23 -0.86
06031936 23 -0.86
07031936 23 -0.89
08031936 23 -0.89
09031936 23 -0.87
10031936 23 -0.85
11031936 23 -0.84
12031936 23 -0.87
13031936 23 -0.89
14031936 23 -0.88
15031936 23 -0.89
16031936 23 -0.90
17031936 23 -0.88
18031936 23 -0.88
19031936 23 -0.90
20031936 23 -0.89
21031936 23 -0.88
22031936 23 -0.90
23031936 23 -0.89
24031936 23 -0.90
25031936 23 -0.89
26031936 23 -0.88
27031936 23 -0.90
28031936 23 -0.89
29031936 23 -0.87
30031936 23 -0.86
31031936 23 -0.89
01041936 23 -0.90
02041936 23 -0.88
03041936 23 -0.88
04041936 23 -0.90
05041936 23 -0.90
06041936 23 -0.88
07041936 23 -0.87
08041936 23 -0.85
09041936 23 -0.83
10041936 23 -0.80
11041936 23 -0.79
12041936 23 -0.83
13041936 23 -0.86
14041936 23 -0.86
15041936 23 -0.85
16041936 23 -0.82
17041936 23 -0.80
18041936 23 -0.83
19041936 23 -0.84
20041936 23 -0.83
21041936 23 -0.80
22041936 23 -0.79
23041936 23 -0.82
24041936 23 -0.83
25041936 23 -0.81
26041936 23 -0.79
27041936 23 -0.78
28041936 23 -0.83
29041936 23 -0.84
30041936 23 -0.83
01051936 23 -0.86
02051936 23 -0.87
03051936 23 -0.85
04051936 23 -0.84
05051936 23 -0.87
06051936 23 -0.88
07051936 23 -0.86
08051936 23 -0.85
09051936 23 -0.88
10051936 23 -0.88
11051936 23 -0.88
12051936 23 -0.89
13051936 23 -0.89
14051936 23 -0.89
15051936 23 -0.87
16051936 23 -0.89
17051936 23 -0.90
18051936 23 -0.89
19051936 23 -0.85
20051936 23 -0.81
21051936 23 -0.81
22051936 23 -0.86
23051936 23 -0.88
24051936 23 -0.86
25051936 23 -0.84
26051936 23 -0.81
27051936 23 -0.78
28051936 23 -0.75
29051936 23 -0.71
30051936 23 -0.67
31051936 23 -0.63
01061936 23 -0.60
02061936 23 -0.72
03061936 23 -0.79
04061936 23 -0.78
05061936 23 -0.75
06061936 23 -0.72
07061936 23 -0.69
08061936 23 -0.65
09061936 23 -0.62
10061936 23 -0.59
11061936 23 -0.59
12061936 23 -0.78
13061936 23 -0.86
14061936 23 -0.88
15061936 23 -0.87
16061936 23 -0.84
17061936 23 -0.80
18061936 23 -0.76
19061936 23 -0.72
20061936 23 -0.71
21061936 23 -0.79
22061936 23 -0.82
23061936 23 -0.83
24061936 23 -0.83
25061936 23 -0.81
26061936 23 -0.78
27061936 23 -0.78
28061936 23 -0.83
29061936 23 -0.86
30061936 23 -0.87
01071936 23 -0.84
02071936 23 -0.80
03071936 23 -0.76
04071936 23 -0.70
05071936 23 -0.65
06071936 23 -0.60
07071936 23 -0.55
08071936 23 -0.51
09071936 23 -0.47
10071936 23 -0.48
11071936 23 -0.71
12071936 23 -0.73
13071936 23 -0.65
14071936 23 -0.60
15071936 23 -0.55
16071936 23 -0.51
17071936 23 -0.68
18071936 23 -0.74
19071936 23 -0.69
20071936 23 -0.64
21071936 23 -0.60
22071936 23 -0.56
23071936 23 -0.52
24071936 23 -0.49
25071936 23 -0.45
26071936 23 -0.41
27071936 23 -0.37
28071936 23 -0.32
29071936 23 -0.27
30071936 23 -0.19
31071936 23 -0.11
01081936 23 -0.21
02081936 23 -0.73
03081936 23 -0.81
04081936 23 -0.84
05081936 23 -0.85
06081936 23 -0.84
07081936 23 -0.83
08081936 23 -0.81
09081936 23 -0.79
10081936 23 -0.75
11081936 23 -0.71
12081936 23 -0.74
13081936 23 -0.87
14081936 23 -0.92
15081936 23 -0.90
16081936 23 -0.88
17081936 23 -0.86
18081936 23 -0.83
19081936 23 -0.81
20081936 23 -0.81
21081936 23 -0.78
22081936 23 -0.77
23081936 23 -0.72
24081936 23 -0.67
25081936 23 -0.62
26081936 23 -0.57
27081936 23 -0.53
28081936 23 -0.49
29081936 23 -0.46
30081936 23 -0.73
31081936 23 -0.85
01091936 23 -0.88
02091936 23 -0.88
03091936 23 -0.89
04091936 23 -0.87
05091936 23 -0.85
06091936 23 -0.91
07091936 23 -0.93
08091936 23 -0.91
09091936 23 -0.89
10091936 23 -0.88
11091936 23 -0.87
12091936 23 -0.85
13091936 23 -0.84
14091936 23 -0.83
15091936 23 -0.79
16091936 23 -0.77
17091936 23 -0.87
18091936 23 -0.92
19091936 23 -0.92
20091936 23 -0.89
21091936 23 -0.88
22091936 23 -0.86
23091936 23 -0.86
24091936 23 -0.84
25091936 23 -0.81
26091936 23 -0.77
27091936 23 -0.72
28091936 23 -0.67
29091936 23 -0.63
30091936 23 -0.61
01101936 23 -0.66
02101936 23 -0.81
03101936 23 -0.78
04101936 23 -0.73
05101936 23 -0.67
06101936 23 -0.62
07101936 23 -0.57
08101936 23 -0.53
09101936 23 -0.49
10101936 23 -0.83
11101936 23 -0.95
12101936 23 -0.88
13101936 23 -0.86
14101936 23 -0.83
15101936 23 -0.80
16101936 23 -0.76
17101936 23 -0.72
18101936 23 -0.91
19101936 23 -0.97
20101936 23 -0.98
21101936 23 -0.97
22101936 23 -0.97
23101936 23 -0.97
24101936 23 -0.97
25101936 23 -0.95
26101936 23 -0.94
27101936 23 -0.96
28101936 23 -0.97
29101936 23 -0.96
30101936 23 -0.94
31101936 23 -0.93
01111936 23 -0.92
02111936 23 -0.93
03111936 23 -0.93
04111936 23 -0.94
05111936 23 -0.94
06111936 23 -0.94
07111936 23 -0.94
08111936 23 -0.94
09111936 23 -0.94
10111936 23 -0.94
11111936 23 -0.94
12111936 23 -0.94
13111936 23 -0.94
14111936 23 -0.95
15111936 23 -0.99
16111936 23 -1.03
17111936 23 -1.06
18111936 23 -1.07
19111936 23 -1.08
20111936 23 -1.10
21111936 23 -1.10
22111936 23 -1.10
23111936 23 -1.10
24111936 23 -1.10
25111936 23 -1.10
26111936 23 -1.10
27111936 23 -1.10
28111936 23 -1.10
29111936 23 -1.10
30111936 23 -1.11
01121936 23 -1.11
02121936 23 -1.11
03121936 23 -1.11
04121936 23 -1.10
05121936 23 -1.09
06121936 23 -1.08
07121936 23 -1.09
08121936 23 -1.08
09121936 23 -1.08
10121936 23 -1.08
11121936 23 -1.08
12121936 23 -1.09
13121936 23 -1.09
14121936 23 -1.09
15121936 23 -1.09
16121936 23 -1.09
17121936 23 -1.09
18121936 23 -1.08
19121936 23 -1.04
20121936 23 -1.01
21121936 23 -1.00
22121936 23 -1.09
23121936 23 -1.10
24121936 23 -1.04
25121936 23 -1.01
26121936 23 -0.98
27121936 23 -0.96
28121936 23 -0.96
29121936 23 -0.94
30121936 23 -0.92
31121936 23 -0.90
