01012000 23 -0.91
02012000 23 -0.91
03012000 23 -0.90
04012000 23 -0.90
05012000 23 -0.90
06012000 23 -0.91
07012000 23 -0.91
08012000 23 -0.91
09012000 23 -0.91
10012000 23 -0.90
11012000 23 -0.89
12012000 23 -0.87
13012000 23 -0.86
14012000 23 -0.85
15012000 23 -0.83
16012000 23 -0.86
17012000 23 -0.89
18012000 23 -0.89
19012000 23 -0.88
20012000 23 -0.90
21012000 23 -0.90
22012000 23 -0.89
23012000 23 -0.88
24012000 23 -0.87
25012000 23 -0.85
26012000 23 -0.84
27012000 23 -0.82
28012000 23 -0.80
29012000 23 -0.78
30012000 23 -0.76
31012000 23 -0.75
01022000 23 -0.80
02022000 23 -0.85
03022000 23 -0.88
04022000 23 -0.88
05022000 23 -0.87
06022000 23 -0.86
07022000 23 -0.84
08022000 23 -0.83
09022000 23 -0.81
10022000 23 -0.79
11022000 23 -0.83
12022000 23 -0.87
13022000 23 -0.90
14022000 23 -0.90
15022000 23 -0.88
16022000 23 -0.87
17022000 23 -0.85
18022000 23 -0.84
19022000 23 -0.82
20022000 23 -0.80
21022000 23 -0.78
22022000 23 -0.75
23022000 23 -0.73
24022000 23 -0.78
25022000 23 -0.78
26022000 23 -0.78
27022000 23 -0.82
28022000 23 -0.86
01032000 23 -0.87
02032000 23 -0.89
03032000 23 -0.90
04032000 23 -0.88
05032000 23 -0.86
06032000 23 -0.86
07032000 23 -0.89
08032000 23 -0.89
09032000 23 -0.87
10032000 23 -0.85
11032000 23 -0.84
12032000 23 -0.87
13032000 23 -0.89
14032000 23 -0.88
15032000 23 -0.89
16032000 23 -0.90
17032000 23 -0.88
18032000 23 -0.88
19032000 23 -0.90
20032000 23 -0.89
21032000 23 -0.88
22032000 23 -0.90
23032000 23 -0.89
24032000 23 -0.90
25032000 23 -0.89
26032000 23 -0.88
27032000 23 -0.90
28032000 23 -0.89
29032000 23 -0.87
30032000 23 -0.86
31032000 23 -0.89
01042000 23 -0.90
02042000 23 -0.88
03042000 23 -0.88
04042000 23 -0.90
05042000 23 -0.90
06042000 23 -0.88
07042000 23 -0.87
08042000 23 -0.85
09042000 23 -0.83
10042000 23 -0.80
11042000 23 -0.79
12042000 23 -0.83
13042000 23 -0.86
14042000 23 -0.86
15042000 23 -0.85
16042000 23 -0.82
17042000 23 -0.80
18042000 23 -0.83
19042000 23 -0.84
20042000 23 -0.83
21042000 23 -0.80
22042000 23 -0.79
23042000 23 -0.82
24042000 23 -0.83
25042000 23 -0.81
26042000 23 -0.79
27042000 23 -0.78
28042000 23 -0.83
29042000 23 -0.84
30042000 23 -0.83
01052000 23 -0.86
02052000 23 -0.87
03052000 23 -0.85
04052000 23 -0.84
05052000 23 -0.87
06052000 23 -0.88
07052000 23 -0.86
08052000 23 -0.85
09052000 23 -0.88
10052000 23 -0.88
11052000 23 -0.88
12052000 23 -0.89
13052000 23 -0.89
14052000 23 -0.89
15052000 23 -0.87
16052000 23 -0.89
17052000 23 -0.90
18052000 23 -0.89
19052000 23 -0.85
20052000 23 -0.81
21052000 23 -0.81
22052000 23 -0.86
23052000 23 -0.88
24052000 23 -0.86
25052000 23 -0.84
26052000 23 -0.81
27052000 23 -0.78
28052000 23 -0.75
29052000 23 -0.71
30052000 23 -0.67
31052000 23 -0.63
01062000 23 -0.60
02062000 23 -0.72
03062000 23 -0.79
04062000 23 -0.78
05062000 23 -0.75
06062000 23 -0.72
07062000 23 -0.69
08062000 23 -0.65
09062000 23 -0.62
10062000 23 -0.59
11062000 23 -0.59
12062000 23 -0.78
13062000 23 -0.86
14062000 23 -0.88
15062000 23 -0.87
16062000 23 -0.84
17062000 23 -0.80
18062000 23 -0.76
19062000 23 -0.72
20062000 23 -0.71
21062000 23 -0.79
22062000 23 -0.82
23062000 23 -0.83
24062000 23 -0.83
25062000 23 -0.81
26062000 23 -0.78
27062000 23 -0.78
28062000 23 -0.83
29062000 23 -0.86
30062000 23 -0.87
01072000 23 -0.84
02072000 23 -0.80
03072000 23 -0.76
04072000 23 -0.70
05072000 23 -0.65
06072000 23 -0.60
07072000 23 -0.55
08072000 23 -0.51
09072000 23 -0.47
10072000 23 -0.48
11072000 23 -0.71
12072000 23 -0.73
13072000 23 -0.65
14072000 23 -0.60
15072000 23 -0.55
16072000 23 -0.51
17072000 23 -0.68
18072000 23 -0.74
19072000 23 -0.69
20072000 23 -0.64
21072000 23 -0.60
22072000 23 -0.56
23072000 23 -0.52
24072000 23 -0.49
25072000 23 -0.45
26072000 23 -0.41
27072000 23 -0.37
28072000 23 -0.32
29072000 23 -0.27
30072000 23 -0.19
31072000 23 -0.11
01082000 23 -0.21
02082000 23 -0.73
03082000 23 -0.81
04082000 23 -0.84
05082000 23 -0.85
06082000 23 -0.84
07082000 23 -0.83
08082000 23 -0.81
09082000 23 -0.79
10082000 23 -0.75
11082000 23 -0.71
12082000 23 -0.74
13082000 23 -0.87
14082000 23 -0.92
15082000 23 -0.90
16082000 23 -0.88
17082000 23 -0.86
18082000 23 -0.83
19082000 23 -0.81
20082000 23 -0.81
21082000 23 -0.78
22082000 23 -0.77
23082000 23 -0.72
24082000 23 -0.67
25082000 23 -0.62
26082000 23 -0.57
27082000 23 -0.53
28082000 23 -0.49
29082000 23 -0.46
30082000 23 -0.73
31082000 23 -0.85
01092000 23 -0.88
02092000 23 -0.88
03092000 23 -0.89
04092000 23 -0.87
05092000 23 -0.85
06092000 23 -0.91
07092000 23 -0.93
08092000 23 -0.91
09092000 23 -0.89
10092000 23 -0.88
11092000 23 -0.87
12092000 23 -0.85
13092000 23 -0.84
14092000 23 -0.83
15092000 23 -0.79
16092000 23 -0.77
17092000 23 -0.87
18092000 23 -0.92
19092000 23 -0.92
20092000 23 -0.89
21092000 23 -0.88
22092000 23 -0.86
23092000 23 -0.86
24092000 23 -0.84
25092000 23 -0.81
26092000 23 -0.77
27092000 23 -0.72
28092000 23 -0.67
29092000 23 -0.63
30092000 23 -0.61
01102000 23 -0.66
02102000 23 -0.81
03102000 23 -0.78
04102000 23 -0.73
05102000 23 -0.67
06102000 23 -0.62
07102000 23 -0.57
08102000 23 -0.53
09102000 23 -0.49
10102000 23 -0.83
11102000 23 -0.95
12102000 23 -0.88
13102000 23 -0.86
14102000 23 -0.83
15102000 23 -0.80
16102000 23 -0.76
17102000 23 -0.72
18102000 23 -0.91
19102000 23 -0.97
20102000 23 -0.98
21102000 23 -0.97
22102000 23 -0.97
23102000 23 -0.97
24102000 23 -0.97
25102000 23 -0.95
26102000 23 -0.94
27102000 23 -0.96
28102000 23 -0.97
29102000 23 -0.96
30102000 23 -0.94
31102000 23 -0.93
01112000 23 -0.92
02112000 23 -0.93
03112000 23 -0.93
04112000 23 -0.94
05112000 23 -0.94
06112000 23 -0.94
07112000 23 -0.94
08112000 23 -0.94
09112000 23 -0.94
10112000 23 -0.94
11112000 23 -0.94
12112000 23 -0.94
13112000 23 -0.94
14112000 23 -0.95
15112000 23 -0.99
16112000 23 -1.03
17112000 23 -1.06
18112000 23 -1.07
19112000 23 -1.08
20112000 23 -1.10
21112000 23 -1.10
22112000 23 -1.10
23112000 23 -1.10
24112000 23 -1.10
25112000 23 -1.10
26112000 23 -1.10
27112000 23 -1.10
28112000 23 -1.10
29112000 23 -1.10
30112000 23 -1.11
01122000 23 -1.11
02122000 23 -1.11
03122000 23 -1.11
04122000 23 -1.10
05122000 23 -1.09
06122000 23 -1.08
07122000 23 -1.09
08122000 23 -1.08
09122000 23 -1.08
10122000 23 -1.08
11122000 23 -1.08
12122000 23 -1.09
13122000 23 -1.09
14122000 23 -1.09
15122000 23 -1.09
16122000 23 -1.09
17122000 23 -1.09
18122000 23 -1.08
19122000 23 -1.04
20122000 23 -1.01
21122000 23 -1.00
22122000 23 -1.09
23122000 23 -1.10
24122000 23 -1.04
25122000 23 -1.01
26122000 23 -0.98
27122000 23 -0.96
28122000 23 -0.96
29122000 23 -0.94
30122000 23 -0.92
31122000 23 -0.90
