01011914 23 -0.91
02011914 23 -0.91
03011914 23 -0.90
04011914 23 -0.90
05011914 23 -0.90
06011914 23 -0.91
07011914 23 -0.91
08011914 23 -0.91
09011914 23 -0.91
10011914 23 -0.90
11011914 23 -0.89
12011914 23 -0.87
13011914 23 -0.86
14011914 23 -0.85
15011914 23 -0.83
16011914 23 -0.86
17011914 23 -0.89
18011914 23 -0.89
19011914 23 -0.88
20011914 23 -0.90
21011914 23 -0.90
22011914 23 -0.89
23011914 23 -0.88
24011914 23 -0.87
25011914 23 -0.85
26011914 23 -0.84
27011914 23 -0.82
28011914 23 -0.80
29011914 23 -0.78
30011914 23 -0.76
31011914 23 -0.75
01021914 23 -0.80
02021914 23 -0.85
03021914 23 -0.88
04021914 23 -0.88
05021914 23 -0.87
06021914 23 -0.86
07021914 23 -0.84
08021914 23 -0.83
09021914 23 -0.81
10021914 23 -0.79
11021914 23 -0.83
12021914 23 -0.87
13021914 23 -0.90
14021914 23 -0.90
15021914 23 -0.88
16021914 23 -0.87
17021914 23 -0.85
18021914 23 -0.84
19021914 23 -0.82
20021914 23 -0.80
21021914 23 -0.78
22021914 23 -0.75
23021914 23 -0.73
24021914 23 -0.78
25021914 23 -0.78
26021914 23 -0.78
27021914 23 -0.82
28021914 23 -0.86
01031914 23 -0.87
02031914 23 -0.89
03031914 23 -0.90
04031914 23 -0.88
05031914 23 -0.86
06031914 23 -0.86
07031914 23 -0.89
08031914 23 -0.89
09031914 23 -0.87
10031914 23 -0.85
11031914 23 -0.84
12031914 23 -0.87
13031914 23 -0.89
14031914 23 -0.88
15031914 23 -0.89
16031914 23 -0.90
17031914 23 -0.88
18031914 23 -0.88
19031914 23 -0.90
20031914 23 -0.89
21031914 23 -0.88
22031914 23 -0.90
23031914 23 -0.89
24031914 23 -0.90
25031914 23 -0.89
26031914 23 -0.88
27031914 23 -0.90
28031914 23 -0.89
29031914 23 -0.87
30031914 23 -0.86
31031914 23 -0.89
01041914 23 -0.90
02041914 23 -0.88
03041914 23 -0.88
04041914 23 -0.90
05041914 23 -0.90
06041914 23 -0.88
07041914 23 -0.87
08041914 23 -0.85
09041914 23 -0.83
10041914 23 -0.80
11041914 23 -0.79
12041914 23 -0.83
13041914 23 -0.86
14041914 23 -0.86
15041914 23 -0.85
16041914 23 -0.82
17041914 23 -0.80
18041914 23 -0.83
19041914 23 -0.84
20041914 23 -0.83
21041914 23 -0.80
22041914 23 -0.79
23041914 23 -0.82
24041914 23 -0.83
25041914 23 -0.81
26041914 23 -0.79
27041914 23 -0.78
28041914 23 -0.83
29041914 23 -0.84
30041914 23 -0.83
01051914 23 -0.86
02051914 23 -0.87
03051914 23 -0.85
04051914 23 -0.84
05051914 23 -0.87
06051914 23 -0.88
07051914 23 -0.86
08051914 23 -0.85
09051914 23 -0.88
10051914 23 -0.88
11051914 23 -0.88
12051914 23 -0.89
13051914 23 -0.89
14051914 23 -0.89
15051914 23 -0.87
16051914 23 -0.89
17051914 23 -0.90
18051914 23 -0.89
19051914 23 -0.85
20051914 23 -0.81
21051914 23 -0.81
22051914 23 -0.86
23051914 23 -0.88
24051914 23 -0.86
25051914 23 -0.84
26051914 23 -0.81
27051914 23 -0.78
28051914 23 -0.75
29051914 23 -0.71
30051914 23 -0.67
31051914 23 -0.63
01061914 23 -0.60
02061914 23 -0.72
03061914 23 -0.79
04061914 23 -0.78
05061914 23 -0.75
06061914 23 -0.72
07061914 23 -0.69
08061914 23 -0.65
09061914 23 -0.62
10061914 23 -0.59
11061914 23 -0.59
12061914 23 -0.78
13061914 23 -0.86
14061914 23 -0.88
15061914 23 -0.87
16061914 23 -0.84
17061914 23 -0.80
18061914 23 -0.76
19061914 23 -0.72
20061914 23 -0.71
21061914 23 -0.79
22061914 23 -0.82
23061914 23 -0.83
24061914 23 -0.83
25061914 23 -0.81
26061914 23 -0.78
27061914 23 -0.78
28061914 23 -0.83
29061914 23 -0.86
30061914 23 -0.87
01071914 23 -0.84
02071914 23 -0.80
03071914 23 -0.76
04071914 23 -0.70
05071914 23 -0.65
06071914 23 -0.60
07071914 23 -0.55
08071914 23 -0.51
09071914 23 -0.47
10071914 23 -0.48
11071914 23 -0.71
12071914 23 -0.73
13071914 23 -0.65
14071914 23 -0.60
15071914 23 -0.55
16071914 23 -0.51
17071914 23 -0.68
18071914 23 -0.74
19071914 23 -0.69
20071914 23 -0.64
21071914 23 -0.60
22071914 23 -0.56
23071914 23 -0.52
24071914 23 -0.49
25071914 23 -0.45
26071914 23 -0.41
27071914 23 -0.37
28071914 23 -0.32
29071914 23 -0.27
30071914 23 -0.19
31071914 23 -0.11
01081914 23 -0.21
02081914 23 -0.73
03081914 23 -0.81
04081914 23 -0.84
05081914 23 -0.85
06081914 23 -0.84
07081914 23 -0.83
08081914 23 -0.81
09081914 23 -0.79
10081914 23 -0.75
11081914 23 -0.71
12081914 23 -0.74
13081914 23 -0.87
14081914 23 -0.92
15081914 23 -0.90
16081914 23 -0.88
17081914 23 -0.86
18081914 23 -0.83
19081914 23 -0.81
20081914 23 -0.81
21081914 23 -0.78
22081914 23 -0.77
23081914 23 -0.72
24081914 23 -0.67
25081914 23 -0.62
26081914 23 -0.57
27081914 23 -0.53
28081914 23 -0.49
29081914 23 -0.46
30081914 23 -0.73
31081914 23 -0.85
01091914 23 -0.88
02091914 23 -0.88
03091914 23 -0.89
04091914 23 -0.87
05091914 23 -0.85
06091914 23 -0.91
07091914 23 -0.93
08091914 23 -0.91
09091914 23 -0.89
10091914 23 -0.88
11091914 23 -0.87
12091914 23 -0.85
13091914 23 -0.84
14091914 23 -0.83
15091914 23 -0.79
16091914 23 -0.77
17091914 23 -0.87
18091914 23 -0.92
19091914 23 -0.92
20091914 23 -0.89
21091914 23 -0.88
22091914 23 -0.86
23091914 23 -0.86
24091914 23 -0.84
25091914 23 -0.81
26091914 23 -0.77
27091914 23 -0.72
28091914 23 -0.67
29091914 23 -0.63
30091914 23 -0.61
01101914 23 -0.66
02101914 23 -0.81
03101914 23 -0.78
04101914 23 -0.73
05101914 23 -0.67
06101914 23 -0.62
07101914 23 -0.57
08101914 23 -0.53
09101914 23 -0.49
10101914 23 -0.83
11101914 23 -0.95
12101914 23 -0.88
13101914 23 -0.86
14101914 23 -0.83
15101914 23 -0.80
16101914 23 -0.76
17101914 23 -0.72
18101914 23 -0.91
19101914 23 -0.97
20101914 23 -0.98
21101914 23 -0.97
22101914 23 -0.97
23101914 23 -0.97
24101914 23 -0.97
25101914 23 -0.95
26101914 23 -0.94
27101914 23 -0.96
28101914 23 -0.97
29101914 23 -0.96
30101914 23 -0.94
31101914 23 -0.93
01111914 23 -0.92
02111914 23 -0.93
03111914 23 -0.93
04111914 23 -0.94
05111914 23 -0.94
06111914 23 -0.94
07111914 23 -0.94
08111914 23 -0.94
09111914 23 -0.94
10111914 23 -0.94
11111914 23 -0.94
12111914 23 -0.94
13111914 23 -0.94
14111914 23 -0.95
15111914 23 -0.99
16111914 23 -1.03
17111914 23 -1.06
18111914 23 -1.07
19111914 23 -1.08
20111914 23 -1.10
21111914 23 -1.10
22111914 23 -1.10
23111914 23 -1.10
24111914 23 -1.10
25111914 23 -1.10
26111914 23 -1.10
27111914 23 -1.10
28111914 23 -1.10
29111914 23 -1.10
30111914 23 -1.11
01121914 23 -1.11
02121914 23 -1.11
03121914 23 -1.11
04121914 23 -1.10
05121914 23 -1.09
06121914 23 -1.08
07121914 23 -1.09
08121914 23 -1.08
09121914 23 -1.08
10121914 23 -1.08
11121914 23 -1.08
12121914 23 -1.09
13121914 23 -1.09
14121914 23 -1.09
15121914 23 -1.09
16121914 23 -1.09
17121914 23 -1.09
18121914 23 -1.08
19121914 23 -1.04
20121914 23 -1.01
21121914 23 -1.00
22121914 23 -1.09
23121914 23 -1.10
24121914 23 -1.04
25121914 23 -1.01
26121914 23 -0.98
27121914 23 -0.96
28121914 23 -0.96
29121914 23 -0.94
30121914 23 -0.92
31121914 23 -0.90
