01012020 23 -0.91
02012020 23 -0.91
03012020 23 -0.90
04012020 23 -0.90
05012020 23 -0.90
06012020 23 -0.91
07012020 23 -0.91
08012020 23 -0.91
09012020 23 -0.91
10012020 23 -0.90
11012020 23 -0.89
12012020 23 -0.87
13012020 23 -0.86
14012020 23 -0.85
15012020 23 -0.83
16012020 23 -0.86
17012020 23 -0.89
18012020 23 -0.89
19012020 23 -0.88
20012020 23 -0.90
21012020 23 -0.90
22012020 23 -0.89
23012020 23 -0.88
24012020 23 -0.87
25012020 23 -0.85
26012020 23 -0.84
27012020 23 -0.82
28012020 23 -0.80
29012020 23 -0.78
30012020 23 -0.76
31012020 23 -0.75
01022020 23 -0.80
02022020 23 -0.85
03022020 23 -0.88
04022020 23 -0.88
05022020 23 -0.87
06022020 23 -0.86
07022020 23 -0.84
08022020 23 -0.83
09022020 23 -0.81
10022020 23 -0.79
11022020 23 -0.83
12022020 23 -0.87
13022020 23 -0.90
14022020 23 -0.90
15022020 23 -0.88
16022020 23 -0.87
17022020 23 -0.85
18022020 23 -0.84
19022020 23 -0.82
20022020 23 -0.80
21022020 23 -0.78
22022020 23 -0.75
23022020 23 -0.73
24022020 23 -0.78
25022020 23 -0.78
26022020 23 -0.78
27022020 23 -0.82
28022020 23 -0.86
01032020 23 -0.87
02032020 23 -0.89
03032020 23 -0.90
04032020 23 -0.88
05032020 23 -0.86
06032020 23 -0.86
07032020 23 -0.89
08032020 23 -0.89
09032020 23 -0.87
10032020 23 -0.85
11032020 23 -0.84
12032020 23 -0.87
13032020 23 -0.89
14032020 23 -0.88
15032020 23 -0.89
16032020 23 -0.90
17032020 23 -0.88
18032020 23 -0.88
19032020 23 -0.90
20032020 23 -0.89
21032020 23 -0.88
22032020 23 -0.90
23032020 23 -0.89
24032020 23 -0.90
25032020 23 -0.89
26032020 23 -0.88
27032020 23 -0.90
28032020 23 -0.89
29032020 23 -0.87
30032020 23 -0.86
31032020 23 -0.89
01042020 23 -0.90
02042020 23 -0.88
03042020 23 -0.88
04042020 23 -0.90
05042020 23 -0.90
06042020 23 -0.88
07042020 23 -0.87
08042020 23 -0.85
09042020 23 -0.83
10042020 23 -0.80
11042020 23 -0.79
12042020 23 -0.83
13042020 23 -0.86
14042020 23 -0.86
15042020 23 -0.85
16042020 23 -0.82
17042020 23 -0.80
18042020 23 -0.83
19042020 23 -0.84
20042020 23 -0.83
21042020 23 -0.80
22042020 23 -0.79
23042020 23 -0.82
24042020 23 -0.83
25042020 23 -0.81
26042020 23 -0.79
27042020 23 -0.78
28042020 23 -0.83
29042020 23 -0.84
30042020 23 -0.83
01052020 23 -0.86
02052020 23 -0.87
03052020 23 -0.85
04052020 23 -0.84
05052020 23 -0.87
06052020 23 -0.88
07052020 23 -0.86
08052020 23 -0.85
09052020 23 -0.88
10052020 23 -0.88
11052020 23 -0.88
12052020 23 -0.89
13052020 23 -0.89
14052020 23 -0.89
15052020 23 -0.87
16052020 23 -0.89
17052020 23 -0.90
18052020 23 -0.89
19052020 23 -0.85
20052020 23 -0.81
21052020 23 -0.81
22052020 23 -0.86
23052020 23 -0.88
24052020 23 -0.86
25052020 23 -0.84
26052020 23 -0.81
27052020 23 -0.78
28052020 23 -0.75
29052020 23 -0.71
30052020 23 -0.67
31052020 23 -0.63
01062020 23 -0.60
02062020 23 -0.72
03062020 23 -0.79
04062020 23 -0.78
05062020 23 -0.75
06062020 23 -0.72
07062020 23 -0.69
08062020 23 -0.65
09062020 23 -0.62
10062020 23 -0.59
11062020 23 -0.59
12062020 23 -0.78
13062020 23 -0.86
14062020 23 -0.88
15062020 23 -0.87
16062020 23 -0.84
17062020 23 -0.80
18062020 23 -0.76
19062020 23 -0.72
20062020 23 -0.71
21062020 23 -0.79
22062020 23 -0.82
23062020 23 -0.83
24062020 23 -0.83
25062020 23 -0.81
26062020 23 -0.78
27062020 23 -0.78
28062020 23 -0.83
29062020 23 -0.86
30062020 23 -0.87
01072020 23 -0.84
02072020 23 -0.80
03072020 23 -0.76
04072020 23 -0.70
05072020 23 -0.65
06072020 23 -0.60
07072020 23 -0.55
08072020 23 -0.51
09072020 23 -0.47
10072020 23 -0.48
11072020 23 -0.71
12072020 23 -0.73
13072020 23 -0.65
14072020 23 -0.60
15072020 23 -0.55
16072020 23 -0.51
17072020 23 -0.68
18072020 23 -0.74
19072020 23 -0.69
20072020 23 -0.64
21072020 23 -0.60
22072020 23 -0.56
23072020 23 -0.52
24072020 23 -0.49
25072020 23 -0.45
26072020 23 -0.41
27072020 23 -0.37
28072020 23 -0.32
29072020 23 -0.27
30072020 23 -0.19
31072020 23 -0.11
01082020 23 -0.21
02082020 23 -0.73
03082020 23 -0.81
04082020 23 -0.84
05082020 23 -0.85
06082020 23 -0.84
07082020 23 -0.83
08082020 23 -0.81
09082020 23 -0.79
10082020 23 -0.75
11082020 23 -0.71
12082020 23 -0.74
13082020 23 -0.87
14082020 23 -0.92
15082020 23 -0.90
16082020 23 -0.88
17082020 23 -0.86
18082020 23 -0.83
19082020 23 -0.81
20082020 23 -0.81
21082020 23 -0.78
22082020 23 -0.77
23082020 23 -0.72
24082020 23 -0.67
25082020 23 -0.62
26082020 23 -0.57
27082020 23 -0.53
28082020 23 -0.49
29082020 23 -0.46
30082020 23 -0.73
31082020 23 -0.85
01092020 23 -0.88
02092020 23 -0.88
03092020 23 -0.89
04092020 23 -0.87
05092020 23 -0.85
06092020 23 -0.91
07092020 23 -0.93
08092020 23 -0.91
09092020 23 -0.89
10092020 23 -0.88
11092020 23 -0.87
12092020 23 -0.85
13092020 23 -0.84
14092020 23 -0.83
15092020 23 -0.79
16092020 23 -0.77
17092020 23 -0.87
18092020 23 -0.92
19092020 23 -0.92
20092020 23 -0.89
21092020 23 -0.88
22092020 23 -0.86
23092020 23 -0.86
24092020 23 -0.84
25092020 23 -0.81
26092020 23 -0.77
27092020 23 -0.72
28092020 23 -0.67
29092020 23 -0.63
30092020 23 -0.61
01102020 23 -0.66
02102020 23 -0.81
03102020 23 -0.78
04102020 23 -0.73
05102020 23 -0.67
06102020 23 -0.62
07102020 23 -0.57
08102020 23 -0.53
09102020 23 -0.49
10102020 23 -0.83
11102020 23 -0.95
12102020 23 -0.88
13102020 23 -0.86
14102020 23 -0.83
15102020 23 -0.80
16102020 23 -0.76
17102020 23 -0.72
18102020 23 -0.91
19102020 23 -0.97
20102020 23 -0.98
21102020 23 -0.97
22102020 23 -0.97
23102020 23 -0.97
24102020 23 -0.97
25102020 23 -0.95
26102020 23 -0.94
27102020 23 -0.96
28102020 23 -0.97
29102020 23 -0.96
30102020 23 -0.94
31102020 23 -0.93
01112020 23 -0.92
02112020 23 -0.93
03112020 23 -0.93
04112020 23 -0.94
05112020 23 -0.94
06112020 23 -0.94
07112020 23 -0.94
08112020 23 -0.94
09112020 23 -0.94
10112020 23 -0.94
11112020 23 -0.94
12112020 23 -0.94
13112020 23 -0.94
14112020 23 -0.95
15112020 23 -0.99
16112020 23 -1.03
17112020 23 -1.06
18112020 23 -1.07
19112020 23 -1.08
20112020 23 -1.10
21112020 23 -1.10
22112020 23 -1.10
23112020 23 -1.10
24112020 23 -1.10
25112020 23 -1.10
26112020 23 -1.10
27112020 23 -1.10
28112020 23 -1.10
29112020 23 -1.10
30112020 23 -1.11
01122020 23 -1.11
02122020 23 -1.11
03122020 23 -1.11
04122020 23 -1.10
05122020 23 -1.09
06122020 23 -1.08
07122020 23 -1.09
08122020 23 -1.08
09122020 23 -1.08
10122020 23 -1.08
11122020 23 -1.08
12122020 23 -1.09
13122020 23 -1.09
14122020 23 -1.09
15122020 23 -1.09
16122020 23 -1.09
17122020 23 -1.09
18122020 23 -1.08
19122020 23 -1.04
20122020 23 -1.01
21122020 23 -1.00
22122020 23 -1.09
23122020 23 -1.10
24122020 23 -1.04
25122020 23 -1.01
26122020 23 -0.98
27122020 23 -0.96
28122020 23 -0.96
29122020 23 -0.94
30122020 23 -0.92
31122020 23 -0.90
