01011947 23 -0.91
02011947 23 -0.91
03011947 23 -0.90
04011947 23 -0.90
05011947 23 -0.90
06011947 23 -0.91
07011947 23 -0.91
08011947 23 -0.91
09011947 23 -0.91
10011947 23 -0.90
11011947 23 -0.89
12011947 23 -0.87
13011947 23 -0.86
14011947 23 -0.85
15011947 23 -0.83
16011947 23 -0.86
17011947 23 -0.89
18011947 23 -0.89
19011947 23 -0.88
20011947 23 -0.90
21011947 23 -0.90
22011947 23 -0.89
23011947 23 -0.88
24011947 23 -0.87
25011947 23 -0.85
26011947 23 -0.84
27011947 23 -0.82
28011947 23 -0.80
29011947 23 -0.78
30011947 23 -0.76
31011947 23 -0.75
01021947 23 -0.80
02021947 23 -0.85
03021947 23 -0.88
04021947 23 -0.88
05021947 23 -0.87
06021947 23 -0.86
07021947 23 -0.84
08021947 23 -0.83
09021947 23 -0.81
10021947 23 -0.79
11021947 23 -0.83
12021947 23 -0.87
13021947 23 -0.90
14021947 23 -0.90
15021947 23 -0.88
16021947 23 -0.87
17021947 23 -0.85
18021947 23 -0.84
19021947 23 -0.82
20021947 23 -0.80
21021947 23 -0.78
22021947 23 -0.75
23021947 23 -0.73
24021947 23 -0.78
25021947 23 -0.78
26021947 23 -0.78
27021947 23 -0.82
28021947 23 -0.86
01031947 23 -0.87
02031947 23 -0.89
03031947 23 -0.90
04031947 23 -0.88
05031947 23 -0.86
06031947 23 -0.86
07031947 23 -0.89
08031947 23 -0.89
09031947 23 -0.87
10031947 23 -0.85
11031947 23 -0.84
12031947 23 -0.87
13031947 23 -0.89
14031947 23 -0.88
15031947 23 -0.89
16031947 23 -0.90
17031947 23 -0.88
18031947 23 -0.88
19031947 23 -0.90
20031947 23 -0.89
21031947 23 -0.88
22031947 23 -0.90
23031947 23 -0.89
24031947 23 -0.90
25031947 23 -0.89
26031947 23 -0.88
27031947 23 -0.90
28031947 23 -0.89
29031947 23 -0.87
30031947 23 -0.86
31031947 23 -0.89
01041947 23 -0.90
02041947 23 -0.88
03041947 23 -0.88
04041947 23 -0.90
05041947 23 -0.90
06041947 23 -0.88
07041947 23 -0.87
08041947 23 -0.85
09041947 23 -0.83
10041947 23 -0.80
11041947 23 -0.79
12041947 23 -0.83
13041947 23 -0.86
14041947 23 -0.86
15041947 23 -0.85
16041947 23 -0.82
17041947 23 -0.80
18041947 23 -0.83
19041947 23 -0.84
20041947 23 -0.83
21041947 23 -0.80
22041947 23 -0.79
23041947 23 -0.82
24041947 23 -0.83
25041947 23 -0.81
26041947 23 -0.79
27041947 23 -0.78
28041947 23 -0.83
29041947 23 -0.84
30041947 23 -0.83
01051947 23 -0.86
02051947 23 -0.87
03051947 23 -0.85
04051947 23 -0.84
05051947 23 -0.87
06051947 23 -0.88
07051947 23 -0.86
08051947 23 -0.85
09051947 23 -0.88
10051947 23 -0.88
11051947 23 -0.88
12051947 23 -0.89
13051947 23 -0.89
14051947 23 -0.89
15051947 23 -0.87
16051947 23 -0.89
17051947 23 -0.90
18051947 23 -0.89
19051947 23 -0.85
20051947 23 -0.81
21051947 23 -0.81
22051947 23 -0.86
23051947 23 -0.88
24051947 23 -0.86
25051947 23 -0.84
26051947 23 -0.81
27051947 23 -0.78
28051947 23 -0.75
29051947 23 -0.71
30051947 23 -0.67
31051947 23 -0.63
01061947 23 -0.60
02061947 23 -0.72
03061947 23 -0.79
04061947 23 -0.78
05061947 23 -0.75
06061947 23 -0.72
07061947 23 -0.69
08061947 23 -0.65
09061947 23 -0.62
10061947 23 -0.59
11061947 23 -0.59
12061947 23 -0.78
13061947 23 -0.86
14061947 23 -0.88
15061947 23 -0.87
16061947 23 -0.84
17061947 23 -0.80
18061947 23 -0.76
19061947 23 -0.72
20061947 23 -0.71
21061947 23 -0.79
22061947 23 -0.82
23061947 23 -0.83
24061947 23 -0.83
25061947 23 -0.81
26061947 23 -0.78
27061947 23 -0.78
28061947 23 -0.83
29061947 23 -0.86
30061947 23 -0.87
01071947 23 -0.84
02071947 23 -0.80
03071947 23 -0.76
04071947 23 -0.70
05071947 23 -0.65
06071947 23 -0.60
07071947 23 -0.55
08071947 23 -0.51
09071947 23 -0.47
10071947 23 -0.48
11071947 23 -0.71
12071947 23 -0.73
13071947 23 -0.65
14071947 23 -0.60
15071947 23 -0.55
16071947 23 -0.51
17071947 23 -0.68
18071947 23 -0.74
19071947 23 -0.69
20071947 23 -0.64
21071947 23 -0.60
22071947 23 -0.56
23071947 23 -0.52
24071947 23 -0.49
25071947 23 -0.45
26071947 23 -0.41
27071947 23 -0.37
28071947 23 -0.32
29071947 23 -0.27
30071947 23 -0.19
31071947 23 -0.11
01081947 23 -0.21
02081947 23 -0.73
03081947 23 -0.81
04081947 23 -0.84
05081947 23 -0.85
06081947 23 -0.84
07081947 23 -0.83
08081947 23 -0.81
09081947 23 -0.79
10081947 23 -0.75
11081947 23 -0.71
12081947 23 -0.74
13081947 23 -0.87
14081947 23 -0.92
15081947 23 -0.90
16081947 23 -0.88
17081947 23 -0.86
18081947 23 -0.83
19081947 23 -0.81
20081947 23 -0.81
21081947 23 -0.78
22081947 23 -0.77
23081947 23 -0.72
24081947 23 -0.67
25081947 23 -0.62
26081947 23 -0.57
27081947 23 -0.53
28081947 23 -0.49
29081947 23 -0.46
30081947 23 -0.73
31081947 23 -0.85
01091947 23 -0.88
02091947 23 -0.88
03091947 23 -0.89
04091947 23 -0.87
05091947 23 -0.85
06091947 23 -0.91
07091947 23 -0.93
08091947 23 -0.91
09091947 23 -0.89
10091947 23 -0.88
11091947 23 -0.87
12091947 23 -0.85
13091947 23 -0.84
14091947 23 -0.83
15091947 23 -0.79
16091947 23 -0.77
17091947 23 -0.87
18091947 23 -0.92
19091947 23 -0.92
20091947 23 -0.89
21091947 23 -0.88
22091947 23 -0.86
23091947 23 -0.86
24091947 23 -0.84
25091947 23 -0.81
26091947 23 -0.77
27091947 23 -0.72
28091947 23 -0.67
29091947 23 -0.63
30091947 23 -0.61
01101947 23 -0.66
02101947 23 -0.81
03101947 23 -0.78
04101947 23 -0.73
05101947 23 -0.67
06101947 23 -0.62
07101947 23 -0.57
08101947 23 -0.53
09101947 23 -0.49
10101947 23 -0.83
11101947 23 -0.95
12101947 23 -0.88
13101947 23 -0.86
14101947 23 -0.83
15101947 23 -0.80
16101947 23 -0.76
17101947 23 -0.72
18101947 23 -0.91
19101947 23 -0.97
20101947 23 -0.98
21101947 23 -0.97
22101947 23 -0.97
23101947 23 -0.97
24101947 23 -0.97
25101947 23 -0.95
26101947 23 -0.94
27101947 23 -0.96
28101947 23 -0.97
29101947 23 -0.96
30101947 23 -0.94
31101947 23 -0.93
01111947 23 -0.92
02111947 23 -0.93
03111947 23 -0.93
04111947 23 -0.94
05111947 23 -0.94
06111947 23 -0.94
07111947 23 -0.94
08111947 23 -0.94
09111947 23 -0.94
10111947 23 -0.94
11111947 23 -0.94
12111947 23 -0.94
13111947 23 -0.94
14111947 23 -0.95
15111947 23 -0.99
16111947 23 -1.03
17111947 23 -1.06
18111947 23 -1.07
19111947 23 -1.08
20111947 23 -1.10
21111947 23 -1.10
22111947 23 -1.10
23111947 23 -1.10
24111947 23 -1.10
25111947 23 -1.10
26111947 23 -1.10
27111947 23 -1.10
28111947 23 -1.10
29111947 23 -1.10
30111947 23 -1.11
01121947 23 -1.11
02121947 23 -1.11
03121947 23 -1.11
04121947 23 -1.10
05121947 23 -1.09
06121947 23 -1.08
07121947 23 -1.09
08121947 23 -1.08
09121947 23 -1.08
10121947 23 -1.08
11121947 23 -1.08
12121947 23 -1.09
13121947 23 -1.09
14121947 23 -1.09
15121947 23 -1.09
16121947 23 -1.09
17121947 23 -1.09
18121947 23 -1.08
19121947 23 -1.04
20121947 23 -1.01
21121947 23 -1.00
22121947 23 -1.09
23121947 23 -1.10
24121947 23 -1.04
25121947 23 -1.01
26121947 23 -0.98
27121947 23 -0.96
28121947 23 -0.96
29121947 23 -0.94
30121947 23 -0.92
31121947 23 -0.90
