01011992 23 -0.91
02011992 23 -0.91
03011992 23 -0.90
04011992 23 -0.90
05011992 23 -0.90
06011992 23 -0.91
07011992 23 -0.91
08011992 23 -0.91
09011992 23 -0.91
10011992 23 -0.90
11011992 23 -0.89
12011992 23 -0.87
13011992 23 -0.86
14011992 23 -0.85
15011992 23 -0.83
16011992 23 -0.86
17011992 23 -0.89
18011992 23 -0.89
19011992 23 -0.88
20011992 23 -0.90
21011992 23 -0.90
22011992 23 -0.89
23011992 23 -0.88
24011992 23 -0.87
25011992 23 -0.85
26011992 23 -0.84
27011992 23 -0.82
28011992 23 -0.80
29011992 23 -0.78
30011992 23 -0.76
31011992 23 -0.75
01021992 23 -0.80
02021992 23 -0.85
03021992 23 -0.88
04021992 23 -0.88
05021992 23 -0.87
06021992 23 -0.86
07021992 23 -0.84
08021992 23 -0.83
09021992 23 -0.81
10021992 23 -0.79
11021992 23 -0.83
12021992 23 -0.87
13021992 23 -0.90
14021992 23 -0.90
15021992 23 -0.88
16021992 23 -0.87
17021992 23 -0.85
18021992 23 -0.84
19021992 23 -0.82
20021992 23 -0.80
21021992 23 -0.78
22021992 23 -0.75
23021992 23 -0.73
24021992 23 -0.78
25021992 23 -0.78
26021992 23 -0.78
27021992 23 -0.82
28021992 23 -0.86
01031992 23 -0.87
02031992 23 -0.89
03031992 23 -0.90
04031992 23 -0.88
05031992 23 -0.86
06031992 23 -0.86
07031992 23 -0.89
08031992 23 -0.89
09031992 23 -0.87
10031992 23 -0.85
11031992 23 -0.84
12031992 23 -0.87
13031992 23 -0.89
14031992 23 -0.88
15031992 23 -0.89
16031992 23 -0.90
17031992 23 -0.88
18031992 23 -0.88
19031992 23 -0.90
20031992 23 -0.89
21031992 23 -0.88
22031992 23 -0.90
23031992 23 -0.89
24031992 23 -0.90
25031992 23 -0.89
26031992 23 -0.88
27031992 23 -0.90
28031992 23 -0.89
29031992 23 -0.87
30031992 23 -0.86
31031992 23 -0.89
01041992 23 -0.90
02041992 23 -0.88
03041992 23 -0.88
04041992 23 -0.90
05041992 23 -0.90
06041992 23 -0.88
07041992 23 -0.87
08041992 23 -0.85
09041992 23 -0.83
10041992 23 -0.80
11041992 23 -0.79
12041992 23 -0.83
13041992 23 -0.86
14041992 23 -0.86
15041992 23 -0.85
16041992 23 -0.82
17041992 23 -0.80
18041992 23 -0.83
19041992 23 -0.84
20041992 23 -0.83
21041992 23 -0.80
22041992 23 -0.79
23041992 23 -0.82
24041992 23 -0.83
25041992 23 -0.81
26041992 23 -0.79
27041992 23 -0.78
28041992 23 -0.83
29041992 23 -0.84
30041992 23 -0.83
01051992 23 -0.86
02051992 23 -0.87
03051992 23 -0.85
04051992 23 -0.84
05051992 23 -0.87
06051992 23 -0.88
07051992 23 -0.86
08051992 23 -0.85
09051992 23 -0.88
10051992 23 -0.88
11051992 23 -0.88
12051992 23 -0.89
13051992 23 -0.89
14051992 23 -0.89
15051992 23 -0.87
16051992 23 -0.89
17051992 23 -0.90
18051992 23 -0.89
19051992 23 -0.85
20051992 23 -0.81
21051992 23 -0.81
22051992 23 -0.86
23051992 23 -0.88
24051992 23 -0.86
25051992 23 -0.84
26051992 23 -0.81
27051992 23 -0.78
28051992 23 -0.75
29051992 23 -0.71
30051992 23 -0.67
31051992 23 -0.63
01061992 23 -0.60
02061992 23 -0.72
03061992 23 -0.79
04061992 23 -0.78
05061992 23 -0.75
06061992 23 -0.72
07061992 23 -0.69
08061992 23 -0.65
09061992 23 -0.62
10061992 23 -0.59
11061992 23 -0.59
12061992 23 -0.78
13061992 23 -0.86
14061992 23 -0.88
15061992 23 -0.87
16061992 23 -0.84
17061992 23 -0.80
18061992 23 -0.76
19061992 23 -0.72
20061992 23 -0.71
21061992 23 -0.79
22061992 23 -0.82
23061992 23 -0.83
24061992 23 -0.83
25061992 23 -0.81
26061992 23 -0.78
27061992 23 -0.78
28061992 23 -0.83
29061992 23 -0.86
30061992 23 -0.87
01071992 23 -0.84
02071992 23 -0.80
03071992 23 -0.76
04071992 23 -0.70
05071992 23 -0.65
06071992 23 -0.60
07071992 23 -0.55
08071992 23 -0.51
09071992 23 -0.47
10071992 23 -0.48
11071992 23 -0.71
12071992 23 -0.73
13071992 23 -0.65
14071992 23 -0.60
15071992 23 -0.55
16071992 23 -0.51
17071992 23 -0.68
18071992 23 -0.74
19071992 23 -0.69
20071992 23 -0.64
21071992 23 -0.60
22071992 23 -0.56
23071992 23 -0.52
24071992 23 -0.49
25071992 23 -0.45
26071992 23 -0.41
27071992 23 -0.37
28071992 23 -0.32
29071992 23 -0.27
30071992 23 -0.19
31071992 23 -0.11
01081992 23 -0.21
02081992 23 -0.73
03081992 23 -0.81
04081992 23 -0.84
05081992 23 -0.85
06081992 23 -0.84
07081992 23 -0.83
08081992 23 -0.81
09081992 23 -0.79
10081992 23 -0.75
11081992 23 -0.71
12081992 23 -0.74
13081992 23 -0.87
14081992 23 -0.92
15081992 23 -0.90
16081992 23 -0.88
17081992 23 -0.86
18081992 23 -0.83
19081992 23 -0.81
20081992 23 -0.81
21081992 23 -0.78
22081992 23 -0.77
23081992 23 -0.72
24081992 23 -0.67
25081992 23 -0.62
26081992 23 -0.57
27081992 23 -0.53
28081992 23 -0.49
29081992 23 -0.46
30081992 23 -0.73
31081992 23 -0.85
01091992 23 -0.88
02091992 23 -0.88
03091992 23 -0.89
04091992 23 -0.87
05091992 23 -0.85
06091992 23 -0.91
07091992 23 -0.93
08091992 23 -0.91
09091992 23 -0.89
10091992 23 -0.88
11091992 23 -0.87
12091992 23 -0.85
13091992 23 -0.84
14091992 23 -0.83
15091992 23 -0.79
16091992 23 -0.77
17091992 23 -0.87
18091992 23 -0.92
19091992 23 -0.92
20091992 23 -0.89
21091992 23 -0.88
22091992 23 -0.86
23091992 23 -0.86
24091992 23 -0.84
25091992 23 -0.81
26091992 23 -0.77
27091992 23 -0.72
28091992 23 -0.67
29091992 23 -0.63
30091992 23 -0.61
01101992 23 -0.66
02101992 23 -0.81
03101992 23 -0.78
04101992 23 -0.73
05101992 23 -0.67
06101992 23 -0.62
07101992 23 -0.57
08101992 23 -0.53
09101992 23 -0.49
10101992 23 -0.83
11101992 23 -0.95
12101992 23 -0.88
13101992 23 -0.86
14101992 23 -0.83
15101992 23 -0.80
16101992 23 -0.76
17101992 23 -0.72
18101992 23 -0.91
19101992 23 -0.97
20101992 23 -0.98
21101992 23 -0.97
22101992 23 -0.97
23101992 23 -0.97
24101992 23 -0.97
25101992 23 -0.95
26101992 23 -0.94
27101992 23 -0.96
28101992 23 -0.97
29101992 23 -0.96
30101992 23 -0.94
31101992 23 -0.93
01111992 23 -0.92
02111992 23 -0.93
03111992 23 -0.93
04111992 23 -0.94
05111992 23 -0.94
06111992 23 -0.94
07111992 23 -0.94
08111992 23 -0.94
09111992 23 -0.94
10111992 23 -0.94
11111992 23 -0.94
12111992 23 -0.94
13111992 23 -0.94
14111992 23 -0.95
15111992 23 -0.99
16111992 23 -1.03
17111992 23 -1.06
18111992 23 -1.07
19111992 23 -1.08
20111992 23 -1.10
21111992 23 -1.10
22111992 23 -1.10
23111992 23 -1.10
24111992 23 -1.10
25111992 23 -1.10
26111992 23 -1.10
27111992 23 -1.10
28111992 23 -1.10
29111992 23 -1.10
30111992 23 -1.11
01121992 23 -1.11
02121992 23 -1.11
03121992 23 -1.11
04121992 23 -1.10
05121992 23 -1.09
06121992 23 -1.08
07121992 23 -1.09
08121992 23 -1.08
09121992 23 -1.08
10121992 23 -1.08
11121992 23 -1.08
12121992 23 -1.09
13121992 23 -1.09
14121992 23 -1.09
15121992 23 -1.09
16121992 23 -1.09
17121992 23 -1.09
18121992 23 -1.08
19121992 23 -1.04
20121992 23 -1.01
21121992 23 -1.00
22121992 23 -1.09
23121992 23 -1.10
24121992 23 -1.04
25121992 23 -1.01
26121992 23 -0.98
27121992 23 -0.96
28121992 23 -0.96
29121992 23 -0.94
30121992 23 -0.92
31121992 23 -0.90
