01011918 23 -0.91
02011918 23 -0.91
03011918 23 -0.90
04011918 23 -0.90
05011918 23 -0.90
06011918 23 -0.91
07011918 23 -0.91
08011918 23 -0.91
09011918 23 -0.91
10011918 23 -0.90
11011918 23 -0.89
12011918 23 -0.87
13011918 23 -0.86
14011918 23 -0.85
15011918 23 -0.83
16011918 23 -0.86
17011918 23 -0.89
18011918 23 -0.89
19011918 23 -0.88
20011918 23 -0.90
21011918 23 -0.90
22011918 23 -0.89
23011918 23 -0.88
24011918 23 -0.87
25011918 23 -0.85
26011918 23 -0.84
27011918 23 -0.82
28011918 23 -0.80
29011918 23 -0.78
30011918 23 -0.76
31011918 23 -0.75
01021918 23 -0.80
02021918 23 -0.85
03021918 23 -0.88
04021918 23 -0.88
05021918 23 -0.87
06021918 23 -0.86
07021918 23 -0.84
08021918 23 -0.83
09021918 23 -0.81
10021918 23 -0.79
11021918 23 -0.83
12021918 23 -0.87
13021918 23 -0.90
14021918 23 -0.90
15021918 23 -0.88
16021918 23 -0.87
17021918 23 -0.85
18021918 23 -0.84
19021918 23 -0.82
20021918 23 -0.80
21021918 23 -0.78
22021918 23 -0.75
23021918 23 -0.73
24021918 23 -0.78
25021918 23 -0.78
26021918 23 -0.78
27021918 23 -0.82
28021918 23 -0.86
01031918 23 -0.87
02031918 23 -0.89
03031918 23 -0.90
04031918 23 -0.88
05031918 23 -0.86
06031918 23 -0.86
07031918 23 -0.89
08031918 23 -0.89
09031918 23 -0.87
10031918 23 -0.85
11031918 23 -0.84
12031918 23 -0.87
13031918 23 -0.89
14031918 23 -0.88
15031918 23 -0.89
16031918 23 -0.90
17031918 23 -0.88
18031918 23 -0.88
19031918 23 -0.90
20031918 23 -0.89
21031918 23 -0.88
22031918 23 -0.90
23031918 23 -0.89
24031918 23 -0.90
25031918 23 -0.89
26031918 23 -0.88
27031918 23 -0.90
28031918 23 -0.89
29031918 23 -0.87
30031918 23 -0.86
31031918 23 -0.89
01041918 23 -0.90
02041918 23 -0.88
03041918 23 -0.88
04041918 23 -0.90
05041918 23 -0.90
06041918 23 -0.88
07041918 23 -0.87
08041918 23 -0.85
09041918 23 -0.83
10041918 23 -0.80
11041918 23 -0.79
12041918 23 -0.83
13041918 23 -0.86
14041918 23 -0.86
15041918 23 -0.85
16041918 23 -0.82
17041918 23 -0.80
18041918 23 -0.83
19041918 23 -0.84
20041918 23 -0.83
21041918 23 -0.80
22041918 23 -0.79
23041918 23 -0.82
24041918 23 -0.83
25041918 23 -0.81
26041918 23 -0.79
27041918 23 -0.78
28041918 23 -0.83
29041918 23 -0.84
30041918 23 -0.83
01051918 23 -0.86
02051918 23 -0.87
03051918 23 -0.85
04051918 23 -0.84
05051918 23 -0.87
06051918 23 -0.88
07051918 23 -0.86
08051918 23 -0.85
09051918 23 -0.88
10051918 23 -0.88
11051918 23 -0.88
12051918 23 -0.89
13051918 23 -0.89
14051918 23 -0.89
15051918 23 -0.87
16051918 23 -0.89
17051918 23 -0.90
18051918 23 -0.89
19051918 23 -0.85
20051918 23 -0.81
21051918 23 -0.81
22051918 23 -0.86
23051918 23 -0.88
24051918 23 -0.86
25051918 23 -0.84
26051918 23 -0.81
27051918 23 -0.78
28051918 23 -0.75
29051918 23 -0.71
30051918 23 -0.67
31051918 23 -0.63
01061918 23 -0.60
02061918 23 -0.72
03061918 23 -0.79
04061918 23 -0.78
05061918 23 -0.75
06061918 23 -0.72
07061918 23 -0.69
08061918 23 -0.65
09061918 23 -0.62
10061918 23 -0.59
11061918 23 -0.59
12061918 23 -0.78
13061918 23 -0.86
14061918 23 -0.88
15061918 23 -0.87
16061918 23 -0.84
17061918 23 -0.80
18061918 23 -0.76
19061918 23 -0.72
20061918 23 -0.71
21061918 23 -0.79
22061918 23 -0.82
23061918 23 -0.83
24061918 23 -0.83
25061918 23 -0.81
26061918 23 -0.78
27061918 23 -0.78
28061918 23 -0.83
29061918 23 -0.86
30061918 23 -0.87
01071918 23 -0.84
02071918 23 -0.80
03071918 23 -0.76
04071918 23 -0.70
05071918 23 -0.65
06071918 23 -0.60
07071918 23 -0.55
08071918 23 -0.51
09071918 23 -0.47
10071918 23 -0.48
11071918 23 -0.71
12071918 23 -0.73
13071918 23 -0.65
14071918 23 -0.60
15071918 23 -0.55
16071918 23 -0.51
17071918 23 -0.68
18071918 23 -0.74
19071918 23 -0.69
20071918 23 -0.64
21071918 23 -0.60
22071918 23 -0.56
23071918 23 -0.52
24071918 23 -0.49
25071918 23 -0.45
26071918 23 -0.41
27071918 23 -0.37
28071918 23 -0.32
29071918 23 -0.27
30071918 23 -0.19
31071918 23 -0.11
01081918 23 -0.21
02081918 23 -0.73
03081918 23 -0.81
04081918 23 -0.84
05081918 23 -0.85
06081918 23 -0.84
07081918 23 -0.83
08081918 23 -0.81
09081918 23 -0.79
10081918 23 -0.75
11081918 23 -0.71
12081918 23 -0.74
13081918 23 -0.87
14081918 23 -0.92
15081918 23 -0.90
16081918 23 -0.88
17081918 23 -0.86
18081918 23 -0.83
19081918 23 -0.81
20081918 23 -0.81
21081918 23 -0.78
22081918 23 -0.77
23081918 23 -0.72
24081918 23 -0.67
25081918 23 -0.62
26081918 23 -0.57
27081918 23 -0.53
28081918 23 -0.49
29081918 23 -0.46
30081918 23 -0.73
31081918 23 -0.85
01091918 23 -0.88
02091918 23 -0.88
03091918 23 -0.89
04091918 23 -0.87
05091918 23 -0.85
06091918 23 -0.91
07091918 23 -0.93
08091918 23 -0.91
09091918 23 -0.89
10091918 23 -0.88
11091918 23 -0.87
12091918 23 -0.85
13091918 23 -0.84
14091918 23 -0.83
15091918 23 -0.79
16091918 23 -0.77
17091918 23 -0.87
18091918 23 -0.92
19091918 23 -0.92
20091918 23 -0.89
21091918 23 -0.88
22091918 23 -0.86
23091918 23 -0.86
24091918 23 -0.84
25091918 23 -0.81
26091918 23 -0.77
27091918 23 -0.72
28091918 23 -0.67
29091918 23 -0.63
30091918 23 -0.61
01101918 23 -0.66
02101918 23 -0.81
03101918 23 -0.78
04101918 23 -0.73
05101918 23 -0.67
06101918 23 -0.62
07101918 23 -0.57
08101918 23 -0.53
09101918 23 -0.49
10101918 23 -0.83
11101918 23 -0.95
12101918 23 -0.88
13101918 23 -0.86
14101918 23 -0.83
15101918 23 -0.80
16101918 23 -0.76
17101918 23 -0.72
18101918 23 -0.91
19101918 23 -0.97
20101918 23 -0.98
21101918 23 -0.97
22101918 23 -0.97
23101918 23 -0.97
24101918 23 -0.97
25101918 23 -0.95
26101918 23 -0.94
27101918 23 -0.96
28101918 23 -0.97
29101918 23 -0.96
30101918 23 -0.94
31101918 23 -0.93
01111918 23 -0.92
02111918 23 -0.93
03111918 23 -0.93
04111918 23 -0.94
05111918 23 -0.94
06111918 23 -0.94
07111918 23 -0.94
08111918 23 -0.94
09111918 23 -0.94
10111918 23 -0.94
11111918 23 -0.94
12111918 23 -0.94
13111918 23 -0.94
14111918 23 -0.95
15111918 23 -0.99
16111918 23 -1.03
17111918 23 -1.06
18111918 23 -1.07
19111918 23 -1.08
20111918 23 -1.10
21111918 23 -1.10
22111918 23 -1.10
23111918 23 -1.10
24111918 23 -1.10
25111918 23 -1.10
26111918 23 -1.10
27111918 23 -1.10
28111918 23 -1.10
29111918 23 -1.10
30111918 23 -1.11
01121918 23 -1.11
02121918 23 -1.11
03121918 23 -1.11
04121918 23 -1.10
05121918 23 -1.09
06121918 23 -1.08
07121918 23 -1.09
08121918 23 -1.08
09121918 23 -1.08
10121918 23 -1.08
11121918 23 -1.08
12121918 23 -1.09
13121918 23 -1.09
14121918 23 -1.09
15121918 23 -1.09
16121918 23 -1.09
17121918 23 -1.09
18121918 23 -1.08
19121918 23 -1.04
20121918 23 -1.01
21121918 23 -1.00
22121918 23 -1.09
23121918 23 -1.10
24121918 23 -1.04
25121918 23 -1.01
26121918 23 -0.98
27121918 23 -0.96
28121918 23 -0.96
29121918 23 -0.94
30121918 23 -0.92
31121918 23 -0.90
