01011982 23 -0.91
02011982 23 -0.91
03011982 23 -0.90
04011982 23 -0.90
05011982 23 -0.90
06011982 23 -0.91
07011982 23 -0.91
08011982 23 -0.91
09011982 23 -0.91
10011982 23 -0.90
11011982 23 -0.89
12011982 23 -0.87
13011982 23 -0.86
14011982 23 -0.85
15011982 23 -0.83
16011982 23 -0.86
17011982 23 -0.89
18011982 23 -0.89
19011982 23 -0.88
20011982 23 -0.90
21011982 23 -0.90
22011982 23 -0.89
23011982 23 -0.88
24011982 23 -0.87
25011982 23 -0.85
26011982 23 -0.84
27011982 23 -0.82
28011982 23 -0.80
29011982 23 -0.78
30011982 23 -0.76
31011982 23 -0.75
01021982 23 -0.80
02021982 23 -0.85
03021982 23 -0.88
04021982 23 -0.88
05021982 23 -0.87
06021982 23 -0.86
07021982 23 -0.84
08021982 23 -0.83
09021982 23 -0.81
10021982 23 -0.79
11021982 23 -0.83
12021982 23 -0.87
13021982 23 -0.90
14021982 23 -0.90
15021982 23 -0.88
16021982 23 -0.87
17021982 23 -0.85
18021982 23 -0.84
19021982 23 -0.82
20021982 23 -0.80
21021982 23 -0.78
22021982 23 -0.75
23021982 23 -0.73
24021982 23 -0.78
25021982 23 -0.78
26021982 23 -0.78
27021982 23 -0.82
28021982 23 -0.86
01031982 23 -0.87
02031982 23 -0.89
03031982 23 -0.90
04031982 23 -0.88
05031982 23 -0.86
06031982 23 -0.86
07031982 23 -0.89
08031982 23 -0.89
09031982 23 -0.87
10031982 23 -0.85
11031982 23 -0.84
12031982 23 -0.87
13031982 23 -0.89
14031982 23 -0.88
15031982 23 -0.89
16031982 23 -0.90
17031982 23 -0.88
18031982 23 -0.88
19031982 23 -0.90
20031982 23 -0.89
21031982 23 -0.88
22031982 23 -0.90
23031982 23 -0.89
24031982 23 -0.90
25031982 23 -0.89
26031982 23 -0.88
27031982 23 -0.90
28031982 23 -0.89
29031982 23 -0.87
30031982 23 -0.86
31031982 23 -0.89
01041982 23 -0.90
02041982 23 -0.88
03041982 23 -0.88
04041982 23 -0.90
05041982 23 -0.90
06041982 23 -0.88
07041982 23 -0.87
08041982 23 -0.85
09041982 23 -0.83
10041982 23 -0.80
11041982 23 -0.79
12041982 23 -0.83
13041982 23 -0.86
14041982 23 -0.86
15041982 23 -0.85
16041982 23 -0.82
17041982 23 -0.80
18041982 23 -0.83
19041982 23 -0.84
20041982 23 -0.83
21041982 23 -0.80
22041982 23 -0.79
23041982 23 -0.82
24041982 23 -0.83
25041982 23 -0.81
26041982 23 -0.79
27041982 23 -0.78
28041982 23 -0.83
29041982 23 -0.84
30041982 23 -0.83
01051982 23 -0.86
02051982 23 -0.87
03051982 23 -0.85
04051982 23 -0.84
05051982 23 -0.87
06051982 23 -0.88
07051982 23 -0.86
08051982 23 -0.85
09051982 23 -0.88
10051982 23 -0.88
11051982 23 -0.88
12051982 23 -0.89
13051982 23 -0.89
14051982 23 -0.89
15051982 23 -0.87
16051982 23 -0.89
17051982 23 -0.90
18051982 23 -0.89
19051982 23 -0.85
20051982 23 -0.81
21051982 23 -0.81
22051982 23 -0.86
23051982 23 -0.88
24051982 23 -0.86
25051982 23 -0.84
26051982 23 -0.81
27051982 23 -0.78
28051982 23 -0.75
29051982 23 -0.71
30051982 23 -0.67
31051982 23 -0.63
01061982 23 -0.60
02061982 23 -0.72
03061982 23 -0.79
04061982 23 -0.78
05061982 23 -0.75
06061982 23 -0.72
07061982 23 -0.69
08061982 23 -0.65
09061982 23 -0.62
10061982 23 -0.59
11061982 23 -0.59
12061982 23 -0.78
13061982 23 -0.86
14061982 23 -0.88
15061982 23 -0.87
16061982 23 -0.84
17061982 23 -0.80
18061982 23 -0.76
19061982 23 -0.72
20061982 23 -0.71
21061982 23 -0.79
22061982 23 -0.82
23061982 23 -0.83
24061982 23 -0.83
25061982 23 -0.81
26061982 23 -0.78
27061982 23 -0.78
28061982 23 -0.83
29061982 23 -0.86
30061982 23 -0.87
01071982 23 -0.84
02071982 23 -0.80
03071982 23 -0.76
04071982 23 -0.70
05071982 23 -0.65
06071982 23 -0.60
07071982 23 -0.55
08071982 23 -0.51
09071982 23 -0.47
10071982 23 -0.48
11071982 23 -0.71
12071982 23 -0.73
13071982 23 -0.65
14071982 23 -0.60
15071982 23 -0.55
16071982 23 -0.51
17071982 23 -0.68
18071982 23 -0.74
19071982 23 -0.69
20071982 23 -0.64
21071982 23 -0.60
22071982 23 -0.56
23071982 23 -0.52
24071982 23 -0.49
25071982 23 -0.45
26071982 23 -0.41
27071982 23 -0.37
28071982 23 -0.32
29071982 23 -0.27
30071982 23 -0.19
31071982 23 -0.11
01081982 23 -0.21
02081982 23 -0.73
03081982 23 -0.81
04081982 23 -0.84
05081982 23 -0.85
06081982 23 -0.84
07081982 23 -0.83
08081982 23 -0.81
09081982 23 -0.79
10081982 23 -0.75
11081982 23 -0.71
12081982 23 -0.74
13081982 23 -0.87
14081982 23 -0.92
15081982 23 -0.90
16081982 23 -0.88
17081982 23 -0.86
18081982 23 -0.83
19081982 23 -0.81
20081982 23 -0.81
21081982 23 -0.78
22081982 23 -0.77
23081982 23 -0.72
24081982 23 -0.67
25081982 23 -0.62
26081982 23 -0.57
27081982 23 -0.53
28081982 23 -0.49
29081982 23 -0.46
30081982 23 -0.73
31081982 23 -0.85
01091982 23 -0.88
02091982 23 -0.88
03091982 23 -0.89
04091982 23 -0.87
05091982 23 -0.85
06091982 23 -0.91
07091982 23 -0.93
08091982 23 -0.91
09091982 23 -0.89
10091982 23 -0.88
11091982 23 -0.87
12091982 23 -0.85
13091982 23 -0.84
14091982 23 -0.83
15091982 23 -0.79
16091982 23 -0.77
17091982 23 -0.87
18091982 23 -0.92
19091982 23 -0.92
20091982 23 -0.89
21091982 23 -0.88
22091982 23 -0.86
23091982 23 -0.86
24091982 23 -0.84
25091982 23 -0.81
26091982 23 -0.77
27091982 23 -0.72
28091982 23 -0.67
29091982 23 -0.63
30091982 23 -0.61
01101982 23 -0.66
02101982 23 -0.81
03101982 23 -0.78
04101982 23 -0.73
05101982 23 -0.67
06101982 23 -0.62
07101982 23 -0.57
08101982 23 -0.53
09101982 23 -0.49
10101982 23 -0.83
11101982 23 -0.95
12101982 23 -0.88
13101982 23 -0.86
14101982 23 -0.83
15101982 23 -0.80
16101982 23 -0.76
17101982 23 -0.72
18101982 23 -0.91
19101982 23 -0.97
20101982 23 -0.98
21101982 23 -0.97
22101982 23 -0.97
23101982 23 -0.97
24101982 23 -0.97
25101982 23 -0.95
26101982 23 -0.94
27101982 23 -0.96
28101982 23 -0.97
29101982 23 -0.96
30101982 23 -0.94
31101982 23 -0.93
01111982 23 -0.92
02111982 23 -0.93
03111982 23 -0.93
04111982 23 -0.94
05111982 23 -0.94
06111982 23 -0.94
07111982 23 -0.94
08111982 23 -0.94
09111982 23 -0.94
10111982 23 -0.94
11111982 23 -0.94
12111982 23 -0.94
13111982 23 -0.94
14111982 23 -0.95
15111982 23 -0.99
16111982 23 -1.03
17111982 23 -1.06
18111982 23 -1.07
19111982 23 -1.08
20111982 23 -1.10
21111982 23 -1.10
22111982 23 -1.10
23111982 23 -1.10
24111982 23 -1.10
25111982 23 -1.10
26111982 23 -1.10
27111982 23 -1.10
28111982 23 -1.10
29111982 23 -1.10
30111982 23 -1.11
01121982 23 -1.11
02121982 23 -1.11
03121982 23 -1.11
04121982 23 -1.10
05121982 23 -1.09
06121982 23 -1.08
07121982 23 -1.09
08121982 23 -1.08
09121982 23 -1.08
10121982 23 -1.08
11121982 23 -1.08
12121982 23 -1.09
13121982 23 -1.09
14121982 23 -1.09
15121982 23 -1.09
16121982 23 -1.09
17121982 23 -1.09
18121982 23 -1.08
19121982 23 -1.04
20121982 23 -1.01
21121982 23 -1.00
22121982 23 -1.09
23121982 23 -1.10
24121982 23 -1.04
25121982 23 -1.01
26121982 23 -0.98
27121982 23 -0.96
28121982 23 -0.96
29121982 23 -0.94
30121982 23 -0.92
31121982 23 -0.90
