01011999 23 -0.91
02011999 23 -0.91
03011999 23 -0.90
04011999 23 -0.90
05011999 23 -0.90
06011999 23 -0.91
07011999 23 -0.91
08011999 23 -0.91
09011999 23 -0.91
10011999 23 -0.90
11011999 23 -0.89
12011999 23 -0.87
13011999 23 -0.86
14011999 23 -0.85
15011999 23 -0.83
16011999 23 -0.86
17011999 23 -0.89
18011999 23 -0.89
19011999 23 -0.88
20011999 23 -0.90
21011999 23 -0.90
22011999 23 -0.89
23011999 23 -0.88
24011999 23 -0.87
25011999 23 -0.85
26011999 23 -0.84
27011999 23 -0.82
28011999 23 -0.80
29011999 23 -0.78
30011999 23 -0.76
31011999 23 -0.75
01021999 23 -0.80
02021999 23 -0.85
03021999 23 -0.88
04021999 23 -0.88
05021999 23 -0.87
06021999 23 -0.86
07021999 23 -0.84
08021999 23 -0.83
09021999 23 -0.81
10021999 23 -0.79
11021999 23 -0.83
12021999 23 -0.87
13021999 23 -0.90
14021999 23 -0.90
15021999 23 -0.88
16021999 23 -0.87
17021999 23 -0.85
18021999 23 -0.84
19021999 23 -0.82
20021999 23 -0.80
21021999 23 -0.78
22021999 23 -0.75
23021999 23 -0.73
24021999 23 -0.78
25021999 23 -0.78
26021999 23 -0.78
27021999 23 -0.82
28021999 23 -0.86
01031999 23 -0.87
02031999 23 -0.89
03031999 23 -0.90
04031999 23 -0.88
05031999 23 -0.86
06031999 23 -0.86
07031999 23 -0.89
08031999 23 -0.89
09031999 23 -0.87
10031999 23 -0.85
11031999 23 -0.84
12031999 23 -0.87
13031999 23 -0.89
14031999 23 -0.88
15031999 23 -0.89
16031999 23 -0.90
17031999 23 -0.88
18031999 23 -0.88
19031999 23 -0.90
20031999 23 -0.89
21031999 23 -0.88
22031999 23 -0.90
23031999 23 -0.89
24031999 23 -0.90
25031999 23 -0.89
26031999 23 -0.88
27031999 23 -0.90
28031999 23 -0.89
29031999 23 -0.87
30031999 23 -0.86
31031999 23 -0.89
01041999 23 -0.90
02041999 23 -0.88
03041999 23 -0.88
04041999 23 -0.90
05041999 23 -0.90
06041999 23 -0.88
07041999 23 -0.87
08041999 23 -0.85
09041999 23 -0.83
10041999 23 -0.80
11041999 23 -0.79
12041999 23 -0.83
13041999 23 -0.86
14041999 23 -0.86
15041999 23 -0.85
16041999 23 -0.82
17041999 23 -0.80
18041999 23 -0.83
19041999 23 -0.84
20041999 23 -0.83
21041999 23 -0.80
22041999 23 -0.79
23041999 23 -0.82
24041999 23 -0.83
25041999 23 -0.81
26041999 23 -0.79
27041999 23 -0.78
28041999 23 -0.83
29041999 23 -0.84
30041999 23 -0.83
01051999 23 -0.86
02051999 23 -0.87
03051999 23 -0.85
04051999 23 -0.84
05051999 23 -0.87
06051999 23 -0.88
07051999 23 -0.86
08051999 23 -0.85
09051999 23 -0.88
10051999 23 -0.88
11051999 23 -0.88
12051999 23 -0.89
13051999 23 -0.89
14051999 23 -0.89
15051999 23 -0.87
16051999 23 -0.89
17051999 23 -0.90
18051999 23 -0.89
19051999 23 -0.85
20051999 23 -0.81
21051999 23 -0.81
22051999 23 -0.86
23051999 23 -0.88
24051999 23 -0.86
25051999 23 -0.84
26051999 23 -0.81
27051999 23 -0.78
28051999 23 -0.75
29051999 23 -0.71
30051999 23 -0.67
31051999 23 -0.63
01061999 23 -0.60
02061999 23 -0.72
03061999 23 -0.79
04061999 23 -0.78
05061999 23 -0.75
06061999 23 -0.72
07061999 23 -0.69
08061999 23 -0.65
09061999 23 -0.62
10061999 23 -0.59
11061999 23 -0.59
12061999 23 -0.78
13061999 23 -0.86
14061999 23 -0.88
15061999 23 -0.87
16061999 23 -0.84
17061999 23 -0.80
18061999 23 -0.76
19061999 23 -0.72
20061999 23 -0.71
21061999 23 -0.79
22061999 23 -0.82
23061999 23 -0.83
24061999 23 -0.83
25061999 23 -0.81
26061999 23 -0.78
27061999 23 -0.78
28061999 23 -0.83
29061999 23 -0.86
30061999 23 -0.87
01071999 23 -0.84
02071999 23 -0.80
03071999 23 -0.76
04071999 23 -0.70
05071999 23 -0.65
06071999 23 -0.60
07071999 23 -0.55
08071999 23 -0.51
09071999 23 -0.47
10071999 23 -0.48
11071999 23 -0.71
12071999 23 -0.73
13071999 23 -0.65
14071999 23 -0.60
15071999 23 -0.55
16071999 23 -0.51
17071999 23 -0.68
18071999 23 -0.74
19071999 23 -0.69
20071999 23 -0.64
21071999 23 -0.60
22071999 23 -0.56
23071999 23 -0.52
24071999 23 -0.49
25071999 23 -0.45
26071999 23 -0.41
27071999 23 -0.37
28071999 23 -0.32
29071999 23 -0.27
30071999 23 -0.19
31071999 23 -0.11
01081999 23 -0.21
02081999 23 -0.73
03081999 23 -0.81
04081999 23 -0.84
05081999 23 -0.85
06081999 23 -0.84
07081999 23 -0.83
08081999 23 -0.81
09081999 23 -0.79
10081999 23 -0.75
11081999 23 -0.71
12081999 23 -0.74
13081999 23 -0.87
14081999 23 -0.92
15081999 23 -0.90
16081999 23 -0.88
17081999 23 -0.86
18081999 23 -0.83
19081999 23 -0.81
20081999 23 -0.81
21081999 23 -0.78
22081999 23 -0.77
23081999 23 -0.72
24081999 23 -0.67
25081999 23 -0.62
26081999 23 -0.57
27081999 23 -0.53
28081999 23 -0.49
29081999 23 -0.46
30081999 23 -0.73
31081999 23 -0.85
01091999 23 -0.88
02091999 23 -0.88
03091999 23 -0.89
04091999 23 -0.87
05091999 23 -0.85
06091999 23 -0.91
07091999 23 -0.93
08091999 23 -0.91
09091999 23 -0.89
10091999 23 -0.88
11091999 23 -0.87
12091999 23 -0.85
13091999 23 -0.84
14091999 23 -0.83
15091999 23 -0.79
16091999 23 -0.77
17091999 23 -0.87
18091999 23 -0.92
19091999 23 -0.92
20091999 23 -0.89
21091999 23 -0.88
22091999 23 -0.86
23091999 23 -0.86
24091999 23 -0.84
25091999 23 -0.81
26091999 23 -0.77
27091999 23 -0.72
28091999 23 -0.67
29091999 23 -0.63
30091999 23 -0.61
01101999 23 -0.66
02101999 23 -0.81
03101999 23 -0.78
04101999 23 -0.73
05101999 23 -0.67
06101999 23 -0.62
07101999 23 -0.57
08101999 23 -0.53
09101999 23 -0.49
10101999 23 -0.83
11101999 23 -0.95
12101999 23 -0.88
13101999 23 -0.86
14101999 23 -0.83
15101999 23 -0.80
16101999 23 -0.76
17101999 23 -0.72
18101999 23 -0.91
19101999 23 -0.97
20101999 23 -0.98
21101999 23 -0.97
22101999 23 -0.97
23101999 23 -0.97
24101999 23 -0.97
25101999 23 -0.95
26101999 23 -0.94
27101999 23 -0.96
28101999 23 -0.97
29101999 23 -0.96
30101999 23 -0.94
31101999 23 -0.93
01111999 23 -0.92
02111999 23 -0.93
03111999 23 -0.93
04111999 23 -0.94
05111999 23 -0.94
06111999 23 -0.94
07111999 23 -0.94
08111999 23 -0.94
09111999 23 -0.94
10111999 23 -0.94
11111999 23 -0.94
12111999 23 -0.94
13111999 23 -0.94
14111999 23 -0.95
15111999 23 -0.99
16111999 23 -1.03
17111999 23 -1.06
18111999 23 -1.07
19111999 23 -1.08
20111999 23 -1.10
21111999 23 -1.10
22111999 23 -1.10
23111999 23 -1.10
24111999 23 -1.10
25111999 23 -1.10
26111999 23 -1.10
27111999 23 -1.10
28111999 23 -1.10
29111999 23 -1.10
30111999 23 -1.11
01121999 23 -1.11
02121999 23 -1.11
03121999 23 -1.11
04121999 23 -1.10
05121999 23 -1.09
06121999 23 -1.08
07121999 23 -1.09
08121999 23 -1.08
09121999 23 -1.08
10121999 23 -1.08
11121999 23 -1.08
12121999 23 -1.09
13121999 23 -1.09
14121999 23 -1.09
15121999 23 -1.09
16121999 23 -1.09
17121999 23 -1.09
18121999 23 -1.08
19121999 23 -1.04
20121999 23 -1.01
21121999 23 -1.00
22121999 23 -1.09
23121999 23 -1.10
24121999 23 -1.04
25121999 23 -1.01
26121999 23 -0.98
27121999 23 -0.96
28121999 23 -0.96
29121999 23 -0.94
30121999 23 -0.92
31121999 23 -0.90
