01012017 23 -0.97
02012017 23 -0.96
03012017 23 -0.95
04012017 23 -0.96
05012017 23 -0.96
06012017 23 -0.95
07012017 23 -0.96
08012017 23 -0.97
09012017 23 -0.98
10012017 23 -1.01
11012017 23 -1.06
12012017 23 -1.10
13012017 23 -1.12
14012017 23 -1.14
15012017 23 -1.15
16012017 23 -1.16
17012017 23 -1.16
18012017 23 -1.17
19012017 23 -1.19
20012017 23 -1.20
21012017 23 -1.21
22012017 23 -1.22
23012017 23 -1.23
24012017 23 -1.23
25012017 23 -1.23
26012017 23 -1.22
27012017 23 -1.22
28012017 23 -1.21
29012017 23 -1.21
30012017 23 -1.20
31012017 23 -1.20
01022017 23 -1.19
02022017 23 -1.18
03022017 23 -1.18
04022017 23 -1.18
05022017 23 -1.17
06022017 23 -1.17
07022017 23 -1.21
08022017 23 -1.22
09022017 23 -1.23
10022017 23 -1.23
11022017 23 -1.23
12022017 23 -1.23
13022017 23 -1.23
14022017 23 -1.23
15022017 23 -1.22
16022017 23 -1.22
17022017 23 -1.22
18022017 23 -1.22
19022017 23 -1.22
20022017 23 -1.24
21022017 23 -1.27
22022017 23 -1.28
23022017 23 -1.29
24022017 23 -1.29
25022017 23 -1.29
26022017 23 -1.29
27022017 23 -1.28
28022017 23 -1.27
01032017 23 -1.26
02032017 23 -1.26
03032017 23 -1.25
04032017 23 -1.24
05032017 23 -1.24
06032017 23 -1.23
07032017 23 -1.22
08032017 23 -1.21
09032017 23 -1.20
10032017 23 -1.19
11032017 23 -1.18
12032017 23 -1.16
13032017 23 -1.15
14032017 23 -1.14
15032017 23 -1.13
16032017 23 -1.12
17032017 23 -1.10
18032017 23 -1.09
19032017 23 -1.08
20032017 23 -1.07
21032017 23 -1.07
22032017 23 -1.08
23032017 23 -1.07
24032017 23 -1.06
25032017 23 -1.06
26032017 23 -1.05
27032017 23 -1.04
28032017 23 -1.03
29032017 23 -1.02
30032017 23 -1.01
31032017 23 -1.00
01042017 23 -0.98
02042017 23 -0.97
03042017 23 -0.96
04042017 23 -0.95
05042017 23 -0.94
06042017 23 -0.94
07042017 23 -0.94
08042017 23 -0.94
09042017 23 -0.93
10042017 23 -0.92
11042017 23 -0.91
12042017 23 -0.90
13042017 23 -0.90
14042017 23 -0.89
15042017 23 -0.88
16042017 23 -0.88
17042017 23 -0.88
18042017 23 -0.87
19042017 23 -0.87
20042017 23 -0.86
21042017 23 -0.86
22042017 23 -0.86
23042017 23 -0.90
24042017 23 -0.92
25042017 23 -0.93
26042017 23 -0.93
27042017 23 -0.93
28042017 23 -0.93
29042017 23 -0.93
30042017 23 -0.93
01052017 23 -0.93
02052017 23 -0.93
03052017 23 -0.93
04052017 23 -0.93
05052017 23 -0.93
06052017 23 -0.93
07052017 23 -0.93
08052017 23 -0.93
09052017 23 -0.94
10052017 23 -0.94
11052017 23 -0.95
12052017 23 -0.97
13052017 23 -0.98
14052017 23 -1.00
15052017 23 -1.01
16052017 23 -1.02
17052017 23 -1.03
18052017 23 -1.04
19052017 23 -1.04
20052017 23 -1.04
21052017 23 -1.05
22052017 23 -1.06
23052017 23 -1.08
24052017 23 -1.09
25052017 23 -1.09
26052017 23 -1.09
27052017 23 -1.09
28052017 23 -1.09
29052017 23 -1.08
30052017 23 -1.08
31052017 23 -1.07
01062017 23 -1.07
02062017 23 -1.06
03062017 23 -1.05
04062017 23 -1.03
05062017 23 -1.01
06062017 23 -1.00
07062017 23 -0.99
08062017 23 -0.97
09062017 23 -0.98
10062017 23 -0.96
11062017 23 -0.94
12062017 23 -0.92
13062017 23 -0.91
14062017 23 -0.90
15062017 23 -0.91
16062017 23 -0.95
17062017 23 -0.95
18062017 23 -0.95
19062017 23 -0.94
20062017 23 -0.91
21062017 23 -0.89
22062017 23 -0.89
23062017 23 -0.92
24062017 23 -0.93
25062017 23 -0.92
26062017 23 -0.92
27062017 23 -0.91
28062017 23 -0.91
29062017 23 -0.91
30062017 23 -0.91
01072017 23 -0.91
02072017 23 -0.91
03072017 23 -0.91
04072017 23 -0.91
05072017 23 -0.91
06072017 23 -0.91
07072017 23 -0.91
08072017 23 -0.90
09072017 23 -0.90
10072017 23 -0.91
11072017 23 -0.90
12072017 23 -0.90
13072017 23 -0.90
14072017 23 -0.90
15072017 23 -0.90
16072017 23 -0.90
17072017 23 -0.90
18072017 23 -0.89
19072017 23 -0.88
20072017 23 -0.88
21072017 23 -0.88
22072017 23 -0.89
23072017 23 -0.89
24072017 23 -0.89
25072017 23 -0.89
26072017 23 -0.89
27072017 23 -0.89
28072017 23 -0.89
29072017 23 -0.91
30072017 23 -0.92
31072017 23 -0.92
01082017 23 -0.93
02082017 23 -0.93
03082017 23 -0.93
04082017 23 -0.93
05082017 23 -0.93
06082017 23 -0.93
07082017 23 -0.93
08082017 23 -0.93
09082017 23 -0.93
10082017 23 -0.93
11082017 23 -0.93
12082017 23 -0.92
13082017 23 -0.92
14082017 23 -0.91
15082017 23 -0.90
16082017 23 -0.91
17082017 23 -0.92
18082017 23 -0.92
19082017 23 -0.92
20082017 23 -0.93
21082017 23 -0.94
22082017 23 -0.94
23082017 23 -0.94
24082017 23 -0.93
25082017 23 -0.93
26082017 23 -0.93
27082017 23 -0.93
28082017 23 -0.93
29082017 23 -0.92
30082017 23 -0.92
31082017 23 -0.93
01092017 23 -0.94
02092017 23 -0.93
03092017 23 -0.91
04092017 23 -0.90
05092017 23 -0.88
06092017 23 -0.87
07092017 23 -0.86
08092017 23 -0.85
09092017 23 -0.83
10092017 23 -0.82
11092017 23 -0.80
12092017 23 -0.79
13092017 23 -0.77
14092017 23 -0.76
15092017 23 -0.75
16092017 23 -0.73
17092017 23 -0.72
18092017 23 -0.72
19092017 23 -0.77
20092017 23 -0.86
21092017 23 -0.91
22092017 23 -0.92
23092017 23 -0.92
24092017 23 -0.92
25092017 23 -0.92
26092017 23 -0.92
27092017 23 -0.92
28092017 23 -0.93
29092017 23 -0.93
30092017 23 -0.93
01102017 23 -0.91
02102017 23 -0.88
03102017 23 -0.86
04102017 23 -0.84
05102017 23 -0.82
06102017 23 -0.80
07102017 23 -0.78
08102017 23 -0.76
09102017 23 -0.73
10102017 23 -0.71
11102017 23 -0.70
12102017 23 -0.68
13102017 23 -0.66
14102017 23 -0.65
15102017 23 -0.64
16102017 23 -0.63
17102017 23 -0.62
18102017 23 -0.62
19102017 23 -0.91
20102017 23 -0.99
21102017 23 -1.00
22102017 23 -1.00
23102017 23 -1.01
24102017 23 -0.98
25102017 23 -0.92
26102017 23 -0.89
27102017 23 -0.88
28102017 23 -0.87
29102017 23 -0.98
30102017 23 -1.01
31102017 23 -0.97
01112017 23 -0.95
02112017 23 -0.94
03112017 23 -0.93
04112017 23 -0.93
05112017 23 -0.92
06112017 23 -0.91
07112017 23 -0.90
08112017 23 -0.89
09112017 23 -0.88
10112017 23 -0.87
11112017 23 -0.86
12112017 23 -0.85
13112017 23 -0.84
14112017 23 -0.83
15112017 23 -0.82
16112017 23 -0.86
17112017 23 -0.86
18112017 23 -0.85
19112017 23 -0.84
20112017 23 -0.83
21112017 23 -0.82
22112017 23 -0.82
23112017 23 -0.81
24112017 23 -0.80
25112017 23 -0.79
26112017 23 -0.79
27112017 23 -0.78
28112017 23 -0.77
29112017 23 -0.90
30112017 23 -0.99
01122017 23 -1.00
02122017 23 -1.00
03122017 23 -1.00
04122017 23 -1.00
05122017 23 -1.00
06122017 23 -1.00
07122017 23 -0.99
08122017 23 -0.95
09122017 23 -0.94
10122017 23 -0.93
11122017 23 -0.93
12122017 23 -0.92
13122017 23 -0.91
14122017 23 -0.91
15122017 23 -0.90
16122017 23 -0.89
17122017 23 -0.88
18122017 23 -0.88
19122017 23 -0.87
20122017 23 -0.86
21122017 23 -0.85
22122017 23 -0.84
23122017 23 -0.84
24122017 23 -0.83
25122017 23 -0.85
26122017 23 -0.92
27122017 23 -0.96
28122017 23 -0.97
29122017 23 -0.99
30122017 23 -1.01
31122017 23 -1.01
