01012018 23 -1.00
02012018 23 -0.96
03012018 23 -0.94
04012018 23 -0.94
05012018 23 -0.94
06012018 23 -0.93
07012018 23 -0.93
08012018 23 -0.95
09012018 23 -0.96
10012018 23 -0.95
11012018 23 -0.94
12012018 23 -0.93
13012018 23 -0.93
14012018 23 -0.92
15012018 23 -0.92
16012018 23 -0.92
17012018 23 -0.91
18012018 23 -0.91
19012018 23 -0.91
20012018 23 -0.90
21012018 23 -0.90
22012018 23 -0.90
23012018 23 -0.89
24012018 23 -0.89
25012018 23 -0.89
26012018 23 -0.88
27012018 23 -0.88
28012018 23 -0.87
29012018 23 -0.87
30012018 23 -0.86
31012018 23 -0.86
01022018 23 -0.85
02022018 23 -0.85
03022018 23 -0.84
04022018 23 -0.84
05022018 23 -0.83
06022018 23 -0.83
07022018 23 -0.82
08022018 23 -0.81
09022018 23 -0.81
10022018 23 -0.80
11022018 23 -0.80
12022018 23 -0.79
13022018 23 -0.78
14022018 23 -0.81
15022018 23 -0.96
16022018 23 -0.98
17022018 23 -0.98
18022018 23 -0.98
19022018 23 -0.98
20022018 23 -0.98
21022018 23 -0.98
22022018 23 -0.99
23022018 23 -0.98
24022018 23 -0.98
25022018 23 -0.99
26022018 23 -0.99
27022018 23 -0.99
28022018 23 -0.98
01032018 23 -0.96
02032018 23 -0.95
03032018 23 -0.94
04032018 23 -0.93
05032018 23 -0.92
06032018 23 -0.92
07032018 23 -0.91
08032018 23 -0.89
09032018 23 -0.88
10032018 23 -0.87
11032018 23 -0.86
12032018 23 -0.85
13032018 23 -0.84
14032018 23 -0.84
15032018 23 -0.83
16032018 23 -0.83
17032018 23 -0.82
18032018 23 -0.80
19032018 23 -0.79
20032018 23 -0.78
21032018 23 -0.79
22032018 23 -0.79
23032018 23 -0.77
24032018 23 -0.76
25032018 23 -0.75
26032018 23 -0.74
27032018 23 -0.73
28032018 23 -0.72
29032018 23 -0.71
30032018 23 -0.70
31032018 23 -0.69
01042018 23 -0.68
02042018 23 -0.68
03042018 23 -0.67
04042018 23 -0.66
05042018 23 -0.65
06042018 23 -0.68
07042018 23 -0.74
08042018 23 -0.73
09042018 23 -0.72
10042018 23 -0.70
11042018 23 -0.69
12042018 23 -0.69
13042018 23 -0.74
14042018 23 -0.86
15042018 23 -0.91
16042018 23 -0.92
17042018 23 -0.93
18042018 23 -0.93
19042018 23 -0.93
20042018 23 -0.93
21042018 23 -0.92
22042018 23 -0.91
23042018 23 -0.89
24042018 23 -0.88
25042018 23 -0.87
26042018 23 -0.85
27042018 23 -0.83
28042018 23 -0.82
29042018 23 -0.80
30042018 23 -0.79
01052018 23 -0.77
02052018 23 -0.76
03052018 23 -0.74
04052018 23 -0.72
05052018 23 -0.71
06052018 23 -0.70
07052018 23 -0.69
08052018 23 -0.67
09052018 23 -0.66
10052018 23 -0.65
11052018 23 -0.64
12052018 23 -0.63
13052018 23 -0.63
14052018 23 -0.63
15052018 23 -0.64
16052018 23 -0.65
17052018 23 -0.65
18052018 23 -0.66
19052018 23 -0.66
20052018 23 -0.66
21052018 23 -0.66
22052018 23 -0.67
23052018 23 -0.67
24052018 23 -0.68
25052018 23 -0.69
26052018 23 -0.71
27052018 23 -0.76
28052018 23 -0.82
29052018 23 -0.88
30052018 23 -0.90
31052018 23 -0.92
01062018 23 -0.93
02062018 23 -0.94
03062018 23 -0.93
04062018 23 -0.91
05062018 23 -0.90
06062018 23 -0.88
07062018 23 -0.85
08062018 23 -0.83
09062018 23 -0.80
10062018 23 -0.77
11062018 23 -0.74
12062018 23 -0.71
13062018 23 -0.69
14062018 23 -0.66
15062018 23 -0.64
16062018 23 -0.62
17062018 23 -0.94
18062018 23 -1.02
19062018 23 -1.02
20062018 23 -1.02
21062018 23 -1.02
22062018 23 -1.02
23062018 23 -1.02
24062018 23 -1.02
25062018 23 -1.01
26062018 23 -0.96
27062018 23 -0.94
28062018 23 -0.93
29062018 23 -0.91
30062018 23 -0.90
01072018 23 -0.91
02072018 23 -0.92
03072018 23 -0.93
04072018 23 -0.93
05072018 23 -0.93
06072018 23 -0.93
07072018 23 -0.93
08072018 23 -0.93
09072018 23 -0.93
10072018 23 -0.93
11072018 23 -0.93
12072018 23 -0.93
13072018 23 -0.93
14072018 23 -0.92
15072018 23 -0.90
16072018 23 -0.88
17072018 23 -0.86
18072018 23 -0.83
19072018 23 -0.87
20072018 23 -0.92
21072018 23 -0.93
22072018 23 -0.93
23072018 23 -0.93
24072018 23 -0.93
25072018 23 -0.93
26072018 23 -0.93
27072018 23 -0.92
28072018 23 -0.90
29072018 23 -0.89
30072018 23 -0.88
31072018 23 -0.87
01082018 23 -0.85
02082018 23 -0.84
03082018 23 -0.81
04082018 23 -0.79
05082018 23 -0.76
06082018 23 -0.73
07082018 23 -0.70
08082018 23 -0.68
09082018 23 -0.70
10082018 23 -0.78
11082018 23 -0.79
12082018 23 -0.79
13082018 23 -0.81
14082018 23 -0.83
15082018 23 -0.85
16082018 23 -0.87
17082018 23 -0.88
18082018 23 -0.88
19082018 23 -0.89
20082018 23 -0.87
21082018 23 -0.86
22082018 23 -0.87
23082018 23 -0.87
24082018 23 -0.88
25082018 23 -0.88
26082018 23 -0.90
27082018 23 -0.90
28082018 23 -0.89
29082018 23 -0.86
30082018 23 -0.84
31082018 23 -0.85
01092018 23 -0.86
02092018 23 -0.87
03092018 23 -0.89
04092018 23 -0.91
05092018 23 -0.88
06092018 23 -0.86
07092018 23 -0.84
08092018 23 -0.83
09092018 23 -0.82
10092018 23 -0.82
11092018 23 -0.82
12092018 23 -0.82
13092018 23 -0.84
14092018 23 -0.85
15092018 23 -0.87
16092018 23 -0.91
17092018 23 -0.91
18092018 23 -0.91
19092018 23 -0.91
20092018 23 -0.92
21092018 23 -0.93
22092018 23 -0.93
23092018 23 -0.91
24092018 23 -0.91
25092018 23 -0.92
26092018 23 -0.92
27092018 23 -0.92
28092018 23 -0.91
29092018 23 -0.91
30092018 23 -0.90
01102018 23 -0.90
02102018 23 -0.90
03102018 23 -0.90
04102018 23 -0.90
05102018 23 -0.88
06102018 23 -0.87
07102018 23 -0.84
08102018 23 -0.81
09102018 23 -0.79
10102018 23 -0.77
11102018 23 -0.75
12102018 23 -0.75
13102018 23 -0.75
14102018 23 -0.73
15102018 23 -0.71
16102018 23 -0.69
17102018 23 -0.67
18102018 23 -0.66
19102018 23 -0.65
20102018 23 -0.64
21102018 23 -0.64
22102018 23 -0.64
23102018 23 -0.64
24102018 23 -0.63
25102018 23 -0.63
26102018 23 -0.63
27102018 23 -0.65
28102018 23 -0.74
29102018 23 -0.84
30102018 23 -0.87
31102018 23 -0.89
01112018 23 -0.90
02112018 23 -0.90
03112018 23 -0.90
04112018 23 -0.91
05112018 23 -0.91
06112018 23 -0.90
07112018 23 -0.89
08112018 23 -0.88
09112018 23 -0.88
10112018 23 -0.88
11112018 23 -0.89
12112018 23 -0.90
13112018 23 -0.90
14112018 23 -0.90
15112018 23 -0.90
16112018 23 -0.90
17112018 23 -0.90
18112018 23 -0.89
19112018 23 -0.88
20112018 23 -0.86
21112018 23 -0.85
22112018 23 -0.86
23112018 23 -0.86
24112018 23 -0.86
25112018 23 -0.84
26112018 23 -0.82
27112018 23 -0.80
28112018 23 -0.79
29112018 23 -0.80
30112018 23 -0.78
01122018 23 -0.78
02122018 23 -0.77
03122018 23 -0.75
04122018 23 -0.73
05122018 23 -0.73
06122018 23 -0.72
07122018 23 -0.70
08122018 23 -0.69
09122018 23 -0.68
10122018 23 -0.67
11122018 23 -0.66
12122018 23 -0.65
13122018 23 -0.64
14122018 23 -0.64
15122018 23 -0.63
16122018 23 -0.64
17122018 23 -0.70
18122018 23 -0.69
19122018 23 -0.68
20122018 23 -0.67
21122018 23 -0.67
22122018 23 -0.66
23122018 23 -0.66
24122018 23 -0.66
25122018 23 -0.69
26122018 23 -0.67
27122018 23 -0.66
28122018 23 -0.66
29122018 23 -0.65
30122018 23 -0.65
31122018 23 -0.64
