01011981 23 -0.41
02011981 23 -0.44
03011981 23 -0.48
04011981 23 -0.51
05011981 23 -0.54
06011981 23 -0.55
07011981 23 -0.56
08011981 23 -0.56
09011981 23 -0.55
10011981 23 -0.53
11011981 23 -0.50
12011981 23 -0.48
13011981 23 -0.46
14011981 23 -0.45
15011981 23 -0.46
16011981 23 -0.48
17011981 23 -0.50
18011981 23 -0.51
19011981 23 -0.52
20011981 23 -0.52
21011981 23 -0.52
22011981 23 -0.50
23011981 23 -0.49
24011981 23 -0.46
25011981 23 -0.44
26011981 23 -0.41
27011981 23 -0.39
28011981 23 -0.39
29011981 23 -0.40
30011981 23 -0.41
31011981 23 -0.44
01021981 23 -0.48
02021981 23 -0.51
03021981 23 -0.54
04021981 23 -0.56
05021981 23 -0.57
06021981 23 -0.57
07021981 23 -0.56
08021981 23 -0.54
09021981 23 -0.52
10021981 23 -0.49
11021981 23 -0.46
12021981 23 -0.45
13021981 23 -0.45
14021981 23 -0.45
15021981 23 -0.47
16021981 23 -0.48
17021981 23 -0.49
18021981 23 -0.50
19021981 23 -0.50
20021981 23 -0.50
21021981 23 -0.49
22021981 23 -0.47
23021981 23 -0.45
24021981 23 -0.43
25021981 23 -0.41
26021981 23 -0.40
27021981 23 -0.41
28021981 23 -0.42
01031981 23 -0.45
02031981 23 -0.48
03031981 23 -0.51
04031981 23 -0.54
05031981 23 -0.56
06031981 23 -0.58
07031981 23 -0.58
08031981 23 -0.57
09031981 23 -0.55
10031981 23 -0.53
11031981 23 -0.50
12031981 23 -0.47
13031981 23 -0.45
14031981 23 -0.43
15031981 23 -0.43
16031981 23 -0.44
17031981 23 -0.45
18031981 23 -0.47
19031981 23 -0.48
20031981 23 -0.49
21031981 23 -0.49
22031981 23 -0.49
23031981 23 -0.48
24031981 23 -0.47
25031981 23 -0.45
26031981 23 -0.44
27031981 23 -0.43
28031981 23 -0.43
29031981 23 -0.44
30031981 23 -0.45
31031981 23 -0.48
01041981 23 -0.51
02041981 23 -0.54
03041981 23 -0.56
04041981 23 -0.57
05041981 23 -0.58
06041981 23 -0.57
07041981 23 -0.56
08041981 23 -0.53
09041981 23 -0.50
10041981 23 -0.47
11041981 23 -0.44
12041981 23 -0.42
13041981 23 -0.41
14041981 23 -0.42
15041981 23 -0.43
16041981 23 -0.44
17041981 23 -0.46
18041981 23 -0.48
19041981 23 -0.49
20041981 23 -0.50
21041981 23 -0.50
22041981 23 -0.49
23041981 23 -0.48
24041981 23 -0.47
25041981 23 -0.45
26041981 23 -0.45
27041981 23 -0.45
28041981 23 -0.46
29041981 23 -0.48
30041981 23 -0.50
01051981 23 -0.53
02051981 23 -0.55
03051981 23 -0.56
04051981 23 -0.57
05051981 23 -0.57
06051981 23 -0.56
07051981 23 -0.54
08051981 23 -0.51
09051981 23 -0.47
10051981 23 -0.44
11051981 23 -0.41
12051981 23 -0.40
13051981 23 -0.40
14051981 23 -0.41
15051981 23 -0.43
16051981 23 -0.45
17051981 23 -0.47
18051981 23 -0.49
19051981 23 -0.50
20051981 23 -0.51
21051981 23 -0.51
22051981 23 -0.51
23051981 23 -0.50
24051981 23 -0.48
25051981 23 -0.47
26051981 23 -0.47
27051981 23 -0.47
28051981 23 -0.48
29051981 23 -0.49
30051981 23 -0.51
31051981 23 -0.53
01061981 23 -0.55
02061981 23 -0.56
03061981 23 -0.56
04061981 23 -0.56
05061981 23 -0.54
06061981 23 -0.51
07061981 23 -0.47
08061981 23 -0.44
09061981 23 -0.41
10061981 23 -0.39
11061981 23 -0.39
12061981 23 -0.40
13061981 23 -0.41
14061981 23 -0.44
15061981 23 -0.46
16061981 23 -0.49
17061981 23 -0.51
18061981 23 -0.53
19061981 23 -0.53
20061981 23 -0.53
21061981 23 -0.53
22061981 23 -0.51
23061981 23 -0.50
24061981 23 -0.48
25061981 23 -0.48
26061981 23 -0.47
27061981 23 -0.48
28061981 23 -0.49
29061981 23 -0.51
30061981 23 -0.52
01071981 23 -0.54
02071981 23 -0.55
03071981 23 -0.55
04071981 23 -0.53
05071981 23 -0.51
06071981 23 -0.47
07071981 23 -0.44
08071981 23 -0.41
09071981 23 -0.39
10071981 23 -0.39
11071981 23 -0.39
12071981 23 -0.41
13071981 23 -0.43
14071981 23 -0.45
15071981 23 -0.48
16071981 23 -0.51
17071981 23 -0.54
18071981 23 -0.55
19071981 23 -0.56
20071981 23 -0.55
21071981 23 -0.54
22071981 23 -0.52
23071981 23 -0.50
24071981 23 -0.48
25071981 23 -0.46
26071981 23 -0.46
27071981 23 -0.46
28071981 23 -0.48
29071981 23 -0.50
30071981 23 -0.52
31071981 23 -0.53
01081981 23 -0.53
02081981 23 -0.53
03081981 23 -0.51
04081981 23 -0.48
05081981 23 -0.45
06081981 23 -0.42
07081981 23 -0.40
08081981 23 -0.39
09081981 23 -0.39
10081981 23 -0.40
11081981 23 -0.42
12081981 23 -0.45
13081981 23 -0.49
14081981 23 -0.52
15081981 23 -0.55
16081981 23 -0.57
17081981 23 -0.58
18081981 23 -0.57
19081981 23 -0.56
20081981 23 -0.53
21081981 23 -0.51
22081981 23 -0.48
23081981 23 -0.45
24081981 23 -0.44
25081981 23 -0.44
26081981 23 -0.46
27081981 23 -0.48
28081981 23 -0.50
29081981 23 -0.51
30081981 23 -0.52
31081981 23 -0.52
01091981 23 -0.50
02091981 23 -0.48
03091981 23 -0.46
04091981 23 -0.43
05091981 23 -0.42
06091981 23 -0.40
07091981 23 -0.40
08091981 23 -0.41
09091981 23 -0.43
10091981 23 -0.45
11091981 23 -0.49
12091981 23 -0.53
13091981 23 -0.56
14091981 23 -0.58
15091981 23 -0.59
16091981 23 -0.59
17091981 23 -0.57
18091981 23 -0.54
19091981 23 -0.51
20091981 23 -0.47
21091981 23 -0.44
22091981 23 -0.43
23091981 23 -0.42
24091981 23 -0.43
25091981 23 -0.45
26091981 23 -0.47
27091981 23 -0.49
28091981 23 -0.50
29091981 23 -0.51
30091981 23 -0.50
01101981 23 -0.49
02101981 23 -0.47
03101981 23 -0.45
04101981 23 -0.44
05101981 23 -0.42
06101981 23 -0.42
07101981 23 -0.42
08101981 23 -0.43
09101981 23 -0.45
10101981 23 -0.49
11101981 23 -0.53
12101981 23 -0.56
13101981 23 -0.58
14101981 23 -0.59
15101981 23 -0.59
16101981 23 -0.57
17101981 23 -0.55
18101981 23 -0.51
19101981 23 -0.47
20101981 23 -0.44
21101981 23 -0.41
22101981 23 -0.41
23101981 23 -0.41
24101981 23 -0.43
25101981 23 -0.45
26101981 23 -0.47
27101981 23 -0.49
28101981 23 -0.50
29101981 23 -0.50
30101981 23 -0.50
31101981 23 -0.49
01111981 23 -0.48
02111981 23 -0.46
03111981 23 -0.45
04111981 23 -0.44
05111981 23 -0.43
06111981 23 -0.44
07111981 23 -0.46
08111981 23 -0.49
09111981 23 -0.52
10111981 23 -0.56
11111981 23 -0.58
12111981 23 -0.59
13111981 23 -0.59
14111981 23 -0.57
15111981 23 -0.54
16111981 23 -0.50
17111981 23 -0.47
18111981 23 -0.43
19111981 23 -0.41
20111981 23 -0.40
21111981 23 -0.40
22111981 23 -0.41
23111981 23 -0.43
24111981 23 -0.46
25111981 23 -0.48
26111981 23 -0.50
27111981 23 -0.51
28111981 23 -0.51
29111981 23 -0.51
30111981 23 -0.50
01121981 23 -0.49
02121981 23 -0.47
03121981 23 -0.46
04121981 23 -0.45
05121981 23 -0.45
06121981 23 -0.46
07121981 23 -0.48
08121981 23 -0.52
09121981 23 -0.55
10121981 23 -0.57
11121981 23 -0.58
12121981 23 -0.58
13121981 23 -0.56
14121981 23 -0.53
15121981 23 -0.50
16121981 23 -0.46
17121981 23 -0.43
18121981 23 -0.40
19121981 23 -0.39
20121981 23 -0.39
21121981 23 -0.40
22121981 23 -0.42
23121981 23 -0.44
24121981 23 -0.47
25121981 23 -0.50
26121981 23 -0.51
27121981 23 -0.52
28121981 23 -0.53
29121981 23 -0.52
30121981 23 -0.51
31121981 23 -0.49
