01011950 23 -0.48
02011950 23 -0.51
03011950 23 -0.54
04011950 23 -0.55
05011950 23 -0.56
06011950 23 -0.56
07011950 23 -0.55
08011950 23 -0.53
09011950 23 -0.50
10011950 23 -0.48
11011950 23 -0.46
12011950 23 -0.45
13011950 23 -0.46
14011950 23 -0.48
15011950 23 -0.50
16011950 23 -0.51
17011950 23 -0.52
18011950 23 -0.52
19011950 23 -0.52
20011950 23 -0.51
21011950 23 -0.49
22011950 23 -0.46
23011950 23 -0.44
24011950 23 -0.41
25011950 23 -0.39
26011950 23 -0.39
27011950 23 -0.39
28011950 23 -0.41
29011950 23 -0.44
30011950 23 -0.48
31011950 23 -0.51
01021950 23 -0.54
02021950 23 -0.56
03021950 23 -0.57
04021950 23 -0.57
05021950 23 -0.56
06021950 23 -0.54
07021950 23 -0.52
08021950 23 -0.49
09021950 23 -0.46
10021950 23 -0.45
11021950 23 -0.45
12021950 23 -0.46
13021950 23 -0.47
14021950 23 -0.48
15021950 23 -0.49
16021950 23 -0.50
17021950 23 -0.50
18021950 23 -0.50
19021950 23 -0.49
20021950 23 -0.47
21021950 23 -0.45
22021950 23 -0.43
23021950 23 -0.41
24021950 23 -0.40
25021950 23 -0.41
26021950 23 -0.42
27021950 23 -0.45
28021950 23 -0.48
01031950 23 -0.51
02031950 23 -0.54
03031950 23 -0.56
04031950 23 -0.58
05031950 23 -0.58
06031950 23 -0.57
07031950 23 -0.55
08031950 23 -0.53
09031950 23 -0.50
10031950 23 -0.47
11031950 23 -0.45
12031950 23 -0.43
13031950 23 -0.43
14031950 23 -0.44
15031950 23 -0.45
16031950 23 -0.47
17031950 23 -0.48
18031950 23 -0.49
19031950 23 -0.49
20031950 23 -0.49
21031950 23 -0.48
22031950 23 -0.47
23031950 23 -0.45
24031950 23 -0.44
25031950 23 -0.43
26031950 23 -0.43
27031950 23 -0.43
28031950 23 -0.45
29031950 23 -0.48
30031950 23 -0.51
31031950 23 -0.54
01041950 23 -0.56
02041950 23 -0.57
03041950 23 -0.58
04041950 23 -0.57
05041950 23 -0.56
06041950 23 -0.53
07041950 23 -0.50
08041950 23 -0.47
09041950 23 -0.44
10041950 23 -0.42
11041950 23 -0.41
12041950 23 -0.42
13041950 23 -0.43
14041950 23 -0.44
15041950 23 -0.46
16041950 23 -0.48
17041950 23 -0.49
18041950 23 -0.50
19041950 23 -0.50
20041950 23 -0.49
21041950 23 -0.48
22041950 23 -0.46
23041950 23 -0.45
24041950 23 -0.45
25041950 23 -0.45
26041950 23 -0.46
27041950 23 -0.48
28041950 23 -0.50
29041950 23 -0.53
30041950 23 -0.55
01051950 23 -0.56
02051950 23 -0.57
03051950 23 -0.57
04051950 23 -0.56
05051950 23 -0.54
06051950 23 -0.51
07051950 23 -0.47
08051950 23 -0.44
09051950 23 -0.41
10051950 23 -0.40
11051950 23 -0.40
12051950 23 -0.41
13051950 23 -0.43
14051950 23 -0.45
15051950 23 -0.47
16051950 23 -0.49
17051950 23 -0.50
18051950 23 -0.51
19051950 23 -0.51
20051950 23 -0.51
21051950 23 -0.49
22051950 23 -0.48
23051950 23 -0.47
24051950 23 -0.47
25051950 23 -0.47
26051950 23 -0.48
27051950 23 -0.49
28051950 23 -0.51
29051950 23 -0.53
30051950 23 -0.55
31051950 23 -0.56
01061950 23 -0.56
02061950 23 -0.56
03061950 23 -0.54
04061950 23 -0.51
05061950 23 -0.47
06061950 23 -0.44
07061950 23 -0.41
08061950 23 -0.39
09061950 23 -0.39
10061950 23 -0.40
11061950 23 -0.41
12061950 23 -0.44
13061950 23 -0.46
14061950 23 -0.48
15061950 23 -0.51
16061950 23 -0.52
17061950 23 -0.53
18061950 23 -0.53
19061950 23 -0.53
20061950 23 -0.51
21061950 23 -0.50
22061950 23 -0.48
23061950 23 -0.48
24061950 23 -0.47
25061950 23 -0.48
26061950 23 -0.49
27061950 23 -0.51
28061950 23 -0.52
29061950 23 -0.54
30061950 23 -0.55
01071950 23 -0.55
02071950 23 -0.53
03071950 23 -0.51
04071950 23 -0.47
05071950 23 -0.44
06071950 23 -0.41
07071950 23 -0.39
08071950 23 -0.39
09071950 23 -0.39
10071950 23 -0.41
11071950 23 -0.43
12071950 23 -0.45
13071950 23 -0.48
14071950 23 -0.51
15071950 23 -0.54
16071950 23 -0.55
17071950 23 -0.56
18071950 23 -0.55
19071950 23 -0.54
20071950 23 -0.52
21071950 23 -0.50
22071950 23 -0.48
23071950 23 -0.46
24071950 23 -0.46
25071950 23 -0.47
26071950 23 -0.48
27071950 23 -0.50
28071950 23 -0.52
29071950 23 -0.53
30071950 23 -0.53
31071950 23 -0.53
01081950 23 -0.51
02081950 23 -0.48
03081950 23 -0.45
04081950 23 -0.42
05081950 23 -0.40
06081950 23 -0.39
07081950 23 -0.39
08081950 23 -0.40
09081950 23 -0.42
10081950 23 -0.45
11081950 23 -0.48
12081950 23 -0.52
13081950 23 -0.55
14081950 23 -0.57
15081950 23 -0.58
16081950 23 -0.57
17081950 23 -0.56
18081950 23 -0.53
19081950 23 -0.51
20081950 23 -0.48
21081950 23 -0.45
22081950 23 -0.44
23081950 23 -0.44
24081950 23 -0.46
25081950 23 -0.48
26081950 23 -0.50
27081950 23 -0.51
28081950 23 -0.52
29081950 23 -0.52
30081950 23 -0.50
31081950 23 -0.48
01091950 23 -0.46
02091950 23 -0.43
03091950 23 -0.42
04091950 23 -0.40
05091950 23 -0.40
06091950 23 -0.41
07091950 23 -0.42
08091950 23 -0.45
09091950 23 -0.49
10091950 23 -0.52
11091950 23 -0.56
12091950 23 -0.58
13091950 23 -0.59
14091950 23 -0.59
15091950 23 -0.57
16091950 23 -0.54
17091950 23 -0.51
18091950 23 -0.48
19091950 23 -0.45
20091950 23 -0.43
21091950 23 -0.42
22091950 23 -0.43
23091950 23 -0.45
24091950 23 -0.47
25091950 23 -0.49
26091950 23 -0.50
27091950 23 -0.51
28091950 23 -0.50
29091950 23 -0.49
30091950 23 -0.47
01101950 23 -0.45
02101950 23 -0.44
03101950 23 -0.42
04101950 23 -0.42
05101950 23 -0.42
06101950 23 -0.43
07101950 23 -0.45
08101950 23 -0.49
09101950 23 -0.52
10101950 23 -0.56
11101950 23 -0.58
12101950 23 -0.59
13101950 23 -0.59
14101950 23 -0.58
15101950 23 -0.55
16101950 23 -0.51
17101950 23 -0.47
18101950 23 -0.44
19101950 23 -0.42
20101950 23 -0.41
21101950 23 -0.41
22101950 23 -0.43
23101950 23 -0.45
24101950 23 -0.47
25101950 23 -0.49
26101950 23 -0.50
27101950 23 -0.50
28101950 23 -0.50
29101950 23 -0.49
30101950 23 -0.47
31101950 23 -0.46
01111950 23 -0.45
02111950 23 -0.44
03111950 23 -0.43
04111950 23 -0.44
05111950 23 -0.46
06111950 23 -0.49
07111950 23 -0.52
08111950 23 -0.55
09111950 23 -0.58
10111950 23 -0.59
11111950 23 -0.59
12111950 23 -0.57
13111950 23 -0.54
14111950 23 -0.51
15111950 23 -0.47
16111950 23 -0.43
17111950 23 -0.41
18111950 23 -0.40
19111950 23 -0.40
20111950 23 -0.41
21111950 23 -0.43
22111950 23 -0.45
23111950 23 -0.48
24111950 23 -0.50
25111950 23 -0.51
26111950 23 -0.51
27111950 23 -0.51
28111950 23 -0.50
29111950 23 -0.49
30111950 23 -0.47
01121950 23 -0.46
02121950 23 -0.45
03121950 23 -0.45
04121950 23 -0.46
05121950 23 -0.48
06121950 23 -0.52
07121950 23 -0.55
08121950 23 -0.57
09121950 23 -0.58
10121950 23 -0.58
11121950 23 -0.56
12121950 23 -0.54
13121950 23 -0.50
14121950 23 -0.47
15121950 23 -0.43
16121950 23 -0.40
17121950 23 -0.39
18121950 23 -0.39
19121950 23 -0.40
20121950 23 -0.42
21121950 23 -0.44
22121950 23 -0.47
23121950 23 -0.50
24121950 23 -0.51
25121950 23 -0.52
26121950 23 -0.53
27121950 23 -0.52
28121950 23 -0.51
29121950 23 -0.49
30121950 23 -0.48
31121950 23 -0.46
