01012004 23 -0.38
02012004 23 -0.39
03012004 23 -0.42
04012004 23 -0.44
05012004 23 -0.48
06012004 23 -0.50
07012004 23 -0.52
08012004 23 -0.53
09012004 23 -0.54
10012004 23 -0.53
11012004 23 -0.52
12012004 23 -0.50
13012004 23 -0.48
14012004 23 -0.47
15012004 23 -0.46
16012004 23 -0.46
17012004 23 -0.48
18012004 23 -0.50
19012004 23 -0.53
20012004 23 -0.54
21012004 23 -0.55
22012004 23 -0.55
23012004 23 -0.53
24012004 23 -0.52
25012004 23 -0.49
26012004 23 -0.46
27012004 23 -0.43
28012004 23 -0.40
29012004 23 -0.38
30012004 23 -0.38
31012004 23 -0.39
01022004 23 -0.41
02022004 23 -0.44
03022004 23 -0.47
04022004 23 -0.50
05022004 23 -0.53
06022004 23 -0.54
07022004 23 -0.55
08022004 23 -0.55
09022004 23 -0.54
10022004 23 -0.52
11022004 23 -0.50
12022004 23 -0.48
13022004 23 -0.47
14022004 23 -0.46
15022004 23 -0.47
16022004 23 -0.48
17022004 23 -0.50
18022004 23 -0.52
19022004 23 -0.52
20022004 23 -0.52
21022004 23 -0.52
22022004 23 -0.51
23022004 23 -0.49
24022004 23 -0.46
25022004 23 -0.44
26022004 23 -0.41
27022004 23 -0.39
28022004 23 -0.39
29022004 23 -0.39
01032004 23 -0.41
02032004 23 -0.44
03032004 23 -0.47
04032004 23 -0.50
05032004 23 -0.53
06032004 23 -0.55
07032004 23 -0.56
08032004 23 -0.57
09032004 23 -0.56
10032004 23 -0.54
11032004 23 -0.52
12032004 23 -0.49
13032004 23 -0.47
14032004 23 -0.46
15032004 23 -0.46
16032004 23 -0.46
17032004 23 -0.47
18032004 23 -0.49
19032004 23 -0.50
20032004 23 -0.50
21032004 23 -0.50
22032004 23 -0.50
23032004 23 -0.49
24032004 23 -0.47
25032004 23 -0.45
26032004 23 -0.43
27032004 23 -0.41
28032004 23 -0.40
29032004 23 -0.40
30032004 23 -0.42
31032004 23 -0.44
01042004 23 -0.47
02042004 23 -0.50
03042004 23 -0.53
04042004 23 -0.55
05042004 23 -0.57
06042004 23 -0.58
07042004 23 -0.57
08042004 23 -0.56
09042004 23 -0.53
10042004 23 -0.50
11042004 23 -0.48
12042004 23 -0.45
13042004 23 -0.44
14042004 23 -0.44
15042004 23 -0.44
16042004 23 -0.46
17042004 23 -0.47
18042004 23 -0.48
19042004 23 -0.49
20042004 23 -0.49
21042004 23 -0.49
22042004 23 -0.48
23042004 23 -0.47
24042004 23 -0.45
25042004 23 -0.43
26042004 23 -0.42
27042004 23 -0.42
28042004 23 -0.43
29042004 23 -0.45
30042004 23 -0.47
01052004 23 -0.50
02052004 23 -0.53
03052004 23 -0.55
04052004 23 -0.57
05052004 23 -0.58
06052004 23 -0.58
07052004 23 -0.57
08052004 23 -0.54
09052004 23 -0.51
10052004 23 -0.48
11052004 23 -0.45
12052004 23 -0.43
13052004 23 -0.42
14052004 23 -0.42
15052004 23 -0.43
16052004 23 -0.45
17052004 23 -0.46
18052004 23 -0.48
19052004 23 -0.49
20052004 23 -0.50
21052004 23 -0.50
22052004 23 -0.49
23052004 23 -0.47
24052004 23 -0.46
25052004 23 -0.45
26052004 23 -0.44
27052004 23 -0.45
28052004 23 -0.46
29052004 23 -0.47
30052004 23 -0.49
31052004 23 -0.52
01062004 23 -0.54
02062004 23 -0.56
03062004 23 -0.57
04062004 23 -0.58
05062004 23 -0.57
06062004 23 -0.55
07062004 23 -0.52
08062004 23 -0.48
09062004 23 -0.44
10062004 23 -0.42
11062004 23 -0.40
12062004 23 -0.40
13062004 23 -0.41
14062004 23 -0.43
15062004 23 -0.45
16062004 23 -0.47
17062004 23 -0.48
18062004 23 -0.50
19062004 23 -0.51
20062004 23 -0.51
21062004 23 -0.50
22062004 23 -0.49
23062004 23 -0.48
24062004 23 -0.47
25062004 23 -0.46
26062004 23 -0.46
27062004 23 -0.47
28062004 23 -0.48
29062004 23 -0.50
30062004 23 -0.53
01072004 23 -0.55
02072004 23 -0.56
03072004 23 -0.57
04072004 23 -0.57
05072004 23 -0.55
06072004 23 -0.52
07072004 23 -0.48
08072004 23 -0.44
09072004 23 -0.41
10072004 23 -0.39
11072004 23 -0.39
12072004 23 -0.40
13072004 23 -0.41
14072004 23 -0.43
15072004 23 -0.46
16072004 23 -0.48
17072004 23 -0.50
18072004 23 -0.52
19072004 23 -0.53
20072004 23 -0.53
21072004 23 -0.52
22072004 23 -0.51
23072004 23 -0.49
24072004 23 -0.48
25072004 23 -0.47
26072004 23 -0.46
27072004 23 -0.47
28072004 23 -0.49
29072004 23 -0.51
30072004 23 -0.53
31072004 23 -0.55
01082004 23 -0.56
02082004 23 -0.56
03082004 23 -0.54
04082004 23 -0.51
05082004 23 -0.48
06082004 23 -0.44
07082004 23 -0.41
08082004 23 -0.39
09082004 23 -0.38
10082004 23 -0.39
11082004 23 -0.40
12082004 23 -0.42
13082004 23 -0.45
14082004 23 -0.48
15082004 23 -0.51
16082004 23 -0.54
17082004 23 -0.55
18082004 23 -0.55
19082004 23 -0.55
20082004 23 -0.53
21082004 23 -0.51
22082004 23 -0.49
23082004 23 -0.47
24082004 23 -0.46
25082004 23 -0.46
26082004 23 -0.47
27082004 23 -0.49
28082004 23 -0.51
29082004 23 -0.53
30082004 23 -0.54
31082004 23 -0.54
01092004 23 -0.53
02092004 23 -0.51
03092004 23 -0.48
04092004 23 -0.45
05092004 23 -0.42
06092004 23 -0.40
07092004 23 -0.39
08092004 23 -0.39
09092004 23 -0.40
10092004 23 -0.42
11092004 23 -0.45
12092004 23 -0.48
13092004 23 -0.52
14092004 23 -0.55
15092004 23 -0.57
16092004 23 -0.57
17092004 23 -0.57
18092004 23 -0.55
19092004 23 -0.53
20092004 23 -0.50
21092004 23 -0.47
22092004 23 -0.45
23092004 23 -0.44
24092004 23 -0.45
25092004 23 -0.47
26092004 23 -0.49
27092004 23 -0.51
28092004 23 -0.52
29092004 23 -0.53
30092004 23 -0.52
01102004 23 -0.50
02102004 23 -0.48
03102004 23 -0.45
04102004 23 -0.43
05102004 23 -0.41
06102004 23 -0.40
07102004 23 -0.40
08102004 23 -0.40
09102004 23 -0.42
10102004 23 -0.45
11102004 23 -0.49
12102004 23 -0.52
13102004 23 -0.56
14102004 23 -0.58
15102004 23 -0.59
16102004 23 -0.58
17102004 23 -0.57
18102004 23 -0.54
19102004 23 -0.51
20102004 23 -0.47
21102004 23 -0.45
22102004 23 -0.43
23102004 23 -0.43
24102004 23 -0.44
25102004 23 -0.46
26102004 23 -0.48
27102004 23 -0.50
28102004 23 -0.51
29102004 23 -0.51
30102004 23 -0.50
31102004 23 -0.49
01112004 23 -0.47
02112004 23 -0.45
03112004 23 -0.43
04112004 23 -0.42
05112004 23 -0.41
06112004 23 -0.41
07112004 23 -0.43
08112004 23 -0.45
09112004 23 -0.49
10112004 23 -0.53
11112004 23 -0.56
12112004 23 -0.58
13112004 23 -0.59
14112004 23 -0.59
15112004 23 -0.57
16112004 23 -0.54
17112004 23 -0.51
18112004 23 -0.47
19112004 23 -0.44
20112004 23 -0.42
21112004 23 -0.42
22112004 23 -0.42
23112004 23 -0.44
24112004 23 -0.46
25112004 23 -0.48
26112004 23 -0.49
27112004 23 -0.50
28112004 23 -0.50
29112004 23 -0.49
30112004 23 -0.48
01122004 23 -0.47
02122004 23 -0.45
03122004 23 -0.44
04122004 23 -0.43
05122004 23 -0.42
06122004 23 -0.43
07122004 23 -0.46
08122004 23 -0.49
09122004 23 -0.53
10122004 23 -0.56
11122004 23 -0.58
12122004 23 -0.59
13122004 23 -0.59
14122004 23 -0.57
15122004 23 -0.54
16122004 23 -0.51
17122004 23 -0.47
18122004 23 -0.44
19122004 23 -0.41
20122004 23 -0.40
21122004 23 -0.41
22122004 23 -0.42
23122004 23 -0.44
24122004 23 -0.46
25122004 23 -0.48
26122004 23 -0.50
27122004 23 -0.50
28122004 23 -0.50
29122004 23 -0.50
30122004 23 -0.49
31122004 23 -0.47
