01011907 23 -0.52
02011907 23 -0.52
03011907 23 -0.51
04011907 23 -0.50
05011907 23 -0.48
06011907 23 -0.46
07011907 23 -0.45
08011907 23 -0.46
09011907 23 -0.47
10011907 23 -0.50
11011907 23 -0.53
12011907 23 -0.55
13011907 23 -0.56
14011907 23 -0.56
15011907 23 -0.56
16011907 23 -0.54
17011907 23 -0.51
18011907 23 -0.48
19011907 23 -0.45
20011907 23 -0.42
21011907 23 -0.39
22011907 23 -0.38
23011907 23 -0.38
24011907 23 -0.40
25011907 23 -0.42
26011907 23 -0.45
27011907 23 -0.48
28011907 23 -0.51
29011907 23 -0.53
30011907 23 -0.54
31011907 23 -0.54
01021907 23 -0.53
02021907 23 -0.52
03021907 23 -0.50
04021907 23 -0.48
05021907 23 -0.47
06021907 23 -0.46
07021907 23 -0.47
08021907 23 -0.49
09021907 23 -0.51
10021907 23 -0.53
11021907 23 -0.54
12021907 23 -0.54
13021907 23 -0.54
14021907 23 -0.53
15021907 23 -0.51
16021907 23 -0.48
17021907 23 -0.45
18021907 23 -0.42
19021907 23 -0.40
20021907 23 -0.38
21021907 23 -0.38
22021907 23 -0.40
23021907 23 -0.42
24021907 23 -0.45
25021907 23 -0.48
26021907 23 -0.51
27021907 23 -0.53
28021907 23 -0.55
01031907 23 -0.55
02031907 23 -0.55
03031907 23 -0.54
04031907 23 -0.52
05031907 23 -0.50
06031907 23 -0.48
07031907 23 -0.47
08031907 23 -0.46
09031907 23 -0.47
10031907 23 -0.48
11031907 23 -0.50
12031907 23 -0.51
13031907 23 -0.52
14031907 23 -0.52
15031907 23 -0.51
16031907 23 -0.50
17031907 23 -0.48
18031907 23 -0.46
19031907 23 -0.43
20031907 23 -0.41
21031907 23 -0.39
22031907 23 -0.39
23031907 23 -0.40
24031907 23 -0.42
25031907 23 -0.45
26031907 23 -0.48
27031907 23 -0.51
28031907 23 -0.54
29031907 23 -0.56
30031907 23 -0.57
31031907 23 -0.57
01041907 23 -0.56
02041907 23 -0.54
03041907 23 -0.52
04041907 23 -0.49
05041907 23 -0.47
06041907 23 -0.46
07041907 23 -0.45
08041907 23 -0.46
09041907 23 -0.47
10041907 23 -0.48
11041907 23 -0.49
12041907 23 -0.50
13041907 23 -0.50
14041907 23 -0.50
15041907 23 -0.49
16041907 23 -0.47
17041907 23 -0.45
18041907 23 -0.43
19041907 23 -0.41
20041907 23 -0.41
21041907 23 -0.41
22041907 23 -0.43
23041907 23 -0.45
24041907 23 -0.48
25041907 23 -0.51
26041907 23 -0.54
27041907 23 -0.56
28041907 23 -0.57
29041907 23 -0.58
30041907 23 -0.57
01051907 23 -0.56
02051907 23 -0.53
03051907 23 -0.50
04051907 23 -0.47
05051907 23 -0.45
06051907 23 -0.44
07051907 23 -0.43
08051907 23 -0.44
09051907 23 -0.45
10051907 23 -0.47
11051907 23 -0.48
12051907 23 -0.49
13051907 23 -0.50
14051907 23 -0.49
15051907 23 -0.48
16051907 23 -0.47
17051907 23 -0.45
18051907 23 -0.44
19051907 23 -0.43
20051907 23 -0.43
21051907 23 -0.44
22051907 23 -0.46
23051907 23 -0.48
24051907 23 -0.50
25051907 23 -0.53
26051907 23 -0.55
27051907 23 -0.57
28051907 23 -0.58
29051907 23 -0.58
30051907 23 -0.56
31051907 23 -0.54
01061907 23 -0.51
02061907 23 -0.47
03061907 23 -0.44
04061907 23 -0.42
05061907 23 -0.41
06061907 23 -0.42
07061907 23 -0.43
08061907 23 -0.45
09061907 23 -0.46
10061907 23 -0.48
11061907 23 -0.49
12061907 23 -0.50
13061907 23 -0.50
14061907 23 -0.49
15061907 23 -0.48
16061907 23 -0.47
17061907 23 -0.46
18061907 23 -0.45
19061907 23 -0.45
20061907 23 -0.46
21061907 23 -0.47
22061907 23 -0.49
23061907 23 -0.52
24061907 23 -0.54
25061907 23 -0.56
26061907 23 -0.58
27061907 23 -0.58
28061907 23 -0.57
29061907 23 -0.54
30061907 23 -0.51
01071907 23 -0.47
02071907 23 -0.43
03071907 23 -0.41
04071907 23 -0.40
05071907 23 -0.40
06071907 23 -0.41
07071907 23 -0.43
08071907 23 -0.45
09071907 23 -0.47
10071907 23 -0.49
11071907 23 -0.51
12071907 23 -0.51
13071907 23 -0.51
14071907 23 -0.51
15071907 23 -0.50
16071907 23 -0.48
17071907 23 -0.47
18071907 23 -0.47
19071907 23 -0.46
20071907 23 -0.47
21071907 23 -0.48
22071907 23 -0.50
23071907 23 -0.53
24071907 23 -0.55
25071907 23 -0.57
26071907 23 -0.57
27071907 23 -0.56
28071907 23 -0.54
29071907 23 -0.51
30071907 23 -0.47
31071907 23 -0.43
01081907 23 -0.40
02081907 23 -0.39
03081907 23 -0.39
04081907 23 -0.40
05081907 23 -0.41
06081907 23 -0.44
07081907 23 -0.46
08081907 23 -0.49
09081907 23 -0.52
10081907 23 -0.53
11081907 23 -0.54
12081907 23 -0.54
13081907 23 -0.52
14081907 23 -0.51
15081907 23 -0.49
16081907 23 -0.48
17081907 23 -0.46
18081907 23 -0.46
19081907 23 -0.47
20081907 23 -0.49
21081907 23 -0.51
22081907 23 -0.54
23081907 23 -0.55
24081907 23 -0.56
25081907 23 -0.55
26081907 23 -0.53
27081907 23 -0.50
28081907 23 -0.47
29081907 23 -0.43
30081907 23 -0.40
31081907 23 -0.39
01091907 23 -0.38
02091907 23 -0.39
03091907 23 -0.40
04091907 23 -0.43
05091907 23 -0.46
06091907 23 -0.49
07091907 23 -0.52
08091907 23 -0.55
09091907 23 -0.56
10091907 23 -0.56
11091907 23 -0.55
12091907 23 -0.53
13091907 23 -0.51
14091907 23 -0.49
15091907 23 -0.47
16091907 23 -0.45
17091907 23 -0.45
18091907 23 -0.47
19091907 23 -0.49
20091907 23 -0.52
21091907 23 -0.53
22091907 23 -0.54
23091907 23 -0.54
24091907 23 -0.52
25091907 23 -0.50
26091907 23 -0.47
27091907 23 -0.44
28091907 23 -0.41
29091907 23 -0.39
30091907 23 -0.39
01101907 23 -0.39
02101907 23 -0.40
03101907 23 -0.43
04101907 23 -0.46
05101907 23 -0.50
06101907 23 -0.53
07101907 23 -0.56
08101907 23 -0.57
09101907 23 -0.58
10101907 23 -0.57
11101907 23 -0.55
12101907 23 -0.52
13101907 23 -0.49
14101907 23 -0.46
15101907 23 -0.45
16101907 23 -0.44
17101907 23 -0.45
18101907 23 -0.47
19101907 23 -0.49
20101907 23 -0.51
21101907 23 -0.52
22101907 23 -0.52
23101907 23 -0.51
24101907 23 -0.50
25101907 23 -0.47
26101907 23 -0.45
27101907 23 -0.43
28101907 23 -0.41
29101907 23 -0.40
30101907 23 -0.40
31101907 23 -0.41
01111907 23 -0.43
02111907 23 -0.46
03111907 23 -0.50
04111907 23 -0.54
05111907 23 -0.57
06111907 23 -0.58
07111907 23 -0.59
08111907 23 -0.58
09111907 23 -0.56
10111907 23 -0.53
11111907 23 -0.50
12111907 23 -0.46
13111907 23 -0.44
14111907 23 -0.43
15111907 23 -0.43
16111907 23 -0.45
17111907 23 -0.47
18111907 23 -0.49
19111907 23 -0.50
20111907 23 -0.51
21111907 23 -0.50
22111907 23 -0.50
23111907 23 -0.48
24111907 23 -0.46
25111907 23 -0.44
26111907 23 -0.43
27111907 23 -0.42
28111907 23 -0.41
29111907 23 -0.42
30111907 23 -0.43
01121907 23 -0.46
02121907 23 -0.50
03121907 23 -0.54
04121907 23 -0.57
05121907 23 -0.59
06121907 23 -0.59
07121907 23 -0.58
08121907 23 -0.56
09121907 23 -0.53
10121907 23 -0.50
11121907 23 -0.46
12121907 23 -0.43
13121907 23 -0.42
14121907 23 -0.42
15121907 23 -0.42
16121907 23 -0.44
17121907 23 -0.46
18121907 23 -0.48
19121907 23 -0.49
20121907 23 -0.50
21121907 23 -0.50
22121907 23 -0.49
23121907 23 -0.48
24121907 23 -0.47
25121907 23 -0.45
26121907 23 -0.43
27121907 23 -0.43
28121907 23 -0.43
29121907 23 -0.44
30121907 23 -0.47
31121907 23 -0.50
