01011986 23 -0.50
02011986 23 -0.48
03011986 23 -0.46
04011986 23 -0.46
05011986 23 -0.46
06011986 23 -0.48
07011986 23 -0.51
08011986 23 -0.53
09011986 23 -0.55
10011986 23 -0.55
11011986 23 -0.54
12011986 23 -0.53
13011986 23 -0.51
14011986 23 -0.48
15011986 23 -0.45
16011986 23 -0.42
17011986 23 -0.39
18011986 23 -0.38
19011986 23 -0.38
20011986 23 -0.40
21011986 23 -0.42
22011986 23 -0.45
23011986 23 -0.49
24011986 23 -0.52
25011986 23 -0.54
26011986 23 -0.55
27011986 23 -0.56
28011986 23 -0.55
29011986 23 -0.54
30011986 23 -0.52
31011986 23 -0.49
01021986 23 -0.47
02021986 23 -0.46
03021986 23 -0.46
04021986 23 -0.47
05021986 23 -0.49
06021986 23 -0.51
07021986 23 -0.52
08021986 23 -0.52
09021986 23 -0.52
10021986 23 -0.52
11021986 23 -0.50
12021986 23 -0.48
13021986 23 -0.45
14021986 23 -0.43
15021986 23 -0.40
16021986 23 -0.39
17021986 23 -0.39
18021986 23 -0.40
19021986 23 -0.42
20021986 23 -0.45
21021986 23 -0.49
22021986 23 -0.52
23021986 23 -0.54
24021986 23 -0.56
25021986 23 -0.57
26021986 23 -0.57
27021986 23 -0.56
28021986 23 -0.54
01031986 23 -0.51
02031986 23 -0.48
03031986 23 -0.46
04031986 23 -0.45
05031986 23 -0.46
06031986 23 -0.46
07031986 23 -0.48
08031986 23 -0.49
09031986 23 -0.50
10031986 23 -0.50
11031986 23 -0.50
12031986 23 -0.50
13031986 23 -0.48
14031986 23 -0.46
15031986 23 -0.44
16031986 23 -0.42
17031986 23 -0.41
18031986 23 -0.40
19031986 23 -0.41
20031986 23 -0.43
21031986 23 -0.45
22031986 23 -0.48
23031986 23 -0.52
24031986 23 -0.54
25031986 23 -0.56
26031986 23 -0.57
27031986 23 -0.58
28031986 23 -0.57
29031986 23 -0.55
30031986 23 -0.52
31031986 23 -0.49
01041986 23 -0.47
02041986 23 -0.45
03041986 23 -0.44
04041986 23 -0.44
05041986 23 -0.45
06041986 23 -0.46
07041986 23 -0.47
08041986 23 -0.48
09041986 23 -0.49
10041986 23 -0.49
11041986 23 -0.49
12041986 23 -0.48
13041986 23 -0.46
14041986 23 -0.44
15041986 23 -0.43
16041986 23 -0.42
17041986 23 -0.42
18041986 23 -0.44
19041986 23 -0.46
20041986 23 -0.48
21041986 23 -0.51
22041986 23 -0.54
23041986 23 -0.56
24041986 23 -0.57
25041986 23 -0.58
26041986 23 -0.57
27041986 23 -0.56
28041986 23 -0.53
29041986 23 -0.50
30041986 23 -0.47
01051986 23 -0.44
02051986 23 -0.42
03051986 23 -0.42
04051986 23 -0.42
05051986 23 -0.43
06051986 23 -0.45
07051986 23 -0.47
08051986 23 -0.48
09051986 23 -0.49
10051986 23 -0.50
11051986 23 -0.49
12051986 23 -0.48
13051986 23 -0.47
14051986 23 -0.46
15051986 23 -0.45
16051986 23 -0.45
17051986 23 -0.45
18051986 23 -0.46
19051986 23 -0.48
20051986 23 -0.50
21051986 23 -0.53
22051986 23 -0.55
23051986 23 -0.57
24051986 23 -0.57
25051986 23 -0.57
26051986 23 -0.56
27051986 23 -0.54
28051986 23 -0.50
29051986 23 -0.47
30051986 23 -0.43
31051986 23 -0.41
01061986 23 -0.40
02061986 23 -0.40
03061986 23 -0.41
04061986 23 -0.43
05061986 23 -0.45
06061986 23 -0.47
07061986 23 -0.49
08061986 23 -0.50
09061986 23 -0.51
10061986 23 -0.51
11061986 23 -0.50
12061986 23 -0.49
13061986 23 -0.48
14061986 23 -0.47
15061986 23 -0.47
16061986 23 -0.47
17061986 23 -0.48
18061986 23 -0.49
19061986 23 -0.51
20061986 23 -0.53
21061986 23 -0.55
22061986 23 -0.56
23061986 23 -0.57
24061986 23 -0.56
25061986 23 -0.54
26061986 23 -0.50
27061986 23 -0.46
28061986 23 -0.43
29061986 23 -0.40
30061986 23 -0.39
01071986 23 -0.39
02071986 23 -0.40
03071986 23 -0.42
04071986 23 -0.44
05071986 23 -0.47
06071986 23 -0.49
07071986 23 -0.51
08071986 23 -0.53
09071986 23 -0.53
10071986 23 -0.53
11071986 23 -0.52
12071986 23 -0.51
13071986 23 -0.49
14071986 23 -0.48
15071986 23 -0.47
16071986 23 -0.47
17071986 23 -0.48
18071986 23 -0.49
19071986 23 -0.51
20071986 23 -0.53
21071986 23 -0.55
22071986 23 -0.56
23071986 23 -0.55
24071986 23 -0.53
25071986 23 -0.50
26071986 23 -0.46
27071986 23 -0.43
28071986 23 -0.40
29071986 23 -0.39
30071986 23 -0.39
31071986 23 -0.39
01081986 23 -0.41
02081986 23 -0.43
03081986 23 -0.46
04081986 23 -0.49
05081986 23 -0.52
06081986 23 -0.54
07081986 23 -0.56
08081986 23 -0.56
09081986 23 -0.55
10081986 23 -0.53
11081986 23 -0.51
12081986 23 -0.49
13081986 23 -0.47
14081986 23 -0.46
15081986 23 -0.46
16081986 23 -0.47
17081986 23 -0.49
18081986 23 -0.51
19081986 23 -0.53
20081986 23 -0.54
21081986 23 -0.54
22081986 23 -0.52
23081986 23 -0.50
24081986 23 -0.47
25081986 23 -0.44
26081986 23 -0.41
27081986 23 -0.39
28081986 23 -0.39
29081986 23 -0.39
30081986 23 -0.41
31081986 23 -0.43
01091986 23 -0.46
02091986 23 -0.50
03091986 23 -0.53
04091986 23 -0.56
05091986 23 -0.57
06091986 23 -0.57
07091986 23 -0.57
08091986 23 -0.55
09091986 23 -0.52
10091986 23 -0.49
11091986 23 -0.47
12091986 23 -0.45
13091986 23 -0.44
14091986 23 -0.45
15091986 23 -0.47
16091986 23 -0.49
17091986 23 -0.51
18091986 23 -0.52
19091986 23 -0.52
20091986 23 -0.52
21091986 23 -0.50
22091986 23 -0.47
23091986 23 -0.45
24091986 23 -0.42
25091986 23 -0.41
26091986 23 -0.40
27091986 23 -0.40
28091986 23 -0.41
29091986 23 -0.43
30091986 23 -0.46
01101986 23 -0.50
02101986 23 -0.54
03101986 23 -0.56
04101986 23 -0.58
05101986 23 -0.59
06101986 23 -0.58
07101986 23 -0.56
08101986 23 -0.53
09101986 23 -0.50
10101986 23 -0.46
11101986 23 -0.44
12101986 23 -0.43
13101986 23 -0.43
14101986 23 -0.45
15101986 23 -0.47
16101986 23 -0.49
17101986 23 -0.50
18101986 23 -0.51
19101986 23 -0.51
20101986 23 -0.50
21101986 23 -0.48
22101986 23 -0.46
23101986 23 -0.44
24101986 23 -0.43
25101986 23 -0.42
26101986 23 -0.41
27101986 23 -0.42
28101986 23 -0.43
29101986 23 -0.46
30101986 23 -0.50
31101986 23 -0.54
01111986 23 -0.57
02111986 23 -0.59
03111986 23 -0.59
04111986 23 -0.59
05111986 23 -0.57
06111986 23 -0.53
07111986 23 -0.50
08111986 23 -0.46
09111986 23 -0.43
10111986 23 -0.41
11111986 23 -0.41
12111986 23 -0.43
13111986 23 -0.44
14111986 23 -0.46
15111986 23 -0.48
16111986 23 -0.49
17111986 23 -0.50
18111986 23 -0.50
19111986 23 -0.49
20111986 23 -0.48
21111986 23 -0.46
22111986 23 -0.45
23111986 23 -0.44
24111986 23 -0.43
25111986 23 -0.43
26111986 23 -0.44
27111986 23 -0.46
28111986 23 -0.50
29111986 23 -0.54
30111986 23 -0.57
01121986 23 -0.59
02121986 23 -0.59
03121986 23 -0.58
04121986 23 -0.56
05121986 23 -0.53
06121986 23 -0.49
07121986 23 -0.46
08121986 23 -0.43
09121986 23 -0.41
10121986 23 -0.40
11121986 23 -0.41
12121986 23 -0.42
13121986 23 -0.44
14121986 23 -0.47
15121986 23 -0.49
16121986 23 -0.50
17121986 23 -0.51
18121986 23 -0.51
19121986 23 -0.50
20121986 23 -0.49
21121986 23 -0.47
22121986 23 -0.46
23121986 23 -0.45
24121986 23 -0.44
25121986 23 -0.45
26121986 23 -0.47
27121986 23 -0.50
28121986 23 -0.53
29121986 23 -0.56
30121986 23 -0.58
31121986 23 -0.58
