01011949 23 -0.50
02011949 23 -0.48
03011949 23 -0.46
04011949 23 -0.44
05011949 23 -0.42
06011949 23 -0.41
07011949 23 -0.40
08011949 23 -0.41
09011949 23 -0.42
10011949 23 -0.45
11011949 23 -0.49
12011949 23 -0.53
13011949 23 -0.56
14011949 23 -0.58
15011949 23 -0.58
16011949 23 -0.58
17011949 23 -0.57
18011949 23 -0.54
19011949 23 -0.51
20011949 23 -0.48
21011949 23 -0.45
22011949 23 -0.43
23011949 23 -0.43
24011949 23 -0.43
25011949 23 -0.45
26011949 23 -0.46
27011949 23 -0.48
28011949 23 -0.49
29011949 23 -0.50
30011949 23 -0.50
31011949 23 -0.49
01021949 23 -0.48
02021949 23 -0.46
03021949 23 -0.44
04021949 23 -0.43
05021949 23 -0.42
06021949 23 -0.42
07021949 23 -0.44
08021949 23 -0.46
09021949 23 -0.49
10021949 23 -0.52
11021949 23 -0.55
12021949 23 -0.57
13021949 23 -0.58
14021949 23 -0.58
15021949 23 -0.57
16021949 23 -0.55
17021949 23 -0.52
18021949 23 -0.48
19021949 23 -0.45
20021949 23 -0.43
21021949 23 -0.41
22021949 23 -0.41
23021949 23 -0.42
24021949 23 -0.44
25021949 23 -0.46
26021949 23 -0.47
27021949 23 -0.49
28021949 23 -0.49
01031949 23 -0.50
02031949 23 -0.49
03031949 23 -0.48
04031949 23 -0.47
05031949 23 -0.46
06031949 23 -0.44
07031949 23 -0.44
08031949 23 -0.45
09031949 23 -0.46
10031949 23 -0.49
11031949 23 -0.52
12031949 23 -0.54
13031949 23 -0.56
14031949 23 -0.57
15031949 23 -0.57
16031949 23 -0.56
17031949 23 -0.55
18031949 23 -0.52
19031949 23 -0.49
20031949 23 -0.45
21031949 23 -0.42
22031949 23 -0.40
23031949 23 -0.40
24031949 23 -0.40
25031949 23 -0.42
26031949 23 -0.44
27031949 23 -0.46
28031949 23 -0.48
29031949 23 -0.49
30031949 23 -0.50
31031949 23 -0.51
01041949 23 -0.51
02041949 23 -0.50
03041949 23 -0.48
04041949 23 -0.47
05041949 23 -0.46
06041949 23 -0.46
07041949 23 -0.47
08041949 23 -0.49
09041949 23 -0.51
10041949 23 -0.53
11041949 23 -0.55
12041949 23 -0.56
13041949 23 -0.56
14041949 23 -0.56
15041949 23 -0.54
16041949 23 -0.52
17041949 23 -0.49
18041949 23 -0.45
19041949 23 -0.42
20041949 23 -0.40
21041949 23 -0.39
22041949 23 -0.39
23041949 23 -0.41
24041949 23 -0.43
25041949 23 -0.45
26041949 23 -0.47
27041949 23 -0.50
28041949 23 -0.51
29041949 23 -0.53
30041949 23 -0.53
01051949 23 -0.53
02051949 23 -0.51
03051949 23 -0.50
04051949 23 -0.48
05051949 23 -0.48
06051949 23 -0.47
07051949 23 -0.48
08051949 23 -0.49
09051949 23 -0.51
10051949 23 -0.52
11051949 23 -0.53
12051949 23 -0.54
13051949 23 -0.54
14051949 23 -0.54
15051949 23 -0.52
16051949 23 -0.49
17051949 23 -0.46
18051949 23 -0.42
19051949 23 -0.40
20051949 23 -0.39
21051949 23 -0.39
22051949 23 -0.40
23051949 23 -0.42
24051949 23 -0.44
25051949 23 -0.47
26051949 23 -0.50
27051949 23 -0.52
28051949 23 -0.54
29051949 23 -0.55
30051949 23 -0.55
31051949 23 -0.54
01061949 23 -0.52
02061949 23 -0.51
03061949 23 -0.49
04061949 23 -0.48
05061949 23 -0.47
06061949 23 -0.47
07061949 23 -0.48
08061949 23 -0.49
09061949 23 -0.51
10061949 23 -0.52
11061949 23 -0.53
12061949 23 -0.53
13061949 23 -0.52
14061949 23 -0.49
15061949 23 -0.46
16061949 23 -0.43
17061949 23 -0.41
18061949 23 -0.39
19061949 23 -0.39
20061949 23 -0.40
21061949 23 -0.42
22061949 23 -0.44
23061949 23 -0.47
24061949 23 -0.50
25061949 23 -0.53
26061949 23 -0.55
27061949 23 -0.57
28061949 23 -0.57
29061949 23 -0.56
30061949 23 -0.55
01071949 23 -0.52
02071949 23 -0.50
03071949 23 -0.47
04071949 23 -0.46
05071949 23 -0.45
06071949 23 -0.45
07071949 23 -0.47
08071949 23 -0.48
09071949 23 -0.50
10071949 23 -0.51
11071949 23 -0.52
12071949 23 -0.51
13071949 23 -0.49
14071949 23 -0.47
15071949 23 -0.45
16071949 23 -0.43
17071949 23 -0.41
18071949 23 -0.41
19071949 23 -0.41
20071949 23 -0.42
21071949 23 -0.44
22071949 23 -0.46
23071949 23 -0.50
24071949 23 -0.53
25071949 23 -0.56
26071949 23 -0.58
27071949 23 -0.59
28071949 23 -0.58
29071949 23 -0.56
30071949 23 -0.54
31071949 23 -0.50
01081949 23 -0.47
02081949 23 -0.44
03081949 23 -0.43
04081949 23 -0.43
05081949 23 -0.44
06081949 23 -0.46
07081949 23 -0.48
08081949 23 -0.49
09081949 23 -0.50
10081949 23 -0.51
11081949 23 -0.50
12081949 23 -0.48
13081949 23 -0.47
14081949 23 -0.45
15081949 23 -0.43
16081949 23 -0.42
17081949 23 -0.42
18081949 23 -0.43
19081949 23 -0.44
20081949 23 -0.46
21081949 23 -0.50
22081949 23 -0.53
23081949 23 -0.56
24081949 23 -0.58
25081949 23 -0.59
26081949 23 -0.59
27081949 23 -0.57
28081949 23 -0.54
29081949 23 -0.50
30081949 23 -0.46
31081949 23 -0.43
01091949 23 -0.41
02091949 23 -0.41
03091949 23 -0.42
04091949 23 -0.44
05091949 23 -0.46
06091949 23 -0.48
07091949 23 -0.49
08091949 23 -0.50
09091949 23 -0.50
10091949 23 -0.50
11091949 23 -0.49
12091949 23 -0.47
13091949 23 -0.46
14091949 23 -0.44
15091949 23 -0.44
16091949 23 -0.44
17091949 23 -0.44
18091949 23 -0.46
19091949 23 -0.49
20091949 23 -0.53
21091949 23 -0.56
22091949 23 -0.58
23091949 23 -0.59
24091949 23 -0.59
25091949 23 -0.57
26091949 23 -0.54
27091949 23 -0.50
28091949 23 -0.46
29091949 23 -0.42
30091949 23 -0.40
01101949 23 -0.39
02101949 23 -0.40
03101949 23 -0.42
04101949 23 -0.44
05101949 23 -0.46
06101949 23 -0.48
07101949 23 -0.50
08101949 23 -0.51
09101949 23 -0.51
10101949 23 -0.51
11101949 23 -0.50
12101949 23 -0.48
13101949 23 -0.47
14101949 23 -0.46
15101949 23 -0.45
16101949 23 -0.45
17101949 23 -0.46
18101949 23 -0.49
19101949 23 -0.52
20101949 23 -0.55
21101949 23 -0.57
22101949 23 -0.58
23101949 23 -0.58
24101949 23 -0.56
25101949 23 -0.53
26101949 23 -0.49
27101949 23 -0.45
28101949 23 -0.42
29101949 23 -0.40
30101949 23 -0.39
31101949 23 -0.39
01111949 23 -0.40
02111949 23 -0.42
03111949 23 -0.45
04111949 23 -0.48
05111949 23 -0.50
06111949 23 -0.52
07111949 23 -0.53
08111949 23 -0.53
09111949 23 -0.52
10111949 23 -0.51
11111949 23 -0.49
12111949 23 -0.47
13111949 23 -0.46
14111949 23 -0.45
15111949 23 -0.46
16111949 23 -0.48
17111949 23 -0.51
18111949 23 -0.54
19111949 23 -0.56
20111949 23 -0.57
21111949 23 -0.56
22111949 23 -0.55
23111949 23 -0.52
24111949 23 -0.49
25111949 23 -0.45
26111949 23 -0.42
27111949 23 -0.40
28111949 23 -0.38
29111949 23 -0.38
30111949 23 -0.39
01121949 23 -0.41
02121949 23 -0.44
03121949 23 -0.48
04121949 23 -0.51
05121949 23 -0.53
06121949 23 -0.54
07121949 23 -0.55
08121949 23 -0.54
09121949 23 -0.53
10121949 23 -0.51
11121949 23 -0.49
12121949 23 -0.47
13121949 23 -0.46
14121949 23 -0.46
15121949 23 -0.47
16121949 23 -0.49
17121949 23 -0.52
18121949 23 -0.54
19121949 23 -0.55
20121949 23 -0.54
21121949 23 -0.53
22121949 23 -0.51
23121949 23 -0.49
24121949 23 -0.46
25121949 23 -0.43
26121949 23 -0.40
27121949 23 -0.39
28121949 23 -0.38
29121949 23 -0.39
30121949 23 -0.41
31121949 23 -0.44
