01011920 23 -0.48
02011920 23 -0.50
03011920 23 -0.53
04011920 23 -0.55
05011920 23 -0.56
06011920 23 -0.56
07011920 23 -0.55
08011920 23 -0.53
09011920 23 -0.50
10011920 23 -0.47
11011920 23 -0.43
12011920 23 -0.41
13011920 23 -0.39
14011920 23 -0.38
15011920 23 -0.39
16011920 23 -0.41
17011920 23 -0.43
18011920 23 -0.47
19011920 23 -0.50
20011920 23 -0.52
21011920 23 -0.53
22011920 23 -0.54
23011920 23 -0.54
24011920 23 -0.53
25011920 23 -0.52
26011920 23 -0.50
27011920 23 -0.48
28011920 23 -0.46
29011920 23 -0.46
30011920 23 -0.47
31011920 23 -0.49
01021920 23 -0.51
02021920 23 -0.53
03021920 23 -0.54
04021920 23 -0.54
05021920 23 -0.53
06021920 23 -0.52
07021920 23 -0.50
08021920 23 -0.47
09021920 23 -0.44
10021920 23 -0.41
11021920 23 -0.39
12021920 23 -0.38
13021920 23 -0.39
14021920 23 -0.40
15021920 23 -0.43
16021920 23 -0.46
17021920 23 -0.50
18021920 23 -0.52
19021920 23 -0.54
20021920 23 -0.55
21021920 23 -0.56
22021920 23 -0.55
23021920 23 -0.54
24021920 23 -0.52
25021920 23 -0.49
26021920 23 -0.47
27021920 23 -0.46
28021920 23 -0.46
29021920 23 -0.47
01031920 23 -0.49
02031920 23 -0.50
03031920 23 -0.51
04031920 23 -0.52
05031920 23 -0.52
06031920 23 -0.51
07031920 23 -0.49
08031920 23 -0.47
09031920 23 -0.45
10031920 23 -0.42
11031920 23 -0.40
12031920 23 -0.39
13031920 23 -0.39
14031920 23 -0.41
15031920 23 -0.43
16031920 23 -0.46
17031920 23 -0.49
18031920 23 -0.52
19031920 23 -0.55
20031920 23 -0.56
21031920 23 -0.57
22031920 23 -0.57
23031920 23 -0.56
24031920 23 -0.53
25031920 23 -0.51
26031920 23 -0.48
27031920 23 -0.46
28031920 23 -0.45
29031920 23 -0.45
30031920 23 -0.46
31031920 23 -0.47
01041920 23 -0.48
02041920 23 -0.49
03041920 23 -0.50
04041920 23 -0.50
05041920 23 -0.49
06041920 23 -0.48
07041920 23 -0.46
08041920 23 -0.44
09041920 23 -0.42
10041920 23 -0.41
11041920 23 -0.41
12041920 23 -0.42
13041920 23 -0.44
14041920 23 -0.46
15041920 23 -0.49
16041920 23 -0.52
17041920 23 -0.55
18041920 23 -0.57
19041920 23 -0.58
20041920 23 -0.58
21041920 23 -0.57
22041920 23 -0.55
23041920 23 -0.52
24041920 23 -0.49
25041920 23 -0.46
26041920 23 -0.44
27041920 23 -0.43
28041920 23 -0.43
29041920 23 -0.44
30041920 23 -0.46
01051920 23 -0.47
02051920 23 -0.48
03051920 23 -0.49
04051920 23 -0.49
05051920 23 -0.49
06051920 23 -0.48
07051920 23 -0.46
08051920 23 -0.45
09051920 23 -0.43
10051920 23 -0.43
11051920 23 -0.43
12051920 23 -0.45
13051920 23 -0.47
14051920 23 -0.49
15051920 23 -0.52
16051920 23 -0.54
17051920 23 -0.56
18051920 23 -0.58
19051920 23 -0.58
20051920 23 -0.57
21051920 23 -0.55
22051920 23 -0.53
23051920 23 -0.49
24051920 23 -0.46
25051920 23 -0.43
26051920 23 -0.41
27051920 23 -0.41
28051920 23 -0.42
29051920 23 -0.43
30051920 23 -0.45
31051920 23 -0.47
01061920 23 -0.48
02061920 23 -0.50
03061920 23 -0.50
04061920 23 -0.50
05061920 23 -0.49
06061920 23 -0.47
07061920 23 -0.46
08061920 23 -0.46
09061920 23 -0.45
10061920 23 -0.46
11061920 23 -0.47
12061920 23 -0.48
13061920 23 -0.51
14061920 23 -0.53
15061920 23 -0.55
16061920 23 -0.57
17061920 23 -0.58
18061920 23 -0.57
19061920 23 -0.56
20061920 23 -0.53
21061920 23 -0.49
22061920 23 -0.45
23061920 23 -0.42
24061920 23 -0.40
25061920 23 -0.39
26061920 23 -0.40
27061920 23 -0.41
28061920 23 -0.43
29061920 23 -0.46
30061920 23 -0.48
01071920 23 -0.50
02071920 23 -0.51
03071920 23 -0.52
04071920 23 -0.51
05071920 23 -0.51
06071920 23 -0.49
07071920 23 -0.48
08071920 23 -0.47
09071920 23 -0.47
10071920 23 -0.47
11071920 23 -0.47
12071920 23 -0.49
13071920 23 -0.51
14071920 23 -0.54
15071920 23 -0.56
16071920 23 -0.57
17071920 23 -0.57
18071920 23 -0.55
19071920 23 -0.53
20071920 23 -0.49
21071920 23 -0.45
22071920 23 -0.42
23071920 23 -0.40
24071920 23 -0.39
25071920 23 -0.39
26071920 23 -0.40
27071920 23 -0.42
28071920 23 -0.45
29071920 23 -0.47
30071920 23 -0.50
31071920 23 -0.52
01081920 23 -0.54
02081920 23 -0.54
03081920 23 -0.53
04081920 23 -0.52
05081920 23 -0.51
06081920 23 -0.49
07081920 23 -0.47
08081920 23 -0.46
09081920 23 -0.46
10081920 23 -0.47
11081920 23 -0.49
12081920 23 -0.52
13081920 23 -0.54
14081920 23 -0.55
15081920 23 -0.56
16081920 23 -0.55
17081920 23 -0.52
18081920 23 -0.49
19081920 23 -0.45
20081920 23 -0.42
21081920 23 -0.40
22081920 23 -0.39
23081920 23 -0.39
24081920 23 -0.39
25081920 23 -0.41
26081920 23 -0.44
27081920 23 -0.47
28081920 23 -0.51
29081920 23 -0.54
30081920 23 -0.55
31081920 23 -0.56
01091920 23 -0.56
02091920 23 -0.55
03091920 23 -0.53
04091920 23 -0.50
05091920 23 -0.48
06091920 23 -0.46
07091920 23 -0.45
08091920 23 -0.46
09091920 23 -0.47
10091920 23 -0.50
11091920 23 -0.52
12091920 23 -0.53
13091920 23 -0.54
14091920 23 -0.53
15091920 23 -0.51
16091920 23 -0.49
17091920 23 -0.46
18091920 23 -0.43
19091920 23 -0.41
20091920 23 -0.39
21091920 23 -0.39
22091920 23 -0.40
23091920 23 -0.41
24091920 23 -0.44
25091920 23 -0.47
26091920 23 -0.51
27091920 23 -0.54
28091920 23 -0.57
29091920 23 -0.58
30091920 23 -0.58
01101920 23 -0.56
02101920 23 -0.54
03101920 23 -0.51
04101920 23 -0.48
05101920 23 -0.46
06101920 23 -0.44
07101920 23 -0.44
08101920 23 -0.45
09101920 23 -0.47
10101920 23 -0.50
11101920 23 -0.51
12101920 23 -0.52
13101920 23 -0.52
14101920 23 -0.51
15101920 23 -0.49
16101920 23 -0.46
17101920 23 -0.44
18101920 23 -0.42
19101920 23 -0.41
20101920 23 -0.40
21101920 23 -0.40
22101920 23 -0.42
23101920 23 -0.44
24101920 23 -0.48
25101920 23 -0.51
26101920 23 -0.55
27101920 23 -0.57
28101920 23 -0.59
29101920 23 -0.59
30101920 23 -0.58
31101920 23 -0.55
01111920 23 -0.52
02111920 23 -0.48
03111920 23 -0.45
04111920 23 -0.43
05111920 23 -0.42
06111920 23 -0.43
07111920 23 -0.45
08111920 23 -0.47
09111920 23 -0.49
10111920 23 -0.50
11111920 23 -0.50
12111920 23 -0.50
13111920 23 -0.49
14111920 23 -0.48
15111920 23 -0.46
16111920 23 -0.44
17111920 23 -0.43
18111920 23 -0.42
19111920 23 -0.41
20111920 23 -0.42
21111920 23 -0.44
22111920 23 -0.48
23111920 23 -0.52
24111920 23 -0.55
25111920 23 -0.58
26111920 23 -0.59
27111920 23 -0.59
28111920 23 -0.58
29111920 23 -0.55
30111920 23 -0.52
01121920 23 -0.48
02121920 23 -0.45
03121920 23 -0.42
04121920 23 -0.41
05121920 23 -0.41
06121920 23 -0.43
07121920 23 -0.45
08121920 23 -0.47
09121920 23 -0.48
10121920 23 -0.50
11121920 23 -0.50
12121920 23 -0.50
13121920 23 -0.49
14121920 23 -0.48
15121920 23 -0.46
16121920 23 -0.45
17121920 23 -0.43
18121920 23 -0.43
19121920 23 -0.43
20121920 23 -0.45
21121920 23 -0.48
22121920 23 -0.51
23121920 23 -0.55
24121920 23 -0.57
25121920 23 -0.59
26121920 23 -0.59
27121920 23 -0.57
28121920 23 -0.55
29121920 23 -0.52
30121920 23 -0.48
31121920 23 -0.45
