01011919 23 -0.54
02011919 23 -0.55
03011919 23 -0.56
04011919 23 -0.56
05011919 23 -0.55
06011919 23 -0.53
07011919 23 -0.50
08011919 23 -0.48
09011919 23 -0.46
10011919 23 -0.45
11011919 23 -0.46
12011919 23 -0.48
13011919 23 -0.50
14011919 23 -0.51
15011919 23 -0.52
16011919 23 -0.52
17011919 23 -0.52
18011919 23 -0.51
19011919 23 -0.49
20011919 23 -0.46
21011919 23 -0.44
22011919 23 -0.41
23011919 23 -0.39
24011919 23 -0.39
25011919 23 -0.39
26011919 23 -0.41
27011919 23 -0.44
28011919 23 -0.48
29011919 23 -0.51
30011919 23 -0.54
31011919 23 -0.56
01021919 23 -0.57
02021919 23 -0.57
03021919 23 -0.56
04021919 23 -0.54
05021919 23 -0.52
06021919 23 -0.49
07021919 23 -0.46
08021919 23 -0.45
09021919 23 -0.45
10021919 23 -0.46
11021919 23 -0.47
12021919 23 -0.48
13021919 23 -0.50
14021919 23 -0.50
15021919 23 -0.50
16021919 23 -0.50
17021919 23 -0.49
18021919 23 -0.47
19021919 23 -0.45
20021919 23 -0.43
21021919 23 -0.41
22021919 23 -0.40
23021919 23 -0.41
24021919 23 -0.42
25021919 23 -0.45
26021919 23 -0.48
27021919 23 -0.51
28021919 23 -0.54
01031919 23 -0.56
02031919 23 -0.58
03031919 23 -0.58
04031919 23 -0.57
05031919 23 -0.55
06031919 23 -0.53
07031919 23 -0.50
08031919 23 -0.47
09031919 23 -0.45
10031919 23 -0.43
11031919 23 -0.43
12031919 23 -0.44
13031919 23 -0.45
14031919 23 -0.47
15031919 23 -0.48
16031919 23 -0.49
17031919 23 -0.49
18031919 23 -0.49
19031919 23 -0.48
20031919 23 -0.47
21031919 23 -0.45
22031919 23 -0.44
23031919 23 -0.43
24031919 23 -0.42
25031919 23 -0.43
26031919 23 -0.45
27031919 23 -0.48
28031919 23 -0.51
29031919 23 -0.54
30031919 23 -0.56
31031919 23 -0.57
01041919 23 -0.58
02041919 23 -0.57
03041919 23 -0.56
04041919 23 -0.54
05041919 23 -0.50
06041919 23 -0.47
07041919 23 -0.44
08041919 23 -0.42
09041919 23 -0.41
10041919 23 -0.42
11041919 23 -0.43
12041919 23 -0.44
13041919 23 -0.46
14041919 23 -0.48
15041919 23 -0.49
16041919 23 -0.50
17041919 23 -0.50
18041919 23 -0.49
19041919 23 -0.48
20041919 23 -0.46
21041919 23 -0.45
22041919 23 -0.45
23041919 23 -0.45
24041919 23 -0.46
25041919 23 -0.48
26041919 23 -0.50
27041919 23 -0.53
28041919 23 -0.55
29041919 23 -0.56
30041919 23 -0.57
01051919 23 -0.57
02051919 23 -0.56
03051919 23 -0.54
04051919 23 -0.51
05051919 23 -0.47
06051919 23 -0.44
07051919 23 -0.41
08051919 23 -0.40
09051919 23 -0.40
10051919 23 -0.41
11051919 23 -0.43
12051919 23 -0.45
13051919 23 -0.47
14051919 23 -0.49
15051919 23 -0.50
16051919 23 -0.51
17051919 23 -0.51
18051919 23 -0.51
19051919 23 -0.49
20051919 23 -0.48
21051919 23 -0.47
22051919 23 -0.47
23051919 23 -0.47
24051919 23 -0.48
25051919 23 -0.49
26051919 23 -0.51
27051919 23 -0.53
28051919 23 -0.55
29051919 23 -0.56
30051919 23 -0.56
31051919 23 -0.56
01061919 23 -0.54
02061919 23 -0.51
03061919 23 -0.47
04061919 23 -0.44
05061919 23 -0.41
06061919 23 -0.39
07061919 23 -0.39
08061919 23 -0.40
09061919 23 -0.41
10061919 23 -0.44
11061919 23 -0.46
12061919 23 -0.48
13061919 23 -0.51
14061919 23 -0.52
15061919 23 -0.53
16061919 23 -0.53
17061919 23 -0.52
18061919 23 -0.51
19061919 23 -0.50
20061919 23 -0.48
21061919 23 -0.48
22061919 23 -0.47
23061919 23 -0.48
24061919 23 -0.49
25061919 23 -0.51
26061919 23 -0.52
27061919 23 -0.54
28061919 23 -0.55
29061919 23 -0.55
30061919 23 -0.53
01071919 23 -0.51
02071919 23 -0.48
03071919 23 -0.44
04071919 23 -0.41
05071919 23 -0.39
06071919 23 -0.39
07071919 23 -0.39
08071919 23 -0.41
09071919 23 -0.43
10071919 23 -0.45
11071919 23 -0.48
12071919 23 -0.51
13071919 23 -0.54
14071919 23 -0.55
15071919 23 -0.56
16071919 23 -0.55
17071919 23 -0.54
18071919 23 -0.52
19071919 23 -0.50
20071919 23 -0.48
21071919 23 -0.46
22071919 23 -0.46
23071919 23 -0.47
24071919 23 -0.48
25071919 23 -0.50
26071919 23 -0.52
27071919 23 -0.53
28071919 23 -0.54
29071919 23 -0.53
30071919 23 -0.51
31071919 23 -0.48
01081919 23 -0.45
02081919 23 -0.42
03081919 23 -0.40
04081919 23 -0.39
05081919 23 -0.39
06081919 23 -0.40
07081919 23 -0.42
08081919 23 -0.45
09081919 23 -0.48
10081919 23 -0.52
11081919 23 -0.55
12081919 23 -0.57
13081919 23 -0.58
14081919 23 -0.57
15081919 23 -0.56
16081919 23 -0.54
17081919 23 -0.51
18081919 23 -0.48
19081919 23 -0.46
20081919 23 -0.44
21081919 23 -0.44
22081919 23 -0.46
23081919 23 -0.48
24081919 23 -0.50
25081919 23 -0.51
26081919 23 -0.52
27081919 23 -0.52
28081919 23 -0.50
29081919 23 -0.48
30081919 23 -0.46
31081919 23 -0.43
01091919 23 -0.42
02091919 23 -0.40
03091919 23 -0.40
04091919 23 -0.41
05091919 23 -0.42
06091919 23 -0.45
07091919 23 -0.49
08091919 23 -0.52
09091919 23 -0.55
10091919 23 -0.58
11091919 23 -0.59
12091919 23 -0.59
13091919 23 -0.57
14091919 23 -0.55
15091919 23 -0.51
16091919 23 -0.48
17091919 23 -0.45
18091919 23 -0.43
19091919 23 -0.42
20091919 23 -0.43
21091919 23 -0.45
22091919 23 -0.47
23091919 23 -0.49
24091919 23 -0.50
25091919 23 -0.51
26091919 23 -0.50
27091919 23 -0.49
28091919 23 -0.47
29091919 23 -0.45
30091919 23 -0.44
01101919 23 -0.42
02101919 23 -0.42
03101919 23 -0.42
04101919 23 -0.43
05101919 23 -0.45
06101919 23 -0.49
07101919 23 -0.52
08101919 23 -0.56
09101919 23 -0.58
10101919 23 -0.59
11101919 23 -0.59
12101919 23 -0.58
13101919 23 -0.55
14101919 23 -0.51
15101919 23 -0.47
16101919 23 -0.44
17101919 23 -0.42
18101919 23 -0.41
19101919 23 -0.41
20101919 23 -0.43
21101919 23 -0.45
22101919 23 -0.47
23101919 23 -0.49
24101919 23 -0.50
25101919 23 -0.50
26101919 23 -0.50
27101919 23 -0.49
28101919 23 -0.47
29101919 23 -0.46
30101919 23 -0.45
31101919 23 -0.44
01111919 23 -0.43
02111919 23 -0.44
03111919 23 -0.45
04111919 23 -0.48
05111919 23 -0.52
06111919 23 -0.55
07111919 23 -0.58
08111919 23 -0.59
09111919 23 -0.59
10111919 23 -0.57
11111919 23 -0.55
12111919 23 -0.51
13111919 23 -0.47
14111919 23 -0.43
15111919 23 -0.41
16111919 23 -0.40
17111919 23 -0.40
18111919 23 -0.41
19111919 23 -0.43
20111919 23 -0.45
21111919 23 -0.48
22111919 23 -0.50
23111919 23 -0.51
24111919 23 -0.51
25111919 23 -0.51
26111919 23 -0.50
27111919 23 -0.49
28111919 23 -0.47
29111919 23 -0.46
30111919 23 -0.45
01121919 23 -0.44
02121919 23 -0.46
03121919 23 -0.48
04121919 23 -0.51
05121919 23 -0.55
06121919 23 -0.57
07121919 23 -0.58
08121919 23 -0.58
09121919 23 -0.56
10121919 23 -0.54
11121919 23 -0.50
12121919 23 -0.47
13121919 23 -0.43
14121919 23 -0.40
15121919 23 -0.39
16121919 23 -0.39
17121919 23 -0.40
18121919 23 -0.41
19121919 23 -0.44
20121919 23 -0.47
21121919 23 -0.49
22121919 23 -0.51
23121919 23 -0.52
24121919 23 -0.53
25121919 23 -0.52
26121919 23 -0.51
27121919 23 -0.49
28121919 23 -0.48
29121919 23 -0.46
30121919 23 -0.45
31121919 23 -0.46
