01011910 23 -0.43
02011910 23 -0.40
03011910 23 -0.39
04011910 23 -0.38
05011910 23 -0.39
06011910 23 -0.41
07011910 23 -0.45
08011910 23 -0.48
09011910 23 -0.52
10011910 23 -0.54
11011910 23 -0.56
12011910 23 -0.57
13011910 23 -0.57
14011910 23 -0.56
15011910 23 -0.53
16011910 23 -0.51
17011910 23 -0.48
18011910 23 -0.46
19011910 23 -0.45
20011910 23 -0.45
21011910 23 -0.47
22011910 23 -0.48
23011910 23 -0.50
24011910 23 -0.51
25011910 23 -0.51
26011910 23 -0.51
27011910 23 -0.50
28011910 23 -0.48
29011910 23 -0.46
30011910 23 -0.44
31011910 23 -0.42
01021910 23 -0.40
02021910 23 -0.39
03021910 23 -0.40
04021910 23 -0.42
05021910 23 -0.45
06021910 23 -0.48
07021910 23 -0.52
08021910 23 -0.55
09021910 23 -0.57
10021910 23 -0.58
11021910 23 -0.58
12021910 23 -0.57
13021910 23 -0.55
14021910 23 -0.52
15021910 23 -0.49
16021910 23 -0.46
17021910 23 -0.44
18021910 23 -0.44
19021910 23 -0.44
20021910 23 -0.46
21021910 23 -0.47
22021910 23 -0.48
23021910 23 -0.49
24021910 23 -0.50
25021910 23 -0.49
26021910 23 -0.49
27021910 23 -0.47
28021910 23 -0.46
01031910 23 -0.44
02031910 23 -0.42
03031910 23 -0.41
04031910 23 -0.42
05031910 23 -0.43
06031910 23 -0.45
07031910 23 -0.48
08031910 23 -0.52
09031910 23 -0.54
10031910 23 -0.57
11031910 23 -0.58
12031910 23 -0.58
13031910 23 -0.57
14031910 23 -0.55
15031910 23 -0.53
16031910 23 -0.49
17031910 23 -0.46
18031910 23 -0.44
19031910 23 -0.43
20031910 23 -0.42
21031910 23 -0.43
22031910 23 -0.44
23031910 23 -0.46
24031910 23 -0.47
25031910 23 -0.48
26031910 23 -0.49
27031910 23 -0.49
28031910 23 -0.49
29031910 23 -0.48
30031910 23 -0.46
31031910 23 -0.45
01041910 23 -0.44
02041910 23 -0.44
03041910 23 -0.44
04041910 23 -0.46
05041910 23 -0.48
06041910 23 -0.51
07041910 23 -0.54
08041910 23 -0.56
09041910 23 -0.57
10041910 23 -0.58
11041910 23 -0.57
12041910 23 -0.56
13041910 23 -0.53
14041910 23 -0.50
15041910 23 -0.46
16041910 23 -0.43
17041910 23 -0.41
18041910 23 -0.40
19041910 23 -0.41
20041910 23 -0.42
21041910 23 -0.44
22041910 23 -0.46
23041910 23 -0.48
24041910 23 -0.49
25041910 23 -0.50
26041910 23 -0.50
27041910 23 -0.50
28041910 23 -0.49
29041910 23 -0.48
30041910 23 -0.47
01051910 23 -0.46
02051910 23 -0.46
03051910 23 -0.47
04051910 23 -0.48
05051910 23 -0.50
06051910 23 -0.52
07051910 23 -0.54
08051910 23 -0.56
09051910 23 -0.57
10051910 23 -0.57
11051910 23 -0.55
12051910 23 -0.53
13051910 23 -0.50
14051910 23 -0.47
15051910 23 -0.43
16051910 23 -0.40
17051910 23 -0.39
18051910 23 -0.39
19051910 23 -0.40
20051910 23 -0.42
21051910 23 -0.45
22051910 23 -0.47
23051910 23 -0.49
24051910 23 -0.51
25051910 23 -0.52
26051910 23 -0.52
27051910 23 -0.52
28051910 23 -0.51
29051910 23 -0.49
30051910 23 -0.48
31051910 23 -0.48
01061910 23 -0.47
02061910 23 -0.48
03061910 23 -0.49
04061910 23 -0.50
05061910 23 -0.52
06061910 23 -0.54
07061910 23 -0.55
08061910 23 -0.55
09061910 23 -0.55
10061910 23 -0.53
11061910 23 -0.50
12061910 23 -0.47
13061910 23 -0.43
14061910 23 -0.40
15061910 23 -0.39
16061910 23 -0.39
17061910 23 -0.40
18061910 23 -0.41
19061910 23 -0.44
20061910 23 -0.46
21061910 23 -0.49
22061910 23 -0.51
23061910 23 -0.53
24061910 23 -0.54
25061910 23 -0.55
26061910 23 -0.54
27061910 23 -0.52
28061910 23 -0.51
29061910 23 -0.49
30061910 23 -0.48
01071910 23 -0.47
02071910 23 -0.47
03071910 23 -0.48
04071910 23 -0.50
05071910 23 -0.51
06071910 23 -0.53
07071910 23 -0.54
08071910 23 -0.54
09071910 23 -0.53
10071910 23 -0.50
11071910 23 -0.47
12071910 23 -0.44
13071910 23 -0.41
14071910 23 -0.39
15071910 23 -0.39
16071910 23 -0.39
17071910 23 -0.41
18071910 23 -0.43
19071910 23 -0.46
20071910 23 -0.49
21071910 23 -0.52
22071910 23 -0.55
23071910 23 -0.56
24071910 23 -0.57
25071910 23 -0.56
26071910 23 -0.55
27071910 23 -0.52
28071910 23 -0.50
29071910 23 -0.48
30071910 23 -0.46
31071910 23 -0.45
01081910 23 -0.46
02081910 23 -0.47
03081910 23 -0.49
04081910 23 -0.51
05081910 23 -0.52
06081910 23 -0.53
07081910 23 -0.52
08081910 23 -0.50
09081910 23 -0.48
10081910 23 -0.45
11081910 23 -0.42
12081910 23 -0.41
13081910 23 -0.40
14081910 23 -0.40
15081910 23 -0.41
16081910 23 -0.43
17081910 23 -0.46
18081910 23 -0.49
19081910 23 -0.53
20081910 23 -0.56
21081910 23 -0.58
22081910 23 -0.58
23081910 23 -0.58
24081910 23 -0.56
25081910 23 -0.54
26081910 23 -0.51
27081910 23 -0.47
28081910 23 -0.45
29081910 23 -0.43
30081910 23 -0.43
31081910 23 -0.45
01091910 23 -0.47
02091910 23 -0.49
03091910 23 -0.50
04091910 23 -0.51
05091910 23 -0.51
06091910 23 -0.50
07091910 23 -0.48
08091910 23 -0.46
09091910 23 -0.44
10091910 23 -0.42
11091910 23 -0.41
12091910 23 -0.41
13091910 23 -0.42
14091910 23 -0.43
15091910 23 -0.46
16091910 23 -0.49
17091910 23 -0.53
18091910 23 -0.56
19091910 23 -0.58
20091910 23 -0.59
21091910 23 -0.59
22091910 23 -0.57
23091910 23 -0.54
24091910 23 -0.51
25091910 23 -0.47
26091910 23 -0.44
27091910 23 -0.42
28091910 23 -0.42
29091910 23 -0.43
30091910 23 -0.44
01101910 23 -0.46
02101910 23 -0.48
03101910 23 -0.50
04101910 23 -0.50
05101910 23 -0.50
06101910 23 -0.49
07101910 23 -0.48
08101910 23 -0.46
09101910 23 -0.45
10101910 23 -0.43
11101910 23 -0.43
12101910 23 -0.43
13101910 23 -0.44
14101910 23 -0.46
15101910 23 -0.49
16101910 23 -0.53
17101910 23 -0.56
18101910 23 -0.58
19101910 23 -0.59
20101910 23 -0.59
21101910 23 -0.57
22101910 23 -0.54
23101910 23 -0.50
24101910 23 -0.46
25101910 23 -0.43
26101910 23 -0.41
27101910 23 -0.40
28101910 23 -0.41
29101910 23 -0.42
30101910 23 -0.44
31101910 23 -0.47
01111910 23 -0.48
02111910 23 -0.50
03111910 23 -0.51
04111910 23 -0.51
05111910 23 -0.50
06111910 23 -0.49
07111910 23 -0.47
08111910 23 -0.46
09111910 23 -0.45
10111910 23 -0.44
11111910 23 -0.44
12111910 23 -0.46
13111910 23 -0.49
14111910 23 -0.52
15111910 23 -0.55
16111910 23 -0.58
17111910 23 -0.59
18111910 23 -0.58
19111910 23 -0.57
20111910 23 -0.54
21111910 23 -0.50
22111910 23 -0.46
23111910 23 -0.43
24111910 23 -0.40
25111910 23 -0.39
26111910 23 -0.39
27111910 23 -0.40
28111910 23 -0.43
29111910 23 -0.45
30111910 23 -0.48
01121910 23 -0.50
02121910 23 -0.51
03121910 23 -0.52
04121910 23 -0.52
05121910 23 -0.51
06121910 23 -0.50
07121910 23 -0.48
08121910 23 -0.46
09121910 23 -0.45
10121910 23 -0.45
11121910 23 -0.46
12121910 23 -0.48
13121910 23 -0.51
14121910 23 -0.54
15121910 23 -0.57
16121910 23 -0.57
17121910 23 -0.57
18121910 23 -0.55
19121910 23 -0.53
20121910 23 -0.50
21121910 23 -0.46
22121910 23 -0.43
23121910 23 -0.40
24121910 23 -0.39
25121910 23 -0.38
26121910 23 -0.39
27121910 23 -0.41
28121910 23 -0.44
29121910 23 -0.47
30121910 23 -0.50
31121910 23 -0.52
