01011929 23 -0.44
02011929 23 -0.41
03011929 23 -0.39
04011929 23 -0.38
05011929 23 -0.39
06011929 23 -0.41
07011929 23 -0.43
08011929 23 -0.46
09011929 23 -0.49
10011929 23 -0.51
11011929 23 -0.53
12011929 23 -0.53
13011929 23 -0.53
14011929 23 -0.52
15011929 23 -0.51
16011929 23 -0.49
17011929 23 -0.47
18011929 23 -0.46
19011929 23 -0.46
20011929 23 -0.47
21011929 23 -0.50
22011929 23 -0.52
23011929 23 -0.54
24011929 23 -0.55
25011929 23 -0.55
26011929 23 -0.54
27011929 23 -0.53
28011929 23 -0.50
29011929 23 -0.47
30011929 23 -0.44
31011929 23 -0.41
01021929 23 -0.39
02021929 23 -0.38
03021929 23 -0.38
04021929 23 -0.40
05021929 23 -0.43
06021929 23 -0.46
07021929 23 -0.49
08021929 23 -0.52
09021929 23 -0.53
10021929 23 -0.54
11021929 23 -0.55
12021929 23 -0.54
13021929 23 -0.53
14021929 23 -0.51
15021929 23 -0.49
16021929 23 -0.47
17021929 23 -0.46
18021929 23 -0.47
19021929 23 -0.48
20021929 23 -0.50
21021929 23 -0.52
22021929 23 -0.53
23021929 23 -0.53
24021929 23 -0.53
25021929 23 -0.52
26021929 23 -0.50
27021929 23 -0.48
28021929 23 -0.45
01031929 23 -0.42
02031929 23 -0.40
03031929 23 -0.39
04031929 23 -0.39
05031929 23 -0.40
06031929 23 -0.43
07031929 23 -0.46
08031929 23 -0.49
09031929 23 -0.52
10031929 23 -0.54
11031929 23 -0.56
12031929 23 -0.56
13031929 23 -0.56
14031929 23 -0.55
15031929 23 -0.53
16031929 23 -0.50
17031929 23 -0.48
18031929 23 -0.47
19031929 23 -0.46
20031929 23 -0.46
21031929 23 -0.47
22031929 23 -0.49
23031929 23 -0.50
24031929 23 -0.50
25031929 23 -0.51
26031929 23 -0.51
27031929 23 -0.50
28031929 23 -0.48
29031929 23 -0.46
30031929 23 -0.44
31031929 23 -0.41
01041929 23 -0.40
02041929 23 -0.40
03041929 23 -0.41
04041929 23 -0.43
05041929 23 -0.46
06041929 23 -0.49
07041929 23 -0.52
08041929 23 -0.54
09041929 23 -0.56
10041929 23 -0.57
11041929 23 -0.57
12041929 23 -0.56
13041929 23 -0.54
14041929 23 -0.52
15041929 23 -0.49
16041929 23 -0.47
17041929 23 -0.45
18041929 23 -0.44
19041929 23 -0.45
20041929 23 -0.45
21041929 23 -0.47
22041929 23 -0.48
23041929 23 -0.49
24041929 23 -0.50
25041929 23 -0.50
26041929 23 -0.49
27041929 23 -0.47
28041929 23 -0.45
29041929 23 -0.44
30041929 23 -0.42
01051929 23 -0.42
02051929 23 -0.42
03051929 23 -0.44
04051929 23 -0.46
05051929 23 -0.49
06051929 23 -0.51
07051929 23 -0.54
08051929 23 -0.56
09051929 23 -0.58
10051929 23 -0.58
11051929 23 -0.57
12051929 23 -0.56
13051929 23 -0.53
14051929 23 -0.50
15051929 23 -0.46
16051929 23 -0.44
17051929 23 -0.42
18051929 23 -0.42
19051929 23 -0.43
20051929 23 -0.44
21051929 23 -0.46
22051929 23 -0.47
23051929 23 -0.49
24051929 23 -0.49
25051929 23 -0.50
26051929 23 -0.49
27051929 23 -0.48
28051929 23 -0.46
29051929 23 -0.45
30051929 23 -0.44
31051929 23 -0.44
01061929 23 -0.45
02061929 23 -0.46
03061929 23 -0.48
04061929 23 -0.51
05061929 23 -0.53
06061929 23 -0.55
07061929 23 -0.57
08061929 23 -0.58
09061929 23 -0.58
10061929 23 -0.56
11061929 23 -0.53
12061929 23 -0.50
13061929 23 -0.46
14061929 23 -0.43
15061929 23 -0.41
16061929 23 -0.40
17061929 23 -0.41
18061929 23 -0.42
19061929 23 -0.44
20061929 23 -0.46
21061929 23 -0.48
22061929 23 -0.49
23061929 23 -0.50
24061929 23 -0.51
25061929 23 -0.50
26061929 23 -0.49
27061929 23 -0.48
28061929 23 -0.47
29061929 23 -0.46
30061929 23 -0.46
01071929 23 -0.46
02071929 23 -0.48
03071929 23 -0.49
04071929 23 -0.52
05071929 23 -0.54
06071929 23 -0.56
07071929 23 -0.57
08071929 23 -0.57
09071929 23 -0.56
10071929 23 -0.53
11071929 23 -0.50
12071929 23 -0.46
13071929 23 -0.42
14071929 23 -0.40
15071929 23 -0.39
16071929 23 -0.39
17071929 23 -0.40
18071929 23 -0.42
19071929 23 -0.45
20071929 23 -0.47
21071929 23 -0.49
22071929 23 -0.51
23071929 23 -0.53
24071929 23 -0.53
25071929 23 -0.52
26071929 23 -0.51
27071929 23 -0.50
28071929 23 -0.48
29071929 23 -0.47
30071929 23 -0.46
31071929 23 -0.47
01081929 23 -0.48
02081929 23 -0.50
03081929 23 -0.52
04081929 23 -0.55
05081929 23 -0.56
06081929 23 -0.56
07081929 23 -0.55
08081929 23 -0.53
09081929 23 -0.50
10081929 23 -0.46
11081929 23 -0.42
12081929 23 -0.40
13081929 23 -0.39
14081929 23 -0.38
15081929 23 -0.39
16081929 23 -0.41
17081929 23 -0.44
18081929 23 -0.47
19081929 23 -0.50
20081929 23 -0.53
21081929 23 -0.54
22081929 23 -0.55
23081929 23 -0.55
24081929 23 -0.54
25081929 23 -0.52
26081929 23 -0.50
27081929 23 -0.48
28081929 23 -0.46
29081929 23 -0.46
30081929 23 -0.46
31081929 23 -0.48
01091929 23 -0.50
02091929 23 -0.53
03091929 23 -0.54
04091929 23 -0.55
05091929 23 -0.54
06091929 23 -0.52
07091929 23 -0.49
08091929 23 -0.46
09091929 23 -0.43
10091929 23 -0.40
11091929 23 -0.39
12091929 23 -0.38
13091929 23 -0.39
14091929 23 -0.41
15091929 23 -0.43
16091929 23 -0.47
17091929 23 -0.50
18091929 23 -0.54
19091929 23 -0.56
20091929 23 -0.57
21091929 23 -0.57
22091929 23 -0.56
23091929 23 -0.54
24091929 23 -0.51
25091929 23 -0.49
26091929 23 -0.46
27091929 23 -0.45
28091929 23 -0.45
29091929 23 -0.46
30091929 23 -0.48
01101929 23 -0.51
02101929 23 -0.52
03101929 23 -0.53
04101929 23 -0.53
05101929 23 -0.51
06101929 23 -0.49
07101929 23 -0.46
08101929 23 -0.44
09101929 23 -0.41
10101929 23 -0.40
11101929 23 -0.39
12101929 23 -0.40
13101929 23 -0.41
14101929 23 -0.43
15101929 23 -0.47
16101929 23 -0.51
17101929 23 -0.54
18101929 23 -0.57
19101929 23 -0.58
20101929 23 -0.58
21101929 23 -0.57
22101929 23 -0.55
23101929 23 -0.52
24101929 23 -0.49
25101929 23 -0.46
26101929 23 -0.44
27101929 23 -0.43
28101929 23 -0.44
29101929 23 -0.46
30101929 23 -0.48
31101929 23 -0.50
01111929 23 -0.51
02111929 23 -0.51
03111929 23 -0.51
04111929 23 -0.49
05111929 23 -0.47
06111929 23 -0.45
07111929 23 -0.43
08111929 23 -0.42
09111929 23 -0.41
10111929 23 -0.41
11111929 23 -0.42
12111929 23 -0.44
13111929 23 -0.47
14111929 23 -0.51
15111929 23 -0.55
16111929 23 -0.57
17111929 23 -0.59
18111929 23 -0.59
19111929 23 -0.58
20111929 23 -0.56
21111929 23 -0.53
22111929 23 -0.49
23111929 23 -0.45
24111929 23 -0.43
25111929 23 -0.42
26111929 23 -0.42
27111929 23 -0.44
28111929 23 -0.46
29111929 23 -0.48
30111929 23 -0.49
01121929 23 -0.50
02121929 23 -0.50
03121929 23 -0.50
04121929 23 -0.49
05121929 23 -0.47
06121929 23 -0.45
07121929 23 -0.44
08121929 23 -0.42
09121929 23 -0.42
10121929 23 -0.42
11121929 23 -0.44
12121929 23 -0.47
13121929 23 -0.51
14121929 23 -0.55
15121929 23 -0.57
16121929 23 -0.59
17121929 23 -0.59
18121929 23 -0.58
19121929 23 -0.56
20121929 23 -0.52
21121929 23 -0.49
22121929 23 -0.45
23121929 23 -0.42
24121929 23 -0.41
25121929 23 -0.41
26121929 23 -0.42
27121929 23 -0.43
28121929 23 -0.45
29121929 23 -0.47
30121929 23 -0.49
31121929 23 -0.50
