01012002 23 -0.58
02012002 23 -0.56
03012002 23 -0.53
04012002 23 -0.50
05012002 23 -0.47
06012002 23 -0.44
07012002 23 -0.43
08012002 23 -0.43
09012002 23 -0.45
10012002 23 -0.46
11012002 23 -0.48
12012002 23 -0.49
13012002 23 -0.50
14012002 23 -0.50
15012002 23 -0.50
16012002 23 -0.48
17012002 23 -0.47
18012002 23 -0.45
19012002 23 -0.43
20012002 23 -0.42
21012002 23 -0.41
22012002 23 -0.42
23012002 23 -0.44
24012002 23 -0.46
25012002 23 -0.50
26012002 23 -0.53
27012002 23 -0.56
28012002 23 -0.58
29012002 23 -0.58
30012002 23 -0.58
31012002 23 -0.56
01022002 23 -0.54
02022002 23 -0.51
03022002 23 -0.47
04022002 23 -0.44
05022002 23 -0.43
06022002 23 -0.42
07022002 23 -0.42
08022002 23 -0.44
09022002 23 -0.45
10022002 23 -0.47
11022002 23 -0.48
12022002 23 -0.49
13022002 23 -0.49
14022002 23 -0.49
15022002 23 -0.48
16022002 23 -0.47
17022002 23 -0.45
18022002 23 -0.44
19022002 23 -0.43
20022002 23 -0.43
21022002 23 -0.45
22022002 23 -0.47
23022002 23 -0.50
24022002 23 -0.53
25022002 23 -0.55
26022002 23 -0.57
27022002 23 -0.58
28022002 23 -0.58
01032002 23 -0.56
02032002 23 -0.54
03032002 23 -0.51
04032002 23 -0.48
05032002 23 -0.44
06032002 23 -0.42
07032002 23 -0.41
08032002 23 -0.40
09032002 23 -0.41
10032002 23 -0.43
11032002 23 -0.45
12032002 23 -0.47
13032002 23 -0.49
14032002 23 -0.50
15032002 23 -0.50
16032002 23 -0.50
17032002 23 -0.49
18032002 23 -0.48
19032002 23 -0.47
20032002 23 -0.46
21032002 23 -0.45
22032002 23 -0.46
23032002 23 -0.47
24032002 23 -0.49
25032002 23 -0.52
26032002 23 -0.54
27032002 23 -0.56
28032002 23 -0.57
29032002 23 -0.57
30032002 23 -0.56
31032002 23 -0.54
01042002 23 -0.51
02042002 23 -0.48
03042002 23 -0.44
04042002 23 -0.41
05042002 23 -0.40
06042002 23 -0.39
07042002 23 -0.40
08042002 23 -0.41
09042002 23 -0.44
10042002 23 -0.46
11042002 23 -0.48
12042002 23 -0.50
13042002 23 -0.51
14042002 23 -0.52
15042002 23 -0.52
16042002 23 -0.51
17042002 23 -0.50
18042002 23 -0.48
19042002 23 -0.47
20042002 23 -0.47
21042002 23 -0.47
22042002 23 -0.49
23042002 23 -0.50
24042002 23 -0.52
25042002 23 -0.54
26042002 23 -0.55
27042002 23 -0.55
28042002 23 -0.55
29042002 23 -0.54
30042002 23 -0.51
01052002 23 -0.48
02052002 23 -0.45
03052002 23 -0.41
04052002 23 -0.39
05052002 23 -0.38
06052002 23 -0.39
07052002 23 -0.41
08052002 23 -0.43
09052002 23 -0.45
10052002 23 -0.48
11052002 23 -0.50
12052002 23 -0.52
13052002 23 -0.54
14052002 23 -0.54
15052002 23 -0.54
16052002 23 -0.53
17052002 23 -0.51
18052002 23 -0.49
19052002 23 -0.48
20052002 23 -0.47
21052002 23 -0.48
22052002 23 -0.48
23052002 23 -0.50
24052002 23 -0.51
25052002 23 -0.52
26052002 23 -0.53
27052002 23 -0.53
28052002 23 -0.53
29052002 23 -0.51
30052002 23 -0.48
31052002 23 -0.45
01062002 23 -0.42
02062002 23 -0.40
03062002 23 -0.39
04062002 23 -0.39
05062002 23 -0.40
06062002 23 -0.42
07062002 23 -0.45
08062002 23 -0.48
09062002 23 -0.51
10062002 23 -0.53
11062002 23 -0.55
12062002 23 -0.56
13062002 23 -0.56
14062002 23 -0.55
15062002 23 -0.53
16062002 23 -0.51
17062002 23 -0.49
18062002 23 -0.47
19062002 23 -0.46
20062002 23 -0.46
21062002 23 -0.47
22062002 23 -0.48
23062002 23 -0.50
24062002 23 -0.51
25062002 23 -0.52
26062002 23 -0.52
27062002 23 -0.51
28062002 23 -0.49
29062002 23 -0.46
30062002 23 -0.43
01072002 23 -0.41
02072002 23 -0.40
03072002 23 -0.40
04072002 23 -0.41
05072002 23 -0.42
06072002 23 -0.45
07072002 23 -0.47
08072002 23 -0.51
09072002 23 -0.54
10072002 23 -0.56
11072002 23 -0.58
12072002 23 -0.58
13072002 23 -0.57
14072002 23 -0.55
15072002 23 -0.52
16072002 23 -0.49
17072002 23 -0.47
18072002 23 -0.45
19072002 23 -0.44
20072002 23 -0.44
21072002 23 -0.45
22072002 23 -0.47
23072002 23 -0.49
24072002 23 -0.50
25072002 23 -0.51
26072002 23 -0.51
27072002 23 -0.49
28072002 23 -0.47
29072002 23 -0.45
30072002 23 -0.43
31072002 23 -0.42
01082002 23 -0.41
02082002 23 -0.42
03082002 23 -0.43
04082002 23 -0.44
05082002 23 -0.47
06082002 23 -0.51
07082002 23 -0.54
08082002 23 -0.57
09082002 23 -0.59
10082002 23 -0.59
11082002 23 -0.58
12082002 23 -0.56
13082002 23 -0.53
14082002 23 -0.49
15082002 23 -0.46
16082002 23 -0.43
17082002 23 -0.42
18082002 23 -0.42
19082002 23 -0.43
20082002 23 -0.45
21082002 23 -0.47
22082002 23 -0.49
23082002 23 -0.50
24082002 23 -0.50
25082002 23 -0.50
26082002 23 -0.49
27082002 23 -0.47
28082002 23 -0.46
29082002 23 -0.44
30082002 23 -0.43
31082002 23 -0.43
01092002 23 -0.43
02092002 23 -0.45
03092002 23 -0.47
04092002 23 -0.50
05092002 23 -0.54
06092002 23 -0.57
07092002 23 -0.59
08092002 23 -0.59
09092002 23 -0.59
10092002 23 -0.56
11092002 23 -0.53
12092002 23 -0.49
13092002 23 -0.45
14092002 23 -0.42
15092002 23 -0.40
16092002 23 -0.40
17092002 23 -0.41
18092002 23 -0.43
19092002 23 -0.45
20092002 23 -0.47
21092002 23 -0.49
22092002 23 -0.50
23092002 23 -0.51
24092002 23 -0.51
25092002 23 -0.50
26092002 23 -0.48
27092002 23 -0.47
28092002 23 -0.46
29092002 23 -0.45
30092002 23 -0.44
01102002 23 -0.45
02102002 23 -0.47
03102002 23 -0.50
04102002 23 -0.53
05102002 23 -0.56
06102002 23 -0.58
07102002 23 -0.59
08102002 23 -0.58
09102002 23 -0.56
10102002 23 -0.53
11102002 23 -0.49
12102002 23 -0.45
13102002 23 -0.41
14102002 23 -0.39
15102002 23 -0.39
16102002 23 -0.39
17102002 23 -0.41
18102002 23 -0.43
19102002 23 -0.46
20102002 23 -0.49
21102002 23 -0.51
22102002 23 -0.52
23102002 23 -0.52
24102002 23 -0.52
25102002 23 -0.51
26102002 23 -0.49
27102002 23 -0.48
28102002 23 -0.46
29102002 23 -0.45
30102002 23 -0.45
31102002 23 -0.46
01112002 23 -0.49
02112002 23 -0.52
03112002 23 -0.55
04112002 23 -0.57
05112002 23 -0.58
06112002 23 -0.57
07112002 23 -0.55
08112002 23 -0.52
09112002 23 -0.48
10112002 23 -0.44
11112002 23 -0.41
12112002 23 -0.39
13112002 23 -0.38
14112002 23 -0.38
15112002 23 -0.40
16112002 23 -0.42
17112002 23 -0.45
18112002 23 -0.48
19112002 23 -0.51
20112002 23 -0.53
21112002 23 -0.54
22112002 23 -0.54
23112002 23 -0.53
24112002 23 -0.52
25112002 23 -0.50
26112002 23 -0.48
27112002 23 -0.46
28112002 23 -0.45
29112002 23 -0.46
30112002 23 -0.48
01122002 23 -0.51
02122002 23 -0.53
03122002 23 -0.55
04122002 23 -0.56
05122002 23 -0.55
06122002 23 -0.53
07122002 23 -0.51
08122002 23 -0.48
09122002 23 -0.45
10122002 23 -0.42
11122002 23 -0.39
12122002 23 -0.38
13122002 23 -0.38
14122002 23 -0.39
15122002 23 -0.42
16122002 23 -0.45
17122002 23 -0.48
18122002 23 -0.52
19122002 23 -0.54
20122002 23 -0.55
21122002 23 -0.56
22122002 23 -0.55
23122002 23 -0.54
24122002 23 -0.52
25122002 23 -0.49
26122002 23 -0.47
27122002 23 -0.46
28122002 23 -0.45
29122002 23 -0.47
30122002 23 -0.49
31122002 23 -0.51
