01011952 23 -0.52
02011952 23 -0.48
03011952 23 -0.44
04011952 23 -0.42
05011952 23 -0.40
06011952 23 -0.40
07011952 23 -0.41
08011952 23 -0.43
09011952 23 -0.45
10011952 23 -0.47
11011952 23 -0.49
12011952 23 -0.50
13011952 23 -0.51
14011952 23 -0.51
15011952 23 -0.50
16011952 23 -0.49
17011952 23 -0.47
18011952 23 -0.46
19011952 23 -0.45
20011952 23 -0.45
21011952 23 -0.46
22011952 23 -0.48
23011952 23 -0.51
24011952 23 -0.54
25011952 23 -0.56
26011952 23 -0.57
27011952 23 -0.57
28011952 23 -0.56
29011952 23 -0.54
30011952 23 -0.51
31011952 23 -0.48
01021952 23 -0.45
02021952 23 -0.42
03021952 23 -0.40
04021952 23 -0.39
05021952 23 -0.39
06021952 23 -0.41
07021952 23 -0.43
08021952 23 -0.46
09021952 23 -0.48
10021952 23 -0.50
11021952 23 -0.52
12021952 23 -0.52
13021952 23 -0.52
14021952 23 -0.51
15021952 23 -0.50
16021952 23 -0.48
17021952 23 -0.47
18021952 23 -0.46
19021952 23 -0.47
20021952 23 -0.48
21021952 23 -0.50
22021952 23 -0.52
23021952 23 -0.54
24021952 23 -0.55
25021952 23 -0.55
26021952 23 -0.55
27021952 23 -0.53
28021952 23 -0.51
29021952 23 -0.48
01031952 23 -0.45
02031952 23 -0.42
03031952 23 -0.39
04031952 23 -0.38
05031952 23 -0.39
06031952 23 -0.40
07031952 23 -0.42
08031952 23 -0.45
09031952 23 -0.48
10031952 23 -0.50
11031952 23 -0.52
12031952 23 -0.54
13031952 23 -0.54
14031952 23 -0.54
15031952 23 -0.53
16031952 23 -0.51
17031952 23 -0.49
18031952 23 -0.48
19031952 23 -0.47
20031952 23 -0.47
21031952 23 -0.49
22031952 23 -0.50
23031952 23 -0.52
24031952 23 -0.53
25031952 23 -0.53
26031952 23 -0.53
27031952 23 -0.52
28031952 23 -0.51
29031952 23 -0.48
30031952 23 -0.45
31031952 23 -0.43
01041952 23 -0.40
02041952 23 -0.39
03041952 23 -0.39
04041952 23 -0.40
05041952 23 -0.42
06041952 23 -0.45
07041952 23 -0.48
08041952 23 -0.51
09041952 23 -0.53
10041952 23 -0.55
11041952 23 -0.56
12041952 23 -0.56
13041952 23 -0.55
14041952 23 -0.53
15041952 23 -0.51
16041952 23 -0.49
17041952 23 -0.47
18041952 23 -0.47
19041952 23 -0.47
20041952 23 -0.48
21041952 23 -0.49
22041952 23 -0.50
23041952 23 -0.51
24041952 23 -0.51
25041952 23 -0.51
26041952 23 -0.50
27041952 23 -0.49
28041952 23 -0.46
29041952 23 -0.44
30041952 23 -0.41
01051952 23 -0.40
02051952 23 -0.40
03051952 23 -0.40
04051952 23 -0.42
05051952 23 -0.45
06051952 23 -0.48
07051952 23 -0.51
08051952 23 -0.53
09051952 23 -0.56
10051952 23 -0.57
11051952 23 -0.57
12051952 23 -0.57
13051952 23 -0.55
14051952 23 -0.52
15051952 23 -0.50
16051952 23 -0.47
17051952 23 -0.46
18051952 23 -0.45
19051952 23 -0.45
20051952 23 -0.46
21051952 23 -0.47
22051952 23 -0.48
23051952 23 -0.49
24051952 23 -0.50
25051952 23 -0.50
26051952 23 -0.49
27051952 23 -0.47
28051952 23 -0.45
29051952 23 -0.43
30051952 23 -0.42
31051952 23 -0.41
01061952 23 -0.42
02061952 23 -0.43
03061952 23 -0.45
04061952 23 -0.47
05061952 23 -0.50
06061952 23 -0.53
07061952 23 -0.56
08061952 23 -0.57
09061952 23 -0.58
10061952 23 -0.58
11061952 23 -0.56
12061952 23 -0.54
13061952 23 -0.51
14061952 23 -0.47
15061952 23 -0.45
16061952 23 -0.43
17061952 23 -0.42
18061952 23 -0.43
19061952 23 -0.44
20061952 23 -0.46
21061952 23 -0.48
22061952 23 -0.49
23061952 23 -0.50
24061952 23 -0.50
25061952 23 -0.49
26061952 23 -0.47
27061952 23 -0.46
28061952 23 -0.45
29061952 23 -0.44
30061952 23 -0.44
01071952 23 -0.44
02071952 23 -0.45
03071952 23 -0.47
04071952 23 -0.50
05071952 23 -0.52
06071952 23 -0.55
07071952 23 -0.57
08071952 23 -0.59
09071952 23 -0.58
10071952 23 -0.57
11071952 23 -0.54
12071952 23 -0.51
13071952 23 -0.47
14071952 23 -0.44
15071952 23 -0.41
16071952 23 -0.40
17071952 23 -0.41
18071952 23 -0.42
19071952 23 -0.44
20071952 23 -0.46
21071952 23 -0.48
22071952 23 -0.49
23071952 23 -0.50
24071952 23 -0.51
25071952 23 -0.50
26071952 23 -0.49
27071952 23 -0.47
28071952 23 -0.46
29071952 23 -0.45
30071952 23 -0.45
31071952 23 -0.45
01081952 23 -0.47
02081952 23 -0.49
03081952 23 -0.52
04081952 23 -0.54
05081952 23 -0.57
06081952 23 -0.58
07081952 23 -0.58
08081952 23 -0.57
09081952 23 -0.54
10081952 23 -0.50
11081952 23 -0.46
12081952 23 -0.43
13081952 23 -0.40
14081952 23 -0.39
15081952 23 -0.39
16081952 23 -0.40
17081952 23 -0.42
18081952 23 -0.45
19081952 23 -0.47
20081952 23 -0.50
21081952 23 -0.51
22081952 23 -0.52
23081952 23 -0.52
24081952 23 -0.51
25081952 23 -0.50
26081952 23 -0.49
27081952 23 -0.47
28081952 23 -0.46
29081952 23 -0.46
30081952 23 -0.46
31081952 23 -0.48
01091952 23 -0.50
02091952 23 -0.53
03091952 23 -0.56
04091952 23 -0.57
05091952 23 -0.57
06091952 23 -0.56
07091952 23 -0.54
08091952 23 -0.50
09091952 23 -0.46
10091952 23 -0.43
11091952 23 -0.40
12091952 23 -0.38
13091952 23 -0.38
14091952 23 -0.39
15091952 23 -0.41
16091952 23 -0.44
17091952 23 -0.47
18091952 23 -0.50
19091952 23 -0.52
20091952 23 -0.54
21091952 23 -0.54
22091952 23 -0.54
23091952 23 -0.53
24091952 23 -0.51
25091952 23 -0.49
26091952 23 -0.47
27091952 23 -0.46
28091952 23 -0.46
29091952 23 -0.47
30091952 23 -0.49
01101952 23 -0.51
02101952 23 -0.54
03101952 23 -0.55
04101952 23 -0.56
05101952 23 -0.55
06101952 23 -0.53
07101952 23 -0.50
08101952 23 -0.46
09101952 23 -0.43
10101952 23 -0.40
11101952 23 -0.39
12101952 23 -0.38
13101952 23 -0.39
14101952 23 -0.41
15101952 23 -0.43
16101952 23 -0.47
17101952 23 -0.50
18101952 23 -0.53
19101952 23 -0.55
20101952 23 -0.56
21101952 23 -0.56
22101952 23 -0.55
23101952 23 -0.53
24101952 23 -0.51
25101952 23 -0.48
26101952 23 -0.46
27101952 23 -0.45
28101952 23 -0.45
29101952 23 -0.47
30101952 23 -0.49
31101952 23 -0.52
01111952 23 -0.53
02111952 23 -0.54
03111952 23 -0.53
04111952 23 -0.52
05111952 23 -0.49
06111952 23 -0.46
07111952 23 -0.44
08111952 23 -0.41
09111952 23 -0.40
10111952 23 -0.39
11111952 23 -0.39
12111952 23 -0.41
13111952 23 -0.43
14111952 23 -0.47
15111952 23 -0.51
16111952 23 -0.54
17111952 23 -0.56
18111952 23 -0.58
19111952 23 -0.58
20111952 23 -0.57
21111952 23 -0.55
22111952 23 -0.52
23111952 23 -0.49
24111952 23 -0.46
25111952 23 -0.44
26111952 23 -0.44
27111952 23 -0.45
28111952 23 -0.47
29111952 23 -0.49
30111952 23 -0.51
01121952 23 -0.52
02121952 23 -0.51
03121952 23 -0.51
04121952 23 -0.49
05121952 23 -0.47
06121952 23 -0.45
07121952 23 -0.43
08121952 23 -0.41
09121952 23 -0.40
10121952 23 -0.40
11121952 23 -0.41
12121952 23 -0.44
13121952 23 -0.47
14121952 23 -0.51
15121952 23 -0.54
16121952 23 -0.57
17121952 23 -0.58
18121952 23 -0.59
19121952 23 -0.58
20121952 23 -0.55
21121952 23 -0.52
22121952 23 -0.49
23121952 23 -0.46
24121952 23 -0.44
25121952 23 -0.43
26121952 23 -0.43
27121952 23 -0.45
28121952 23 -0.47
29121952 23 -0.48
30121952 23 -0.49
31121952 23 -0.50
