01011976 23 -0.52
02011976 23 -0.52
03011976 23 -0.51
04011976 23 -0.49
05011976 23 -0.47
06011976 23 -0.44
07011976 23 -0.42
08011976 23 -0.40
09011976 23 -0.39
10011976 23 -0.39
11011976 23 -0.41
12011976 23 -0.43
13011976 23 -0.47
14011976 23 -0.51
15011976 23 -0.54
16011976 23 -0.56
17011976 23 -0.58
18011976 23 -0.58
19011976 23 -0.57
20011976 23 -0.55
21011976 23 -0.52
22011976 23 -0.49
23011976 23 -0.47
24011976 23 -0.45
25011976 23 -0.44
26011976 23 -0.44
27011976 23 -0.46
28011976 23 -0.47
29011976 23 -0.49
30011976 23 -0.50
31011976 23 -0.50
01021976 23 -0.50
02021976 23 -0.49
03021976 23 -0.48
04021976 23 -0.46
05021976 23 -0.44
06021976 23 -0.42
07021976 23 -0.41
08021976 23 -0.41
09021976 23 -0.42
10021976 23 -0.44
11021976 23 -0.47
12021976 23 -0.51
13021976 23 -0.54
14021976 23 -0.56
15021976 23 -0.58
16021976 23 -0.58
17021976 23 -0.58
18021976 23 -0.56
19021976 23 -0.53
20021976 23 -0.50
21021976 23 -0.47
22021976 23 -0.44
23021976 23 -0.43
24021976 23 -0.43
25021976 23 -0.43
26021976 23 -0.45
27021976 23 -0.46
28021976 23 -0.48
29021976 23 -0.49
01031976 23 -0.49
02031976 23 -0.49
03031976 23 -0.49
04031976 23 -0.47
05031976 23 -0.46
06031976 23 -0.45
07031976 23 -0.43
08031976 23 -0.43
09031976 23 -0.43
10031976 23 -0.45
11031976 23 -0.47
12031976 23 -0.50
13031976 23 -0.53
14031976 23 -0.56
15031976 23 -0.57
16031976 23 -0.58
17031976 23 -0.57
18031976 23 -0.56
19031976 23 -0.54
20031976 23 -0.51
21031976 23 -0.47
22031976 23 -0.44
23031976 23 -0.42
24031976 23 -0.41
25031976 23 -0.41
26031976 23 -0.42
27031976 23 -0.44
28031976 23 -0.46
29031976 23 -0.47
30031976 23 -0.49
31031976 23 -0.50
01041976 23 -0.50
02041976 23 -0.50
03041976 23 -0.49
04041976 23 -0.47
05041976 23 -0.46
06041976 23 -0.45
07041976 23 -0.45
08041976 23 -0.46
09041976 23 -0.48
10041976 23 -0.50
11041976 23 -0.52
12041976 23 -0.54
13041976 23 -0.56
14041976 23 -0.57
15041976 23 -0.57
16041976 23 -0.56
17041976 23 -0.54
18041976 23 -0.51
19041976 23 -0.48
20041976 23 -0.44
21041976 23 -0.41
22041976 23 -0.40
23041976 23 -0.39
24041976 23 -0.40
25041976 23 -0.42
26041976 23 -0.44
27041976 23 -0.46
28041976 23 -0.48
29041976 23 -0.50
30041976 23 -0.51
01051976 23 -0.52
02051976 23 -0.51
03051976 23 -0.50
04051976 23 -0.49
05051976 23 -0.48
06051976 23 -0.47
07051976 23 -0.47
08051976 23 -0.48
09051976 23 -0.49
10051976 23 -0.51
11051976 23 -0.52
12051976 23 -0.54
13051976 23 -0.55
14051976 23 -0.56
15051976 23 -0.55
16051976 23 -0.54
17051976 23 -0.51
18051976 23 -0.48
19051976 23 -0.44
20051976 23 -0.41
21051976 23 -0.39
22051976 23 -0.39
23051976 23 -0.39
24051976 23 -0.41
25051976 23 -0.43
26051976 23 -0.46
27051976 23 -0.48
28051976 23 -0.51
29051976 23 -0.52
30051976 23 -0.54
31051976 23 -0.54
01061976 23 -0.53
02061976 23 -0.52
03061976 23 -0.50
04061976 23 -0.49
05061976 23 -0.48
06061976 23 -0.47
07061976 23 -0.48
08061976 23 -0.49
09061976 23 -0.50
10061976 23 -0.52
11061976 23 -0.53
12061976 23 -0.54
13061976 23 -0.54
14061976 23 -0.53
15061976 23 -0.51
16061976 23 -0.48
17061976 23 -0.45
18061976 23 -0.42
19061976 23 -0.40
20061976 23 -0.39
21061976 23 -0.39
22061976 23 -0.41
23061976 23 -0.43
24061976 23 -0.45
25061976 23 -0.48
26061976 23 -0.51
27061976 23 -0.53
28061976 23 -0.55
29061976 23 -0.56
30061976 23 -0.56
01071976 23 -0.55
02071976 23 -0.53
03071976 23 -0.51
04071976 23 -0.48
05071976 23 -0.47
06071976 23 -0.46
07071976 23 -0.46
08071976 23 -0.47
09071976 23 -0.49
10071976 23 -0.51
11071976 23 -0.52
12071976 23 -0.53
13071976 23 -0.52
14071976 23 -0.51
15071976 23 -0.48
16071976 23 -0.45
17071976 23 -0.43
18071976 23 -0.41
19071976 23 -0.40
20071976 23 -0.40
21071976 23 -0.41
22071976 23 -0.42
23071976 23 -0.45
24071976 23 -0.48
25071976 23 -0.51
26071976 23 -0.54
27071976 23 -0.57
28071976 23 -0.58
29071976 23 -0.58
30071976 23 -0.57
31071976 23 -0.54
01081976 23 -0.52
02081976 23 -0.49
03081976 23 -0.46
04081976 23 -0.44
05081976 23 -0.44
06081976 23 -0.45
07081976 23 -0.47
08081976 23 -0.48
09081976 23 -0.50
10081976 23 -0.51
11081976 23 -0.51
12081976 23 -0.51
13081976 23 -0.49
14081976 23 -0.47
15081976 23 -0.44
16081976 23 -0.42
17081976 23 -0.41
18081976 23 -0.41
19081976 23 -0.41
20081976 23 -0.42
21081976 23 -0.45
22081976 23 -0.48
23081976 23 -0.51
24081976 23 -0.55
25081976 23 -0.57
26081976 23 -0.59
27081976 23 -0.59
28081976 23 -0.58
29081976 23 -0.55
30081976 23 -0.52
31081976 23 -0.48
01091976 23 -0.45
02091976 23 -0.43
03091976 23 -0.42
04091976 23 -0.43
05091976 23 -0.44
06091976 23 -0.46
07091976 23 -0.48
08091976 23 -0.50
09091976 23 -0.50
10091976 23 -0.50
11091976 23 -0.50
12091976 23 -0.48
13091976 23 -0.46
14091976 23 -0.45
15091976 23 -0.43
16091976 23 -0.42
17091976 23 -0.42
18091976 23 -0.43
19091976 23 -0.45
20091976 23 -0.48
21091976 23 -0.51
22091976 23 -0.55
23091976 23 -0.58
24091976 23 -0.59
25091976 23 -0.59
26091976 23 -0.58
27091976 23 -0.56
28091976 23 -0.52
29091976 23 -0.48
30091976 23 -0.44
01101976 23 -0.42
02101976 23 -0.40
03101976 23 -0.41
04101976 23 -0.42
05101976 23 -0.44
06101976 23 -0.46
07101976 23 -0.48
08101976 23 -0.50
09101976 23 -0.50
10101976 23 -0.51
11101976 23 -0.50
12101976 23 -0.48
13101976 23 -0.47
14101976 23 -0.46
15101976 23 -0.45
16101976 23 -0.44
17101976 23 -0.44
18101976 23 -0.45
19101976 23 -0.48
20101976 23 -0.51
21101976 23 -0.54
22101976 23 -0.57
23101976 23 -0.59
24101976 23 -0.59
25101976 23 -0.58
26101976 23 -0.55
27101976 23 -0.52
28101976 23 -0.48
29101976 23 -0.44
30101976 23 -0.41
31101976 23 -0.39
01111976 23 -0.39
02111976 23 -0.40
03111976 23 -0.42
04111976 23 -0.44
05111976 23 -0.47
06111976 23 -0.49
07111976 23 -0.51
08111976 23 -0.52
09111976 23 -0.52
10111976 23 -0.51
11111976 23 -0.50
12111976 23 -0.48
13111976 23 -0.47
14111976 23 -0.45
15111976 23 -0.45
16111976 23 -0.45
17111976 23 -0.47
18111976 23 -0.50
19111976 23 -0.53
20111976 23 -0.56
21111976 23 -0.58
22111976 23 -0.58
23111976 23 -0.57
24111976 23 -0.54
25111976 23 -0.51
26111976 23 -0.47
27111976 23 -0.44
28111976 23 -0.41
29111976 23 -0.39
30111976 23 -0.38
01121976 23 -0.39
02121976 23 -0.41
03121976 23 -0.43
04121976 23 -0.46
05121976 23 -0.49
06121976 23 -0.51
07121976 23 -0.53
08121976 23 -0.53
09121976 23 -0.53
10121976 23 -0.52
11121976 23 -0.51
12121976 23 -0.49
13121976 23 -0.47
14121976 23 -0.46
15121976 23 -0.46
16121976 23 -0.47
17121976 23 -0.49
18121976 23 -0.52
19121976 23 -0.54
20121976 23 -0.56
21121976 23 -0.56
22121976 23 -0.55
23121976 23 -0.53
24121976 23 -0.50
25121976 23 -0.47
26121976 23 -0.44
27121976 23 -0.41
28121976 23 -0.39
29121976 23 -0.38
30121976 23 -0.38
31121976 23 -0.40
