01011934 23 -0.51
02011934 23 -0.51
03011934 23 -0.51
04011934 23 -0.50
05011934 23 -0.49
06011934 23 -0.47
07011934 23 -0.46
08011934 23 -0.45
09011934 23 -0.45
10011934 23 -0.46
11011934 23 -0.49
12011934 23 -0.52
13011934 23 -0.55
14011934 23 -0.57
15011934 23 -0.57
16011934 23 -0.57
17011934 23 -0.56
18011934 23 -0.53
19011934 23 -0.50
20011934 23 -0.47
21011934 23 -0.43
22011934 23 -0.41
23011934 23 -0.39
24011934 23 -0.39
25011934 23 -0.40
26011934 23 -0.42
27011934 23 -0.44
28011934 23 -0.47
29011934 23 -0.49
30011934 23 -0.51
31011934 23 -0.52
01021934 23 -0.52
02021934 23 -0.52
03021934 23 -0.51
04021934 23 -0.50
05021934 23 -0.48
06021934 23 -0.47
07021934 23 -0.46
08021934 23 -0.47
09021934 23 -0.48
10021934 23 -0.51
11021934 23 -0.53
12021934 23 -0.55
13021934 23 -0.55
14021934 23 -0.55
15021934 23 -0.54
16021934 23 -0.52
17021934 23 -0.50
18021934 23 -0.47
19021934 23 -0.44
20021934 23 -0.41
21021934 23 -0.39
22021934 23 -0.38
23021934 23 -0.39
24021934 23 -0.41
25021934 23 -0.44
26021934 23 -0.46
27021934 23 -0.49
28021934 23 -0.51
01031934 23 -0.53
02031934 23 -0.54
03031934 23 -0.54
04031934 23 -0.54
05031934 23 -0.52
06031934 23 -0.50
07031934 23 -0.48
08031934 23 -0.47
09031934 23 -0.47
10031934 23 -0.48
11031934 23 -0.49
12031934 23 -0.51
13031934 23 -0.52
14031934 23 -0.53
15031934 23 -0.53
16031934 23 -0.53
17031934 23 -0.52
18031934 23 -0.50
19031934 23 -0.47
20031934 23 -0.44
21031934 23 -0.41
22031934 23 -0.39
23031934 23 -0.39
24031934 23 -0.39
25031934 23 -0.41
26031934 23 -0.43
27031934 23 -0.46
28031934 23 -0.49
29031934 23 -0.52
30031934 23 -0.54
31031934 23 -0.55
01041934 23 -0.56
02041934 23 -0.56
03041934 23 -0.54
04041934 23 -0.52
05041934 23 -0.50
06041934 23 -0.48
07041934 23 -0.47
08041934 23 -0.46
09041934 23 -0.47
10041934 23 -0.48
11041934 23 -0.49
12041934 23 -0.50
13041934 23 -0.51
14041934 23 -0.51
15041934 23 -0.51
16041934 23 -0.50
17041934 23 -0.48
18041934 23 -0.45
19041934 23 -0.43
20041934 23 -0.41
21041934 23 -0.40
22041934 23 -0.40
23041934 23 -0.41
24041934 23 -0.43
25041934 23 -0.46
26041934 23 -0.49
27041934 23 -0.52
28041934 23 -0.54
29041934 23 -0.56
30041934 23 -0.57
01051934 23 -0.57
02051934 23 -0.56
03051934 23 -0.54
04051934 23 -0.51
05051934 23 -0.49
06051934 23 -0.47
07051934 23 -0.45
08051934 23 -0.45
09051934 23 -0.45
10051934 23 -0.46
11051934 23 -0.47
12051934 23 -0.49
13051934 23 -0.50
14051934 23 -0.50
15051934 23 -0.50
16051934 23 -0.49
17051934 23 -0.47
18051934 23 -0.45
19051934 23 -0.43
20051934 23 -0.42
21051934 23 -0.41
22051934 23 -0.42
23051934 23 -0.44
24051934 23 -0.46
25051934 23 -0.49
26051934 23 -0.52
27051934 23 -0.54
28051934 23 -0.56
29051934 23 -0.58
30051934 23 -0.58
31051934 23 -0.57
01061934 23 -0.55
02061934 23 -0.52
03061934 23 -0.49
04061934 23 -0.46
05061934 23 -0.44
06061934 23 -0.42
07061934 23 -0.42
08061934 23 -0.43
09061934 23 -0.45
10061934 23 -0.47
11061934 23 -0.48
12061934 23 -0.49
13061934 23 -0.50
14061934 23 -0.49
15061934 23 -0.48
16061934 23 -0.47
17061934 23 -0.45
18061934 23 -0.44
19061934 23 -0.44
20061934 23 -0.44
21061934 23 -0.45
22061934 23 -0.46
23061934 23 -0.48
24061934 23 -0.51
25061934 23 -0.54
26061934 23 -0.56
27061934 23 -0.58
28061934 23 -0.58
29061934 23 -0.58
30061934 23 -0.56
01071934 23 -0.53
02071934 23 -0.49
03071934 23 -0.46
04071934 23 -0.43
05071934 23 -0.41
06071934 23 -0.40
07071934 23 -0.41
08071934 23 -0.43
09071934 23 -0.45
10071934 23 -0.47
11071934 23 -0.48
12071934 23 -0.50
13071934 23 -0.51
14071934 23 -0.50
15071934 23 -0.50
16071934 23 -0.49
17071934 23 -0.47
18071934 23 -0.46
19071934 23 -0.46
20071934 23 -0.45
21071934 23 -0.46
22071934 23 -0.47
23071934 23 -0.50
24071934 23 -0.52
25071934 23 -0.55
26071934 23 -0.57
27071934 23 -0.58
28071934 23 -0.58
29071934 23 -0.56
30071934 23 -0.53
31071934 23 -0.49
01081934 23 -0.45
02081934 23 -0.42
03081934 23 -0.40
04081934 23 -0.39
05081934 23 -0.40
06081934 23 -0.41
07081934 23 -0.43
08081934 23 -0.45
09081934 23 -0.48
10081934 23 -0.50
11081934 23 -0.52
12081934 23 -0.53
13081934 23 -0.52
14081934 23 -0.51
15081934 23 -0.50
16081934 23 -0.49
17081934 23 -0.47
18081934 23 -0.46
19081934 23 -0.46
20081934 23 -0.47
21081934 23 -0.48
22081934 23 -0.51
23081934 23 -0.54
24081934 23 -0.56
25081934 23 -0.57
26081934 23 -0.57
27081934 23 -0.55
28081934 23 -0.52
29081934 23 -0.49
30081934 23 -0.45
31081934 23 -0.42
01091934 23 -0.39
02091934 23 -0.38
03091934 23 -0.39
04091934 23 -0.40
05091934 23 -0.42
06091934 23 -0.45
07091934 23 -0.48
08091934 23 -0.51
09091934 23 -0.53
10091934 23 -0.54
11091934 23 -0.55
12091934 23 -0.54
13091934 23 -0.53
14091934 23 -0.51
15091934 23 -0.49
16091934 23 -0.47
17091934 23 -0.46
18091934 23 -0.46
19091934 23 -0.47
20091934 23 -0.49
21091934 23 -0.52
22091934 23 -0.54
23091934 23 -0.55
24091934 23 -0.55
25091934 23 -0.54
26091934 23 -0.52
27091934 23 -0.48
28091934 23 -0.45
29091934 23 -0.42
30091934 23 -0.40
01101934 23 -0.38
02101934 23 -0.38
03101934 23 -0.39
04101934 23 -0.41
05101934 23 -0.44
06101934 23 -0.48
07101934 23 -0.51
08101934 23 -0.54
09101934 23 -0.56
10101934 23 -0.56
11101934 23 -0.56
12101934 23 -0.55
13101934 23 -0.53
14101934 23 -0.50
15101934 23 -0.48
16101934 23 -0.46
17101934 23 -0.45
18101934 23 -0.45
19101934 23 -0.47
20101934 23 -0.50
21101934 23 -0.52
22101934 23 -0.53
23101934 23 -0.53
24101934 23 -0.53
25101934 23 -0.51
26101934 23 -0.48
27101934 23 -0.45
28101934 23 -0.43
29101934 23 -0.41
30101934 23 -0.39
31101934 23 -0.39
01111934 23 -0.40
02111934 23 -0.41
03111934 23 -0.44
04111934 23 -0.48
05111934 23 -0.52
06111934 23 -0.55
07111934 23 -0.57
08111934 23 -0.58
09111934 23 -0.58
10111934 23 -0.56
11111934 23 -0.54
12111934 23 -0.51
13111934 23 -0.48
14111934 23 -0.45
15111934 23 -0.44
16111934 23 -0.44
17111934 23 -0.45
18111934 23 -0.47
19111934 23 -0.49
20111934 23 -0.51
21111934 23 -0.51
22111934 23 -0.51
23111934 23 -0.50
24111934 23 -0.49
25111934 23 -0.46
26111934 23 -0.44
27111934 23 -0.42
28111934 23 -0.41
29111934 23 -0.40
30111934 23 -0.40
01121934 23 -0.42
02121934 23 -0.45
03121934 23 -0.48
04121934 23 -0.52
05121934 23 -0.55
06121934 23 -0.58
07121934 23 -0.59
08121934 23 -0.59
09121934 23 -0.57
10121934 23 -0.55
11121934 23 -0.51
12121934 23 -0.48
13121934 23 -0.45
14121934 23 -0.43
15121934 23 -0.43
16121934 23 -0.43
17121934 23 -0.45
18121934 23 -0.47
19121934 23 -0.48
20121934 23 -0.50
21121934 23 -0.50
22121934 23 -0.50
23121934 23 -0.49
24121934 23 -0.48
25121934 23 -0.46
26121934 23 -0.44
27121934 23 -0.43
28121934 23 -0.42
29121934 23 -0.42
30121934 23 -0.43
31121934 23 -0.45
