01011932 23 -0.45
02011932 23 -0.45
03011932 23 -0.46
04011932 23 -0.48
05011932 23 -0.50
06011932 23 -0.51
07011932 23 -0.52
08011932 23 -0.52
09011932 23 -0.51
10011932 23 -0.50
11011932 23 -0.48
12011932 23 -0.45
13011932 23 -0.43
14011932 23 -0.41
15011932 23 -0.39
16011932 23 -0.39
17011932 23 -0.40
18011932 23 -0.42
19011932 23 -0.45
20011932 23 -0.49
21011932 23 -0.53
22011932 23 -0.55
23011932 23 -0.57
24011932 23 -0.58
25011932 23 -0.57
26011932 23 -0.56
27011932 23 -0.54
28011932 23 -0.51
29011932 23 -0.48
30011932 23 -0.46
31011932 23 -0.44
01021932 23 -0.45
02021932 23 -0.46
03021932 23 -0.47
04021932 23 -0.49
05021932 23 -0.50
06021932 23 -0.50
07021932 23 -0.50
08021932 23 -0.50
09021932 23 -0.48
10021932 23 -0.46
11021932 23 -0.44
12021932 23 -0.42
13021932 23 -0.41
14021932 23 -0.40
15021932 23 -0.41
16021932 23 -0.43
17021932 23 -0.46
18021932 23 -0.49
19021932 23 -0.52
20021932 23 -0.55
21021932 23 -0.57
22021932 23 -0.58
23021932 23 -0.58
24021932 23 -0.57
25021932 23 -0.54
26021932 23 -0.52
27021932 23 -0.48
28021932 23 -0.46
29021932 23 -0.44
01031932 23 -0.43
02031932 23 -0.43
03031932 23 -0.44
04031932 23 -0.46
05031932 23 -0.47
06031932 23 -0.48
07031932 23 -0.49
08031932 23 -0.49
09031932 23 -0.49
10031932 23 -0.48
11031932 23 -0.46
12031932 23 -0.45
13031932 23 -0.43
14031932 23 -0.43
15031932 23 -0.43
16031932 23 -0.44
17031932 23 -0.46
18031932 23 -0.49
19031932 23 -0.52
20031932 23 -0.55
21031932 23 -0.57
22031932 23 -0.58
23031932 23 -0.58
24031932 23 -0.57
25031932 23 -0.55
26031932 23 -0.52
27031932 23 -0.49
28031932 23 -0.46
29031932 23 -0.43
30031932 23 -0.42
31031932 23 -0.41
01041932 23 -0.42
02041932 23 -0.43
03041932 23 -0.45
04041932 23 -0.47
05041932 23 -0.48
06041932 23 -0.49
07041932 23 -0.50
08041932 23 -0.50
09041932 23 -0.49
10041932 23 -0.48
11041932 23 -0.46
12041932 23 -0.45
13041932 23 -0.45
14041932 23 -0.45
15041932 23 -0.47
16041932 23 -0.49
17041932 23 -0.51
18041932 23 -0.54
19041932 23 -0.55
20041932 23 -0.57
21041932 23 -0.57
22041932 23 -0.57
23041932 23 -0.55
24041932 23 -0.53
25041932 23 -0.49
26041932 23 -0.46
27041932 23 -0.43
28041932 23 -0.40
29041932 23 -0.40
30041932 23 -0.40
01051932 23 -0.41
02051932 23 -0.43
03051932 23 -0.46
04051932 23 -0.48
05051932 23 -0.49
06051932 23 -0.51
07051932 23 -0.51
08051932 23 -0.51
09051932 23 -0.50
10051932 23 -0.49
11051932 23 -0.48
12051932 23 -0.47
13051932 23 -0.47
14051932 23 -0.47
15051932 23 -0.48
16051932 23 -0.50
17051932 23 -0.52
18051932 23 -0.54
19051932 23 -0.55
20051932 23 -0.56
21051932 23 -0.56
22051932 23 -0.55
23051932 23 -0.53
24051932 23 -0.49
25051932 23 -0.46
26051932 23 -0.42
27051932 23 -0.40
28051932 23 -0.39
29051932 23 -0.39
30051932 23 -0.40
31051932 23 -0.42
01061932 23 -0.45
02061932 23 -0.47
03061932 23 -0.49
04061932 23 -0.51
05061932 23 -0.53
06061932 23 -0.54
07061932 23 -0.53
08061932 23 -0.52
09061932 23 -0.51
10061932 23 -0.49
11061932 23 -0.48
12061932 23 -0.47
13061932 23 -0.47
14061932 23 -0.48
15061932 23 -0.49
16061932 23 -0.51
17061932 23 -0.53
18061932 23 -0.54
19061932 23 -0.55
20061932 23 -0.54
21061932 23 -0.52
22061932 23 -0.49
23061932 23 -0.46
24061932 23 -0.43
25061932 23 -0.40
26061932 23 -0.39
27061932 23 -0.39
28061932 23 -0.40
29061932 23 -0.42
30061932 23 -0.44
01071932 23 -0.47
02071932 23 -0.49
03071932 23 -0.52
04071932 23 -0.54
05071932 23 -0.56
06071932 23 -0.56
07071932 23 -0.55
08071932 23 -0.53
09071932 23 -0.51
10071932 23 -0.49
11071932 23 -0.47
12071932 23 -0.46
13071932 23 -0.46
14071932 23 -0.47
15071932 23 -0.49
16071932 23 -0.51
17071932 23 -0.52
18071932 23 -0.53
19071932 23 -0.53
20071932 23 -0.52
21071932 23 -0.50
22071932 23 -0.47
23071932 23 -0.44
24071932 23 -0.41
25071932 23 -0.40
26071932 23 -0.39
27071932 23 -0.40
28071932 23 -0.41
29071932 23 -0.43
30071932 23 -0.46
31071932 23 -0.50
01081932 23 -0.53
02081932 23 -0.56
03081932 23 -0.57
04081932 23 -0.58
05081932 23 -0.57
06081932 23 -0.55
07081932 23 -0.53
08081932 23 -0.50
09081932 23 -0.47
10081932 23 -0.45
11081932 23 -0.44
12081932 23 -0.45
13081932 23 -0.46
14081932 23 -0.48
15081932 23 -0.50
16081932 23 -0.51
17081932 23 -0.52
18081932 23 -0.51
19081932 23 -0.50
20081932 23 -0.47
21081932 23 -0.45
22081932 23 -0.43
23081932 23 -0.41
24081932 23 -0.41
25081932 23 -0.41
26081932 23 -0.42
27081932 23 -0.43
28081932 23 -0.46
29081932 23 -0.50
30081932 23 -0.53
31081932 23 -0.56
01091932 23 -0.58
02091932 23 -0.59
03091932 23 -0.58
04091932 23 -0.56
05091932 23 -0.53
06091932 23 -0.50
07091932 23 -0.46
08091932 23 -0.44
09091932 23 -0.42
10091932 23 -0.42
11091932 23 -0.44
12091932 23 -0.46
13091932 23 -0.48
14091932 23 -0.49
15091932 23 -0.50
16091932 23 -0.51
17091932 23 -0.50
18091932 23 -0.49
19091932 23 -0.47
20091932 23 -0.45
21091932 23 -0.43
22091932 23 -0.42
23091932 23 -0.42
24091932 23 -0.42
25091932 23 -0.44
26091932 23 -0.46
27091932 23 -0.50
28091932 23 -0.54
29091932 23 -0.57
30091932 23 -0.59
01101932 23 -0.59
02101932 23 -0.59
03101932 23 -0.57
04101932 23 -0.54
05101932 23 -0.50
06101932 23 -0.46
07101932 23 -0.43
08101932 23 -0.41
09101932 23 -0.41
10101932 23 -0.42
11101932 23 -0.43
12101932 23 -0.46
13101932 23 -0.48
14101932 23 -0.49
15101932 23 -0.50
16101932 23 -0.50
17101932 23 -0.50
18101932 23 -0.49
19101932 23 -0.47
20101932 23 -0.46
21101932 23 -0.45
22101932 23 -0.44
23101932 23 -0.44
24101932 23 -0.44
25101932 23 -0.46
26101932 23 -0.50
27101932 23 -0.53
28101932 23 -0.56
29101932 23 -0.58
30101932 23 -0.59
31101932 23 -0.59
01111932 23 -0.56
02111932 23 -0.53
03111932 23 -0.49
04111932 23 -0.45
05111932 23 -0.42
06111932 23 -0.40
07111932 23 -0.39
08111932 23 -0.40
09111932 23 -0.42
10111932 23 -0.44
11111932 23 -0.46
12111932 23 -0.48
13111932 23 -0.50
14111932 23 -0.51
15111932 23 -0.51
16111932 23 -0.51
17111932 23 -0.50
18111932 23 -0.48
19111932 23 -0.47
20111932 23 -0.45
21111932 23 -0.45
22111932 23 -0.45
23111932 23 -0.46
24111932 23 -0.49
25111932 23 -0.52
26111932 23 -0.55
27111932 23 -0.57
28111932 23 -0.58
29111932 23 -0.57
30111932 23 -0.55
01121932 23 -0.53
02121932 23 -0.49
03121932 23 -0.45
04121932 23 -0.42
05121932 23 -0.40
06121932 23 -0.39
07121932 23 -0.39
08121932 23 -0.40
09121932 23 -0.42
10121932 23 -0.45
11121932 23 -0.48
12121932 23 -0.50
13121932 23 -0.52
14121932 23 -0.53
15121932 23 -0.53
16121932 23 -0.52
17121932 23 -0.51
18121932 23 -0.49
19121932 23 -0.47
20121932 23 -0.46
21121932 23 -0.45
22121932 23 -0.46
23121932 23 -0.48
24121932 23 -0.51
25121932 23 -0.54
26121932 23 -0.56
27121932 23 -0.56
28121932 23 -0.56
29121932 23 -0.54
30121932 23 -0.52
31121932 23 -0.49
