01012007 23 -0.50
02012007 23 -0.51
03012007 23 -0.52
04012007 23 -0.52
05012007 23 -0.51
06012007 23 -0.49
07012007 23 -0.47
08012007 23 -0.44
09012007 23 -0.42
10012007 23 -0.40
11012007 23 -0.39
12012007 23 -0.39
13012007 23 -0.41
14012007 23 -0.44
15012007 23 -0.47
16012007 23 -0.51
17012007 23 -0.54
18012007 23 -0.56
19012007 23 -0.58
20012007 23 -0.58
21012007 23 -0.57
22012007 23 -0.55
23012007 23 -0.52
24012007 23 -0.49
25012007 23 -0.46
26012007 23 -0.45
27012007 23 -0.44
28012007 23 -0.44
29012007 23 -0.46
30012007 23 -0.47
31012007 23 -0.49
01022007 23 -0.50
02022007 23 -0.50
03022007 23 -0.50
04022007 23 -0.49
05022007 23 -0.48
06022007 23 -0.46
07022007 23 -0.44
08022007 23 -0.42
09022007 23 -0.41
10022007 23 -0.41
11022007 23 -0.42
12022007 23 -0.44
13022007 23 -0.47
14022007 23 -0.51
15022007 23 -0.54
16022007 23 -0.56
17022007 23 -0.58
18022007 23 -0.58
19022007 23 -0.58
20022007 23 -0.56
21022007 23 -0.53
22022007 23 -0.50
23022007 23 -0.47
24022007 23 -0.44
25022007 23 -0.43
26022007 23 -0.43
27022007 23 -0.43
28022007 23 -0.45
01032007 23 -0.46
02032007 23 -0.48
03032007 23 -0.49
04032007 23 -0.49
05032007 23 -0.49
06032007 23 -0.49
07032007 23 -0.48
08032007 23 -0.46
09032007 23 -0.45
10032007 23 -0.43
11032007 23 -0.43
12032007 23 -0.44
13032007 23 -0.45
14032007 23 -0.48
15032007 23 -0.50
16032007 23 -0.53
17032007 23 -0.56
18032007 23 -0.57
19032007 23 -0.58
20032007 23 -0.57
21032007 23 -0.56
22032007 23 -0.54
23032007 23 -0.51
24032007 23 -0.47
25032007 23 -0.44
26032007 23 -0.42
27032007 23 -0.41
28032007 23 -0.41
29032007 23 -0.42
30032007 23 -0.44
31032007 23 -0.46
01042007 23 -0.47
02042007 23 -0.49
03042007 23 -0.50
04042007 23 -0.50
05042007 23 -0.50
06042007 23 -0.49
07042007 23 -0.47
08042007 23 -0.46
09042007 23 -0.45
10042007 23 -0.45
11042007 23 -0.46
12042007 23 -0.48
13042007 23 -0.50
14042007 23 -0.52
15042007 23 -0.54
16042007 23 -0.56
17042007 23 -0.57
18042007 23 -0.57
19042007 23 -0.56
20042007 23 -0.54
21042007 23 -0.51
22042007 23 -0.47
23042007 23 -0.44
24042007 23 -0.41
25042007 23 -0.40
26042007 23 -0.39
27042007 23 -0.40
28042007 23 -0.42
29042007 23 -0.44
30042007 23 -0.46
01052007 23 -0.48
02052007 23 -0.50
03052007 23 -0.51
04052007 23 -0.52
05052007 23 -0.51
06052007 23 -0.50
07052007 23 -0.49
08052007 23 -0.48
09052007 23 -0.47
10052007 23 -0.47
11052007 23 -0.48
12052007 23 -0.49
13052007 23 -0.51
14052007 23 -0.52
15052007 23 -0.54
16052007 23 -0.55
17052007 23 -0.56
18052007 23 -0.55
19052007 23 -0.54
20052007 23 -0.51
21052007 23 -0.48
22052007 23 -0.44
23052007 23 -0.41
24052007 23 -0.39
25052007 23 -0.39
26052007 23 -0.39
27052007 23 -0.41
28052007 23 -0.43
29052007 23 -0.46
30052007 23 -0.48
31052007 23 -0.51
01062007 23 -0.53
02062007 23 -0.54
03062007 23 -0.54
04062007 23 -0.53
05062007 23 -0.52
06062007 23 -0.50
07062007 23 -0.49
08062007 23 -0.48
09062007 23 -0.47
10062007 23 -0.48
11062007 23 -0.48
12062007 23 -0.50
13062007 23 -0.52
14062007 23 -0.53
15062007 23 -0.54
16062007 23 -0.54
17062007 23 -0.53
18062007 23 -0.51
19062007 23 -0.48
20062007 23 -0.44
21062007 23 -0.41
22062007 23 -0.39
23062007 23 -0.39
24062007 23 -0.39
25062007 23 -0.41
26062007 23 -0.43
27062007 23 -0.45
28062007 23 -0.48
29062007 23 -0.51
30062007 23 -0.54
01072007 23 -0.55
02072007 23 -0.56
03072007 23 -0.56
04072007 23 -0.55
05072007 23 -0.53
06072007 23 -0.51
07072007 23 -0.48
08072007 23 -0.47
09072007 23 -0.46
10072007 23 -0.46
11072007 23 -0.47
12072007 23 -0.49
13072007 23 -0.51
14072007 23 -0.52
15072007 23 -0.53
16072007 23 -0.52
17072007 23 -0.51
18072007 23 -0.48
19072007 23 -0.45
20072007 23 -0.43
21072007 23 -0.41
22072007 23 -0.40
23072007 23 -0.40
24072007 23 -0.41
25072007 23 -0.42
26072007 23 -0.45
27072007 23 -0.48
28072007 23 -0.51
29072007 23 -0.54
30072007 23 -0.57
31072007 23 -0.58
01082007 23 -0.58
02082007 23 -0.57
03082007 23 -0.54
04082007 23 -0.51
05082007 23 -0.48
06082007 23 -0.46
07082007 23 -0.44
08082007 23 -0.44
09082007 23 -0.45
10082007 23 -0.47
11082007 23 -0.48
12082007 23 -0.50
13082007 23 -0.51
14082007 23 -0.51
15082007 23 -0.51
16082007 23 -0.49
17082007 23 -0.47
18082007 23 -0.44
19082007 23 -0.42
20082007 23 -0.41
21082007 23 -0.41
22082007 23 -0.41
23082007 23 -0.42
24082007 23 -0.45
25082007 23 -0.48
26082007 23 -0.52
27082007 23 -0.55
28082007 23 -0.58
29082007 23 -0.59
30082007 23 -0.59
31082007 23 -0.58
01092007 23 -0.55
02092007 23 -0.52
03092007 23 -0.48
04092007 23 -0.45
05092007 23 -0.43
06092007 23 -0.42
07092007 23 -0.42
08092007 23 -0.44
09092007 23 -0.46
10092007 23 -0.48
11092007 23 -0.50
12092007 23 -0.50
13092007 23 -0.50
14092007 23 -0.50
15092007 23 -0.48
16092007 23 -0.46
17092007 23 -0.45
18092007 23 -0.43
19092007 23 -0.43
20092007 23 -0.42
21092007 23 -0.43
22092007 23 -0.45
23092007 23 -0.48
24092007 23 -0.52
25092007 23 -0.55
26092007 23 -0.58
27092007 23 -0.59
28092007 23 -0.59
29092007 23 -0.58
30092007 23 -0.55
01102007 23 -0.52
02102007 23 -0.48
03102007 23 -0.44
04102007 23 -0.42
05102007 23 -0.40
06102007 23 -0.41
07102007 23 -0.42
08102007 23 -0.44
09102007 23 -0.46
10102007 23 -0.48
11102007 23 -0.50
12102007 23 -0.51
13102007 23 -0.51
14102007 23 -0.50
15102007 23 -0.49
16102007 23 -0.47
17102007 23 -0.46
18102007 23 -0.45
19102007 23 -0.44
20102007 23 -0.44
21102007 23 -0.45
22102007 23 -0.48
23102007 23 -0.51
24102007 23 -0.54
25102007 23 -0.57
26102007 23 -0.59
27102007 23 -0.59
28102007 23 -0.58
29102007 23 -0.55
30102007 23 -0.51
31102007 23 -0.47
01112007 23 -0.44
02112007 23 -0.41
03112007 23 -0.39
04112007 23 -0.39
05112007 23 -0.40
06112007 23 -0.42
07112007 23 -0.44
08112007 23 -0.47
09112007 23 -0.49
10112007 23 -0.51
11112007 23 -0.52
12112007 23 -0.52
13112007 23 -0.51
14112007 23 -0.50
15112007 23 -0.48
16112007 23 -0.47
17112007 23 -0.45
18112007 23 -0.45
19112007 23 -0.45
20112007 23 -0.47
21112007 23 -0.50
22112007 23 -0.54
23112007 23 -0.56
24112007 23 -0.58
25112007 23 -0.58
26112007 23 -0.56
27112007 23 -0.54
28112007 23 -0.51
29112007 23 -0.47
30112007 23 -0.44
01122007 23 -0.41
02122007 23 -0.39
03122007 23 -0.38
04122007 23 -0.39
05122007 23 -0.41
06122007 23 -0.43
07122007 23 -0.46
08122007 23 -0.49
09122007 23 -0.51
10122007 23 -0.53
11122007 23 -0.53
12122007 23 -0.53
13122007 23 -0.52
14122007 23 -0.51
15122007 23 -0.49
16122007 23 -0.47
17122007 23 -0.46
18122007 23 -0.46
19122007 23 -0.47
20122007 23 -0.49
21122007 23 -0.52
22122007 23 -0.54
23122007 23 -0.56
24122007 23 -0.56
25122007 23 -0.55
26122007 23 -0.53
27122007 23 -0.50
28122007 23 -0.47
29122007 23 -0.44
30122007 23 -0.41
31122007 23 -0.39
