01011979 23 -0.56
02011979 23 -0.53
03011979 23 -0.50
04011979 23 -0.46
05011979 23 -0.43
06011979 23 -0.41
07011979 23 -0.41
08011979 23 -0.41
09011979 23 -0.43
10011979 23 -0.45
11011979 23 -0.47
12011979 23 -0.49
13011979 23 -0.50
14011979 23 -0.50
15011979 23 -0.50
16011979 23 -0.49
17011979 23 -0.48
18011979 23 -0.46
19011979 23 -0.45
20011979 23 -0.44
21011979 23 -0.44
22011979 23 -0.45
23011979 23 -0.47
24011979 23 -0.50
25011979 23 -0.53
26011979 23 -0.56
27011979 23 -0.58
28011979 23 -0.58
29011979 23 -0.57
30011979 23 -0.56
31011979 23 -0.53
01021979 23 -0.50
02021979 23 -0.47
03021979 23 -0.43
04021979 23 -0.41
05021979 23 -0.40
06021979 23 -0.40
07021979 23 -0.41
08021979 23 -0.43
09021979 23 -0.45
10021979 23 -0.48
11021979 23 -0.49
12021979 23 -0.50
13021979 23 -0.51
14021979 23 -0.51
15021979 23 -0.50
16021979 23 -0.49
17021979 23 -0.48
18021979 23 -0.46
19021979 23 -0.46
20021979 23 -0.46
21021979 23 -0.47
22021979 23 -0.49
23021979 23 -0.52
24021979 23 -0.54
25021979 23 -0.56
26021979 23 -0.56
27021979 23 -0.56
28021979 23 -0.55
01031979 23 -0.53
02031979 23 -0.50
03031979 23 -0.47
04031979 23 -0.43
05031979 23 -0.41
06031979 23 -0.39
07031979 23 -0.39
08031979 23 -0.40
09031979 23 -0.42
10031979 23 -0.44
11031979 23 -0.47
12031979 23 -0.49
13031979 23 -0.51
14031979 23 -0.52
15031979 23 -0.53
16031979 23 -0.53
17031979 23 -0.52
18031979 23 -0.50
19031979 23 -0.49
20031979 23 -0.47
21031979 23 -0.47
22031979 23 -0.47
23031979 23 -0.49
24031979 23 -0.50
25031979 23 -0.52
26031979 23 -0.54
27031979 23 -0.54
28031979 23 -0.54
29031979 23 -0.54
30031979 23 -0.52
31031979 23 -0.50
01041979 23 -0.47
02041979 23 -0.44
03041979 23 -0.41
04041979 23 -0.39
05041979 23 -0.38
06041979 23 -0.39
07041979 23 -0.41
08041979 23 -0.43
09041979 23 -0.46
10041979 23 -0.49
11041979 23 -0.51
12041979 23 -0.53
13041979 23 -0.54
14041979 23 -0.55
15041979 23 -0.54
16041979 23 -0.53
17041979 23 -0.51
18041979 23 -0.49
19041979 23 -0.48
20041979 23 -0.47
21041979 23 -0.47
22041979 23 -0.48
23041979 23 -0.50
24041979 23 -0.51
25041979 23 -0.52
26041979 23 -0.52
27041979 23 -0.52
28041979 23 -0.52
29041979 23 -0.50
30041979 23 -0.48
01051979 23 -0.45
02051979 23 -0.42
03051979 23 -0.40
04051979 23 -0.39
05051979 23 -0.39
06051979 23 -0.41
07051979 23 -0.43
08051979 23 -0.46
09051979 23 -0.49
10051979 23 -0.52
11051979 23 -0.54
12051979 23 -0.56
13051979 23 -0.57
14051979 23 -0.56
15051979 23 -0.55
16051979 23 -0.53
17051979 23 -0.51
18051979 23 -0.49
19051979 23 -0.47
20051979 23 -0.46
21051979 23 -0.46
22051979 23 -0.47
23051979 23 -0.48
24051979 23 -0.49
25051979 23 -0.50
26051979 23 -0.51
27051979 23 -0.51
28051979 23 -0.50
29051979 23 -0.48
30051979 23 -0.46
31051979 23 -0.43
01061979 23 -0.41
02061979 23 -0.40
03061979 23 -0.40
04061979 23 -0.42
05061979 23 -0.43
06061979 23 -0.46
07061979 23 -0.49
08061979 23 -0.51
09061979 23 -0.54
10061979 23 -0.56
11061979 23 -0.58
12061979 23 -0.58
13061979 23 -0.57
14061979 23 -0.55
15061979 23 -0.52
16061979 23 -0.49
17061979 23 -0.46
18061979 23 -0.44
19061979 23 -0.44
20061979 23 -0.44
21061979 23 -0.45
22061979 23 -0.47
23061979 23 -0.48
24061979 23 -0.49
25061979 23 -0.50
26061979 23 -0.50
27061979 23 -0.49
28061979 23 -0.47
29061979 23 -0.45
30061979 23 -0.44
01071979 23 -0.43
02071979 23 -0.42
03071979 23 -0.43
04071979 23 -0.44
05071979 23 -0.46
06071979 23 -0.48
07071979 23 -0.51
08071979 23 -0.54
09071979 23 -0.57
10071979 23 -0.58
11071979 23 -0.59
12071979 23 -0.58
13071979 23 -0.56
14071979 23 -0.53
15071979 23 -0.49
16071979 23 -0.46
17071979 23 -0.43
18071979 23 -0.42
19071979 23 -0.42
20071979 23 -0.43
21071979 23 -0.44
22071979 23 -0.46
23071979 23 -0.48
24071979 23 -0.49
25071979 23 -0.50
26071979 23 -0.50
27071979 23 -0.49
28071979 23 -0.48
29071979 23 -0.46
30071979 23 -0.45
31071979 23 -0.44
01081979 23 -0.44
02081979 23 -0.44
03081979 23 -0.45
04081979 23 -0.48
05081979 23 -0.50
06081979 23 -0.54
07081979 23 -0.56
08081979 23 -0.58
09081979 23 -0.59
10081979 23 -0.58
11081979 23 -0.56
12081979 23 -0.53
13081979 23 -0.49
14081979 23 -0.45
15081979 23 -0.42
16081979 23 -0.40
17081979 23 -0.40
18081979 23 -0.41
19081979 23 -0.42
20081979 23 -0.44
21081979 23 -0.47
22081979 23 -0.49
23081979 23 -0.50
24081979 23 -0.51
25081979 23 -0.51
26081979 23 -0.50
27081979 23 -0.49
28081979 23 -0.48
29081979 23 -0.46
30081979 23 -0.46
31081979 23 -0.45
01091979 23 -0.46
02091979 23 -0.47
03091979 23 -0.50
04091979 23 -0.53
05091979 23 -0.55
06091979 23 -0.57
07091979 23 -0.58
08091979 23 -0.58
09091979 23 -0.56
10091979 23 -0.52
11091979 23 -0.48
12091979 23 -0.44
13091979 23 -0.41
14091979 23 -0.39
15091979 23 -0.39
16091979 23 -0.39
17091979 23 -0.41
18091979 23 -0.43
19091979 23 -0.46
20091979 23 -0.48
21091979 23 -0.51
22091979 23 -0.52
23091979 23 -0.53
24091979 23 -0.53
25091979 23 -0.52
26091979 23 -0.50
27091979 23 -0.49
28091979 23 -0.47
29091979 23 -0.46
30091979 23 -0.46
01101979 23 -0.46
02101979 23 -0.48
03101979 23 -0.51
04101979 23 -0.54
05101979 23 -0.56
06101979 23 -0.57
07101979 23 -0.56
08101979 23 -0.55
09101979 23 -0.52
10101979 23 -0.48
11101979 23 -0.44
12101979 23 -0.41
13101979 23 -0.39
14101979 23 -0.38
15101979 23 -0.38
16101979 23 -0.40
17101979 23 -0.42
18101979 23 -0.45
19101979 23 -0.48
20101979 23 -0.51
21101979 23 -0.54
22101979 23 -0.55
23101979 23 -0.55
24101979 23 -0.54
25101979 23 -0.53
26101979 23 -0.51
27101979 23 -0.49
28101979 23 -0.47
29101979 23 -0.45
30101979 23 -0.46
31101979 23 -0.47
01111979 23 -0.50
02111979 23 -0.52
03111979 23 -0.54
04111979 23 -0.55
05111979 23 -0.55
06111979 23 -0.53
07111979 23 -0.51
08111979 23 -0.48
09111979 23 -0.44
10111979 23 -0.42
11111979 23 -0.40
12111979 23 -0.38
13111979 23 -0.38
14111979 23 -0.39
15111979 23 -0.42
16111979 23 -0.45
17111979 23 -0.49
18111979 23 -0.52
19111979 23 -0.55
20111979 23 -0.56
21111979 23 -0.57
22111979 23 -0.56
23111979 23 -0.55
24111979 23 -0.52
25111979 23 -0.50
26111979 23 -0.47
27111979 23 -0.45
28111979 23 -0.45
29111979 23 -0.46
30111979 23 -0.48
01121979 23 -0.50
02121979 23 -0.52
03121979 23 -0.53
04121979 23 -0.53
05121979 23 -0.52
06121979 23 -0.50
07121979 23 -0.48
08121979 23 -0.45
09121979 23 -0.43
10121979 23 -0.41
11121979 23 -0.39
12121979 23 -0.39
13121979 23 -0.40
14121979 23 -0.42
15121979 23 -0.45
16121979 23 -0.49
17121979 23 -0.53
18121979 23 -0.55
19121979 23 -0.57
20121979 23 -0.58
21121979 23 -0.58
22121979 23 -0.56
23121979 23 -0.54
24121979 23 -0.50
25121979 23 -0.47
26121979 23 -0.45
27121979 23 -0.44
28121979 23 -0.44
29121979 23 -0.46
30121979 23 -0.47
31121979 23 -0.49
