01011970 23 -0.43
02011970 23 -0.44
03011970 23 -0.47
04011970 23 -0.51
05011970 23 -0.54
06011970 23 -0.57
07011970 23 -0.58
08011970 23 -0.59
09011970 23 -0.58
10011970 23 -0.56
11011970 23 -0.53
12011970 23 -0.49
13011970 23 -0.46
14011970 23 -0.43
15011970 23 -0.41
16011970 23 -0.40
17011970 23 -0.41
18011970 23 -0.42
19011970 23 -0.44
20011970 23 -0.46
21011970 23 -0.48
22011970 23 -0.50
23011970 23 -0.50
24011970 23 -0.50
25011970 23 -0.50
26011970 23 -0.49
27011970 23 -0.47
28011970 23 -0.46
29011970 23 -0.45
30011970 23 -0.45
31011970 23 -0.45
01021970 23 -0.47
02021970 23 -0.50
03021970 23 -0.53
04021970 23 -0.56
05021970 23 -0.57
06021970 23 -0.57
07021970 23 -0.57
08021970 23 -0.55
09021970 23 -0.53
10021970 23 -0.49
11021970 23 -0.46
12021970 23 -0.43
13021970 23 -0.40
14021970 23 -0.39
15021970 23 -0.39
16021970 23 -0.40
17021970 23 -0.43
18021970 23 -0.45
19021970 23 -0.48
20021970 23 -0.49
21021970 23 -0.51
22021970 23 -0.52
23021970 23 -0.52
24021970 23 -0.51
25021970 23 -0.50
26021970 23 -0.49
27021970 23 -0.47
28021970 23 -0.46
01031970 23 -0.46
02031970 23 -0.47
03031970 23 -0.49
04031970 23 -0.52
05031970 23 -0.54
06031970 23 -0.55
07031970 23 -0.55
08031970 23 -0.55
09031970 23 -0.54
10031970 23 -0.52
11031970 23 -0.49
12031970 23 -0.46
13031970 23 -0.43
14031970 23 -0.40
15031970 23 -0.39
16031970 23 -0.38
17031970 23 -0.40
18031970 23 -0.42
19031970 23 -0.44
20031970 23 -0.47
21031970 23 -0.49
22031970 23 -0.51
23031970 23 -0.53
24031970 23 -0.54
25031970 23 -0.54
26031970 23 -0.53
27031970 23 -0.51
28031970 23 -0.50
29031970 23 -0.48
30031970 23 -0.47
31031970 23 -0.47
01041970 23 -0.48
02041970 23 -0.50
03041970 23 -0.51
04041970 23 -0.52
05041970 23 -0.53
06041970 23 -0.53
07041970 23 -0.53
08041970 23 -0.52
09041970 23 -0.50
10041970 23 -0.47
11041970 23 -0.44
12041970 23 -0.41
13041970 23 -0.39
14041970 23 -0.38
15041970 23 -0.39
16041970 23 -0.41
17041970 23 -0.44
18041970 23 -0.47
19041970 23 -0.49
20041970 23 -0.52
21041970 23 -0.54
22041970 23 -0.55
23041970 23 -0.56
24041970 23 -0.55
25041970 23 -0.54
26041970 23 -0.52
27041970 23 -0.50
28041970 23 -0.48
29041970 23 -0.47
30041970 23 -0.47
01051970 23 -0.47
02051970 23 -0.48
03051970 23 -0.50
04051970 23 -0.51
05051970 23 -0.51
06051970 23 -0.52
07051970 23 -0.51
08051970 23 -0.50
09051970 23 -0.47
10051970 23 -0.45
11051970 23 -0.42
12051970 23 -0.40
13051970 23 -0.39
14051970 23 -0.40
15051970 23 -0.42
16051970 23 -0.44
17051970 23 -0.46
18051970 23 -0.49
19051970 23 -0.52
20051970 23 -0.55
21051970 23 -0.56
22051970 23 -0.57
23051970 23 -0.57
24051970 23 -0.56
25051970 23 -0.53
26051970 23 -0.51
27051970 23 -0.48
28051970 23 -0.46
29051970 23 -0.45
30051970 23 -0.45
31051970 23 -0.45
01061970 23 -0.47
02061970 23 -0.48
03061970 23 -0.49
04061970 23 -0.50
05061970 23 -0.50
06061970 23 -0.50
07061970 23 -0.48
08061970 23 -0.46
09061970 23 -0.44
10061970 23 -0.42
11061970 23 -0.41
12061970 23 -0.41
13061970 23 -0.42
14061970 23 -0.44
15061970 23 -0.46
16061970 23 -0.49
17061970 23 -0.52
18061970 23 -0.55
19061970 23 -0.57
20061970 23 -0.58
21061970 23 -0.58
22061970 23 -0.57
23061970 23 -0.55
24061970 23 -0.52
25061970 23 -0.48
26061970 23 -0.45
27061970 23 -0.43
28061970 23 -0.42
29061970 23 -0.43
30061970 23 -0.44
01071970 23 -0.46
02071970 23 -0.47
03071970 23 -0.49
04071970 23 -0.50
05071970 23 -0.50
06071970 23 -0.49
07071970 23 -0.48
08071970 23 -0.46
09071970 23 -0.45
10071970 23 -0.44
11071970 23 -0.43
12071970 23 -0.44
13071970 23 -0.44
14071970 23 -0.46
15071970 23 -0.48
16071970 23 -0.51
17071970 23 -0.54
18071970 23 -0.57
19071970 23 -0.58
20071970 23 -0.59
21071970 23 -0.58
22071970 23 -0.55
23071970 23 -0.52
24071970 23 -0.48
25071970 23 -0.45
26071970 23 -0.42
27071970 23 -0.41
28071970 23 -0.41
29071970 23 -0.42
30071970 23 -0.43
31071970 23 -0.45
01081970 23 -0.47
02081970 23 -0.49
03081970 23 -0.50
04081970 23 -0.51
05081970 23 -0.50
06081970 23 -0.49
07081970 23 -0.48
08081970 23 -0.46
09081970 23 -0.45
10081970 23 -0.45
11081970 23 -0.45
12081970 23 -0.46
13081970 23 -0.48
14081970 23 -0.51
15081970 23 -0.54
16081970 23 -0.56
17081970 23 -0.58
18081970 23 -0.59
19081970 23 -0.58
20081970 23 -0.55
21081970 23 -0.52
22081970 23 -0.48
23081970 23 -0.44
24081970 23 -0.41
25081970 23 -0.39
26081970 23 -0.39
27081970 23 -0.40
28081970 23 -0.42
29081970 23 -0.44
30081970 23 -0.46
31081970 23 -0.49
01091970 23 -0.51
02091970 23 -0.52
03091970 23 -0.52
04091970 23 -0.52
05091970 23 -0.50
06091970 23 -0.49
07091970 23 -0.48
08091970 23 -0.46
09091970 23 -0.46
10091970 23 -0.46
11091970 23 -0.47
12091970 23 -0.49
13091970 23 -0.52
14091970 23 -0.55
15091970 23 -0.57
16091970 23 -0.58
17091970 23 -0.57
18091970 23 -0.55
19091970 23 -0.51
20091970 23 -0.47
21091970 23 -0.44
22091970 23 -0.41
23091970 23 -0.39
24091970 23 -0.38
25091970 23 -0.39
26091970 23 -0.40
27091970 23 -0.43
28091970 23 -0.46
29091970 23 -0.49
30091970 23 -0.52
01101970 23 -0.53
02101970 23 -0.54
03101970 23 -0.54
04101970 23 -0.53
05101970 23 -0.52
06101970 23 -0.50
07101970 23 -0.48
08101970 23 -0.46
09101970 23 -0.46
10101970 23 -0.46
11101970 23 -0.48
12101970 23 -0.51
13101970 23 -0.53
14101970 23 -0.55
15101970 23 -0.56
16101970 23 -0.55
17101970 23 -0.54
18101970 23 -0.51
19101970 23 -0.47
20101970 23 -0.44
21101970 23 -0.41
22101970 23 -0.39
23101970 23 -0.38
24101970 23 -0.38
25101970 23 -0.40
26101970 23 -0.42
27101970 23 -0.46
28101970 23 -0.49
29101970 23 -0.52
30101970 23 -0.54
31101970 23 -0.56
01111970 23 -0.56
02111970 23 -0.55
03111970 23 -0.54
04111970 23 -0.51
05111970 23 -0.49
06111970 23 -0.47
07111970 23 -0.45
08111970 23 -0.45
09111970 23 -0.47
10111970 23 -0.49
11111970 23 -0.51
12111970 23 -0.53
13111970 23 -0.54
14111970 23 -0.54
15111970 23 -0.52
16111970 23 -0.50
17111970 23 -0.47
18111970 23 -0.44
19111970 23 -0.42
20111970 23 -0.40
21111970 23 -0.39
22111970 23 -0.39
23111970 23 -0.40
24111970 23 -0.42
25111970 23 -0.46
26111970 23 -0.49
27111970 23 -0.53
28111970 23 -0.55
29111970 23 -0.57
30111970 23 -0.58
01121970 23 -0.57
02121970 23 -0.55
03121970 23 -0.53
04121970 23 -0.50
05121970 23 -0.47
06121970 23 -0.45
07121970 23 -0.44
08121970 23 -0.45
09121970 23 -0.47
10121970 23 -0.49
11121970 23 -0.51
12121970 23 -0.52
13121970 23 -0.52
14121970 23 -0.51
15121970 23 -0.50
16121970 23 -0.48
17121970 23 -0.45
18121970 23 -0.43
19121970 23 -0.41
20121970 23 -0.40
21121970 23 -0.39
22121970 23 -0.40
23121970 23 -0.43
24121970 23 -0.46
25121970 23 -0.50
26121970 23 -0.53
27121970 23 -0.56
28121970 23 -0.58
29121970 23 -0.58
30121970 23 -0.58
31121970 23 -0.56
