01011943 23 -0.46
02011943 23 -0.49
03011943 23 -0.52
04011943 23 -0.55
05011943 23 -0.57
06011943 23 -0.58
07011943 23 -0.58
08011943 23 -0.56
09011943 23 -0.54
10011943 23 -0.51
11011943 23 -0.47
12011943 23 -0.44
13011943 23 -0.41
14011943 23 -0.39
15011943 23 -0.39
16011943 23 -0.40
17011943 23 -0.42
18011943 23 -0.44
19011943 23 -0.47
20011943 23 -0.49
21011943 23 -0.51
22011943 23 -0.51
23011943 23 -0.51
24011943 23 -0.51
25011943 23 -0.50
26011943 23 -0.48
27011943 23 -0.47
28011943 23 -0.46
29011943 23 -0.46
30011943 23 -0.46
31011943 23 -0.48
01021943 23 -0.51
02021943 23 -0.54
03021943 23 -0.56
04021943 23 -0.56
05021943 23 -0.56
06021943 23 -0.55
07021943 23 -0.53
08021943 23 -0.51
09021943 23 -0.47
10021943 23 -0.44
11021943 23 -0.41
12021943 23 -0.39
13021943 23 -0.38
14021943 23 -0.39
15021943 23 -0.41
16021943 23 -0.43
17021943 23 -0.46
18021943 23 -0.49
19021943 23 -0.51
20021943 23 -0.52
21021943 23 -0.53
22021943 23 -0.53
23021943 23 -0.52
24021943 23 -0.51
25021943 23 -0.49
26021943 23 -0.48
27021943 23 -0.47
28021943 23 -0.47
01031943 23 -0.48
02031943 23 -0.50
03031943 23 -0.52
04031943 23 -0.53
05031943 23 -0.54
06031943 23 -0.54
07031943 23 -0.54
08031943 23 -0.52
09031943 23 -0.50
10031943 23 -0.48
11031943 23 -0.45
12031943 23 -0.42
13031943 23 -0.39
14031943 23 -0.38
15031943 23 -0.39
16031943 23 -0.40
17031943 23 -0.43
18031943 23 -0.46
19031943 23 -0.48
20031943 23 -0.51
21031943 23 -0.53
22031943 23 -0.55
23031943 23 -0.55
24031943 23 -0.55
25031943 23 -0.54
26031943 23 -0.52
27031943 23 -0.50
28031943 23 -0.48
29031943 23 -0.47
30031943 23 -0.47
31031943 23 -0.48
01041943 23 -0.49
02041943 23 -0.50
03041943 23 -0.51
04041943 23 -0.52
05041943 23 -0.52
06041943 23 -0.52
07041943 23 -0.50
08041943 23 -0.48
09041943 23 -0.45
10041943 23 -0.43
11041943 23 -0.40
12041943 23 -0.39
13041943 23 -0.39
14041943 23 -0.40
15041943 23 -0.43
16041943 23 -0.45
17041943 23 -0.48
18041943 23 -0.51
19041943 23 -0.54
20041943 23 -0.56
21041943 23 -0.57
22041943 23 -0.57
23041943 23 -0.56
24041943 23 -0.54
25041943 23 -0.51
26041943 23 -0.49
27041943 23 -0.47
28041943 23 -0.46
29041943 23 -0.46
30041943 23 -0.46
01051943 23 -0.47
02051943 23 -0.49
03051943 23 -0.50
04051943 23 -0.50
05051943 23 -0.51
06051943 23 -0.50
07051943 23 -0.49
08051943 23 -0.46
09051943 23 -0.44
10051943 23 -0.42
11051943 23 -0.41
12051943 23 -0.40
13051943 23 -0.41
14051943 23 -0.43
15051943 23 -0.45
16051943 23 -0.48
17051943 23 -0.51
18051943 23 -0.54
19051943 23 -0.56
20051943 23 -0.57
21051943 23 -0.58
22051943 23 -0.57
23051943 23 -0.55
24051943 23 -0.53
25051943 23 -0.50
26051943 23 -0.47
27051943 23 -0.45
28051943 23 -0.44
29051943 23 -0.44
30051943 23 -0.44
31051943 23 -0.46
01061943 23 -0.47
02061943 23 -0.49
03061943 23 -0.50
04061943 23 -0.50
05061943 23 -0.49
06061943 23 -0.48
07061943 23 -0.46
08061943 23 -0.44
09061943 23 -0.43
10061943 23 -0.43
11061943 23 -0.43
12061943 23 -0.44
13061943 23 -0.46
14061943 23 -0.48
15061943 23 -0.51
16061943 23 -0.53
17061943 23 -0.56
18061943 23 -0.58
19061943 23 -0.58
20061943 23 -0.58
21061943 23 -0.56
22061943 23 -0.53
23061943 23 -0.50
24061943 23 -0.46
25061943 23 -0.44
26061943 23 -0.42
27061943 23 -0.41
28061943 23 -0.42
29061943 23 -0.43
30061943 23 -0.45
01071943 23 -0.47
02071943 23 -0.49
03071943 23 -0.50
04071943 23 -0.50
05071943 23 -0.50
06071943 23 -0.48
07071943 23 -0.47
08071943 23 -0.46
09071943 23 -0.45
10071943 23 -0.45
11071943 23 -0.45
12071943 23 -0.46
13071943 23 -0.47
14071943 23 -0.50
15071943 23 -0.53
16071943 23 -0.55
17071943 23 -0.57
18071943 23 -0.58
19071943 23 -0.58
20071943 23 -0.57
21071943 23 -0.54
22071943 23 -0.50
23071943 23 -0.46
24071943 23 -0.43
25071943 23 -0.40
26071943 23 -0.40
27071943 23 -0.40
28071943 23 -0.41
29071943 23 -0.43
30071943 23 -0.46
31071943 23 -0.48
01081943 23 -0.50
02081943 23 -0.51
03081943 23 -0.52
04081943 23 -0.51
05081943 23 -0.50
06081943 23 -0.49
07081943 23 -0.48
08081943 23 -0.46
09081943 23 -0.46
10081943 23 -0.46
11081943 23 -0.47
12081943 23 -0.49
13081943 23 -0.51
14081943 23 -0.54
15081943 23 -0.56
16081943 23 -0.58
17081943 23 -0.58
18081943 23 -0.56
19081943 23 -0.53
20081943 23 -0.50
21081943 23 -0.46
22081943 23 -0.42
23081943 23 -0.40
24081943 23 -0.39
25081943 23 -0.39
26081943 23 -0.40
27081943 23 -0.42
28081943 23 -0.45
29081943 23 -0.47
30081943 23 -0.50
31081943 23 -0.52
01091943 23 -0.53
02091943 23 -0.53
03091943 23 -0.53
04091943 23 -0.51
05091943 23 -0.50
06091943 23 -0.48
07091943 23 -0.47
08091943 23 -0.46
09091943 23 -0.46
10091943 23 -0.47
11091943 23 -0.50
12091943 23 -0.53
13091943 23 -0.55
14091943 23 -0.56
15091943 23 -0.56
16091943 23 -0.55
17091943 23 -0.53
18091943 23 -0.49
19091943 23 -0.45
20091943 23 -0.42
21091943 23 -0.40
22091943 23 -0.38
23091943 23 -0.38
24091943 23 -0.39
25091943 23 -0.41
26091943 23 -0.44
27091943 23 -0.47
28091943 23 -0.51
29091943 23 -0.53
30091943 23 -0.55
01101943 23 -0.55
02101943 23 -0.55
03101943 23 -0.54
04101943 23 -0.52
05101943 23 -0.50
06101943 23 -0.48
07101943 23 -0.46
08101943 23 -0.45
09101943 23 -0.46
10101943 23 -0.48
11101943 23 -0.51
12101943 23 -0.53
13101943 23 -0.54
14101943 23 -0.55
15101943 23 -0.54
16101943 23 -0.52
17101943 23 -0.49
18101943 23 -0.46
19101943 23 -0.43
20101943 23 -0.40
21101943 23 -0.39
22101943 23 -0.38
23101943 23 -0.39
24101943 23 -0.41
25101943 23 -0.44
26101943 23 -0.47
27101943 23 -0.51
28101943 23 -0.54
29101943 23 -0.56
30101943 23 -0.57
31101943 23 -0.57
01111943 23 -0.56
02111943 23 -0.54
03111943 23 -0.51
04111943 23 -0.48
05111943 23 -0.46
06111943 23 -0.44
07111943 23 -0.45
08111943 23 -0.46
09111943 23 -0.48
10111943 23 -0.51
11111943 23 -0.52
12111943 23 -0.53
13111943 23 -0.52
14111943 23 -0.51
15111943 23 -0.49
16111943 23 -0.46
17111943 23 -0.44
18111943 23 -0.42
19111943 23 -0.40
20111943 23 -0.39
21111943 23 -0.40
22111943 23 -0.41
23111943 23 -0.44
24111943 23 -0.47
25111943 23 -0.51
26111943 23 -0.55
27111943 23 -0.57
28111943 23 -0.58
29111943 23 -0.58
30111943 23 -0.57
01121943 23 -0.55
02121943 23 -0.52
03121943 23 -0.48
04121943 23 -0.45
05121943 23 -0.44
06121943 23 -0.43
07121943 23 -0.44
08121943 23 -0.46
09121943 23 -0.48
10121943 23 -0.50
11121943 23 -0.50
12121943 23 -0.51
13121943 23 -0.50
14121943 23 -0.49
15121943 23 -0.47
16121943 23 -0.45
17121943 23 -0.43
18121943 23 -0.42
19121943 23 -0.41
20121943 23 -0.41
21121943 23 -0.42
22121943 23 -0.44
23121943 23 -0.48
24121943 23 -0.52
25121943 23 -0.55
26121943 23 -0.57
27121943 23 -0.59
28121943 23 -0.59
29121943 23 -0.58
30121943 23 -0.55
31121943 23 -0.52
