01011974 23 -0.44
02011974 23 -0.44
03011974 23 -0.46
04011974 23 -0.49
05011974 23 -0.52
06011974 23 -0.55
07011974 23 -0.57
08011974 23 -0.58
09011974 23 -0.58
10011974 23 -0.56
11011974 23 -0.54
12011974 23 -0.51
13011974 23 -0.47
14011974 23 -0.44
15011974 23 -0.41
16011974 23 -0.39
17011974 23 -0.39
18011974 23 -0.40
19011974 23 -0.42
20011974 23 -0.44
21011974 23 -0.47
22011974 23 -0.49
23011974 23 -0.51
24011974 23 -0.51
25011974 23 -0.51
26011974 23 -0.51
27011974 23 -0.50
28011974 23 -0.48
29011974 23 -0.47
30011974 23 -0.46
31011974 23 -0.46
01021974 23 -0.46
02021974 23 -0.48
03021974 23 -0.51
04021974 23 -0.54
05021974 23 -0.56
06021974 23 -0.56
07021974 23 -0.56
08021974 23 -0.55
09021974 23 -0.53
10021974 23 -0.50
11021974 23 -0.47
12021974 23 -0.44
13021974 23 -0.41
14021974 23 -0.39
15021974 23 -0.38
16021974 23 -0.39
17021974 23 -0.41
18021974 23 -0.43
19021974 23 -0.46
20021974 23 -0.49
21021974 23 -0.51
22021974 23 -0.52
23021974 23 -0.53
24021974 23 -0.53
25021974 23 -0.52
26021974 23 -0.51
27021974 23 -0.49
28021974 23 -0.48
01031974 23 -0.47
02031974 23 -0.47
03031974 23 -0.48
04031974 23 -0.50
05031974 23 -0.52
06031974 23 -0.53
07031974 23 -0.54
08031974 23 -0.54
09031974 23 -0.54
10031974 23 -0.52
11031974 23 -0.50
12031974 23 -0.48
13031974 23 -0.44
14031974 23 -0.41
15031974 23 -0.39
16031974 23 -0.38
17031974 23 -0.39
18031974 23 -0.40
19031974 23 -0.43
20031974 23 -0.46
21031974 23 -0.49
22031974 23 -0.51
23031974 23 -0.53
24031974 23 -0.55
25031974 23 -0.55
26031974 23 -0.55
27031974 23 -0.54
28031974 23 -0.52
29031974 23 -0.50
30031974 23 -0.48
31031974 23 -0.47
01041974 23 -0.47
02041974 23 -0.48
03041974 23 -0.49
04041974 23 -0.50
05041974 23 -0.51
06041974 23 -0.52
07041974 23 -0.52
08041974 23 -0.51
09041974 23 -0.50
10041974 23 -0.48
11041974 23 -0.45
12041974 23 -0.42
13041974 23 -0.40
14041974 23 -0.39
15041974 23 -0.39
16041974 23 -0.41
17041974 23 -0.43
18041974 23 -0.45
19041974 23 -0.48
20041974 23 -0.51
21041974 23 -0.54
22041974 23 -0.56
23041974 23 -0.57
24041974 23 -0.57
25041974 23 -0.56
26041974 23 -0.54
27041974 23 -0.51
28041974 23 -0.49
29041974 23 -0.47
30041974 23 -0.46
01051974 23 -0.46
02051974 23 -0.46
03051974 23 -0.47
04051974 23 -0.49
05051974 23 -0.50
06051974 23 -0.50
07051974 23 -0.51
08051974 23 -0.50
09051974 23 -0.49
10051974 23 -0.46
11051974 23 -0.44
12051974 23 -0.42
13051974 23 -0.41
14051974 23 -0.41
15051974 23 -0.41
16051974 23 -0.43
17051974 23 -0.46
18051974 23 -0.48
19051974 23 -0.51
20051974 23 -0.54
21051974 23 -0.56
22051974 23 -0.58
23051974 23 -0.58
24051974 23 -0.57
25051974 23 -0.55
26051974 23 -0.53
27051974 23 -0.50
28051974 23 -0.47
29051974 23 -0.45
30051974 23 -0.44
31051974 23 -0.44
01061974 23 -0.44
02061974 23 -0.46
03061974 23 -0.47
04061974 23 -0.49
05061974 23 -0.50
06061974 23 -0.50
07061974 23 -0.49
08061974 23 -0.48
09061974 23 -0.46
10061974 23 -0.44
11061974 23 -0.43
12061974 23 -0.43
13061974 23 -0.43
14061974 23 -0.44
15061974 23 -0.46
16061974 23 -0.48
17061974 23 -0.51
18061974 23 -0.53
19061974 23 -0.56
20061974 23 -0.58
21061974 23 -0.58
22061974 23 -0.58
23061974 23 -0.56
24061974 23 -0.53
25061974 23 -0.50
26061974 23 -0.46
27061974 23 -0.43
28061974 23 -0.42
29061974 23 -0.41
30061974 23 -0.42
01071974 23 -0.43
02071974 23 -0.45
03071974 23 -0.47
04071974 23 -0.49
05071974 23 -0.50
06071974 23 -0.50
07071974 23 -0.50
08071974 23 -0.49
09071974 23 -0.47
10071974 23 -0.46
11071974 23 -0.45
12071974 23 -0.45
13071974 23 -0.45
14071974 23 -0.46
15071974 23 -0.47
16071974 23 -0.50
17071974 23 -0.53
18071974 23 -0.55
19071974 23 -0.57
20071974 23 -0.58
21071974 23 -0.58
22071974 23 -0.57
23071974 23 -0.54
24071974 23 -0.50
25071974 23 -0.46
26071974 23 -0.42
27071974 23 -0.40
28071974 23 -0.40
29071974 23 -0.40
30071974 23 -0.41
31071974 23 -0.43
01081974 23 -0.46
02081974 23 -0.48
03081974 23 -0.50
04081974 23 -0.51
05081974 23 -0.52
06081974 23 -0.51
07081974 23 -0.50
08081974 23 -0.49
09081974 23 -0.48
10081974 23 -0.46
11081974 23 -0.46
12081974 23 -0.46
13081974 23 -0.47
14081974 23 -0.49
15081974 23 -0.51
16081974 23 -0.54
17081974 23 -0.56
18081974 23 -0.58
19081974 23 -0.58
20081974 23 -0.56
21081974 23 -0.53
22081974 23 -0.49
23081974 23 -0.45
24081974 23 -0.42
25081974 23 -0.40
26081974 23 -0.39
27081974 23 -0.39
28081974 23 -0.40
29081974 23 -0.42
30081974 23 -0.45
31081974 23 -0.47
01091974 23 -0.50
02091974 23 -0.52
03091974 23 -0.53
04091974 23 -0.53
05091974 23 -0.53
06091974 23 -0.51
07091974 23 -0.50
08091974 23 -0.48
09091974 23 -0.47
10091974 23 -0.46
11091974 23 -0.46
12091974 23 -0.47
13091974 23 -0.50
14091974 23 -0.53
15091974 23 -0.55
16091974 23 -0.56
17091974 23 -0.56
18091974 23 -0.55
19091974 23 -0.52
20091974 23 -0.49
21091974 23 -0.45
22091974 23 -0.42
23091974 23 -0.40
24091974 23 -0.38
25091974 23 -0.38
26091974 23 -0.39
27091974 23 -0.41
28091974 23 -0.44
29091974 23 -0.47
30091974 23 -0.51
01101974 23 -0.53
02101974 23 -0.55
03101974 23 -0.56
04101974 23 -0.55
05101974 23 -0.54
06101974 23 -0.52
07101974 23 -0.50
08101974 23 -0.47
09101974 23 -0.46
10101974 23 -0.45
11101974 23 -0.46
12101974 23 -0.48
13101974 23 -0.51
14101974 23 -0.53
15101974 23 -0.54
16101974 23 -0.55
17101974 23 -0.54
18101974 23 -0.52
19101974 23 -0.49
20101974 23 -0.45
21101974 23 -0.43
22101974 23 -0.40
23101974 23 -0.39
24101974 23 -0.38
25101974 23 -0.39
26101974 23 -0.41
27101974 23 -0.44
28101974 23 -0.47
29101974 23 -0.51
30101974 23 -0.54
31101974 23 -0.56
01111974 23 -0.57
02111974 23 -0.57
03111974 23 -0.56
04111974 23 -0.54
05111974 23 -0.51
06111974 23 -0.48
07111974 23 -0.46
08111974 23 -0.44
09111974 23 -0.45
10111974 23 -0.46
11111974 23 -0.49
12111974 23 -0.51
13111974 23 -0.52
14111974 23 -0.52
15111974 23 -0.52
16111974 23 -0.51
17111974 23 -0.49
18111974 23 -0.46
19111974 23 -0.44
20111974 23 -0.42
21111974 23 -0.40
22111974 23 -0.39
23111974 23 -0.40
24111974 23 -0.41
25111974 23 -0.44
26111974 23 -0.48
27111974 23 -0.52
28111974 23 -0.55
29111974 23 -0.57
30111974 23 -0.58
01121974 23 -0.58
02121974 23 -0.57
03121974 23 -0.55
04121974 23 -0.52
05121974 23 -0.48
06121974 23 -0.45
07121974 23 -0.44
08121974 23 -0.43
09121974 23 -0.44
10121974 23 -0.46
11121974 23 -0.48
12121974 23 -0.50
13121974 23 -0.50
14121974 23 -0.51
15121974 23 -0.50
16121974 23 -0.49
17121974 23 -0.47
18121974 23 -0.45
19121974 23 -0.43
20121974 23 -0.42
21121974 23 -0.41
22121974 23 -0.41
23121974 23 -0.42
24121974 23 -0.44
25121974 23 -0.48
26121974 23 -0.52
27121974 23 -0.55
28121974 23 -0.58
29121974 23 -0.59
30121974 23 -0.59
31121974 23 -0.57
