01011941 23 -0.48
02011941 23 -0.45
03011941 23 -0.43
04011941 23 -0.40
05011941 23 -0.39
06011941 23 -0.38
07011941 23 -0.39
08011941 23 -0.41
09011941 23 -0.45
10011941 23 -0.48
11011941 23 -0.52
12011941 23 -0.55
13011941 23 -0.56
14011941 23 -0.57
15011941 23 -0.57
16011941 23 -0.55
17011941 23 -0.53
18011941 23 -0.51
19011941 23 -0.48
20011941 23 -0.46
21011941 23 -0.45
22011941 23 -0.45
23011941 23 -0.47
24011941 23 -0.48
25011941 23 -0.50
26011941 23 -0.51
27011941 23 -0.51
28011941 23 -0.51
29011941 23 -0.50
30011941 23 -0.48
31011941 23 -0.46
01021941 23 -0.44
02021941 23 -0.42
03021941 23 -0.40
04021941 23 -0.40
05021941 23 -0.40
06021941 23 -0.42
07021941 23 -0.45
08021941 23 -0.48
09021941 23 -0.52
10021941 23 -0.55
11021941 23 -0.57
12021941 23 -0.58
13021941 23 -0.58
14021941 23 -0.57
15021941 23 -0.55
16021941 23 -0.52
17021941 23 -0.49
18021941 23 -0.46
19021941 23 -0.44
20021941 23 -0.44
21021941 23 -0.44
22021941 23 -0.46
23021941 23 -0.47
24021941 23 -0.48
25021941 23 -0.49
26021941 23 -0.50
27021941 23 -0.49
28021941 23 -0.49
01031941 23 -0.47
02031941 23 -0.46
03031941 23 -0.44
04031941 23 -0.42
05031941 23 -0.41
06031941 23 -0.42
07031941 23 -0.43
08031941 23 -0.45
09031941 23 -0.48
10031941 23 -0.52
11031941 23 -0.54
12031941 23 -0.57
13031941 23 -0.58
14031941 23 -0.58
15031941 23 -0.57
16031941 23 -0.55
17031941 23 -0.53
18031941 23 -0.49
19031941 23 -0.46
20031941 23 -0.44
21031941 23 -0.42
22031941 23 -0.42
23031941 23 -0.43
24031941 23 -0.44
25031941 23 -0.46
26031941 23 -0.47
27031941 23 -0.48
28031941 23 -0.49
29031941 23 -0.49
30031941 23 -0.49
31031941 23 -0.48
01041941 23 -0.46
02041941 23 -0.45
03041941 23 -0.44
04041941 23 -0.44
05041941 23 -0.44
06041941 23 -0.46
07041941 23 -0.48
08041941 23 -0.51
09041941 23 -0.54
10041941 23 -0.56
11041941 23 -0.57
12041941 23 -0.58
13041941 23 -0.57
14041941 23 -0.56
15041941 23 -0.53
16041941 23 -0.50
17041941 23 -0.46
18041941 23 -0.43
19041941 23 -0.41
20041941 23 -0.40
21041941 23 -0.41
22041941 23 -0.42
23041941 23 -0.44
24041941 23 -0.46
25041941 23 -0.48
26041941 23 -0.49
27041941 23 -0.50
28041941 23 -0.50
29041941 23 -0.50
30041941 23 -0.49
01051941 23 -0.48
02051941 23 -0.47
03051941 23 -0.46
04051941 23 -0.46
05051941 23 -0.47
06051941 23 -0.48
07051941 23 -0.50
08051941 23 -0.52
09051941 23 -0.54
10051941 23 -0.56
11051941 23 -0.56
12051941 23 -0.56
13051941 23 -0.55
14051941 23 -0.53
15051941 23 -0.50
16051941 23 -0.46
17051941 23 -0.43
18051941 23 -0.40
19051941 23 -0.39
20051941 23 -0.39
21051941 23 -0.40
22051941 23 -0.42
23051941 23 -0.45
24051941 23 -0.47
25051941 23 -0.49
26051941 23 -0.51
27051941 23 -0.52
28051941 23 -0.52
29051941 23 -0.52
30051941 23 -0.51
31051941 23 -0.50
01061941 23 -0.48
02061941 23 -0.48
03061941 23 -0.47
04061941 23 -0.48
05061941 23 -0.49
06061941 23 -0.50
07061941 23 -0.52
08061941 23 -0.54
09061941 23 -0.55
10061941 23 -0.55
11061941 23 -0.55
12061941 23 -0.53
13061941 23 -0.50
14061941 23 -0.47
15061941 23 -0.43
16061941 23 -0.40
17061941 23 -0.39
18061941 23 -0.39
19061941 23 -0.40
20061941 23 -0.41
21061941 23 -0.44
22061941 23 -0.46
23061941 23 -0.49
24061941 23 -0.51
25061941 23 -0.53
26061941 23 -0.55
27061941 23 -0.55
28061941 23 -0.54
29061941 23 -0.52
30061941 23 -0.51
01071941 23 -0.49
02071941 23 -0.48
03071941 23 -0.47
04071941 23 -0.47
05071941 23 -0.48
06071941 23 -0.50
07071941 23 -0.52
08071941 23 -0.53
09071941 23 -0.54
10071941 23 -0.54
11071941 23 -0.53
12071941 23 -0.50
13071941 23 -0.47
14071941 23 -0.44
15071941 23 -0.41
16071941 23 -0.39
17071941 23 -0.39
18071941 23 -0.40
19071941 23 -0.41
20071941 23 -0.43
21071941 23 -0.46
22071941 23 -0.49
23071941 23 -0.52
24071941 23 -0.55
25071941 23 -0.56
26071941 23 -0.57
27071941 23 -0.56
28071941 23 -0.55
29071941 23 -0.52
30071941 23 -0.50
31071941 23 -0.47
01081941 23 -0.46
02081941 23 -0.45
03081941 23 -0.46
04081941 23 -0.47
05081941 23 -0.49
06081941 23 -0.51
07081941 23 -0.52
08081941 23 -0.53
09081941 23 -0.52
10081941 23 -0.50
11081941 23 -0.47
12081941 23 -0.45
13081941 23 -0.42
14081941 23 -0.41
15081941 23 -0.40
16081941 23 -0.40
17081941 23 -0.41
18081941 23 -0.43
19081941 23 -0.46
20081941 23 -0.49
21081941 23 -0.53
22081941 23 -0.56
23081941 23 -0.58
24081941 23 -0.58
25081941 23 -0.58
26081941 23 -0.56
27081941 23 -0.54
28081941 23 -0.50
29081941 23 -0.47
30081941 23 -0.45
31081941 23 -0.43
01091941 23 -0.43
02091941 23 -0.45
03091941 23 -0.47
04091941 23 -0.49
05091941 23 -0.50
06091941 23 -0.51
07091941 23 -0.51
08091941 23 -0.50
09091941 23 -0.48
10091941 23 -0.46
11091941 23 -0.44
12091941 23 -0.42
13091941 23 -0.41
14091941 23 -0.41
15091941 23 -0.42
16091941 23 -0.43
17091941 23 -0.46
18091941 23 -0.49
19091941 23 -0.53
20091941 23 -0.56
21091941 23 -0.58
22091941 23 -0.59
23091941 23 -0.59
24091941 23 -0.57
25091941 23 -0.54
26091941 23 -0.50
27091941 23 -0.47
28091941 23 -0.44
29091941 23 -0.42
30091941 23 -0.42
01101941 23 -0.43
02101941 23 -0.44
03101941 23 -0.46
04101941 23 -0.48
05101941 23 -0.50
06101941 23 -0.50
07101941 23 -0.50
08101941 23 -0.49
09101941 23 -0.48
10101941 23 -0.46
11101941 23 -0.45
12101941 23 -0.43
13101941 23 -0.43
14101941 23 -0.43
15101941 23 -0.44
16101941 23 -0.46
17101941 23 -0.49
18101941 23 -0.53
19101941 23 -0.56
20101941 23 -0.58
21101941 23 -0.59
22101941 23 -0.59
23101941 23 -0.57
24101941 23 -0.54
25101941 23 -0.50
26101941 23 -0.46
27101941 23 -0.43
28101941 23 -0.41
29101941 23 -0.40
30101941 23 -0.41
31101941 23 -0.42
01111941 23 -0.44
02111941 23 -0.47
03111941 23 -0.48
04111941 23 -0.50
05111941 23 -0.51
06111941 23 -0.51
07111941 23 -0.50
08111941 23 -0.49
09111941 23 -0.47
10111941 23 -0.46
11111941 23 -0.45
12111941 23 -0.44
13111941 23 -0.44
14111941 23 -0.46
15111941 23 -0.49
16111941 23 -0.52
17111941 23 -0.56
18111941 23 -0.58
19111941 23 -0.59
20111941 23 -0.58
21111941 23 -0.56
22111941 23 -0.53
23111941 23 -0.50
24111941 23 -0.46
25111941 23 -0.43
26111941 23 -0.40
27111941 23 -0.39
28111941 23 -0.39
29111941 23 -0.40
30111941 23 -0.43
01121941 23 -0.45
02121941 23 -0.48
03121941 23 -0.50
04121941 23 -0.51
05121941 23 -0.52
06121941 23 -0.52
07121941 23 -0.51
08121941 23 -0.50
09121941 23 -0.48
10121941 23 -0.46
11121941 23 -0.45
12121941 23 -0.45
13121941 23 -0.46
14121941 23 -0.48
15121941 23 -0.52
16121941 23 -0.54
17121941 23 -0.57
18121941 23 -0.57
19121941 23 -0.57
20121941 23 -0.55
21121941 23 -0.53
22121941 23 -0.49
23121941 23 -0.46
24121941 23 -0.43
25121941 23 -0.40
26121941 23 -0.38
27121941 23 -0.38
28121941 23 -0.39
29121941 23 -0.41
30121941 23 -0.44
31121941 23 -0.47
