01011985 23 -0.40
02011985 23 -0.43
03011985 23 -0.46
04011985 23 -0.50
05011985 23 -0.53
06011985 23 -0.56
07011985 23 -0.57
08011985 23 -0.57
09011985 23 -0.57
10011985 23 -0.55
11011985 23 -0.52
12011985 23 -0.49
13011985 23 -0.47
14011985 23 -0.45
15011985 23 -0.45
16011985 23 -0.45
17011985 23 -0.47
18011985 23 -0.49
19011985 23 -0.50
20011985 23 -0.51
21011985 23 -0.51
22011985 23 -0.50
23011985 23 -0.49
24011985 23 -0.48
25011985 23 -0.45
26011985 23 -0.43
27011985 23 -0.41
28011985 23 -0.40
29011985 23 -0.40
30011985 23 -0.41
31011985 23 -0.43
01021985 23 -0.47
02021985 23 -0.50
03021985 23 -0.53
04021985 23 -0.56
05021985 23 -0.57
06021985 23 -0.58
07021985 23 -0.57
08021985 23 -0.56
09021985 23 -0.53
10021985 23 -0.50
11021985 23 -0.47
12021985 23 -0.45
13021985 23 -0.44
14021985 23 -0.44
15021985 23 -0.44
16021985 23 -0.46
17021985 23 -0.47
18021985 23 -0.48
19021985 23 -0.49
20021985 23 -0.50
21021985 23 -0.49
22021985 23 -0.48
23021985 23 -0.47
24021985 23 -0.45
25021985 23 -0.43
26021985 23 -0.42
27021985 23 -0.42
28021985 23 -0.42
01031985 23 -0.44
02031985 23 -0.47
03031985 23 -0.50
04031985 23 -0.53
05031985 23 -0.56
06031985 23 -0.57
07031985 23 -0.58
08031985 23 -0.58
09031985 23 -0.56
10031985 23 -0.54
11031985 23 -0.51
12031985 23 -0.48
13031985 23 -0.45
14031985 23 -0.43
15031985 23 -0.42
16031985 23 -0.42
17031985 23 -0.43
18031985 23 -0.45
19031985 23 -0.46
20031985 23 -0.48
21031985 23 -0.49
22031985 23 -0.49
23031985 23 -0.49
24031985 23 -0.49
25031985 23 -0.47
26031985 23 -0.46
27031985 23 -0.45
28031985 23 -0.44
29031985 23 -0.44
30031985 23 -0.45
31031985 23 -0.47
01041985 23 -0.50
02041985 23 -0.52
03041985 23 -0.55
04041985 23 -0.56
05041985 23 -0.57
06041985 23 -0.57
07041985 23 -0.56
08041985 23 -0.54
09041985 23 -0.52
10041985 23 -0.48
11041985 23 -0.45
12041985 23 -0.42
13041985 23 -0.40
14041985 23 -0.40
15041985 23 -0.41
16041985 23 -0.43
17041985 23 -0.45
18041985 23 -0.46
19041985 23 -0.48
20041985 23 -0.50
21041985 23 -0.50
22041985 23 -0.51
23041985 23 -0.50
24041985 23 -0.49
25041985 23 -0.48
26041985 23 -0.47
27041985 23 -0.46
28041985 23 -0.46
29041985 23 -0.47
30041985 23 -0.49
01051985 23 -0.51
02051985 23 -0.53
03051985 23 -0.55
04051985 23 -0.56
05051985 23 -0.56
06051985 23 -0.56
07051985 23 -0.54
08051985 23 -0.52
09051985 23 -0.48
10051985 23 -0.45
11051985 23 -0.42
12051985 23 -0.40
13051985 23 -0.39
14051985 23 -0.40
15051985 23 -0.41
16051985 23 -0.43
17051985 23 -0.46
18051985 23 -0.48
19051985 23 -0.50
20051985 23 -0.52
21051985 23 -0.52
22051985 23 -0.53
23051985 23 -0.52
24051985 23 -0.51
25051985 23 -0.49
26051985 23 -0.48
27051985 23 -0.48
28051985 23 -0.47
29051985 23 -0.48
30051985 23 -0.49
31051985 23 -0.51
01061985 23 -0.53
02061985 23 -0.54
03061985 23 -0.55
04061985 23 -0.55
05061985 23 -0.54
06061985 23 -0.52
07061985 23 -0.49
08061985 23 -0.45
09061985 23 -0.42
10061985 23 -0.39
11061985 23 -0.39
12061985 23 -0.39
13061985 23 -0.40
14061985 23 -0.42
15061985 23 -0.45
16061985 23 -0.47
17061985 23 -0.50
18061985 23 -0.53
19061985 23 -0.54
20061985 23 -0.55
21061985 23 -0.55
22061985 23 -0.54
23061985 23 -0.52
24061985 23 -0.50
25061985 23 -0.48
26061985 23 -0.47
27061985 23 -0.47
28061985 23 -0.47
29061985 23 -0.48
30061985 23 -0.50
01071985 23 -0.52
02071985 23 -0.53
03071985 23 -0.54
04071985 23 -0.53
05071985 23 -0.51
06071985 23 -0.49
07071985 23 -0.45
08071985 23 -0.42
09071985 23 -0.40
10071985 23 -0.39
11071985 23 -0.39
12071985 23 -0.40
13071985 23 -0.42
14071985 23 -0.44
15071985 23 -0.47
16071985 23 -0.50
17071985 23 -0.53
18071985 23 -0.56
19071985 23 -0.57
20071985 23 -0.57
21071985 23 -0.56
22071985 23 -0.54
23071985 23 -0.52
24071985 23 -0.49
25071985 23 -0.47
26071985 23 -0.45
27071985 23 -0.45
28071985 23 -0.46
29071985 23 -0.48
30071985 23 -0.49
31071985 23 -0.51
01081985 23 -0.52
02081985 23 -0.52
03081985 23 -0.51
04081985 23 -0.49
05081985 23 -0.46
06081985 23 -0.44
07081985 23 -0.42
08081985 23 -0.40
09081985 23 -0.40
10081985 23 -0.41
11081985 23 -0.42
12081985 23 -0.44
13081985 23 -0.47
14081985 23 -0.51
15081985 23 -0.54
16081985 23 -0.57
17081985 23 -0.58
18081985 23 -0.59
19081985 23 -0.58
20081985 23 -0.55
21081985 23 -0.52
22081985 23 -0.49
23081985 23 -0.46
24081985 23 -0.44
25081985 23 -0.43
26081985 23 -0.43
27081985 23 -0.45
28081985 23 -0.47
29081985 23 -0.49
30081985 23 -0.50
31081985 23 -0.51
01091985 23 -0.51
02091985 23 -0.50
03091985 23 -0.48
04091985 23 -0.46
05091985 23 -0.44
06091985 23 -0.42
07091985 23 -0.41
08091985 23 -0.41
09091985 23 -0.42
10091985 23 -0.44
11091985 23 -0.47
12091985 23 -0.51
13091985 23 -0.54
14091985 23 -0.57
15091985 23 -0.59
16091985 23 -0.59
17091985 23 -0.58
18091985 23 -0.56
19091985 23 -0.53
20091985 23 -0.49
21091985 23 -0.45
22091985 23 -0.43
23091985 23 -0.41
24091985 23 -0.41
25091985 23 -0.43
26091985 23 -0.45
27091985 23 -0.47
28091985 23 -0.49
29091985 23 -0.50
30091985 23 -0.50
01101985 23 -0.50
02101985 23 -0.49
03101985 23 -0.47
04101985 23 -0.46
05101985 23 -0.45
06101985 23 -0.43
07101985 23 -0.43
08101985 23 -0.43
09101985 23 -0.45
10101985 23 -0.47
11101985 23 -0.51
12101985 23 -0.54
13101985 23 -0.57
14101985 23 -0.59
15101985 23 -0.59
16101985 23 -0.58
17101985 23 -0.56
18101985 23 -0.53
19101985 23 -0.49
20101985 23 -0.45
21101985 23 -0.42
22101985 23 -0.40
23101985 23 -0.40
24101985 23 -0.41
25101985 23 -0.43
26101985 23 -0.45
27101985 23 -0.47
28101985 23 -0.49
29101985 23 -0.50
30101985 23 -0.51
31101985 23 -0.51
01111985 23 -0.50
02111985 23 -0.48
03111985 23 -0.47
04111985 23 -0.46
05111985 23 -0.45
06111985 23 -0.44
07111985 23 -0.45
08111985 23 -0.47
09111985 23 -0.50
10111985 23 -0.54
11111985 23 -0.56
12111985 23 -0.58
13111985 23 -0.59
14111985 23 -0.58
15111985 23 -0.55
16111985 23 -0.52
17111985 23 -0.48
18111985 23 -0.44
19111985 23 -0.41
20111985 23 -0.39
21111985 23 -0.39
22111985 23 -0.39
23111985 23 -0.41
24111985 23 -0.43
25111985 23 -0.46
26111985 23 -0.49
27111985 23 -0.51
28111985 23 -0.52
29111985 23 -0.52
30111985 23 -0.52
01121985 23 -0.51
02121985 23 -0.50
03121985 23 -0.48
04121985 23 -0.46
05121985 23 -0.45
06121985 23 -0.45
07121985 23 -0.47
08121985 23 -0.49
09121985 23 -0.52
10121985 23 -0.55
11121985 23 -0.57
12121985 23 -0.57
13121985 23 -0.56
14121985 23 -0.54
15121985 23 -0.51
16121985 23 -0.48
17121985 23 -0.44
18121985 23 -0.41
19121985 23 -0.39
20121985 23 -0.38
21121985 23 -0.38
22121985 23 -0.40
23121985 23 -0.42
24121985 23 -0.45
25121985 23 -0.49
26121985 23 -0.51
27121985 23 -0.53
28121985 23 -0.54
29121985 23 -0.54
30121985 23 -0.53
31121985 23 -0.52
