01011990 23 -0.52
02011990 23 -0.50
03011990 23 -0.48
04011990 23 -0.46
05011990 23 -0.46
06011990 23 -0.46
07011990 23 -0.48
08011990 23 -0.51
09011990 23 -0.52
10011990 23 -0.53
11011990 23 -0.53
12011990 23 -0.53
13011990 23 -0.51
14011990 23 -0.49
15011990 23 -0.46
16011990 23 -0.43
17011990 23 -0.41
18011990 23 -0.39
19011990 23 -0.38
20011990 23 -0.39
21011990 23 -0.41
22011990 23 -0.44
23011990 23 -0.47
24011990 23 -0.51
25011990 23 -0.53
26011990 23 -0.55
27011990 23 -0.56
28011990 23 -0.57
29011990 23 -0.56
30011990 23 -0.54
31011990 23 -0.51
01021990 23 -0.49
02021990 23 -0.47
03021990 23 -0.45
04021990 23 -0.45
05021990 23 -0.46
06021990 23 -0.48
07021990 23 -0.50
08021990 23 -0.51
09021990 23 -0.51
10021990 23 -0.51
11021990 23 -0.50
12021990 23 -0.49
13021990 23 -0.47
14021990 23 -0.45
15021990 23 -0.42
16021990 23 -0.40
17021990 23 -0.40
18021990 23 -0.40
19021990 23 -0.42
20021990 23 -0.44
21021990 23 -0.47
22021990 23 -0.51
23021990 23 -0.54
24021990 23 -0.56
25021990 23 -0.57
26021990 23 -0.58
27021990 23 -0.57
28021990 23 -0.55
01031990 23 -0.53
02031990 23 -0.50
03031990 23 -0.47
04031990 23 -0.45
05031990 23 -0.44
06031990 23 -0.44
07031990 23 -0.45
08031990 23 -0.47
09031990 23 -0.48
10031990 23 -0.49
11031990 23 -0.49
12031990 23 -0.50
13031990 23 -0.49
14031990 23 -0.48
15031990 23 -0.46
16031990 23 -0.44
17031990 23 -0.43
18031990 23 -0.42
19031990 23 -0.42
20031990 23 -0.43
21031990 23 -0.45
22031990 23 -0.47
23031990 23 -0.50
24031990 23 -0.53
25031990 23 -0.56
26031990 23 -0.57
27031990 23 -0.58
28031990 23 -0.58
29031990 23 -0.56
30031990 23 -0.54
31031990 23 -0.51
01041990 23 -0.47
02041990 23 -0.45
03041990 23 -0.43
04041990 23 -0.42
05041990 23 -0.43
06041990 23 -0.44
07041990 23 -0.45
08041990 23 -0.47
09041990 23 -0.48
10041990 23 -0.49
11041990 23 -0.49
12041990 23 -0.49
13041990 23 -0.48
14041990 23 -0.47
15041990 23 -0.45
16041990 23 -0.44
17041990 23 -0.44
18041990 23 -0.44
19041990 23 -0.45
20041990 23 -0.47
21041990 23 -0.50
22041990 23 -0.53
23041990 23 -0.55
24041990 23 -0.57
25041990 23 -0.58
26041990 23 -0.57
27041990 23 -0.56
28041990 23 -0.54
29041990 23 -0.51
30041990 23 -0.48
01051990 23 -0.44
02051990 23 -0.42
03051990 23 -0.41
04051990 23 -0.40
05051990 23 -0.41
06051990 23 -0.43
07051990 23 -0.45
08051990 23 -0.47
09051990 23 -0.49
10051990 23 -0.50
11051990 23 -0.50
12051990 23 -0.50
13051990 23 -0.49
14051990 23 -0.48
15051990 23 -0.47
16051990 23 -0.46
17051990 23 -0.46
18051990 23 -0.46
19051990 23 -0.48
20051990 23 -0.49
21051990 23 -0.51
22051990 23 -0.53
23051990 23 -0.55
24051990 23 -0.56
25051990 23 -0.57
26051990 23 -0.56
27051990 23 -0.54
28051990 23 -0.52
29051990 23 -0.48
30051990 23 -0.44
31051990 23 -0.41
01061990 23 -0.39
02061990 23 -0.39
03061990 23 -0.40
04061990 23 -0.42
05061990 23 -0.44
06061990 23 -0.46
07061990 23 -0.48
08061990 23 -0.50
09061990 23 -0.52
10061990 23 -0.52
11061990 23 -0.52
12061990 23 -0.51
13061990 23 -0.50
14061990 23 -0.49
15061990 23 -0.48
16061990 23 -0.47
17061990 23 -0.47
18061990 23 -0.48
19061990 23 -0.49
20061990 23 -0.51
21061990 23 -0.53
22061990 23 -0.55
23061990 23 -0.56
24061990 23 -0.56
25061990 23 -0.54
26061990 23 -0.51
27061990 23 -0.48
28061990 23 -0.44
29061990 23 -0.41
30061990 23 -0.39
01071990 23 -0.39
02071990 23 -0.39
03071990 23 -0.41
04071990 23 -0.43
05071990 23 -0.45
06071990 23 -0.48
07071990 23 -0.51
08071990 23 -0.53
09071990 23 -0.54
10071990 23 -0.55
11071990 23 -0.54
12071990 23 -0.53
13071990 23 -0.51
14071990 23 -0.49
15071990 23 -0.48
16071990 23 -0.47
17071990 23 -0.47
18071990 23 -0.47
19071990 23 -0.49
20071990 23 -0.51
21071990 23 -0.53
22071990 23 -0.54
23071990 23 -0.54
24071990 23 -0.53
25071990 23 -0.51
26071990 23 -0.48
27071990 23 -0.45
28071990 23 -0.42
29071990 23 -0.40
30071990 23 -0.39
31071990 23 -0.39
01081990 23 -0.40
02081990 23 -0.42
03081990 23 -0.45
04081990 23 -0.48
05081990 23 -0.51
06081990 23 -0.54
07081990 23 -0.56
08081990 23 -0.57
09081990 23 -0.57
10081990 23 -0.55
11081990 23 -0.53
12081990 23 -0.51
13081990 23 -0.48
14081990 23 -0.46
15081990 23 -0.45
16081990 23 -0.45
17081990 23 -0.47
18081990 23 -0.49
19081990 23 -0.51
20081990 23 -0.52
21081990 23 -0.53
22081990 23 -0.52
23081990 23 -0.51
24081990 23 -0.48
25081990 23 -0.46
26081990 23 -0.43
27081990 23 -0.41
28081990 23 -0.40
29081990 23 -0.40
30081990 23 -0.40
31081990 23 -0.42
01091990 23 -0.45
02091990 23 -0.48
03091990 23 -0.52
04091990 23 -0.55
05091990 23 -0.57
06091990 23 -0.58
07091990 23 -0.58
08091990 23 -0.57
09091990 23 -0.54
10091990 23 -0.51
11091990 23 -0.48
12091990 23 -0.45
13091990 23 -0.44
14091990 23 -0.43
15091990 23 -0.44
16091990 23 -0.46
17091990 23 -0.48
18091990 23 -0.50
19091990 23 -0.51
20091990 23 -0.51
21091990 23 -0.50
22091990 23 -0.49
23091990 23 -0.47
24091990 23 -0.44
25091990 23 -0.43
26091990 23 -0.41
27091990 23 -0.41
28091990 23 -0.41
29091990 23 -0.42
30091990 23 -0.45
01101990 23 -0.48
02101990 23 -0.52
03101990 23 -0.55
04101990 23 -0.58
05101990 23 -0.59
06101990 23 -0.59
07101990 23 -0.58
08101990 23 -0.55
09101990 23 -0.52
10101990 23 -0.48
11101990 23 -0.44
12101990 23 -0.42
13101990 23 -0.42
14101990 23 -0.42
15101990 23 -0.44
16101990 23 -0.46
17101990 23 -0.48
18101990 23 -0.49
19101990 23 -0.50
20101990 23 -0.50
21101990 23 -0.50
22101990 23 -0.48
23101990 23 -0.46
24101990 23 -0.45
25101990 23 -0.44
26101990 23 -0.43
27101990 23 -0.42
28101990 23 -0.43
29101990 23 -0.45
30101990 23 -0.48
31101990 23 -0.52
01111990 23 -0.55
02111990 23 -0.58
03111990 23 -0.59
04111990 23 -0.59
05111990 23 -0.58
06111990 23 -0.55
07111990 23 -0.51
08111990 23 -0.47
09111990 23 -0.44
10111990 23 -0.41
11111990 23 -0.40
12111990 23 -0.41
13111990 23 -0.42
14111990 23 -0.44
15111990 23 -0.46
16111990 23 -0.48
17111990 23 -0.50
18111990 23 -0.50
19111990 23 -0.51
20111990 23 -0.50
21111990 23 -0.49
22111990 23 -0.47
23111990 23 -0.46
24111990 23 -0.45
25111990 23 -0.44
26111990 23 -0.44
27111990 23 -0.45
28111990 23 -0.48
29111990 23 -0.52
30111990 23 -0.55
01121990 23 -0.57
02121990 23 -0.59
03121990 23 -0.58
04121990 23 -0.57
05121990 23 -0.54
06121990 23 -0.51
07121990 23 -0.47
08121990 23 -0.44
09121990 23 -0.41
10121990 23 -0.39
11121990 23 -0.39
12121990 23 -0.40
13121990 23 -0.42
14121990 23 -0.44
15121990 23 -0.47
16121990 23 -0.49
17121990 23 -0.51
18121990 23 -0.52
19121990 23 -0.52
20121990 23 -0.51
21121990 23 -0.50
22121990 23 -0.48
23121990 23 -0.47
24121990 23 -0.45
25121990 23 -0.45
26121990 23 -0.46
27121990 23 -0.48
28121990 23 -0.51
29121990 23 -0.54
30121990 23 -0.56
31121990 23 -0.57
