01012019 23 -0.42
02012019 23 -0.44
03012019 23 -0.46
04012019 23 -0.48
05012019 23 -0.49
06012019 23 -0.50
07012019 23 -0.50
08012019 23 -0.49
09012019 23 -0.48
10012019 23 -0.47
11012019 23 -0.45
12012019 23 -0.44
13012019 23 -0.43
14012019 23 -0.43
15012019 23 -0.44
16012019 23 -0.46
17012019 23 -0.50
18012019 23 -0.53
19012019 23 -0.56
20012019 23 -0.58
21012019 23 -0.58
22012019 23 -0.58
23012019 23 -0.56
24012019 23 -0.54
25012019 23 -0.51
26012019 23 -0.47
27012019 23 -0.44
28012019 23 -0.42
29012019 23 -0.40
30012019 23 -0.41
31012019 23 -0.42
01022019 23 -0.44
02022019 23 -0.46
03022019 23 -0.48
04022019 23 -0.49
05022019 23 -0.50
06022019 23 -0.50
07022019 23 -0.50
08022019 23 -0.49
09022019 23 -0.48
10022019 23 -0.46
11022019 23 -0.45
12022019 23 -0.45
13022019 23 -0.45
14022019 23 -0.47
15022019 23 -0.49
16022019 23 -0.52
17022019 23 -0.55
18022019 23 -0.57
19022019 23 -0.57
20022019 23 -0.57
21022019 23 -0.56
22022019 23 -0.54
23022019 23 -0.51
24022019 23 -0.47
25022019 23 -0.44
26022019 23 -0.41
27022019 23 -0.40
28022019 23 -0.39
01032019 23 -0.40
02032019 23 -0.42
03032019 23 -0.44
04032019 23 -0.47
05032019 23 -0.49
06032019 23 -0.50
07032019 23 -0.51
08032019 23 -0.52
09032019 23 -0.51
10032019 23 -0.51
11032019 23 -0.49
12032019 23 -0.48
13032019 23 -0.47
14032019 23 -0.46
15032019 23 -0.47
16032019 23 -0.49
17032019 23 -0.51
18032019 23 -0.53
19032019 23 -0.55
20032019 23 -0.55
21032019 23 -0.55
22032019 23 -0.55
23032019 23 -0.53
24032019 23 -0.51
25032019 23 -0.48
26032019 23 -0.44
27032019 23 -0.41
28032019 23 -0.39
29032019 23 -0.38
30032019 23 -0.39
31032019 23 -0.41
01042019 23 -0.43
02042019 23 -0.46
03042019 23 -0.48
04042019 23 -0.51
05042019 23 -0.52
06042019 23 -0.53
07042019 23 -0.54
08042019 23 -0.53
09042019 23 -0.52
10042019 23 -0.50
11042019 23 -0.49
12042019 23 -0.48
13042019 23 -0.47
14042019 23 -0.48
15042019 23 -0.49
16042019 23 -0.51
17042019 23 -0.52
18042019 23 -0.53
19042019 23 -0.53
20042019 23 -0.53
21042019 23 -0.52
22042019 23 -0.51
23042019 23 -0.48
24042019 23 -0.45
25042019 23 -0.42
26042019 23 -0.39
27042019 23 -0.39
28042019 23 -0.39
29042019 23 -0.40
30042019 23 -0.43
01052019 23 -0.45
02052019 23 -0.48
03052019 23 -0.51
04052019 23 -0.53
05052019 23 -0.55
06052019 23 -0.56
07052019 23 -0.55
08052019 23 -0.54
09052019 23 -0.52
10052019 23 -0.50
11052019 23 -0.49
12052019 23 -0.47
13052019 23 -0.47
14052019 23 -0.47
15052019 23 -0.48
16052019 23 -0.49
17052019 23 -0.50
18052019 23 -0.51
19052019 23 -0.52
20052019 23 -0.52
21052019 23 -0.50
22052019 23 -0.48
23052019 23 -0.46
24052019 23 -0.43
25052019 23 -0.41
26052019 23 -0.40
27052019 23 -0.40
28052019 23 -0.41
29052019 23 -0.43
30052019 23 -0.45
31052019 23 -0.48
01062019 23 -0.51
02062019 23 -0.54
03062019 23 -0.56
04062019 23 -0.57
05062019 23 -0.57
06062019 23 -0.56
07062019 23 -0.54
08062019 23 -0.52
09062019 23 -0.49
10062019 23 -0.47
11062019 23 -0.45
12062019 23 -0.45
13062019 23 -0.45
14062019 23 -0.46
15062019 23 -0.48
16062019 23 -0.49
17062019 23 -0.50
18062019 23 -0.51
19062019 23 -0.50
20062019 23 -0.49
21062019 23 -0.47
22062019 23 -0.45
23062019 23 -0.43
24062019 23 -0.42
25062019 23 -0.41
26062019 23 -0.42
27062019 23 -0.43
28062019 23 -0.45
29062019 23 -0.48
30062019 23 -0.51
01072019 23 -0.54
02072019 23 -0.56
03072019 23 -0.58
04072019 23 -0.59
05072019 23 -0.58
06072019 23 -0.56
07072019 23 -0.53
08072019 23 -0.50
09072019 23 -0.46
10072019 23 -0.44
11072019 23 -0.43
12072019 23 -0.42
13072019 23 -0.44
14072019 23 -0.45
15072019 23 -0.47
16072019 23 -0.49
17072019 23 -0.50
18072019 23 -0.50
19072019 23 -0.50
20072019 23 -0.48
21072019 23 -0.47
22072019 23 -0.45
23072019 23 -0.44
24072019 23 -0.43
25072019 23 -0.43
26072019 23 -0.44
27072019 23 -0.45
28072019 23 -0.47
29072019 23 -0.50
30072019 23 -0.53
31072019 23 -0.56
01082019 23 -0.58
02082019 23 -0.59
03082019 23 -0.58
04082019 23 -0.56
05082019 23 -0.53
06082019 23 -0.49
07082019 23 -0.46
08082019 23 -0.43
09082019 23 -0.41
10082019 23 -0.40
11082019 23 -0.41
12082019 23 -0.43
13082019 23 -0.45
14082019 23 -0.47
15082019 23 -0.49
16082019 23 -0.50
17082019 23 -0.51
18082019 23 -0.50
19082019 23 -0.49
20082019 23 -0.48
21082019 23 -0.47
22082019 23 -0.45
23082019 23 -0.45
24082019 23 -0.45
25082019 23 -0.45
26082019 23 -0.47
27082019 23 -0.50
28082019 23 -0.53
29082019 23 -0.56
30082019 23 -0.58
31082019 23 -0.59
01092019 23 -0.58
02092019 23 -0.56
03092019 23 -0.53
04092019 23 -0.49
05092019 23 -0.45
06092019 23 -0.42
07092019 23 -0.40
08092019 23 -0.39
09092019 23 -0.40
10092019 23 -0.41
11092019 23 -0.43
12092019 23 -0.46
13092019 23 -0.48
14092019 23 -0.50
15092019 23 -0.52
16092019 23 -0.52
17092019 23 -0.52
18092019 23 -0.51
19092019 23 -0.49
20092019 23 -0.48
21092019 23 -0.46
22092019 23 -0.46
23092019 23 -0.45
24092019 23 -0.46
25092019 23 -0.49
26092019 23 -0.52
27092019 23 -0.55
28092019 23 -0.57
29092019 23 -0.58
30092019 23 -0.57
01102019 23 -0.55
02102019 23 -0.52
03102019 23 -0.49
04102019 23 -0.45
05102019 23 -0.41
06102019 23 -0.39
07102019 23 -0.38
08102019 23 -0.39
09102019 23 -0.40
10102019 23 -0.42
11102019 23 -0.45
12102019 23 -0.48
13102019 23 -0.51
14102019 23 -0.53
15102019 23 -0.54
16102019 23 -0.54
17102019 23 -0.53
18102019 23 -0.52
19102019 23 -0.50
20102019 23 -0.48
21102019 23 -0.46
22102019 23 -0.45
23102019 23 -0.46
24102019 23 -0.48
25102019 23 -0.50
26102019 23 -0.53
27102019 23 -0.55
28102019 23 -0.56
29102019 23 -0.56
30102019 23 -0.54
31102019 23 -0.52
01112019 23 -0.48
02112019 23 -0.45
03112019 23 -0.42
04112019 23 -0.39
05112019 23 -0.38
06112019 23 -0.38
07112019 23 -0.39
08112019 23 -0.41
09112019 23 -0.45
10112019 23 -0.48
11112019 23 -0.51
12112019 23 -0.54
13112019 23 -0.55
14112019 23 -0.56
15112019 23 -0.55
16112019 23 -0.54
17112019 23 -0.52
18112019 23 -0.49
19112019 23 -0.47
20112019 23 -0.45
21112019 23 -0.45
22112019 23 -0.46
23112019 23 -0.49
24112019 23 -0.51
25112019 23 -0.53
26112019 23 -0.54
27112019 23 -0.54
28112019 23 -0.53
29112019 23 -0.51
30112019 23 -0.48
01122019 23 -0.45
02122019 23 -0.42
03122019 23 -0.40
04122019 23 -0.39
05122019 23 -0.38
06122019 23 -0.39
07122019 23 -0.41
08122019 23 -0.44
09122019 23 -0.48
10122019 23 -0.52
11122019 23 -0.55
12122019 23 -0.57
13122019 23 -0.57
14122019 23 -0.57
15122019 23 -0.56
16122019 23 -0.53
17122019 23 -0.50
18122019 23 -0.47
19122019 23 -0.45
20122019 23 -0.44
21122019 23 -0.45
22122019 23 -0.47
23122019 23 -0.49
24122019 23 -0.50
25122019 23 -0.51
26122019 23 -0.52
27122019 23 -0.51
28122019 23 -0.50
29122019 23 -0.48
30122019 23 -0.46
31122019 23 -0.44
