01012006 23 -0.59
02012006 23 -0.57
03012006 23 -0.55
04012006 23 -0.52
05012006 23 -0.48
06012006 23 -0.45
07012006 23 -0.43
08012006 23 -0.42
09012006 23 -0.42
10012006 23 -0.44
11012006 23 -0.45
12012006 23 -0.47
13012006 23 -0.49
14012006 23 -0.49
15012006 23 -0.50
16012006 23 -0.49
17012006 23 -0.48
18012006 23 -0.47
19012006 23 -0.45
20012006 23 -0.44
21012006 23 -0.43
22012006 23 -0.42
23012006 23 -0.43
24012006 23 -0.45
25012006 23 -0.48
26012006 23 -0.52
27012006 23 -0.55
28012006 23 -0.57
29012006 23 -0.58
30012006 23 -0.58
31012006 23 -0.57
01022006 23 -0.55
02022006 23 -0.52
03022006 23 -0.49
04022006 23 -0.45
05022006 23 -0.43
06022006 23 -0.41
07022006 23 -0.41
08022006 23 -0.41
09022006 23 -0.43
10022006 23 -0.45
11022006 23 -0.47
12022006 23 -0.49
13022006 23 -0.50
14022006 23 -0.50
15022006 23 -0.50
16022006 23 -0.49
17022006 23 -0.48
18022006 23 -0.46
19022006 23 -0.45
20022006 23 -0.45
21022006 23 -0.45
22022006 23 -0.46
23022006 23 -0.48
24022006 23 -0.51
25022006 23 -0.54
26022006 23 -0.56
27022006 23 -0.57
28022006 23 -0.57
01032006 23 -0.56
02032006 23 -0.55
03032006 23 -0.52
04032006 23 -0.49
05032006 23 -0.45
06032006 23 -0.42
07032006 23 -0.40
08032006 23 -0.39
09032006 23 -0.40
10032006 23 -0.41
11032006 23 -0.43
12032006 23 -0.46
13032006 23 -0.48
14032006 23 -0.49
15032006 23 -0.51
16032006 23 -0.51
17032006 23 -0.51
18032006 23 -0.51
19032006 23 -0.49
20032006 23 -0.48
21032006 23 -0.47
22032006 23 -0.46
23032006 23 -0.47
24032006 23 -0.48
25032006 23 -0.50
26032006 23 -0.52
27032006 23 -0.54
28032006 23 -0.55
29032006 23 -0.56
30032006 23 -0.55
31032006 23 -0.54
01042006 23 -0.52
02042006 23 -0.49
03042006 23 -0.46
04042006 23 -0.42
05042006 23 -0.40
06042006 23 -0.39
07042006 23 -0.39
08042006 23 -0.40
09042006 23 -0.42
10042006 23 -0.45
11042006 23 -0.47
12042006 23 -0.50
13042006 23 -0.52
14042006 23 -0.53
15042006 23 -0.54
16042006 23 -0.53
17042006 23 -0.52
18042006 23 -0.51
19042006 23 -0.49
20042006 23 -0.48
21042006 23 -0.47
22042006 23 -0.48
23042006 23 -0.49
24042006 23 -0.50
25042006 23 -0.52
26042006 23 -0.53
27042006 23 -0.54
28042006 23 -0.54
29042006 23 -0.53
30042006 23 -0.52
01052006 23 -0.49
02052006 23 -0.46
03052006 23 -0.43
04052006 23 -0.40
05052006 23 -0.39
06052006 23 -0.39
07052006 23 -0.40
08052006 23 -0.42
09052006 23 -0.44
10052006 23 -0.47
11052006 23 -0.50
12052006 23 -0.52
13052006 23 -0.54
14052006 23 -0.55
15052006 23 -0.56
16052006 23 -0.55
17052006 23 -0.53
18052006 23 -0.51
19052006 23 -0.49
20052006 23 -0.48
21052006 23 -0.47
22052006 23 -0.47
23052006 23 -0.48
24052006 23 -0.49
25052006 23 -0.50
26052006 23 -0.51
27052006 23 -0.52
28052006 23 -0.52
29052006 23 -0.51
30052006 23 -0.49
31052006 23 -0.47
01062006 23 -0.44
02062006 23 -0.41
03062006 23 -0.40
04062006 23 -0.39
05062006 23 -0.40
06062006 23 -0.42
07062006 23 -0.44
08062006 23 -0.47
09062006 23 -0.50
10062006 23 -0.52
11062006 23 -0.55
12062006 23 -0.57
13062006 23 -0.57
14062006 23 -0.57
15062006 23 -0.55
16062006 23 -0.53
17062006 23 -0.50
18062006 23 -0.48
19062006 23 -0.46
20062006 23 -0.45
21062006 23 -0.45
22062006 23 -0.46
23062006 23 -0.47
24062006 23 -0.49
25062006 23 -0.50
26062006 23 -0.51
27062006 23 -0.51
28062006 23 -0.50
29062006 23 -0.48
30062006 23 -0.45
01072006 23 -0.43
02072006 23 -0.42
03072006 23 -0.41
04072006 23 -0.41
05072006 23 -0.42
06072006 23 -0.44
07072006 23 -0.46
08072006 23 -0.49
09072006 23 -0.53
10072006 23 -0.55
11072006 23 -0.58
12072006 23 -0.59
13072006 23 -0.58
14072006 23 -0.57
15072006 23 -0.54
16072006 23 -0.51
17072006 23 -0.48
18072006 23 -0.45
19072006 23 -0.43
20072006 23 -0.43
21072006 23 -0.43
22072006 23 -0.45
23072006 23 -0.47
24072006 23 -0.48
25072006 23 -0.50
26072006 23 -0.50
27072006 23 -0.50
28072006 23 -0.49
29072006 23 -0.47
30072006 23 -0.46
31072006 23 -0.44
01082006 23 -0.43
02082006 23 -0.43
03082006 23 -0.43
04082006 23 -0.44
05082006 23 -0.46
06082006 23 -0.49
07082006 23 -0.52
08082006 23 -0.55
09082006 23 -0.58
10082006 23 -0.59
11082006 23 -0.59
12082006 23 -0.57
13082006 23 -0.55
14082006 23 -0.51
15082006 23 -0.47
16082006 23 -0.44
17082006 23 -0.41
18082006 23 -0.41
19082006 23 -0.41
20082006 23 -0.43
21082006 23 -0.44
22082006 23 -0.47
23082006 23 -0.48
24082006 23 -0.50
25082006 23 -0.51
26082006 23 -0.50
27082006 23 -0.49
28082006 23 -0.48
29082006 23 -0.47
30082006 23 -0.45
31082006 23 -0.45
01092006 23 -0.44
02092006 23 -0.45
03092006 23 -0.46
04092006 23 -0.49
05092006 23 -0.52
06092006 23 -0.55
07092006 23 -0.57
08092006 23 -0.59
09092006 23 -0.59
10092006 23 -0.57
11092006 23 -0.54
12092006 23 -0.51
13092006 23 -0.47
14092006 23 -0.43
15092006 23 -0.40
16092006 23 -0.39
17092006 23 -0.39
18092006 23 -0.41
19092006 23 -0.43
20092006 23 -0.45
21092006 23 -0.48
22092006 23 -0.50
23092006 23 -0.51
24092006 23 -0.52
25092006 23 -0.52
26092006 23 -0.51
27092006 23 -0.49
28092006 23 -0.48
29092006 23 -0.47
30092006 23 -0.45
01102006 23 -0.45
02102006 23 -0.46
03102006 23 -0.48
04102006 23 -0.51
05102006 23 -0.54
06102006 23 -0.56
07102006 23 -0.58
08102006 23 -0.58
09102006 23 -0.56
10102006 23 -0.54
11102006 23 -0.50
12102006 23 -0.46
13102006 23 -0.43
14102006 23 -0.40
15102006 23 -0.39
16102006 23 -0.38
17102006 23 -0.39
18102006 23 -0.41
19102006 23 -0.44
20102006 23 -0.47
21102006 23 -0.50
22102006 23 -0.52
23102006 23 -0.53
24102006 23 -0.54
25102006 23 -0.53
26102006 23 -0.52
27102006 23 -0.50
28102006 23 -0.49
29102006 23 -0.47
30102006 23 -0.46
31102006 23 -0.46
01112006 23 -0.47
02112006 23 -0.49
03112006 23 -0.52
04112006 23 -0.55
05112006 23 -0.56
06112006 23 -0.56
07112006 23 -0.55
08112006 23 -0.53
09112006 23 -0.50
10112006 23 -0.46
11112006 23 -0.43
12112006 23 -0.40
13112006 23 -0.39
14112006 23 -0.38
15112006 23 -0.39
16112006 23 -0.41
17112006 23 -0.43
18112006 23 -0.47
19112006 23 -0.50
20112006 23 -0.53
21112006 23 -0.55
22112006 23 -0.55
23112006 23 -0.55
24112006 23 -0.54
25112006 23 -0.52
26112006 23 -0.50
27112006 23 -0.48
28112006 23 -0.46
29112006 23 -0.45
30112006 23 -0.46
01122006 23 -0.48
02122006 23 -0.51
03122006 23 -0.53
04122006 23 -0.54
05122006 23 -0.54
06122006 23 -0.53
07122006 23 -0.52
08122006 23 -0.49
09122006 23 -0.46
10122006 23 -0.43
11122006 23 -0.41
12122006 23 -0.39
13122006 23 -0.38
14122006 23 -0.39
15122006 23 -0.40
16122006 23 -0.43
17122006 23 -0.47
18122006 23 -0.51
19122006 23 -0.54
20122006 23 -0.56
21122006 23 -0.57
22122006 23 -0.57
23122006 23 -0.56
24122006 23 -0.54
25122006 23 -0.51
26122006 23 -0.48
27122006 23 -0.46
28122006 23 -0.45
29122006 23 -0.45
30122006 23 -0.46
31122006 23 -0.48
