01012014 23 -0.59
02012014 23 -0.58
03012014 23 -0.57
04012014 23 -0.55
05012014 23 -0.51
06012014 23 -0.48
07012014 23 -0.44
08012014 23 -0.42
09012014 23 -0.40
10012014 23 -0.40
11012014 23 -0.41
12012014 23 -0.43
13012014 23 -0.45
14012014 23 -0.47
15012014 23 -0.49
16012014 23 -0.50
17012014 23 -0.51
18012014 23 -0.51
19012014 23 -0.50
20012014 23 -0.49
21012014 23 -0.47
22012014 23 -0.46
23012014 23 -0.45
24012014 23 -0.45
25012014 23 -0.46
26012014 23 -0.48
27012014 23 -0.51
28012014 23 -0.54
29012014 23 -0.56
30012014 23 -0.57
31012014 23 -0.57
01022014 23 -0.56
02022014 23 -0.54
03022014 23 -0.51
04022014 23 -0.48
05022014 23 -0.44
06022014 23 -0.41
07022014 23 -0.39
08022014 23 -0.39
09022014 23 -0.39
10022014 23 -0.41
11022014 23 -0.44
12022014 23 -0.46
13022014 23 -0.49
14022014 23 -0.50
15022014 23 -0.52
16022014 23 -0.52
17022014 23 -0.52
18022014 23 -0.51
19022014 23 -0.50
20022014 23 -0.48
21022014 23 -0.47
22022014 23 -0.46
23022014 23 -0.47
24022014 23 -0.48
25022014 23 -0.50
26022014 23 -0.52
27022014 23 -0.54
28022014 23 -0.55
01032014 23 -0.55
02032014 23 -0.55
03032014 23 -0.53
04032014 23 -0.51
05032014 23 -0.48
06032014 23 -0.45
07032014 23 -0.42
08032014 23 -0.39
09032014 23 -0.38
10032014 23 -0.39
11032014 23 -0.40
12032014 23 -0.43
13032014 23 -0.45
14032014 23 -0.48
15032014 23 -0.51
16032014 23 -0.52
17032014 23 -0.54
18032014 23 -0.54
19032014 23 -0.54
20032014 23 -0.53
21032014 23 -0.51
22032014 23 -0.49
23032014 23 -0.48
24032014 23 -0.47
25032014 23 -0.47
26032014 23 -0.49
27032014 23 -0.50
28032014 23 -0.52
29032014 23 -0.53
30032014 23 -0.53
31032014 23 -0.53
01042014 23 -0.52
02042014 23 -0.51
03042014 23 -0.48
04042014 23 -0.45
05042014 23 -0.42
06042014 23 -0.40
07042014 23 -0.39
08042014 23 -0.39
09042014 23 -0.40
10042014 23 -0.42
11042014 23 -0.45
12042014 23 -0.48
13042014 23 -0.51
14042014 23 -0.53
15042014 23 -0.55
16042014 23 -0.56
17042014 23 -0.56
18042014 23 -0.55
19042014 23 -0.53
20042014 23 -0.51
21042014 23 -0.49
22042014 23 -0.47
23042014 23 -0.47
24042014 23 -0.47
25042014 23 -0.47
26042014 23 -0.49
27042014 23 -0.50
28042014 23 -0.51
29042014 23 -0.51
30042014 23 -0.51
01052014 23 -0.50
02052014 23 -0.49
03052014 23 -0.46
04052014 23 -0.44
05052014 23 -0.41
06052014 23 -0.40
07052014 23 -0.40
08052014 23 -0.41
09052014 23 -0.43
10052014 23 -0.45
11052014 23 -0.48
12052014 23 -0.51
13052014 23 -0.53
14052014 23 -0.56
15052014 23 -0.57
16052014 23 -0.57
17052014 23 -0.57
18052014 23 -0.55
19052014 23 -0.52
20052014 23 -0.50
21052014 23 -0.47
22052014 23 -0.45
23052014 23 -0.45
24052014 23 -0.45
25052014 23 -0.46
26052014 23 -0.47
27052014 23 -0.48
28052014 23 -0.49
29052014 23 -0.50
30052014 23 -0.50
31052014 23 -0.49
01062014 23 -0.47
02062014 23 -0.45
03062014 23 -0.43
04062014 23 -0.42
05062014 23 -0.42
06062014 23 -0.42
07062014 23 -0.43
08062014 23 -0.45
09062014 23 -0.48
10062014 23 -0.50
11062014 23 -0.53
12062014 23 -0.56
13062014 23 -0.58
14062014 23 -0.58
15062014 23 -0.58
16062014 23 -0.56
17062014 23 -0.54
18062014 23 -0.50
19062014 23 -0.47
20062014 23 -0.44
21062014 23 -0.43
22062014 23 -0.42
23062014 23 -0.43
24062014 23 -0.44
25062014 23 -0.46
26062014 23 -0.48
27062014 23 -0.49
28062014 23 -0.50
29062014 23 -0.50
30062014 23 -0.49
01072014 23 -0.48
02072014 23 -0.46
03072014 23 -0.45
04072014 23 -0.44
05072014 23 -0.44
06072014 23 -0.44
07072014 23 -0.45
08072014 23 -0.47
09072014 23 -0.50
10072014 23 -0.53
11072014 23 -0.55
12072014 23 -0.57
13072014 23 -0.59
14072014 23 -0.58
15072014 23 -0.57
16072014 23 -0.54
17072014 23 -0.50
18072014 23 -0.47
19072014 23 -0.43
20072014 23 -0.41
21072014 23 -0.40
22072014 23 -0.41
23072014 23 -0.42
24072014 23 -0.44
25072014 23 -0.46
26072014 23 -0.48
27072014 23 -0.50
28072014 23 -0.51
29072014 23 -0.51
30072014 23 -0.50
31072014 23 -0.49
01082014 23 -0.48
02082014 23 -0.46
03082014 23 -0.46
04082014 23 -0.45
05082014 23 -0.45
06082014 23 -0.47
07082014 23 -0.49
08082014 23 -0.52
09082014 23 -0.55
10082014 23 -0.57
11082014 23 -0.58
12082014 23 -0.58
13082014 23 -0.57
14082014 23 -0.54
15082014 23 -0.50
16082014 23 -0.46
17082014 23 -0.43
18082014 23 -0.40
19082014 23 -0.39
20082014 23 -0.39
21082014 23 -0.40
22082014 23 -0.42
23082014 23 -0.45
24082014 23 -0.47
25082014 23 -0.50
26082014 23 -0.52
27082014 23 -0.52
28082014 23 -0.52
29082014 23 -0.52
30082014 23 -0.50
31082014 23 -0.49
01092014 23 -0.47
02092014 23 -0.46
03092014 23 -0.46
04092014 23 -0.46
05092014 23 -0.48
06092014 23 -0.50
07092014 23 -0.53
08092014 23 -0.56
09092014 23 -0.57
10092014 23 -0.57
11092014 23 -0.56
12092014 23 -0.53
13092014 23 -0.50
14092014 23 -0.46
15092014 23 -0.42
16092014 23 -0.40
17092014 23 -0.38
18092014 23 -0.38
19092014 23 -0.39
20092014 23 -0.41
21092014 23 -0.44
22092014 23 -0.47
23092014 23 -0.50
24092014 23 -0.53
25092014 23 -0.54
26092014 23 -0.54
27092014 23 -0.54
28092014 23 -0.53
29092014 23 -0.51
30092014 23 -0.49
01102014 23 -0.47
02102014 23 -0.46
03102014 23 -0.46
04102014 23 -0.47
05102014 23 -0.49
06102014 23 -0.52
07102014 23 -0.54
08102014 23 -0.55
09102014 23 -0.56
10102014 23 -0.55
11102014 23 -0.52
12102014 23 -0.49
13102014 23 -0.46
14102014 23 -0.43
15102014 23 -0.40
16102014 23 -0.39
17102014 23 -0.38
18102014 23 -0.39
19102014 23 -0.41
20102014 23 -0.44
21102014 23 -0.47
22102014 23 -0.50
23102014 23 -0.53
24102014 23 -0.55
25102014 23 -0.56
26102014 23 -0.56
27102014 23 -0.55
28102014 23 -0.53
29102014 23 -0.51
30102014 23 -0.48
31102014 23 -0.46
01112014 23 -0.45
02112014 23 -0.45
03112014 23 -0.47
04112014 23 -0.49
05112014 23 -0.52
06112014 23 -0.53
07112014 23 -0.54
08112014 23 -0.53
09112014 23 -0.51
10112014 23 -0.49
11112014 23 -0.46
12112014 23 -0.43
13112014 23 -0.41
14112014 23 -0.39
15112014 23 -0.39
16112014 23 -0.39
17112014 23 -0.41
18112014 23 -0.43
19112014 23 -0.47
20112014 23 -0.51
21112014 23 -0.54
22112014 23 -0.56
23112014 23 -0.58
24112014 23 -0.58
25112014 23 -0.57
26112014 23 -0.55
27112014 23 -0.52
28112014 23 -0.48
29112014 23 -0.46
30112014 23 -0.44
01122014 23 -0.44
02122014 23 -0.45
03122014 23 -0.47
04122014 23 -0.49
05122014 23 -0.51
06122014 23 -0.51
07122014 23 -0.51
08122014 23 -0.51
09122014 23 -0.49
10122014 23 -0.47
11122014 23 -0.45
12122014 23 -0.43
13122014 23 -0.41
14122014 23 -0.40
15122014 23 -0.40
16122014 23 -0.41
17122014 23 -0.44
18122014 23 -0.47
19122014 23 -0.51
20122014 23 -0.55
21122014 23 -0.57
22122014 23 -0.58
23122014 23 -0.59
24122014 23 -0.57
25122014 23 -0.55
26122014 23 -0.52
27122014 23 -0.49
28122014 23 -0.46
29122014 23 -0.44
30122014 23 -0.43
31122014 23 -0.43
