01011915 23 -0.54
02011915 23 -0.55
03011915 23 -0.55
04011915 23 -0.54
05011915 23 -0.53
06011915 23 -0.51
07011915 23 -0.48
08011915 23 -0.47
09011915 23 -0.46
10011915 23 -0.46
11011915 23 -0.48
12011915 23 -0.50
13011915 23 -0.52
14011915 23 -0.54
15011915 23 -0.54
16011915 23 -0.53
17011915 23 -0.52
18011915 23 -0.50
19011915 23 -0.48
20011915 23 -0.45
21011915 23 -0.42
22011915 23 -0.40
23011915 23 -0.38
24011915 23 -0.38
25011915 23 -0.40
26011915 23 -0.42
27011915 23 -0.46
28011915 23 -0.49
29011915 23 -0.52
30011915 23 -0.54
31011915 23 -0.56
01021915 23 -0.56
02021915 23 -0.56
03021915 23 -0.55
04021915 23 -0.52
05021915 23 -0.50
06021915 23 -0.48
07021915 23 -0.46
08021915 23 -0.46
09021915 23 -0.46
10021915 23 -0.48
11021915 23 -0.49
12021915 23 -0.51
13021915 23 -0.51
14021915 23 -0.51
15021915 23 -0.51
16021915 23 -0.50
17021915 23 -0.48
18021915 23 -0.46
19021915 23 -0.43
20021915 23 -0.41
21021915 23 -0.40
22021915 23 -0.39
23021915 23 -0.40
24021915 23 -0.43
25021915 23 -0.46
26021915 23 -0.49
27021915 23 -0.52
28021915 23 -0.55
01031915 23 -0.56
02031915 23 -0.57
03031915 23 -0.57
04031915 23 -0.56
05031915 23 -0.54
06031915 23 -0.51
07031915 23 -0.48
08031915 23 -0.46
09031915 23 -0.45
10031915 23 -0.45
11031915 23 -0.45
12031915 23 -0.46
13031915 23 -0.48
14031915 23 -0.49
15031915 23 -0.49
16031915 23 -0.50
17031915 23 -0.49
18031915 23 -0.48
19031915 23 -0.47
20031915 23 -0.45
21031915 23 -0.43
22031915 23 -0.42
23031915 23 -0.41
24031915 23 -0.42
25031915 23 -0.43
26031915 23 -0.46
27031915 23 -0.49
28031915 23 -0.52
29031915 23 -0.55
30031915 23 -0.57
31031915 23 -0.58
01041915 23 -0.58
02041915 23 -0.57
03041915 23 -0.55
04041915 23 -0.52
05041915 23 -0.49
06041915 23 -0.46
07041915 23 -0.44
08041915 23 -0.43
09041915 23 -0.43
10041915 23 -0.44
11041915 23 -0.45
12041915 23 -0.46
13041915 23 -0.48
14041915 23 -0.49
15041915 23 -0.49
16041915 23 -0.49
17041915 23 -0.48
18041915 23 -0.47
19041915 23 -0.45
20041915 23 -0.44
21041915 23 -0.43
22041915 23 -0.43
23041915 23 -0.44
24041915 23 -0.46
25041915 23 -0.49
26041915 23 -0.51
27041915 23 -0.54
28041915 23 -0.56
29041915 23 -0.57
30041915 23 -0.58
01051915 23 -0.57
02051915 23 -0.56
03051915 23 -0.53
04051915 23 -0.50
05051915 23 -0.46
06051915 23 -0.43
07051915 23 -0.41
08051915 23 -0.41
09051915 23 -0.41
10051915 23 -0.43
11051915 23 -0.44
12051915 23 -0.46
13051915 23 -0.48
14051915 23 -0.49
15051915 23 -0.50
16051915 23 -0.50
17051915 23 -0.49
18051915 23 -0.48
19051915 23 -0.47
20051915 23 -0.46
21051915 23 -0.46
22051915 23 -0.46
23051915 23 -0.47
24051915 23 -0.48
25051915 23 -0.50
26051915 23 -0.53
27051915 23 -0.55
28051915 23 -0.56
29051915 23 -0.57
30051915 23 -0.57
31051915 23 -0.56
01061915 23 -0.53
02061915 23 -0.50
03061915 23 -0.46
04061915 23 -0.43
05061915 23 -0.40
06061915 23 -0.39
07061915 23 -0.40
08061915 23 -0.41
09061915 23 -0.43
10061915 23 -0.45
11061915 23 -0.47
12061915 23 -0.49
13061915 23 -0.51
14061915 23 -0.52
15061915 23 -0.52
16061915 23 -0.51
17061915 23 -0.50
18061915 23 -0.49
19061915 23 -0.48
20061915 23 -0.47
21061915 23 -0.47
22061915 23 -0.48
23061915 23 -0.49
24061915 23 -0.51
25061915 23 -0.53
26061915 23 -0.55
27061915 23 -0.56
28061915 23 -0.56
29061915 23 -0.55
30061915 23 -0.53
01071915 23 -0.50
02071915 23 -0.46
03071915 23 -0.43
04071915 23 -0.40
05071915 23 -0.39
06071915 23 -0.39
07071915 23 -0.40
08071915 23 -0.42
09071915 23 -0.44
10071915 23 -0.47
11071915 23 -0.49
12071915 23 -0.52
13071915 23 -0.54
14071915 23 -0.54
15071915 23 -0.54
16071915 23 -0.53
17071915 23 -0.52
18071915 23 -0.50
19071915 23 -0.48
20071915 23 -0.47
21071915 23 -0.47
22071915 23 -0.47
23071915 23 -0.49
24071915 23 -0.51
25071915 23 -0.53
26071915 23 -0.54
27071915 23 -0.55
28071915 23 -0.54
29071915 23 -0.53
30071915 23 -0.50
31071915 23 -0.46
01081915 23 -0.43
02081915 23 -0.40
03081915 23 -0.39
04081915 23 -0.39
05081915 23 -0.39
06081915 23 -0.41
07081915 23 -0.43
08081915 23 -0.46
09081915 23 -0.50
10081915 23 -0.53
11081915 23 -0.55
12081915 23 -0.56
13081915 23 -0.56
14081915 23 -0.56
15081915 23 -0.54
16081915 23 -0.51
17081915 23 -0.49
18081915 23 -0.47
19081915 23 -0.45
20081915 23 -0.45
21081915 23 -0.46
22081915 23 -0.48
23081915 23 -0.50
24081915 23 -0.52
25081915 23 -0.53
26081915 23 -0.53
27081915 23 -0.52
28081915 23 -0.50
29081915 23 -0.47
30081915 23 -0.44
31081915 23 -0.41
01091915 23 -0.40
02091915 23 -0.39
03091915 23 -0.40
04091915 23 -0.41
05091915 23 -0.43
06091915 23 -0.46
07091915 23 -0.50
08091915 23 -0.54
09091915 23 -0.56
10091915 23 -0.58
11091915 23 -0.58
12091915 23 -0.57
13091915 23 -0.55
14091915 23 -0.53
15091915 23 -0.49
16091915 23 -0.46
17091915 23 -0.44
18091915 23 -0.43
19091915 23 -0.44
20091915 23 -0.46
21091915 23 -0.48
22091915 23 -0.50
23091915 23 -0.51
24091915 23 -0.52
25091915 23 -0.51
26091915 23 -0.50
27091915 23 -0.47
28091915 23 -0.45
29091915 23 -0.43
30091915 23 -0.41
01101915 23 -0.41
02101915 23 -0.41
03101915 23 -0.41
04101915 23 -0.43
05101915 23 -0.47
06101915 23 -0.50
07101915 23 -0.54
08101915 23 -0.57
09101915 23 -0.59
10101915 23 -0.59
11101915 23 -0.58
12101915 23 -0.56
13101915 23 -0.53
14101915 23 -0.49
15101915 23 -0.46
16101915 23 -0.43
17101915 23 -0.42
18101915 23 -0.42
19101915 23 -0.44
20101915 23 -0.46
21101915 23 -0.48
22101915 23 -0.49
23101915 23 -0.50
24101915 23 -0.50
25101915 23 -0.50
26101915 23 -0.49
27101915 23 -0.47
28101915 23 -0.45
29101915 23 -0.44
30101915 23 -0.43
31101915 23 -0.42
01111915 23 -0.42
02111915 23 -0.44
03111915 23 -0.47
04111915 23 -0.50
05111915 23 -0.54
06111915 23 -0.57
07111915 23 -0.59
08111915 23 -0.59
09111915 23 -0.59
10111915 23 -0.56
11111915 23 -0.53
12111915 23 -0.49
13111915 23 -0.45
14111915 23 -0.42
15111915 23 -0.41
16111915 23 -0.41
17111915 23 -0.42
18111915 23 -0.43
19111915 23 -0.45
20111915 23 -0.47
21111915 23 -0.49
22111915 23 -0.50
23111915 23 -0.50
24111915 23 -0.50
25111915 23 -0.49
26111915 23 -0.48
27111915 23 -0.46
28111915 23 -0.45
29111915 23 -0.44
30111915 23 -0.43
01121915 23 -0.44
02121915 23 -0.47
03121915 23 -0.50
04121915 23 -0.54
05121915 23 -0.57
06121915 23 -0.58
07121915 23 -0.59
08121915 23 -0.58
09121915 23 -0.56
10121915 23 -0.53
11121915 23 -0.49
12121915 23 -0.45
13121915 23 -0.42
14121915 23 -0.40
15121915 23 -0.39
16121915 23 -0.40
17121915 23 -0.41
18121915 23 -0.44
19121915 23 -0.46
20121915 23 -0.48
21121915 23 -0.50
22121915 23 -0.51
23121915 23 -0.51
24121915 23 -0.51
25121915 23 -0.50
26121915 23 -0.48
27121915 23 -0.47
28121915 23 -0.45
29121915 23 -0.45
30121915 23 -0.45
31121915 23 -0.47
