01011982 23 -0.48
02011982 23 -0.46
03011982 23 -0.45
04011982 23 -0.46
05011982 23 -0.48
06011982 23 -0.51
07011982 23 -0.53
08011982 23 -0.55
09011982 23 -0.56
10011982 23 -0.56
11011982 23 -0.55
12011982 23 -0.53
13011982 23 -0.50
14011982 23 -0.46
15011982 23 -0.43
16011982 23 -0.40
17011982 23 -0.39
18011982 23 -0.38
19011982 23 -0.39
20011982 23 -0.41
21011982 23 -0.44
22011982 23 -0.47
23011982 23 -0.50
24011982 23 -0.52
25011982 23 -0.53
26011982 23 -0.54
27011982 23 -0.54
28011982 23 -0.53
29011982 23 -0.52
30011982 23 -0.50
31011982 23 -0.48
01021982 23 -0.46
02021982 23 -0.46
03021982 23 -0.47
04021982 23 -0.49
05021982 23 -0.51
06021982 23 -0.53
07021982 23 -0.54
08021982 23 -0.54
09021982 23 -0.53
10021982 23 -0.52
11021982 23 -0.49
12021982 23 -0.47
13021982 23 -0.44
14021982 23 -0.41
15021982 23 -0.39
16021982 23 -0.38
17021982 23 -0.39
18021982 23 -0.41
19021982 23 -0.43
20021982 23 -0.47
21021982 23 -0.50
22021982 23 -0.52
23021982 23 -0.54
24021982 23 -0.55
25021982 23 -0.56
26021982 23 -0.55
27021982 23 -0.54
28021982 23 -0.52
01031982 23 -0.49
02031982 23 -0.47
03031982 23 -0.46
04031982 23 -0.46
05031982 23 -0.47
06031982 23 -0.49
07031982 23 -0.50
08031982 23 -0.51
09031982 23 -0.51
10031982 23 -0.51
11031982 23 -0.51
12031982 23 -0.49
13031982 23 -0.47
14031982 23 -0.45
15031982 23 -0.42
16031982 23 -0.40
17031982 23 -0.39
18031982 23 -0.40
19031982 23 -0.41
20031982 23 -0.43
21031982 23 -0.46
22031982 23 -0.50
23031982 23 -0.52
24031982 23 -0.55
25031982 23 -0.56
26031982 23 -0.57
27031982 23 -0.57
28031982 23 -0.56
29031982 23 -0.53
30031982 23 -0.51
31031982 23 -0.48
01041982 23 -0.46
02041982 23 -0.45
03041982 23 -0.45
04041982 23 -0.46
05041982 23 -0.47
06041982 23 -0.48
07041982 23 -0.49
08041982 23 -0.50
09041982 23 -0.50
10041982 23 -0.49
11041982 23 -0.48
12041982 23 -0.46
13041982 23 -0.44
14041982 23 -0.42
15041982 23 -0.41
16041982 23 -0.41
17041982 23 -0.42
18041982 23 -0.44
19041982 23 -0.47
20041982 23 -0.49
21041982 23 -0.52
22041982 23 -0.55
23041982 23 -0.57
24041982 23 -0.58
25041982 23 -0.58
26041982 23 -0.57
27041982 23 -0.54
28041982 23 -0.52
29041982 23 -0.49
30041982 23 -0.46
01051982 23 -0.44
02051982 23 -0.43
03051982 23 -0.43
04051982 23 -0.44
05051982 23 -0.46
06051982 23 -0.47
07051982 23 -0.48
08051982 23 -0.49
09051982 23 -0.49
10051982 23 -0.49
11051982 23 -0.48
12051982 23 -0.46
13051982 23 -0.45
14051982 23 -0.43
15051982 23 -0.43
16051982 23 -0.44
17051982 23 -0.45
18051982 23 -0.47
19051982 23 -0.49
20051982 23 -0.52
21051982 23 -0.54
22051982 23 -0.56
23051982 23 -0.58
24051982 23 -0.58
25051982 23 -0.57
26051982 23 -0.55
27051982 23 -0.52
28051982 23 -0.49
29051982 23 -0.45
30051982 23 -0.43
31051982 23 -0.41
01061982 23 -0.41
02061982 23 -0.42
03061982 23 -0.43
04061982 23 -0.45
05061982 23 -0.47
06061982 23 -0.48
07061982 23 -0.50
08061982 23 -0.50
09061982 23 -0.50
10061982 23 -0.49
11061982 23 -0.48
12061982 23 -0.46
13061982 23 -0.46
14061982 23 -0.45
15061982 23 -0.46
16061982 23 -0.47
17061982 23 -0.48
18061982 23 -0.51
19061982 23 -0.53
20061982 23 -0.55
21061982 23 -0.57
22061982 23 -0.58
23061982 23 -0.57
24061982 23 -0.56
25061982 23 -0.53
26061982 23 -0.49
27061982 23 -0.45
28061982 23 -0.42
29061982 23 -0.40
30061982 23 -0.39
01071982 23 -0.40
02071982 23 -0.41
03071982 23 -0.43
04071982 23 -0.46
05071982 23 -0.48
06071982 23 -0.50
07071982 23 -0.51
08071982 23 -0.52
09071982 23 -0.52
10071982 23 -0.51
11071982 23 -0.50
12071982 23 -0.48
13071982 23 -0.47
14071982 23 -0.47
15071982 23 -0.47
16071982 23 -0.47
17071982 23 -0.49
18071982 23 -0.51
19071982 23 -0.54
20071982 23 -0.56
21071982 23 -0.57
22071982 23 -0.57
23071982 23 -0.55
24071982 23 -0.52
25071982 23 -0.49
26071982 23 -0.45
27071982 23 -0.42
28071982 23 -0.39
29071982 23 -0.39
30071982 23 -0.39
31071982 23 -0.40
01081982 23 -0.42
02081982 23 -0.45
03081982 23 -0.48
04081982 23 -0.50
05081982 23 -0.53
06081982 23 -0.54
07081982 23 -0.54
08081982 23 -0.54
09081982 23 -0.52
10081982 23 -0.51
11081982 23 -0.49
12081982 23 -0.47
13081982 23 -0.46
14081982 23 -0.46
15081982 23 -0.47
16081982 23 -0.49
17081982 23 -0.52
18081982 23 -0.54
19081982 23 -0.55
20081982 23 -0.55
21081982 23 -0.54
22081982 23 -0.52
23081982 23 -0.49
24081982 23 -0.45
25081982 23 -0.42
26081982 23 -0.40
27081982 23 -0.39
28081982 23 -0.39
29081982 23 -0.40
30081982 23 -0.41
31081982 23 -0.44
01091982 23 -0.48
02091982 23 -0.51
03091982 23 -0.54
04091982 23 -0.56
05091982 23 -0.56
06091982 23 -0.56
07091982 23 -0.55
08091982 23 -0.53
09091982 23 -0.50
10091982 23 -0.48
11091982 23 -0.46
12091982 23 -0.45
13091982 23 -0.46
14091982 23 -0.47
15091982 23 -0.50
16091982 23 -0.52
17091982 23 -0.53
18091982 23 -0.54
19091982 23 -0.53
20091982 23 -0.51
21091982 23 -0.49
22091982 23 -0.45
23091982 23 -0.43
24091982 23 -0.40
25091982 23 -0.39
26091982 23 -0.39
27091982 23 -0.40
28091982 23 -0.41
29091982 23 -0.44
30091982 23 -0.48
01101982 23 -0.51
02101982 23 -0.55
03101982 23 -0.57
04101982 23 -0.58
05101982 23 -0.58
06101982 23 -0.56
07101982 23 -0.54
08101982 23 -0.51
09101982 23 -0.48
10101982 23 -0.45
11101982 23 -0.44
12101982 23 -0.44
13101982 23 -0.45
14101982 23 -0.47
15101982 23 -0.50
16101982 23 -0.51
17101982 23 -0.52
18101982 23 -0.52
19101982 23 -0.51
20101982 23 -0.49
21101982 23 -0.46
22101982 23 -0.44
23101982 23 -0.42
24101982 23 -0.41
25101982 23 -0.40
26101982 23 -0.40
27101982 23 -0.42
28101982 23 -0.44
29101982 23 -0.48
30101982 23 -0.52
31101982 23 -0.55
01111982 23 -0.58
02111982 23 -0.59
03111982 23 -0.59
04111982 23 -0.57
05111982 23 -0.55
06111982 23 -0.52
07111982 23 -0.48
08111982 23 -0.45
09111982 23 -0.43
10111982 23 -0.42
11111982 23 -0.43
12111982 23 -0.45
13111982 23 -0.47
14111982 23 -0.49
15111982 23 -0.50
16111982 23 -0.50
17111982 23 -0.50
18111982 23 -0.49
19111982 23 -0.48
20111982 23 -0.46
21111982 23 -0.44
22111982 23 -0.43
23111982 23 -0.42
24111982 23 -0.41
25111982 23 -0.42
26111982 23 -0.45
27111982 23 -0.48
28111982 23 -0.52
29111982 23 -0.55
30111982 23 -0.58
01121982 23 -0.59
02121982 23 -0.59
03121982 23 -0.58
04121982 23 -0.55
05121982 23 -0.52
06121982 23 -0.48
07121982 23 -0.44
08121982 23 -0.42
09121982 23 -0.41
10121982 23 -0.41
11121982 23 -0.43
12121982 23 -0.45
13121982 23 -0.47
14121982 23 -0.48
15121982 23 -0.50
16121982 23 -0.50
17121982 23 -0.50
18121982 23 -0.49
19121982 23 -0.48
20121982 23 -0.46
21121982 23 -0.45
22121982 23 -0.44
23121982 23 -0.43
24121982 23 -0.44
25121982 23 -0.45
26121982 23 -0.48
27121982 23 -0.52
28121982 23 -0.55
29121982 23 -0.57
30121982 23 -0.59
31121982 23 -0.58
