01011909 23 -0.43
02011909 23 -0.45
03011909 23 -0.46
04011909 23 -0.48
05011909 23 -0.49
06011909 23 -0.50
07011909 23 -0.50
08011909 23 -0.50
09011909 23 -0.48
10011909 23 -0.47
11011909 23 -0.45
12011909 23 -0.43
13011909 23 -0.42
14011909 23 -0.41
15011909 23 -0.41
16011909 23 -0.43
17011909 23 -0.46
18011909 23 -0.50
19011909 23 -0.53
20011909 23 -0.56
21011909 23 -0.58
22011909 23 -0.59
23011909 23 -0.58
24011909 23 -0.57
25011909 23 -0.54
26011909 23 -0.51
27011909 23 -0.47
28011909 23 -0.45
29011909 23 -0.43
30011909 23 -0.42
31011909 23 -0.42
01021909 23 -0.44
02021909 23 -0.45
03021909 23 -0.47
04021909 23 -0.48
05021909 23 -0.49
06021909 23 -0.50
07021909 23 -0.49
08021909 23 -0.48
09021909 23 -0.47
10021909 23 -0.45
11021909 23 -0.44
12021909 23 -0.43
13021909 23 -0.43
14021909 23 -0.44
15021909 23 -0.47
16021909 23 -0.49
17021909 23 -0.53
18021909 23 -0.55
19021909 23 -0.57
20021909 23 -0.58
21021909 23 -0.58
22021909 23 -0.56
23021909 23 -0.54
24021909 23 -0.51
25021909 23 -0.48
26021909 23 -0.45
27021909 23 -0.42
28021909 23 -0.41
01031909 23 -0.41
02031909 23 -0.41
03031909 23 -0.43
04031909 23 -0.45
05031909 23 -0.47
06031909 23 -0.49
07031909 23 -0.50
08031909 23 -0.50
09031909 23 -0.50
10031909 23 -0.49
11031909 23 -0.48
12031909 23 -0.47
13031909 23 -0.46
14031909 23 -0.45
15031909 23 -0.46
16031909 23 -0.47
17031909 23 -0.49
18031909 23 -0.52
19031909 23 -0.54
20031909 23 -0.56
21031909 23 -0.57
22031909 23 -0.57
23031909 23 -0.56
24031909 23 -0.54
25031909 23 -0.51
26031909 23 -0.48
27031909 23 -0.45
28031909 23 -0.42
29031909 23 -0.40
30031909 23 -0.39
31031909 23 -0.40
01041909 23 -0.41
02041909 23 -0.44
03041909 23 -0.46
04041909 23 -0.48
05041909 23 -0.50
06041909 23 -0.51
07041909 23 -0.52
08041909 23 -0.52
09041909 23 -0.51
10041909 23 -0.50
11041909 23 -0.48
12041909 23 -0.47
13041909 23 -0.47
14041909 23 -0.47
15041909 23 -0.49
16041909 23 -0.50
17041909 23 -0.52
18041909 23 -0.54
19041909 23 -0.55
20041909 23 -0.55
21041909 23 -0.55
22041909 23 -0.54
23041909 23 -0.51
24041909 23 -0.48
25041909 23 -0.45
26041909 23 -0.42
27041909 23 -0.39
28041909 23 -0.38
29041909 23 -0.39
30041909 23 -0.40
01051909 23 -0.43
02051909 23 -0.45
03051909 23 -0.48
04051909 23 -0.50
05051909 23 -0.52
06051909 23 -0.54
07051909 23 -0.54
08051909 23 -0.54
09051909 23 -0.52
10051909 23 -0.51
11051909 23 -0.49
12051909 23 -0.48
13051909 23 -0.48
14051909 23 -0.48
15051909 23 -0.48
16051909 23 -0.50
17051909 23 -0.51
18051909 23 -0.52
19051909 23 -0.53
20051909 23 -0.54
21051909 23 -0.53
22051909 23 -0.51
23051909 23 -0.49
24051909 23 -0.45
25051909 23 -0.42
26051909 23 -0.40
27051909 23 -0.39
28051909 23 -0.39
29051909 23 -0.40
30051909 23 -0.42
31051909 23 -0.45
01061909 23 -0.47
02061909 23 -0.50
03061909 23 -0.53
04061909 23 -0.55
05061909 23 -0.56
06061909 23 -0.56
07061909 23 -0.55
08061909 23 -0.53
09061909 23 -0.51
10061909 23 -0.49
11061909 23 -0.47
12061909 23 -0.46
13061909 23 -0.46
14061909 23 -0.47
15061909 23 -0.48
16061909 23 -0.50
17061909 23 -0.51
18061909 23 -0.52
19061909 23 -0.52
20061909 23 -0.51
21061909 23 -0.49
22061909 23 -0.46
23061909 23 -0.43
24061909 23 -0.41
25061909 23 -0.40
26061909 23 -0.40
27061909 23 -0.41
28061909 23 -0.42
29061909 23 -0.44
30061909 23 -0.47
01071909 23 -0.50
02071909 23 -0.53
03071909 23 -0.56
04071909 23 -0.57
05071909 23 -0.58
06071909 23 -0.57
07071909 23 -0.55
08071909 23 -0.53
09071909 23 -0.50
10071909 23 -0.47
11071909 23 -0.45
12071909 23 -0.44
13071909 23 -0.44
14071909 23 -0.46
15071909 23 -0.47
16071909 23 -0.49
17071909 23 -0.50
18071909 23 -0.51
19071909 23 -0.51
20071909 23 -0.49
21071909 23 -0.47
22071909 23 -0.45
23071909 23 -0.43
24071909 23 -0.42
25071909 23 -0.41
26071909 23 -0.42
27071909 23 -0.43
28071909 23 -0.44
29071909 23 -0.47
30071909 23 -0.50
31071909 23 -0.54
01081909 23 -0.56
02081909 23 -0.58
03081909 23 -0.59
04081909 23 -0.58
05081909 23 -0.56
06081909 23 -0.53
07081909 23 -0.50
08081909 23 -0.46
09081909 23 -0.44
10081909 23 -0.42
11081909 23 -0.42
12081909 23 -0.43
13081909 23 -0.45
14081909 23 -0.47
15081909 23 -0.48
16081909 23 -0.50
17081909 23 -0.50
18081909 23 -0.50
19081909 23 -0.49
20081909 23 -0.47
21081909 23 -0.46
22081909 23 -0.44
23081909 23 -0.43
24081909 23 -0.43
25081909 23 -0.43
26081909 23 -0.44
27081909 23 -0.47
28081909 23 -0.50
29081909 23 -0.53
30081909 23 -0.56
31081909 23 -0.58
01091909 23 -0.59
02091909 23 -0.59
03091909 23 -0.57
04091909 23 -0.54
05091909 23 -0.50
06091909 23 -0.46
07091909 23 -0.42
08091909 23 -0.41
09091909 23 -0.40
10091909 23 -0.41
11091909 23 -0.43
12091909 23 -0.45
13091909 23 -0.47
14091909 23 -0.49
15091909 23 -0.50
16091909 23 -0.51
17091909 23 -0.51
18091909 23 -0.49
19091909 23 -0.48
20091909 23 -0.47
21091909 23 -0.45
22091909 23 -0.45
23091909 23 -0.44
24091909 23 -0.45
25091909 23 -0.47
26091909 23 -0.49
27091909 23 -0.53
28091909 23 -0.56
29091909 23 -0.58
30091909 23 -0.59
01101909 23 -0.58
02101909 23 -0.56
03101909 23 -0.53
04101909 23 -0.49
05101909 23 -0.45
06101909 23 -0.42
07101909 23 -0.40
08101909 23 -0.39
09101909 23 -0.39
10101909 23 -0.41
11101909 23 -0.43
12101909 23 -0.46
13101909 23 -0.48
14101909 23 -0.50
15101909 23 -0.52
16101909 23 -0.52
17101909 23 -0.52
18101909 23 -0.51
19101909 23 -0.49
20101909 23 -0.48
21101909 23 -0.46
22101909 23 -0.45
23101909 23 -0.45
24101909 23 -0.46
25101909 23 -0.49
26101909 23 -0.52
27101909 23 -0.55
28101909 23 -0.57
29101909 23 -0.58
30101909 23 -0.57
31101909 23 -0.55
01111909 23 -0.52
02111909 23 -0.49
03111909 23 -0.45
04111909 23 -0.42
05111909 23 -0.39
06111909 23 -0.38
07111909 23 -0.38
08111909 23 -0.40
09111909 23 -0.42
10111909 23 -0.45
11111909 23 -0.48
12111909 23 -0.51
13111909 23 -0.53
14111909 23 -0.54
15111909 23 -0.54
16111909 23 -0.53
17111909 23 -0.52
18111909 23 -0.50
19111909 23 -0.48
20111909 23 -0.46
21111909 23 -0.45
22111909 23 -0.46
23111909 23 -0.48
24111909 23 -0.50
25111909 23 -0.53
26111909 23 -0.55
27111909 23 -0.56
28111909 23 -0.55
29111909 23 -0.54
30111909 23 -0.51
01121909 23 -0.48
02121909 23 -0.45
03121909 23 -0.42
04121909 23 -0.40
05121909 23 -0.38
06121909 23 -0.38
07121909 23 -0.39
08121909 23 -0.41
09121909 23 -0.44
10121909 23 -0.48
11121909 23 -0.51
12121909 23 -0.54
13121909 23 -0.55
14121909 23 -0.56
15121909 23 -0.55
16121909 23 -0.54
17121909 23 -0.52
18121909 23 -0.49
19121909 23 -0.47
20121909 23 -0.46
21121909 23 -0.45
22121909 23 -0.47
23121909 23 -0.49
24121909 23 -0.51
25121909 23 -0.53
26121909 23 -0.54
27121909 23 -0.53
28121909 23 -0.52
29121909 23 -0.51
30121909 23 -0.48
31121909 23 -0.45
