01012013 23 -0.51
02012013 23 -0.49
03012013 23 -0.48
04012013 23 -0.46
05012013 23 -0.46
06012013 23 -0.46
07012013 23 -0.48
08012013 23 -0.51
09012013 23 -0.53
10012013 23 -0.55
11012013 23 -0.56
12012013 23 -0.56
13012013 23 -0.55
14012013 23 -0.52
15012013 23 -0.50
16012013 23 -0.46
17012013 23 -0.43
18012013 23 -0.40
19012013 23 -0.39
20012013 23 -0.38
21012013 23 -0.39
22012013 23 -0.41
23012013 23 -0.44
24012013 23 -0.47
25012013 23 -0.50
26012013 23 -0.52
27012013 23 -0.54
28012013 23 -0.54
29012013 23 -0.54
30012013 23 -0.53
31012013 23 -0.52
01022013 23 -0.50
02022013 23 -0.48
03022013 23 -0.46
04022013 23 -0.46
05022013 23 -0.47
06022013 23 -0.49
07022013 23 -0.51
08022013 23 -0.53
09022013 23 -0.54
10022013 23 -0.54
11022013 23 -0.53
12022013 23 -0.52
13022013 23 -0.49
14022013 23 -0.47
15022013 23 -0.44
16022013 23 -0.41
17022013 23 -0.39
18022013 23 -0.38
19022013 23 -0.39
20022013 23 -0.41
21022013 23 -0.43
22022013 23 -0.47
23022013 23 -0.50
24022013 23 -0.52
25022013 23 -0.54
26022013 23 -0.55
27022013 23 -0.56
28022013 23 -0.55
01032013 23 -0.54
02032013 23 -0.52
03032013 23 -0.49
04032013 23 -0.47
05032013 23 -0.46
06032013 23 -0.46
07032013 23 -0.47
08032013 23 -0.49
09032013 23 -0.50
10032013 23 -0.51
11032013 23 -0.51
12032013 23 -0.51
13032013 23 -0.51
14032013 23 -0.49
15032013 23 -0.47
16032013 23 -0.45
17032013 23 -0.42
18032013 23 -0.40
19032013 23 -0.39
20032013 23 -0.40
21032013 23 -0.41
22032013 23 -0.44
23032013 23 -0.47
24032013 23 -0.50
25032013 23 -0.53
26032013 23 -0.55
27032013 23 -0.56
28032013 23 -0.57
29032013 23 -0.57
30032013 23 -0.56
31032013 23 -0.53
01042013 23 -0.51
02042013 23 -0.48
03042013 23 -0.46
04042013 23 -0.45
05042013 23 -0.45
06042013 23 -0.46
07042013 23 -0.47
08042013 23 -0.48
09042013 23 -0.49
10042013 23 -0.50
11042013 23 -0.50
12042013 23 -0.49
13042013 23 -0.48
14042013 23 -0.46
15042013 23 -0.44
16042013 23 -0.42
17042013 23 -0.41
18042013 23 -0.41
19042013 23 -0.42
20042013 23 -0.44
21042013 23 -0.47
22042013 23 -0.50
23042013 23 -0.52
24042013 23 -0.55
25042013 23 -0.57
26042013 23 -0.58
27042013 23 -0.58
28042013 23 -0.57
29042013 23 -0.54
30042013 23 -0.52
01052013 23 -0.49
02052013 23 -0.46
03052013 23 -0.44
04052013 23 -0.43
05052013 23 -0.43
06052013 23 -0.44
07052013 23 -0.45
08052013 23 -0.47
09052013 23 -0.48
10052013 23 -0.49
11052013 23 -0.50
12052013 23 -0.49
13052013 23 -0.48
14052013 23 -0.46
15052013 23 -0.45
16052013 23 -0.44
17052013 23 -0.43
18052013 23 -0.44
19052013 23 -0.45
20052013 23 -0.47
21052013 23 -0.49
22052013 23 -0.52
23052013 23 -0.54
24052013 23 -0.56
25052013 23 -0.58
26052013 23 -0.58
27052013 23 -0.57
28052013 23 -0.55
29052013 23 -0.52
30052013 23 -0.49
31052013 23 -0.45
01062013 23 -0.43
02062013 23 -0.41
03062013 23 -0.41
04062013 23 -0.42
05062013 23 -0.43
06062013 23 -0.45
07062013 23 -0.47
08062013 23 -0.48
09062013 23 -0.50
10062013 23 -0.50
11062013 23 -0.50
12062013 23 -0.49
13062013 23 -0.48
14062013 23 -0.47
15062013 23 -0.46
16062013 23 -0.45
17062013 23 -0.46
18062013 23 -0.47
19062013 23 -0.48
20062013 23 -0.51
21062013 23 -0.53
22062013 23 -0.55
23062013 23 -0.57
24062013 23 -0.58
25062013 23 -0.57
26062013 23 -0.55
27062013 23 -0.53
28062013 23 -0.49
29062013 23 -0.45
30062013 23 -0.42
01072013 23 -0.40
02072013 23 -0.39
03072013 23 -0.40
04072013 23 -0.42
05072013 23 -0.43
06072013 23 -0.46
07072013 23 -0.48
08072013 23 -0.50
09072013 23 -0.51
10072013 23 -0.52
11072013 23 -0.52
12072013 23 -0.51
13072013 23 -0.50
14072013 23 -0.48
15072013 23 -0.47
16072013 23 -0.47
17072013 23 -0.47
18072013 23 -0.47
19072013 23 -0.49
20072013 23 -0.51
21072013 23 -0.54
22072013 23 -0.56
23072013 23 -0.57
24072013 23 -0.57
25072013 23 -0.55
26072013 23 -0.52
27072013 23 -0.49
28072013 23 -0.45
29072013 23 -0.42
30072013 23 -0.39
31072013 23 -0.39
01082013 23 -0.39
02082013 23 -0.40
03082013 23 -0.42
04082013 23 -0.45
05082013 23 -0.48
06082013 23 -0.50
07082013 23 -0.53
08082013 23 -0.54
09082013 23 -0.54
10082013 23 -0.54
11082013 23 -0.52
12082013 23 -0.51
13082013 23 -0.49
14082013 23 -0.47
15082013 23 -0.46
16082013 23 -0.46
17082013 23 -0.47
18082013 23 -0.49
19082013 23 -0.52
20082013 23 -0.54
21082013 23 -0.55
22082013 23 -0.55
23082013 23 -0.54
24082013 23 -0.52
25082013 23 -0.48
26082013 23 -0.45
27082013 23 -0.42
28082013 23 -0.40
29082013 23 -0.38
30082013 23 -0.39
31082013 23 -0.40
01092013 23 -0.42
02092013 23 -0.44
03092013 23 -0.48
04092013 23 -0.51
05092013 23 -0.54
06092013 23 -0.56
07092013 23 -0.56
08092013 23 -0.56
09092013 23 -0.55
10092013 23 -0.53
11092013 23 -0.50
12092013 23 -0.48
13092013 23 -0.46
14092013 23 -0.45
15092013 23 -0.46
16092013 23 -0.47
17092013 23 -0.50
18092013 23 -0.52
19092013 23 -0.53
20092013 23 -0.54
21092013 23 -0.53
22092013 23 -0.51
23092013 23 -0.48
24092013 23 -0.45
25092013 23 -0.43
26092013 23 -0.40
27092013 23 -0.39
28092013 23 -0.39
29092013 23 -0.40
30092013 23 -0.42
01102013 23 -0.44
02102013 23 -0.48
03102013 23 -0.52
04102013 23 -0.55
05102013 23 -0.57
06102013 23 -0.58
07102013 23 -0.58
08102013 23 -0.56
09102013 23 -0.54
10102013 23 -0.51
11102013 23 -0.48
12102013 23 -0.45
13102013 23 -0.44
14102013 23 -0.44
15102013 23 -0.45
16102013 23 -0.47
17102013 23 -0.50
18102013 23 -0.51
19102013 23 -0.52
20102013 23 -0.52
21102013 23 -0.50
22102013 23 -0.49
23102013 23 -0.46
24102013 23 -0.44
25102013 23 -0.42
26102013 23 -0.41
27102013 23 -0.40
28102013 23 -0.40
29102013 23 -0.42
30102013 23 -0.45
31102013 23 -0.48
01112013 23 -0.52
02112013 23 -0.55
03112013 23 -0.58
04112013 23 -0.59
05112013 23 -0.59
06112013 23 -0.57
07112013 23 -0.55
08112013 23 -0.51
09112013 23 -0.48
10112013 23 -0.45
11112013 23 -0.43
12112013 23 -0.42
13112013 23 -0.43
14112013 23 -0.45
15112013 23 -0.47
16112013 23 -0.49
17112013 23 -0.50
18112013 23 -0.50
19112013 23 -0.50
20112013 23 -0.49
21112013 23 -0.48
22112013 23 -0.46
23112013 23 -0.44
24112013 23 -0.43
25112013 23 -0.42
26112013 23 -0.42
27112013 23 -0.43
28112013 23 -0.45
29112013 23 -0.48
30112013 23 -0.52
01122013 23 -0.56
02122013 23 -0.58
03122013 23 -0.59
04122013 23 -0.59
05122013 23 -0.58
06122013 23 -0.55
07122013 23 -0.51
08122013 23 -0.48
09122013 23 -0.44
10122013 23 -0.42
11122013 23 -0.41
12122013 23 -0.41
13122013 23 -0.43
14122013 23 -0.45
15122013 23 -0.47
16122013 23 -0.48
17122013 23 -0.50
18122013 23 -0.50
19122013 23 -0.50
20122013 23 -0.49
21122013 23 -0.48
22122013 23 -0.46
23122013 23 -0.45
24122013 23 -0.44
25122013 23 -0.43
26122013 23 -0.44
27122013 23 -0.45
28122013 23 -0.48
29122013 23 -0.52
30122013 23 -0.55
31122013 23 -0.58
