01011953 23 -0.50
02011953 23 -0.49
03011953 23 -0.48
04011953 23 -0.46
05011953 23 -0.44
06011953 23 -0.43
07011953 23 -0.42
08011953 23 -0.41
09011953 23 -0.42
10011953 23 -0.44
11011953 23 -0.47
12011953 23 -0.51
13011953 23 -0.54
14011953 23 -0.57
15011953 23 -0.58
16011953 23 -0.59
17011953 23 -0.58
18011953 23 -0.56
19011953 23 -0.53
20011953 23 -0.49
21011953 23 -0.46
22011953 23 -0.43
23011953 23 -0.42
24011953 23 -0.42
25011953 23 -0.42
26011953 23 -0.44
27011953 23 -0.46
28011953 23 -0.48
29011953 23 -0.49
30011953 23 -0.50
31011953 23 -0.50
01021953 23 -0.49
02021953 23 -0.48
03021953 23 -0.47
04021953 23 -0.45
05021953 23 -0.44
06021953 23 -0.43
07021953 23 -0.44
08021953 23 -0.45
09021953 23 -0.48
10021953 23 -0.51
11021953 23 -0.54
12021953 23 -0.56
13021953 23 -0.58
14021953 23 -0.58
15021953 23 -0.57
16021953 23 -0.56
17021953 23 -0.53
18021953 23 -0.50
19021953 23 -0.46
20021953 23 -0.43
21021953 23 -0.41
22021953 23 -0.40
23021953 23 -0.41
24021953 23 -0.42
25021953 23 -0.44
26021953 23 -0.46
27021953 23 -0.48
28021953 23 -0.49
01031953 23 -0.50
02031953 23 -0.50
03031953 23 -0.50
04031953 23 -0.49
05031953 23 -0.48
06031953 23 -0.47
07031953 23 -0.46
08031953 23 -0.45
09031953 23 -0.46
10031953 23 -0.48
11031953 23 -0.50
12031953 23 -0.53
13031953 23 -0.55
14031953 23 -0.56
15031953 23 -0.57
16031953 23 -0.56
17031953 23 -0.55
18031953 23 -0.53
19031953 23 -0.50
20031953 23 -0.46
21031953 23 -0.43
22031953 23 -0.41
23031953 23 -0.39
24031953 23 -0.39
25031953 23 -0.40
26031953 23 -0.42
27031953 23 -0.45
28031953 23 -0.47
29031953 23 -0.49
30031953 23 -0.51
31031953 23 -0.52
01041953 23 -0.52
02041953 23 -0.52
03041953 23 -0.51
04041953 23 -0.49
05041953 23 -0.48
06041953 23 -0.47
07041953 23 -0.47
08041953 23 -0.48
09041953 23 -0.49
10041953 23 -0.51
11041953 23 -0.53
12041953 23 -0.54
13041953 23 -0.55
14041953 23 -0.55
15041953 23 -0.54
16041953 23 -0.53
17041953 23 -0.50
18041953 23 -0.47
19041953 23 -0.43
20041953 23 -0.41
21041953 23 -0.39
22041953 23 -0.38
23041953 23 -0.39
24041953 23 -0.41
25041953 23 -0.44
26041953 23 -0.46
27041953 23 -0.49
28041953 23 -0.51
29041953 23 -0.53
30041953 23 -0.54
01051953 23 -0.54
02051953 23 -0.54
03051953 23 -0.52
04051953 23 -0.50
05051953 23 -0.49
06051953 23 -0.48
07051953 23 -0.47
08051953 23 -0.48
09051953 23 -0.49
10051953 23 -0.50
11051953 23 -0.51
12051953 23 -0.52
13051953 23 -0.53
14051953 23 -0.53
15051953 23 -0.52
16051953 23 -0.50
17051953 23 -0.47
18051953 23 -0.44
19051953 23 -0.41
20051953 23 -0.39
21051953 23 -0.39
22051953 23 -0.39
23051953 23 -0.41
24051953 23 -0.43
25051953 23 -0.46
26051953 23 -0.49
27051953 23 -0.52
28051953 23 -0.54
29051953 23 -0.56
30051953 23 -0.56
31051953 23 -0.56
01061953 23 -0.55
02061953 23 -0.53
03061953 23 -0.50
04061953 23 -0.48
05061953 23 -0.47
06061953 23 -0.46
07061953 23 -0.46
08061953 23 -0.47
09061953 23 -0.49
10061953 23 -0.50
11061953 23 -0.51
12061953 23 -0.52
13061953 23 -0.51
14061953 23 -0.50
15061953 23 -0.48
16061953 23 -0.45
17061953 23 -0.43
18061953 23 -0.41
19061953 23 -0.40
20061953 23 -0.40
21061953 23 -0.42
22061953 23 -0.43
23061953 23 -0.46
24061953 23 -0.49
25061953 23 -0.52
26061953 23 -0.55
27061953 23 -0.57
28061953 23 -0.58
29061953 23 -0.58
30061953 23 -0.56
01071953 23 -0.54
02071953 23 -0.51
03071953 23 -0.48
04071953 23 -0.46
05071953 23 -0.44
06071953 23 -0.44
07071953 23 -0.44
08071953 23 -0.46
09071953 23 -0.48
10071953 23 -0.49
11071953 23 -0.50
12071953 23 -0.51
13071953 23 -0.50
14071953 23 -0.49
15071953 23 -0.47
16071953 23 -0.45
17071953 23 -0.43
18071953 23 -0.42
19071953 23 -0.42
20071953 23 -0.42
21071953 23 -0.43
22071953 23 -0.45
23071953 23 -0.48
24071953 23 -0.52
25071953 23 -0.55
26071953 23 -0.57
27071953 23 -0.59
28071953 23 -0.59
29071953 23 -0.58
30071953 23 -0.55
31071953 23 -0.52
01081953 23 -0.48
02081953 23 -0.45
03081953 23 -0.43
04081953 23 -0.42
05081953 23 -0.42
06081953 23 -0.43
07081953 23 -0.45
08081953 23 -0.47
09081953 23 -0.49
10081953 23 -0.50
11081953 23 -0.50
12081953 23 -0.50
13081953 23 -0.49
14081953 23 -0.47
15081953 23 -0.45
16081953 23 -0.44
17081953 23 -0.43
18081953 23 -0.43
19081953 23 -0.44
20081953 23 -0.45
21081953 23 -0.48
22081953 23 -0.51
23081953 23 -0.55
24081953 23 -0.57
25081953 23 -0.59
26081953 23 -0.59
27081953 23 -0.58
28081953 23 -0.55
29081953 23 -0.52
30081953 23 -0.48
31081953 23 -0.44
01091953 23 -0.41
02091953 23 -0.40
03091953 23 -0.40
04091953 23 -0.41
05091953 23 -0.43
06091953 23 -0.45
07091953 23 -0.48
08091953 23 -0.49
09091953 23 -0.51
10091953 23 -0.51
11091953 23 -0.50
12091953 23 -0.49
13091953 23 -0.48
14091953 23 -0.47
15091953 23 -0.45
16091953 23 -0.45
17091953 23 -0.45
18091953 23 -0.46
19091953 23 -0.48
20091953 23 -0.51
21091953 23 -0.54
22091953 23 -0.57
23091953 23 -0.58
24091953 23 -0.59
25091953 23 -0.58
26091953 23 -0.55
27091953 23 -0.51
28091953 23 -0.47
29091953 23 -0.44
30091953 23 -0.41
01101953 23 -0.39
02101953 23 -0.39
03101953 23 -0.40
04101953 23 -0.42
05101953 23 -0.44
06101953 23 -0.47
07101953 23 -0.49
08101953 23 -0.51
09101953 23 -0.52
10101953 23 -0.52
11101953 23 -0.52
12101953 23 -0.51
13101953 23 -0.49
14101953 23 -0.48
15101953 23 -0.46
16101953 23 -0.45
17101953 23 -0.46
18101953 23 -0.47
19101953 23 -0.50
20101953 23 -0.53
21101953 23 -0.55
22101953 23 -0.57
23101953 23 -0.57
24101953 23 -0.56
25101953 23 -0.54
26101953 23 -0.51
27101953 23 -0.47
28101953 23 -0.43
29101953 23 -0.41
30101953 23 -0.39
31101953 23 -0.38
01111953 23 -0.39
02111953 23 -0.40
03111953 23 -0.43
04111953 23 -0.46
05111953 23 -0.49
06111953 23 -0.52
07111953 23 -0.53
08111953 23 -0.54
09111953 23 -0.54
10111953 23 -0.53
11111953 23 -0.52
12111953 23 -0.50
13111953 23 -0.48
14111953 23 -0.46
15111953 23 -0.45
16111953 23 -0.46
17111953 23 -0.48
18111953 23 -0.51
19111953 23 -0.54
20111953 23 -0.55
21111953 23 -0.56
22111953 23 -0.55
23111953 23 -0.53
24111953 23 -0.50
25111953 23 -0.47
26111953 23 -0.44
27111953 23 -0.41
28111953 23 -0.39
29111953 23 -0.38
30111953 23 -0.38
01121953 23 -0.40
02121953 23 -0.42
03121953 23 -0.46
04121953 23 -0.49
05121953 23 -0.52
06121953 23 -0.55
07121953 23 -0.56
08121953 23 -0.56
09121953 23 -0.55
10121953 23 -0.54
11121953 23 -0.51
12121953 23 -0.49
13121953 23 -0.46
14121953 23 -0.45
15121953 23 -0.45
16121953 23 -0.47
17121953 23 -0.49
18121953 23 -0.51
19121953 23 -0.53
20121953 23 -0.53
21121953 23 -0.53
22121953 23 -0.52
23121953 23 -0.50
24121953 23 -0.47
25121953 23 -0.44
26121953 23 -0.42
27121953 23 -0.40
28121953 23 -0.39
29121953 23 -0.39
30121953 23 -0.40
31121953 23 -0.43
