01011923 23 -0.53
02011923 23 -0.55
03011923 23 -0.57
04011923 23 -0.57
05011923 23 -0.57
06011923 23 -0.55
07011923 23 -0.53
08011923 23 -0.50
09011923 23 -0.47
10011923 23 -0.45
11011923 23 -0.45
12011923 23 -0.45
13011923 23 -0.47
14011923 23 -0.49
15011923 23 -0.50
16011923 23 -0.51
17011923 23 -0.51
18011923 23 -0.51
19011923 23 -0.49
20011923 23 -0.48
21011923 23 -0.45
22011923 23 -0.43
23011923 23 -0.41
24011923 23 -0.40
25011923 23 -0.40
26011923 23 -0.41
27011923 23 -0.43
28011923 23 -0.46
29011923 23 -0.50
30011923 23 -0.53
31011923 23 -0.56
01021923 23 -0.57
02021923 23 -0.58
03021923 23 -0.58
04021923 23 -0.56
05021923 23 -0.54
06021923 23 -0.50
07021923 23 -0.47
08021923 23 -0.45
09021923 23 -0.44
10021923 23 -0.44
11021923 23 -0.45
12021923 23 -0.46
13021923 23 -0.47
14021923 23 -0.49
15021923 23 -0.49
16021923 23 -0.50
17021923 23 -0.49
18021923 23 -0.48
19021923 23 -0.47
20021923 23 -0.45
21021923 23 -0.43
22021923 23 -0.42
23021923 23 -0.42
24021923 23 -0.42
25021923 23 -0.44
26021923 23 -0.47
27021923 23 -0.50
28021923 23 -0.53
01031923 23 -0.56
02031923 23 -0.57
03031923 23 -0.58
04031923 23 -0.58
05031923 23 -0.57
06031923 23 -0.54
07031923 23 -0.51
08031923 23 -0.48
09031923 23 -0.45
10031923 23 -0.43
11031923 23 -0.42
12031923 23 -0.42
13031923 23 -0.43
14031923 23 -0.45
15031923 23 -0.46
16031923 23 -0.48
17031923 23 -0.49
18031923 23 -0.49
19031923 23 -0.49
20031923 23 -0.49
21031923 23 -0.47
22031923 23 -0.46
23031923 23 -0.45
24031923 23 -0.44
25031923 23 -0.44
26031923 23 -0.45
27031923 23 -0.47
28031923 23 -0.49
29031923 23 -0.52
30031923 23 -0.55
31031923 23 -0.56
01041923 23 -0.57
02041923 23 -0.57
03041923 23 -0.57
04041923 23 -0.55
05041923 23 -0.52
06041923 23 -0.48
07041923 23 -0.45
08041923 23 -0.42
09041923 23 -0.41
10041923 23 -0.40
11041923 23 -0.41
12041923 23 -0.43
13041923 23 -0.44
14041923 23 -0.46
15041923 23 -0.48
16041923 23 -0.50
17041923 23 -0.50
18041923 23 -0.50
19041923 23 -0.50
20041923 23 -0.49
21041923 23 -0.48
22041923 23 -0.46
23041923 23 -0.46
24041923 23 -0.46
25041923 23 -0.47
26041923 23 -0.49
27041923 23 -0.51
28041923 23 -0.53
29041923 23 -0.55
30041923 23 -0.56
01051923 23 -0.56
02051923 23 -0.56
03051923 23 -0.54
04051923 23 -0.52
05051923 23 -0.49
06051923 23 -0.45
07051923 23 -0.42
08051923 23 -0.40
09051923 23 -0.39
10051923 23 -0.39
11051923 23 -0.41
12051923 23 -0.43
13051923 23 -0.45
14051923 23 -0.48
15051923 23 -0.50
16051923 23 -0.51
17051923 23 -0.52
18051923 23 -0.52
19051923 23 -0.52
20051923 23 -0.51
21051923 23 -0.49
22051923 23 -0.48
23051923 23 -0.47
24051923 23 -0.47
25051923 23 -0.48
26051923 23 -0.49
27051923 23 -0.51
28051923 23 -0.53
29051923 23 -0.54
30051923 23 -0.55
31051923 23 -0.55
01061923 23 -0.54
02061923 23 -0.52
03061923 23 -0.49
04061923 23 -0.45
05061923 23 -0.42
06061923 23 -0.40
07061923 23 -0.39
08061923 23 -0.39
09061923 23 -0.40
10061923 23 -0.42
11061923 23 -0.45
12061923 23 -0.47
13061923 23 -0.50
14061923 23 -0.52
15061923 23 -0.54
16061923 23 -0.55
17061923 23 -0.54
18061923 23 -0.53
19061923 23 -0.52
20061923 23 -0.50
21061923 23 -0.48
22061923 23 -0.47
23061923 23 -0.47
24061923 23 -0.47
25061923 23 -0.48
26061923 23 -0.50
27061923 23 -0.52
28061923 23 -0.53
29061923 23 -0.54
30061923 23 -0.53
01071923 23 -0.52
02071923 23 -0.49
03071923 23 -0.46
04071923 23 -0.43
05071923 23 -0.40
06071923 23 -0.39
07071923 23 -0.39
08071923 23 -0.40
09071923 23 -0.42
10071923 23 -0.44
11071923 23 -0.47
12071923 23 -0.50
13071923 23 -0.53
14071923 23 -0.55
15071923 23 -0.57
16071923 23 -0.57
17071923 23 -0.56
18071923 23 -0.54
19071923 23 -0.52
20071923 23 -0.49
21071923 23 -0.47
22071923 23 -0.45
23071923 23 -0.45
24071923 23 -0.46
25071923 23 -0.48
26071923 23 -0.49
27071923 23 -0.51
28071923 23 -0.52
29071923 23 -0.52
30071923 23 -0.51
31071923 23 -0.49
01081923 23 -0.47
02081923 23 -0.44
03081923 23 -0.42
04081923 23 -0.40
05081923 23 -0.40
06081923 23 -0.40
07081923 23 -0.42
08081923 23 -0.44
09081923 23 -0.47
10081923 23 -0.50
11081923 23 -0.54
12081923 23 -0.57
13081923 23 -0.58
14081923 23 -0.59
15081923 23 -0.58
16081923 23 -0.56
17081923 23 -0.53
18081923 23 -0.49
19081923 23 -0.46
20081923 23 -0.44
21081923 23 -0.43
22081923 23 -0.44
23081923 23 -0.45
24081923 23 -0.47
25081923 23 -0.49
26081923 23 -0.50
27081923 23 -0.51
28081923 23 -0.51
29081923 23 -0.50
30081923 23 -0.48
31081923 23 -0.46
01091923 23 -0.44
02091923 23 -0.42
03091923 23 -0.41
04091923 23 -0.41
05091923 23 -0.42
06091923 23 -0.44
07091923 23 -0.47
08091923 23 -0.51
09091923 23 -0.54
10091923 23 -0.57
11091923 23 -0.59
12091923 23 -0.59
13091923 23 -0.58
14091923 23 -0.56
15091923 23 -0.53
16091923 23 -0.49
17091923 23 -0.46
18091923 23 -0.43
19091923 23 -0.41
20091923 23 -0.42
21091923 23 -0.43
22091923 23 -0.45
23091923 23 -0.47
24091923 23 -0.49
25091923 23 -0.50
26091923 23 -0.50
27091923 23 -0.50
28091923 23 -0.49
29091923 23 -0.47
30091923 23 -0.46
01101923 23 -0.44
02101923 23 -0.43
03101923 23 -0.43
04101923 23 -0.43
05101923 23 -0.44
06101923 23 -0.47
07101923 23 -0.50
08101923 23 -0.54
09101923 23 -0.57
10101923 23 -0.59
11101923 23 -0.59
12101923 23 -0.59
13101923 23 -0.56
14101923 23 -0.53
15101923 23 -0.49
16101923 23 -0.45
17101923 23 -0.42
18101923 23 -0.40
19101923 23 -0.40
20101923 23 -0.41
21101923 23 -0.43
22101923 23 -0.45
23101923 23 -0.47
24101923 23 -0.49
25101923 23 -0.50
26101923 23 -0.51
27101923 23 -0.51
28101923 23 -0.50
29101923 23 -0.48
30101923 23 -0.47
31101923 23 -0.46
01111923 23 -0.45
02111923 23 -0.44
03111923 23 -0.45
04111923 23 -0.47
05111923 23 -0.50
06111923 23 -0.53
07111923 23 -0.56
08111923 23 -0.58
09111923 23 -0.59
10111923 23 -0.58
11111923 23 -0.56
12111923 23 -0.52
13111923 23 -0.48
14111923 23 -0.45
15111923 23 -0.41
16111923 23 -0.39
17111923 23 -0.39
18111923 23 -0.39
19111923 23 -0.41
20111923 23 -0.43
21111923 23 -0.46
22111923 23 -0.48
23111923 23 -0.51
24111923 23 -0.52
25111923 23 -0.52
26111923 23 -0.52
27111923 23 -0.51
28111923 23 -0.50
29111923 23 -0.48
30111923 23 -0.46
01121923 23 -0.45
02121923 23 -0.45
03121923 23 -0.47
04121923 23 -0.49
05121923 23 -0.52
06121923 23 -0.55
07121923 23 -0.57
08121923 23 -0.57
09121923 23 -0.56
10121923 23 -0.54
11121923 23 -0.52
12121923 23 -0.48
13121923 23 -0.45
14121923 23 -0.41
15121923 23 -0.39
16121923 23 -0.38
17121923 23 -0.38
18121923 23 -0.40
19121923 23 -0.42
20121923 23 -0.45
21121923 23 -0.48
22121923 23 -0.51
23121923 23 -0.53
24121923 23 -0.54
25121923 23 -0.54
26121923 23 -0.53
27121923 23 -0.52
28121923 23 -0.50
29121923 23 -0.48
30121923 23 -0.46
31121923 23 -0.46
