01012009 23 -0.48
02012009 23 -0.47
03012009 23 -0.45
04012009 23 -0.45
05012009 23 -0.45
06012009 23 -0.47
07012009 23 -0.50
08012009 23 -0.53
09012009 23 -0.56
10012009 23 -0.57
11012009 23 -0.57
12012009 23 -0.56
13012009 23 -0.54
14012009 23 -0.52
15012009 23 -0.48
16012009 23 -0.45
17012009 23 -0.42
18012009 23 -0.39
19012009 23 -0.38
20012009 23 -0.39
21012009 23 -0.40
22012009 23 -0.43
23012009 23 -0.45
24012009 23 -0.48
25012009 23 -0.50
26012009 23 -0.52
27012009 23 -0.53
28012009 23 -0.53
29012009 23 -0.52
30012009 23 -0.51
31012009 23 -0.49
01022009 23 -0.48
02022009 23 -0.46
03022009 23 -0.46
04022009 23 -0.47
05022009 23 -0.49
06022009 23 -0.52
07022009 23 -0.54
08022009 23 -0.55
09022009 23 -0.55
10022009 23 -0.55
11022009 23 -0.53
12022009 23 -0.51
13022009 23 -0.48
14022009 23 -0.45
15022009 23 -0.42
16022009 23 -0.40
17022009 23 -0.38
18022009 23 -0.38
19022009 23 -0.40
20022009 23 -0.42
21022009 23 -0.45
22022009 23 -0.48
23022009 23 -0.51
24022009 23 -0.53
25022009 23 -0.54
26022009 23 -0.55
27022009 23 -0.54
28022009 23 -0.53
01032009 23 -0.52
02032009 23 -0.50
03032009 23 -0.48
04032009 23 -0.47
05032009 23 -0.47
06032009 23 -0.48
07032009 23 -0.49
08032009 23 -0.51
09032009 23 -0.52
10032009 23 -0.53
11032009 23 -0.53
12032009 23 -0.52
13032009 23 -0.51
14032009 23 -0.49
15032009 23 -0.46
16032009 23 -0.43
17032009 23 -0.41
18032009 23 -0.39
19032009 23 -0.39
20032009 23 -0.40
21032009 23 -0.42
22032009 23 -0.45
23032009 23 -0.48
24032009 23 -0.51
25032009 23 -0.53
26032009 23 -0.55
27032009 23 -0.56
28032009 23 -0.56
29032009 23 -0.56
30032009 23 -0.54
31032009 23 -0.51
01042009 23 -0.49
02042009 23 -0.47
03042009 23 -0.46
04042009 23 -0.46
05042009 23 -0.47
06042009 23 -0.48
07042009 23 -0.49
08042009 23 -0.50
09042009 23 -0.51
10042009 23 -0.51
11042009 23 -0.50
12042009 23 -0.49
13042009 23 -0.47
14042009 23 -0.44
15042009 23 -0.42
16042009 23 -0.40
17042009 23 -0.40
18042009 23 -0.41
19042009 23 -0.42
20042009 23 -0.45
21042009 23 -0.48
22042009 23 -0.51
23042009 23 -0.53
24042009 23 -0.56
25042009 23 -0.57
26042009 23 -0.58
27042009 23 -0.57
28042009 23 -0.55
29042009 23 -0.53
30042009 23 -0.50
01052009 23 -0.47
02052009 23 -0.46
03052009 23 -0.44
04052009 23 -0.44
05052009 23 -0.45
06052009 23 -0.46
07052009 23 -0.48
08052009 23 -0.49
09052009 23 -0.50
10052009 23 -0.50
11052009 23 -0.49
12052009 23 -0.48
13052009 23 -0.46
14052009 23 -0.44
15052009 23 -0.43
16052009 23 -0.42
17052009 23 -0.42
18052009 23 -0.43
19052009 23 -0.45
20052009 23 -0.47
21052009 23 -0.50
22052009 23 -0.53
23052009 23 -0.55
24052009 23 -0.57
25052009 23 -0.58
26052009 23 -0.58
27052009 23 -0.56
28052009 23 -0.54
29052009 23 -0.51
30052009 23 -0.48
31052009 23 -0.45
01062009 23 -0.43
02062009 23 -0.42
03062009 23 -0.42
04062009 23 -0.44
05062009 23 -0.45
06062009 23 -0.47
07062009 23 -0.48
08062009 23 -0.49
09062009 23 -0.50
10062009 23 -0.49
11062009 23 -0.48
12062009 23 -0.47
13062009 23 -0.45
14062009 23 -0.44
15062009 23 -0.44
16062009 23 -0.45
17062009 23 -0.46
18062009 23 -0.47
19062009 23 -0.49
20062009 23 -0.52
21062009 23 -0.55
22062009 23 -0.57
23062009 23 -0.58
24062009 23 -0.58
25062009 23 -0.57
26062009 23 -0.55
27062009 23 -0.51
28062009 23 -0.47
29062009 23 -0.44
30062009 23 -0.41
01072009 23 -0.40
02072009 23 -0.40
03072009 23 -0.42
04072009 23 -0.43
05072009 23 -0.45
06072009 23 -0.47
07072009 23 -0.49
08072009 23 -0.50
09072009 23 -0.51
10072009 23 -0.51
11072009 23 -0.50
12072009 23 -0.48
13072009 23 -0.47
14072009 23 -0.46
15072009 23 -0.46
16072009 23 -0.46
17072009 23 -0.47
18072009 23 -0.48
19072009 23 -0.51
20072009 23 -0.53
21072009 23 -0.56
22072009 23 -0.57
23072009 23 -0.58
24072009 23 -0.57
25072009 23 -0.55
26072009 23 -0.51
27072009 23 -0.47
28072009 23 -0.43
29072009 23 -0.41
30072009 23 -0.39
31072009 23 -0.39
01082009 23 -0.40
02082009 23 -0.42
03082009 23 -0.44
04082009 23 -0.46
05082009 23 -0.49
06082009 23 -0.51
07082009 23 -0.53
08082009 23 -0.53
09082009 23 -0.52
10082009 23 -0.51
11082009 23 -0.50
12082009 23 -0.48
13082009 23 -0.47
14082009 23 -0.46
15082009 23 -0.46
16082009 23 -0.47
17082009 23 -0.49
18082009 23 -0.52
19082009 23 -0.54
20082009 23 -0.56
21082009 23 -0.57
22082009 23 -0.56
23082009 23 -0.54
24082009 23 -0.51
25082009 23 -0.47
26082009 23 -0.43
27082009 23 -0.40
28082009 23 -0.39
29082009 23 -0.38
30082009 23 -0.39
31082009 23 -0.41
01092009 23 -0.43
02092009 23 -0.46
03092009 23 -0.49
04092009 23 -0.52
05092009 23 -0.54
06092009 23 -0.55
07092009 23 -0.55
08092009 23 -0.54
09092009 23 -0.52
10092009 23 -0.50
11092009 23 -0.48
12092009 23 -0.47
13092009 23 -0.46
14092009 23 -0.46
15092009 23 -0.48
16092009 23 -0.50
17092009 23 -0.53
18092009 23 -0.54
19092009 23 -0.55
20092009 23 -0.55
21092009 23 -0.53
22092009 23 -0.50
23092009 23 -0.47
24092009 23 -0.44
25092009 23 -0.41
26092009 23 -0.39
27092009 23 -0.38
28092009 23 -0.39
29092009 23 -0.40
30092009 23 -0.43
01102009 23 -0.46
02102009 23 -0.50
03102009 23 -0.53
04102009 23 -0.55
05102009 23 -0.57
06102009 23 -0.57
07102009 23 -0.56
08102009 23 -0.54
09102009 23 -0.52
10102009 23 -0.49
11102009 23 -0.47
12102009 23 -0.45
13102009 23 -0.45
14102009 23 -0.46
15102009 23 -0.48
16102009 23 -0.50
17102009 23 -0.52
18102009 23 -0.53
19102009 23 -0.53
20102009 23 -0.52
21102009 23 -0.50
22102009 23 -0.47
23102009 23 -0.44
24102009 23 -0.42
25102009 23 -0.40
26102009 23 -0.39
27102009 23 -0.39
28102009 23 -0.40
29102009 23 -0.43
30102009 23 -0.46
31102009 23 -0.50
01112009 23 -0.53
02112009 23 -0.56
03112009 23 -0.58
04112009 23 -0.58
05112009 23 -0.58
06112009 23 -0.56
07112009 23 -0.53
08112009 23 -0.50
09112009 23 -0.46
10112009 23 -0.44
11112009 23 -0.43
12112009 23 -0.44
13112009 23 -0.46
14112009 23 -0.48
15112009 23 -0.50
16112009 23 -0.51
17112009 23 -0.51
18112009 23 -0.51
19112009 23 -0.50
20112009 23 -0.48
21112009 23 -0.46
22112009 23 -0.44
23112009 23 -0.42
24112009 23 -0.41
25112009 23 -0.40
26112009 23 -0.41
27112009 23 -0.43
28112009 23 -0.46
29112009 23 -0.50
30112009 23 -0.54
01122009 23 -0.57
02122009 23 -0.58
03122009 23 -0.59
04122009 23 -0.58
05122009 23 -0.56
06122009 23 -0.53
07122009 23 -0.50
08122009 23 -0.46
09122009 23 -0.44
10122009 23 -0.42
11122009 23 -0.42
12122009 23 -0.44
13122009 23 -0.45
14122009 23 -0.47
15122009 23 -0.49
16122009 23 -0.50
17122009 23 -0.50
18122009 23 -0.50
19122009 23 -0.49
20122009 23 -0.47
21122009 23 -0.46
22122009 23 -0.44
23122009 23 -0.42
24122009 23 -0.42
25122009 23 -0.42
26122009 23 -0.44
27122009 23 -0.47
28122009 23 -0.50
29122009 23 -0.54
30122009 23 -0.57
31122009 23 -0.58
