01011912 23 -0.52
02011912 23 -0.55
03011912 23 -0.57
04011912 23 -0.58
05011912 23 -0.58
06011912 23 -0.57
07011912 23 -0.54
08011912 23 -0.51
09011912 23 -0.47
10011912 23 -0.44
11011912 23 -0.41
12011912 23 -0.40
13011912 23 -0.39
14011912 23 -0.40
15011912 23 -0.42
16011912 23 -0.44
17011912 23 -0.47
18011912 23 -0.49
19011912 23 -0.51
20011912 23 -0.51
21011912 23 -0.51
22011912 23 -0.51
23011912 23 -0.50
24011912 23 -0.48
25011912 23 -0.47
26011912 23 -0.46
27011912 23 -0.45
28011912 23 -0.46
29011912 23 -0.48
30011912 23 -0.51
31011912 23 -0.54
01021912 23 -0.56
02021912 23 -0.57
03021912 23 -0.56
04021912 23 -0.55
05021912 23 -0.53
06021912 23 -0.51
07021912 23 -0.47
08021912 23 -0.44
09021912 23 -0.41
10021912 23 -0.39
11021912 23 -0.38
12021912 23 -0.39
13021912 23 -0.41
14021912 23 -0.43
15021912 23 -0.46
16021912 23 -0.49
17021912 23 -0.51
18021912 23 -0.52
19021912 23 -0.53
20021912 23 -0.53
21021912 23 -0.52
22021912 23 -0.51
23021912 23 -0.49
24021912 23 -0.48
25021912 23 -0.47
26021912 23 -0.47
27021912 23 -0.48
28021912 23 -0.50
29021912 23 -0.52
01031912 23 -0.53
02031912 23 -0.54
03031912 23 -0.54
04031912 23 -0.54
05031912 23 -0.53
06031912 23 -0.50
07031912 23 -0.48
08031912 23 -0.45
09031912 23 -0.42
10031912 23 -0.39
11031912 23 -0.38
12031912 23 -0.39
13031912 23 -0.40
14031912 23 -0.43
15031912 23 -0.46
16031912 23 -0.48
17031912 23 -0.51
18031912 23 -0.53
19031912 23 -0.54
20031912 23 -0.55
21031912 23 -0.55
22031912 23 -0.54
23031912 23 -0.52
24031912 23 -0.50
25031912 23 -0.48
26031912 23 -0.47
27031912 23 -0.47
28031912 23 -0.48
29031912 23 -0.49
30031912 23 -0.51
31031912 23 -0.52
01041912 23 -0.52
02041912 23 -0.52
03041912 23 -0.52
04041912 23 -0.50
05041912 23 -0.48
06041912 23 -0.45
07041912 23 -0.43
08041912 23 -0.40
09041912 23 -0.39
10041912 23 -0.39
11041912 23 -0.40
12041912 23 -0.43
13041912 23 -0.45
14041912 23 -0.48
15041912 23 -0.51
16041912 23 -0.54
17041912 23 -0.56
18041912 23 -0.57
19041912 23 -0.57
20041912 23 -0.56
21041912 23 -0.54
22041912 23 -0.51
23041912 23 -0.49
24041912 23 -0.47
25041912 23 -0.46
26041912 23 -0.46
27041912 23 -0.46
28041912 23 -0.47
29041912 23 -0.49
30041912 23 -0.50
01051912 23 -0.50
02051912 23 -0.51
03051912 23 -0.50
04051912 23 -0.49
05051912 23 -0.46
06051912 23 -0.44
07051912 23 -0.42
08051912 23 -0.41
09051912 23 -0.40
10051912 23 -0.41
11051912 23 -0.43
12051912 23 -0.45
13051912 23 -0.48
14051912 23 -0.51
15051912 23 -0.54
16051912 23 -0.56
17051912 23 -0.57
18051912 23 -0.58
19051912 23 -0.57
20051912 23 -0.55
21051912 23 -0.53
22051912 23 -0.50
23051912 23 -0.47
24051912 23 -0.45
25051912 23 -0.44
26051912 23 -0.44
27051912 23 -0.45
28051912 23 -0.46
29051912 23 -0.47
30051912 23 -0.49
31051912 23 -0.50
01061912 23 -0.50
02061912 23 -0.49
03061912 23 -0.48
04061912 23 -0.46
05061912 23 -0.44
06061912 23 -0.43
07061912 23 -0.42
08061912 23 -0.43
09061912 23 -0.44
10061912 23 -0.46
11061912 23 -0.48
12061912 23 -0.51
13061912 23 -0.53
14061912 23 -0.56
15061912 23 -0.58
16061912 23 -0.58
17061912 23 -0.58
18061912 23 -0.56
19061912 23 -0.54
20061912 23 -0.50
21061912 23 -0.47
22061912 23 -0.44
23061912 23 -0.42
24061912 23 -0.41
25061912 23 -0.42
26061912 23 -0.44
27061912 23 -0.45
28061912 23 -0.47
29061912 23 -0.49
30061912 23 -0.50
01071912 23 -0.50
02071912 23 -0.49
03071912 23 -0.48
04071912 23 -0.47
05071912 23 -0.46
06071912 23 -0.45
07071912 23 -0.45
08071912 23 -0.45
09071912 23 -0.46
10071912 23 -0.47
11071912 23 -0.50
12071912 23 -0.52
13071912 23 -0.55
14071912 23 -0.57
15071912 23 -0.58
16071912 23 -0.58
17071912 23 -0.57
18071912 23 -0.54
19071912 23 -0.50
20071912 23 -0.46
21071912 23 -0.43
22071912 23 -0.41
23071912 23 -0.40
24071912 23 -0.40
25071912 23 -0.41
26071912 23 -0.43
27071912 23 -0.46
28071912 23 -0.48
29071912 23 -0.50
30071912 23 -0.51
31071912 23 -0.51
01081912 23 -0.51
02081912 23 -0.50
03081912 23 -0.49
04081912 23 -0.47
05081912 23 -0.46
06081912 23 -0.46
07081912 23 -0.46
08081912 23 -0.47
09081912 23 -0.49
10081912 23 -0.51
11081912 23 -0.54
12081912 23 -0.56
13081912 23 -0.58
14081912 23 -0.58
15081912 23 -0.56
16081912 23 -0.54
17081912 23 -0.50
18081912 23 -0.46
19081912 23 -0.42
20081912 23 -0.40
21081912 23 -0.39
22081912 23 -0.39
23081912 23 -0.40
24081912 23 -0.42
25081912 23 -0.44
26081912 23 -0.47
27081912 23 -0.50
28081912 23 -0.52
29081912 23 -0.53
30081912 23 -0.53
31081912 23 -0.53
01091912 23 -0.51
02091912 23 -0.50
03091912 23 -0.48
04091912 23 -0.47
05091912 23 -0.46
06091912 23 -0.46
07091912 23 -0.47
08091912 23 -0.50
09091912 23 -0.53
10091912 23 -0.55
11091912 23 -0.56
12091912 23 -0.56
13091912 23 -0.55
14091912 23 -0.53
15091912 23 -0.49
16091912 23 -0.46
17091912 23 -0.42
18091912 23 -0.40
19091912 23 -0.38
20091912 23 -0.38
21091912 23 -0.39
22091912 23 -0.41
23091912 23 -0.44
24091912 23 -0.47
25091912 23 -0.50
26091912 23 -0.53
27091912 23 -0.55
28091912 23 -0.55
29091912 23 -0.55
30091912 23 -0.54
01101912 23 -0.52
02101912 23 -0.50
03101912 23 -0.48
04101912 23 -0.46
05101912 23 -0.45
06101912 23 -0.46
07101912 23 -0.48
08101912 23 -0.51
09101912 23 -0.53
10101912 23 -0.54
11101912 23 -0.55
12101912 23 -0.54
13101912 23 -0.52
14101912 23 -0.49
15101912 23 -0.46
16101912 23 -0.43
17101912 23 -0.40
18101912 23 -0.39
19101912 23 -0.38
20101912 23 -0.39
21101912 23 -0.41
22101912 23 -0.44
23101912 23 -0.47
24101912 23 -0.51
25101912 23 -0.54
26101912 23 -0.56
27101912 23 -0.57
28101912 23 -0.57
29101912 23 -0.56
30101912 23 -0.54
31101912 23 -0.51
01111912 23 -0.48
02111912 23 -0.46
03111912 23 -0.44
04111912 23 -0.45
05111912 23 -0.46
06111912 23 -0.48
07111912 23 -0.51
08111912 23 -0.52
09111912 23 -0.53
10111912 23 -0.52
11111912 23 -0.51
12111912 23 -0.49
13111912 23 -0.46
14111912 23 -0.44
15111912 23 -0.42
16111912 23 -0.40
17111912 23 -0.39
18111912 23 -0.40
19111912 23 -0.41
20111912 23 -0.44
21111912 23 -0.47
22111912 23 -0.51
23111912 23 -0.55
24111912 23 -0.57
25111912 23 -0.58
26111912 23 -0.58
27111912 23 -0.57
28111912 23 -0.55
29111912 23 -0.52
30111912 23 -0.48
01121912 23 -0.45
02121912 23 -0.44
03121912 23 -0.43
04121912 23 -0.44
05121912 23 -0.46
06121912 23 -0.48
07121912 23 -0.50
08121912 23 -0.50
09121912 23 -0.51
10121912 23 -0.50
11121912 23 -0.49
12121912 23 -0.47
13121912 23 -0.45
14121912 23 -0.43
15121912 23 -0.42
16121912 23 -0.41
17121912 23 -0.41
18121912 23 -0.42
19121912 23 -0.44
20121912 23 -0.48
21121912 23 -0.51
22121912 23 -0.55
23121912 23 -0.57
24121912 23 -0.59
25121912 23 -0.59
26121912 23 -0.58
27121912 23 -0.55
28121912 23 -0.52
29121912 23 -0.49
30121912 23 -0.45
31121912 23 -0.43
