01011967 23 -0.51
02011967 23 -0.48
03011967 23 -0.46
04011967 23 -0.44
05011967 23 -0.44
06011967 23 -0.45
07011967 23 -0.47
08011967 23 -0.49
09011967 23 -0.50
10011967 23 -0.51
11011967 23 -0.51
12011967 23 -0.50
13011967 23 -0.49
14011967 23 -0.47
15011967 23 -0.45
16011967 23 -0.43
17011967 23 -0.41
18011967 23 -0.40
19011967 23 -0.40
20011967 23 -0.42
21011967 23 -0.44
22011967 23 -0.48
23011967 23 -0.51
24011967 23 -0.55
25011967 23 -0.57
26011967 23 -0.58
27011967 23 -0.58
28011967 23 -0.57
29011967 23 -0.55
30011967 23 -0.52
31011967 23 -0.49
01021967 23 -0.46
02021967 23 -0.44
03021967 23 -0.43
04021967 23 -0.43
05021967 23 -0.45
06021967 23 -0.46
07021967 23 -0.48
08021967 23 -0.49
09021967 23 -0.49
10021967 23 -0.50
11021967 23 -0.49
12021967 23 -0.48
13021967 23 -0.46
14021967 23 -0.45
15021967 23 -0.43
16021967 23 -0.42
17021967 23 -0.42
18021967 23 -0.43
19021967 23 -0.45
20021967 23 -0.48
21021967 23 -0.51
22021967 23 -0.54
23021967 23 -0.56
24021967 23 -0.58
25021967 23 -0.58
26021967 23 -0.57
27021967 23 -0.56
28021967 23 -0.53
01031967 23 -0.50
02031967 23 -0.46
03031967 23 -0.44
04031967 23 -0.42
05031967 23 -0.42
06031967 23 -0.42
07031967 23 -0.44
08031967 23 -0.45
09031967 23 -0.47
10031967 23 -0.48
11031967 23 -0.49
12031967 23 -0.49
13031967 23 -0.49
14031967 23 -0.48
15031967 23 -0.47
16031967 23 -0.46
17031967 23 -0.45
18031967 23 -0.44
19031967 23 -0.44
20031967 23 -0.46
21031967 23 -0.48
22031967 23 -0.51
23031967 23 -0.53
24031967 23 -0.56
25031967 23 -0.57
26031967 23 -0.57
27031967 23 -0.57
28031967 23 -0.56
29031967 23 -0.53
30031967 23 -0.50
31031967 23 -0.47
01041967 23 -0.43
02041967 23 -0.41
03041967 23 -0.40
04041967 23 -0.40
05041967 23 -0.41
06041967 23 -0.43
07041967 23 -0.45
08041967 23 -0.47
09041967 23 -0.49
10041967 23 -0.50
11041967 23 -0.51
12041967 23 -0.51
13041967 23 -0.50
14041967 23 -0.49
15041967 23 -0.47
16041967 23 -0.46
17041967 23 -0.46
18041967 23 -0.47
19041967 23 -0.48
20041967 23 -0.50
21041967 23 -0.52
22041967 23 -0.54
23041967 23 -0.55
24041967 23 -0.56
25041967 23 -0.56
26041967 23 -0.55
27041967 23 -0.53
28041967 23 -0.50
29041967 23 -0.47
30041967 23 -0.43
01051967 23 -0.41
02051967 23 -0.39
03051967 23 -0.39
04051967 23 -0.40
05051967 23 -0.42
06051967 23 -0.44
07051967 23 -0.46
08051967 23 -0.49
09051967 23 -0.51
10051967 23 -0.52
11051967 23 -0.53
12051967 23 -0.53
13051967 23 -0.52
14051967 23 -0.50
15051967 23 -0.49
16051967 23 -0.48
17051967 23 -0.47
18051967 23 -0.48
19051967 23 -0.49
20051967 23 -0.50
21051967 23 -0.52
22051967 23 -0.53
23051967 23 -0.54
24051967 23 -0.55
25051967 23 -0.54
26051967 23 -0.53
27051967 23 -0.50
28051967 23 -0.47
29051967 23 -0.44
30051967 23 -0.41
31051967 23 -0.39
01061967 23 -0.39
02061967 23 -0.39
03061967 23 -0.41
04061967 23 -0.43
05061967 23 -0.46
06061967 23 -0.49
07061967 23 -0.51
08061967 23 -0.53
09061967 23 -0.55
10061967 23 -0.55
11061967 23 -0.54
12061967 23 -0.53
13061967 23 -0.51
14061967 23 -0.50
15061967 23 -0.48
16061967 23 -0.47
17061967 23 -0.47
18061967 23 -0.48
19061967 23 -0.49
20061967 23 -0.51
21061967 23 -0.52
22061967 23 -0.53
23061967 23 -0.53
24061967 23 -0.52
25061967 23 -0.50
26061967 23 -0.47
27061967 23 -0.44
28061967 23 -0.42
29061967 23 -0.40
30061967 23 -0.39
01071967 23 -0.40
02071967 23 -0.41
03071967 23 -0.43
04071967 23 -0.45
05071967 23 -0.48
06071967 23 -0.52
07071967 23 -0.54
08071967 23 -0.56
09071967 23 -0.57
10071967 23 -0.57
11071967 23 -0.55
12071967 23 -0.53
13071967 23 -0.51
14071967 23 -0.48
15071967 23 -0.46
16071967 23 -0.45
17071967 23 -0.45
18071967 23 -0.46
19071967 23 -0.48
20071967 23 -0.50
21071967 23 -0.51
22071967 23 -0.52
23071967 23 -0.52
24071967 23 -0.50
25071967 23 -0.48
26071967 23 -0.46
27071967 23 -0.43
28071967 23 -0.41
29071967 23 -0.40
30071967 23 -0.40
31071967 23 -0.41
01081967 23 -0.43
02081967 23 -0.45
03081967 23 -0.48
04081967 23 -0.52
05081967 23 -0.55
06081967 23 -0.57
07081967 23 -0.59
08081967 23 -0.58
09081967 23 -0.57
10081967 23 -0.55
11081967 23 -0.51
12081967 23 -0.48
13081967 23 -0.45
14081967 23 -0.43
15081967 23 -0.43
16081967 23 -0.44
17081967 23 -0.45
18081967 23 -0.47
19081967 23 -0.49
20081967 23 -0.50
21081967 23 -0.51
22081967 23 -0.50
23081967 23 -0.49
24081967 23 -0.47
25081967 23 -0.45
26081967 23 -0.43
27081967 23 -0.42
28081967 23 -0.42
29081967 23 -0.42
30081967 23 -0.43
31081967 23 -0.45
01091967 23 -0.48
02091967 23 -0.52
03091967 23 -0.55
04091967 23 -0.58
05091967 23 -0.59
06091967 23 -0.59
07091967 23 -0.58
08091967 23 -0.55
09091967 23 -0.52
10091967 23 -0.48
11091967 23 -0.44
12091967 23 -0.42
13091967 23 -0.41
14091967 23 -0.42
15091967 23 -0.43
16091967 23 -0.45
17091967 23 -0.47
18091967 23 -0.49
19091967 23 -0.50
20091967 23 -0.50
21091967 23 -0.50
22091967 23 -0.49
23091967 23 -0.47
24091967 23 -0.46
25091967 23 -0.44
26091967 23 -0.44
27091967 23 -0.43
28091967 23 -0.44
29091967 23 -0.45
30091967 23 -0.48
01101967 23 -0.52
02101967 23 -0.55
03101967 23 -0.58
04101967 23 -0.59
05101967 23 -0.59
06101967 23 -0.58
07101967 23 -0.55
08101967 23 -0.51
09101967 23 -0.47
10101967 23 -0.43
11101967 23 -0.41
12101967 23 -0.40
13101967 23 -0.40
14101967 23 -0.41
15101967 23 -0.43
16101967 23 -0.46
17101967 23 -0.48
18101967 23 -0.50
19101967 23 -0.51
20101967 23 -0.51
21101967 23 -0.51
22101967 23 -0.50
23101967 23 -0.48
24101967 23 -0.47
25101967 23 -0.46
26101967 23 -0.45
27101967 23 -0.45
28101967 23 -0.46
29101967 23 -0.48
30101967 23 -0.51
31101967 23 -0.54
01111967 23 -0.57
02111967 23 -0.58
03111967 23 -0.58
04111967 23 -0.57
05111967 23 -0.54
06111967 23 -0.51
07111967 23 -0.47
08111967 23 -0.43
09111967 23 -0.40
10111967 23 -0.39
11111967 23 -0.39
12111967 23 -0.40
13111967 23 -0.42
14111967 23 -0.44
15111967 23 -0.47
16111967 23 -0.49
17111967 23 -0.51
18111967 23 -0.52
19111967 23 -0.53
20111967 23 -0.52
21111967 23 -0.51
22111967 23 -0.49
23111967 23 -0.48
24111967 23 -0.46
25111967 23 -0.45
26111967 23 -0.46
27111967 23 -0.47
28111967 23 -0.50
29111967 23 -0.53
30111967 23 -0.56
01121967 23 -0.57
02121967 23 -0.57
03121967 23 -0.56
04121967 23 -0.53
05121967 23 -0.50
06121967 23 -0.47
07121967 23 -0.43
08121967 23 -0.40
09121967 23 -0.39
10121967 23 -0.38
11121967 23 -0.39
12121967 23 -0.40
13121967 23 -0.43
14121967 23 -0.46
15121967 23 -0.50
16121967 23 -0.52
17121967 23 -0.54
18121967 23 -0.54
19121967 23 -0.54
20121967 23 -0.53
21121967 23 -0.52
22121967 23 -0.49
23121967 23 -0.47
24121967 23 -0.46
25121967 23 -0.46
26121967 23 -0.47
27121967 23 -0.49
28121967 23 -0.51
29121967 23 -0.54
30121967 23 -0.55
31121967 23 -0.55
