01011954 23 -0.46
02011954 23 -0.50
03011954 23 -0.53
04011954 23 -0.56
05011954 23 -0.57
06011954 23 -0.57
07011954 23 -0.57
08011954 23 -0.55
09011954 23 -0.52
10011954 23 -0.50
11011954 23 -0.47
12011954 23 -0.45
13011954 23 -0.45
14011954 23 -0.45
15011954 23 -0.47
16011954 23 -0.49
17011954 23 -0.50
18011954 23 -0.51
19011954 23 -0.51
20011954 23 -0.51
21011954 23 -0.49
22011954 23 -0.48
23011954 23 -0.45
24011954 23 -0.43
25011954 23 -0.41
26011954 23 -0.40
27011954 23 -0.40
28011954 23 -0.41
29011954 23 -0.43
30011954 23 -0.46
31011954 23 -0.50
01021954 23 -0.53
02021954 23 -0.56
03021954 23 -0.57
04021954 23 -0.58
05021954 23 -0.58
06021954 23 -0.56
07021954 23 -0.53
08021954 23 -0.50
09021954 23 -0.47
10021954 23 -0.45
11021954 23 -0.44
12021954 23 -0.44
13021954 23 -0.44
14021954 23 -0.46
15021954 23 -0.47
16021954 23 -0.49
17021954 23 -0.49
18021954 23 -0.50
19021954 23 -0.49
20021954 23 -0.48
21021954 23 -0.47
22021954 23 -0.45
23021954 23 -0.43
24021954 23 -0.42
25021954 23 -0.42
26021954 23 -0.42
27021954 23 -0.44
28021954 23 -0.47
01031954 23 -0.50
02031954 23 -0.53
03031954 23 -0.56
04031954 23 -0.57
05031954 23 -0.58
06031954 23 -0.58
07031954 23 -0.57
08031954 23 -0.54
09031954 23 -0.51
10031954 23 -0.48
11031954 23 -0.45
12031954 23 -0.43
13031954 23 -0.42
14031954 23 -0.42
15031954 23 -0.43
16031954 23 -0.45
17031954 23 -0.46
18031954 23 -0.48
19031954 23 -0.49
20031954 23 -0.49
21031954 23 -0.49
22031954 23 -0.49
23031954 23 -0.47
24031954 23 -0.46
25031954 23 -0.45
26031954 23 -0.44
27031954 23 -0.44
28031954 23 -0.45
29031954 23 -0.47
30031954 23 -0.50
31031954 23 -0.52
01041954 23 -0.55
02041954 23 -0.56
03041954 23 -0.57
04041954 23 -0.57
05041954 23 -0.56
06041954 23 -0.55
07041954 23 -0.52
08041954 23 -0.48
09041954 23 -0.45
10041954 23 -0.42
11041954 23 -0.41
12041954 23 -0.40
13041954 23 -0.41
14041954 23 -0.43
15041954 23 -0.44
16041954 23 -0.46
17041954 23 -0.48
18041954 23 -0.50
19041954 23 -0.50
20041954 23 -0.51
21041954 23 -0.50
22041954 23 -0.49
23041954 23 -0.48
24041954 23 -0.46
25041954 23 -0.46
26041954 23 -0.46
27041954 23 -0.47
28041954 23 -0.49
29041954 23 -0.51
30041954 23 -0.53
01051954 23 -0.55
02051954 23 -0.56
03051954 23 -0.56
04051954 23 -0.56
05051954 23 -0.54
06051954 23 -0.52
07051954 23 -0.49
08051954 23 -0.45
09051954 23 -0.42
10051954 23 -0.40
11051954 23 -0.39
12051954 23 -0.39
13051954 23 -0.41
14051954 23 -0.43
15051954 23 -0.46
16051954 23 -0.48
17051954 23 -0.50
18051954 23 -0.51
19051954 23 -0.52
20051954 23 -0.52
21051954 23 -0.52
22051954 23 -0.51
23051954 23 -0.49
24051954 23 -0.48
25051954 23 -0.47
26051954 23 -0.47
27051954 23 -0.48
28051954 23 -0.49
29051954 23 -0.51
30051954 23 -0.53
31051954 23 -0.54
01061954 23 -0.55
02061954 23 -0.55
03061954 23 -0.54
04061954 23 -0.52
05061954 23 -0.49
06061954 23 -0.45
07061954 23 -0.42
08061954 23 -0.40
09061954 23 -0.39
10061954 23 -0.39
11061954 23 -0.40
12061954 23 -0.42
13061954 23 -0.45
14061954 23 -0.47
15061954 23 -0.50
16061954 23 -0.52
17061954 23 -0.54
18061954 23 -0.55
19061954 23 -0.55
20061954 23 -0.53
21061954 23 -0.52
22061954 23 -0.50
23061954 23 -0.48
24061954 23 -0.47
25061954 23 -0.47
26061954 23 -0.47
27061954 23 -0.48
28061954 23 -0.50
29061954 23 -0.52
30061954 23 -0.53
01071954 23 -0.54
02071954 23 -0.53
03071954 23 -0.52
04071954 23 -0.49
05071954 23 -0.46
06071954 23 -0.43
07071954 23 -0.40
08071954 23 -0.39
09071954 23 -0.39
10071954 23 -0.40
11071954 23 -0.42
12071954 23 -0.44
13071954 23 -0.47
14071954 23 -0.50
15071954 23 -0.53
16071954 23 -0.56
17071954 23 -0.57
18071954 23 -0.57
19071954 23 -0.56
20071954 23 -0.54
21071954 23 -0.52
22071954 23 -0.49
23071954 23 -0.47
24071954 23 -0.45
25071954 23 -0.45
26071954 23 -0.46
27071954 23 -0.48
28071954 23 -0.49
29071954 23 -0.51
30071954 23 -0.52
31071954 23 -0.52
01081954 23 -0.51
02081954 23 -0.49
03081954 23 -0.46
04081954 23 -0.44
05081954 23 -0.42
06081954 23 -0.40
07081954 23 -0.40
08081954 23 -0.40
09081954 23 -0.42
10081954 23 -0.44
11081954 23 -0.47
12081954 23 -0.51
13081954 23 -0.54
14081954 23 -0.57
15081954 23 -0.58
16081954 23 -0.59
17081954 23 -0.58
18081954 23 -0.55
19081954 23 -0.53
20081954 23 -0.49
21081954 23 -0.46
22081954 23 -0.44
23081954 23 -0.43
24081954 23 -0.44
25081954 23 -0.45
26081954 23 -0.47
27081954 23 -0.49
28081954 23 -0.50
29081954 23 -0.51
30081954 23 -0.51
31081954 23 -0.50
01091954 23 -0.48
02091954 23 -0.46
03091954 23 -0.44
04091954 23 -0.42
05091954 23 -0.41
06091954 23 -0.41
07091954 23 -0.42
08091954 23 -0.44
09091954 23 -0.47
10091954 23 -0.51
11091954 23 -0.54
12091954 23 -0.57
13091954 23 -0.59
14091954 23 -0.59
15091954 23 -0.58
16091954 23 -0.56
17091954 23 -0.53
18091954 23 -0.49
19091954 23 -0.45
20091954 23 -0.43
21091954 23 -0.41
22091954 23 -0.41
23091954 23 -0.43
24091954 23 -0.45
25091954 23 -0.47
26091954 23 -0.49
27091954 23 -0.50
28091954 23 -0.50
29091954 23 -0.50
30091954 23 -0.49
01101954 23 -0.47
02101954 23 -0.46
03101954 23 -0.44
04101954 23 -0.43
05101954 23 -0.43
06101954 23 -0.43
07101954 23 -0.45
08101954 23 -0.47
09101954 23 -0.50
10101954 23 -0.54
11101954 23 -0.57
12101954 23 -0.59
13101954 23 -0.59
14101954 23 -0.58
15101954 23 -0.56
16101954 23 -0.53
17101954 23 -0.49
18101954 23 -0.45
19101954 23 -0.42
20101954 23 -0.40
21101954 23 -0.40
22101954 23 -0.41
23101954 23 -0.43
24101954 23 -0.45
25101954 23 -0.47
26101954 23 -0.49
27101954 23 -0.50
28101954 23 -0.51
29101954 23 -0.51
30101954 23 -0.50
31101954 23 -0.48
01111954 23 -0.47
02111954 23 -0.46
03111954 23 -0.45
04111954 23 -0.44
05111954 23 -0.45
06111954 23 -0.47
07111954 23 -0.50
08111954 23 -0.53
09111954 23 -0.56
10111954 23 -0.58
11111954 23 -0.59
12111954 23 -0.58
13111954 23 -0.55
14111954 23 -0.52
15111954 23 -0.48
16111954 23 -0.44
17111954 23 -0.41
18111954 23 -0.39
19111954 23 -0.39
20111954 23 -0.39
21111954 23 -0.41
22111954 23 -0.43
23111954 23 -0.46
24111954 23 -0.49
25111954 23 -0.51
26111954 23 -0.52
27111954 23 -0.52
28111954 23 -0.52
29111954 23 -0.51
30111954 23 -0.50
01121954 23 -0.48
02121954 23 -0.46
03121954 23 -0.45
04121954 23 -0.45
05121954 23 -0.47
06121954 23 -0.49
07121954 23 -0.52
08121954 23 -0.55
09121954 23 -0.57
10121954 23 -0.57
11121954 23 -0.56
12121954 23 -0.54
13121954 23 -0.51
14121954 23 -0.48
15121954 23 -0.44
16121954 23 -0.41
17121954 23 -0.39
18121954 23 -0.38
19121954 23 -0.38
20121954 23 -0.40
21121954 23 -0.42
22121954 23 -0.45
23121954 23 -0.48
24121954 23 -0.51
25121954 23 -0.53
26121954 23 -0.54
27121954 23 -0.54
28121954 23 -0.53
29121954 23 -0.52
30121954 23 -0.50
31121954 23 -0.48
