01012018 23 -0.58
02012018 23 -0.58
03012018 23 -0.57
04012018 23 -0.55
05012018 23 -0.53
06012018 23 -0.49
07012018 23 -0.45
08012018 23 -0.42
09012018 23 -0.40
10012018 23 -0.39
11012018 23 -0.39
12012018 23 -0.41
13012018 23 -0.43
14012018 23 -0.45
15012018 23 -0.48
16012018 23 -0.50
17012018 23 -0.51
18012018 23 -0.52
19012018 23 -0.52
20012018 23 -0.51
21012018 23 -0.50
22012018 23 -0.48
23012018 23 -0.47
24012018 23 -0.46
25012018 23 -0.46
26012018 23 -0.47
27012018 23 -0.49
28012018 23 -0.52
29012018 23 -0.54
30012018 23 -0.56
31012018 23 -0.56
01022018 23 -0.56
02022018 23 -0.54
03022018 23 -0.52
04022018 23 -0.49
05022018 23 -0.46
06022018 23 -0.42
07022018 23 -0.40
08022018 23 -0.38
09022018 23 -0.38
10022018 23 -0.40
11022018 23 -0.42
12022018 23 -0.45
13022018 23 -0.48
14022018 23 -0.50
15022018 23 -0.52
16022018 23 -0.53
17022018 23 -0.54
18022018 23 -0.53
19022018 23 -0.52
20022018 23 -0.51
21022018 23 -0.49
22022018 23 -0.47
23022018 23 -0.47
24022018 23 -0.47
25022018 23 -0.48
26022018 23 -0.50
27022018 23 -0.52
28022018 23 -0.53
01032018 23 -0.54
02032018 23 -0.54
03032018 23 -0.53
04032018 23 -0.51
05032018 23 -0.49
06032018 23 -0.46
07032018 23 -0.43
08032018 23 -0.40
09032018 23 -0.39
10032018 23 -0.38
11032018 23 -0.39
12032018 23 -0.41
13032018 23 -0.44
14032018 23 -0.47
15032018 23 -0.50
16032018 23 -0.52
17032018 23 -0.54
18032018 23 -0.55
19032018 23 -0.55
20032018 23 -0.55
21032018 23 -0.53
22032018 23 -0.51
23032018 23 -0.49
24032018 23 -0.47
25032018 23 -0.47
26032018 23 -0.47
27032018 23 -0.48
28032018 23 -0.49
29032018 23 -0.51
30032018 23 -0.51
31032018 23 -0.52
01042018 23 -0.52
02042018 23 -0.51
03042018 23 -0.49
04042018 23 -0.47
05042018 23 -0.44
06042018 23 -0.42
07042018 23 -0.40
08042018 23 -0.39
09042018 23 -0.40
10042018 23 -0.41
11042018 23 -0.44
12042018 23 -0.47
13042018 23 -0.50
14042018 23 -0.53
15042018 23 -0.55
16042018 23 -0.56
17042018 23 -0.57
18042018 23 -0.57
19042018 23 -0.55
20042018 23 -0.53
21042018 23 -0.50
22042018 23 -0.48
23042018 23 -0.46
24042018 23 -0.45
25042018 23 -0.46
26042018 23 -0.46
27042018 23 -0.48
28042018 23 -0.49
29042018 23 -0.50
30042018 23 -0.50
01052018 23 -0.50
02052018 23 -0.49
03052018 23 -0.48
04052018 23 -0.46
05052018 23 -0.43
06052018 23 -0.42
07052018 23 -0.41
08052018 23 -0.41
09052018 23 -0.42
10052018 23 -0.44
11052018 23 -0.47
12052018 23 -0.50
13052018 23 -0.53
14052018 23 -0.55
15052018 23 -0.57
16052018 23 -0.58
17052018 23 -0.58
18052018 23 -0.56
19052018 23 -0.54
20052018 23 -0.51
21052018 23 -0.48
22052018 23 -0.46
23052018 23 -0.44
24052018 23 -0.43
25052018 23 -0.44
26052018 23 -0.45
27052018 23 -0.46
28052018 23 -0.48
29052018 23 -0.49
30052018 23 -0.50
31052018 23 -0.50
01062018 23 -0.49
02062018 23 -0.47
03062018 23 -0.46
04062018 23 -0.44
05062018 23 -0.43
06062018 23 -0.43
07062018 23 -0.44
08062018 23 -0.45
09062018 23 -0.47
10062018 23 -0.49
11062018 23 -0.52
12062018 23 -0.55
13062018 23 -0.57
14062018 23 -0.58
15062018 23 -0.58
16062018 23 -0.57
17062018 23 -0.55
18062018 23 -0.52
19062018 23 -0.48
20062018 23 -0.45
21062018 23 -0.42
22062018 23 -0.41
23062018 23 -0.41
24062018 23 -0.42
25062018 23 -0.44
26062018 23 -0.46
27062018 23 -0.48
28062018 23 -0.49
29062018 23 -0.50
30062018 23 -0.50
01072018 23 -0.49
02072018 23 -0.48
03072018 23 -0.47
04072018 23 -0.46
05072018 23 -0.45
06072018 23 -0.45
07072018 23 -0.45
08072018 23 -0.47
09072018 23 -0.48
10072018 23 -0.51
11072018 23 -0.54
12072018 23 -0.56
13072018 23 -0.58
14072018 23 -0.58
15072018 23 -0.57
16072018 23 -0.55
17072018 23 -0.52
18072018 23 -0.48
19072018 23 -0.44
20072018 23 -0.41
21072018 23 -0.40
22072018 23 -0.39
23072018 23 -0.40
24072018 23 -0.42
25072018 23 -0.44
26072018 23 -0.46
27072018 23 -0.49
28072018 23 -0.50
29072018 23 -0.52
30072018 23 -0.52
31072018 23 -0.51
01082018 23 -0.50
02082018 23 -0.49
03082018 23 -0.47
04082018 23 -0.46
05082018 23 -0.46
06082018 23 -0.46
07082018 23 -0.47
08082018 23 -0.50
09082018 23 -0.52
10082018 23 -0.55
11082018 23 -0.57
12082018 23 -0.57
13082018 23 -0.57
14082018 23 -0.55
15082018 23 -0.52
16082018 23 -0.48
17082018 23 -0.44
18082018 23 -0.41
19082018 23 -0.39
20082018 23 -0.38
21082018 23 -0.39
22082018 23 -0.41
23082018 23 -0.43
24082018 23 -0.46
25082018 23 -0.49
26082018 23 -0.51
27082018 23 -0.53
28082018 23 -0.54
29082018 23 -0.54
30082018 23 -0.53
31082018 23 -0.51
01092018 23 -0.50
02092018 23 -0.48
03092018 23 -0.46
04092018 23 -0.46
05092018 23 -0.46
06092018 23 -0.48
07092018 23 -0.51
08092018 23 -0.53
09092018 23 -0.55
10092018 23 -0.56
11092018 23 -0.56
12092018 23 -0.54
13092018 23 -0.51
14092018 23 -0.47
15092018 23 -0.44
16092018 23 -0.41
17092018 23 -0.39
18092018 23 -0.38
19092018 23 -0.39
20092018 23 -0.40
21092018 23 -0.42
22092018 23 -0.45
23092018 23 -0.49
24092018 23 -0.52
25092018 23 -0.54
26092018 23 -0.56
27092018 23 -0.56
28092018 23 -0.55
29092018 23 -0.54
30092018 23 -0.51
01102018 23 -0.49
02102018 23 -0.47
03102018 23 -0.45
04102018 23 -0.45
05102018 23 -0.46
06102018 23 -0.49
07102018 23 -0.51
08102018 23 -0.53
09102018 23 -0.54
10102018 23 -0.54
11102018 23 -0.53
12102018 23 -0.50
13102018 23 -0.47
14102018 23 -0.44
15102018 23 -0.42
16102018 23 -0.40
17102018 23 -0.39
18102018 23 -0.39
19102018 23 -0.40
20102018 23 -0.42
21102018 23 -0.45
22102018 23 -0.49
23102018 23 -0.53
24102018 23 -0.55
25102018 23 -0.57
26102018 23 -0.58
27102018 23 -0.57
28102018 23 -0.55
29102018 23 -0.53
30102018 23 -0.50
31102018 23 -0.47
01112018 23 -0.45
02112018 23 -0.44
03112018 23 -0.45
04112018 23 -0.47
05112018 23 -0.49
06112018 23 -0.51
07112018 23 -0.52
08112018 23 -0.52
09112018 23 -0.51
10112018 23 -0.50
11112018 23 -0.48
12112018 23 -0.45
13112018 23 -0.43
14112018 23 -0.41
15112018 23 -0.40
16112018 23 -0.40
17112018 23 -0.40
18112018 23 -0.42
19112018 23 -0.45
20112018 23 -0.49
21112018 23 -0.53
22112018 23 -0.56
23112018 23 -0.58
24112018 23 -0.59
25112018 23 -0.58
26112018 23 -0.56
27112018 23 -0.54
28112018 23 -0.50
29112018 23 -0.47
30112018 23 -0.44
01122018 23 -0.43
02122018 23 -0.43
03122018 23 -0.45
04122018 23 -0.46
05122018 23 -0.48
06122018 23 -0.50
07122018 23 -0.50
08122018 23 -0.50
09122018 23 -0.50
10122018 23 -0.48
11122018 23 -0.47
12122018 23 -0.45
13122018 23 -0.43
14122018 23 -0.42
15122018 23 -0.41
16122018 23 -0.41
17122018 23 -0.43
18122018 23 -0.46
19122018 23 -0.50
20122018 23 -0.53
21122018 23 -0.56
22122018 23 -0.58
23122018 23 -0.59
24122018 23 -0.58
25122018 23 -0.57
26122018 23 -0.54
27122018 23 -0.50
28122018 23 -0.47
29122018 23 -0.44
30122018 23 -0.42
31122018 23 -0.42
