01012001 23 -0.44
02012001 23 -0.43
03012001 23 -0.43
04012001 23 -0.45
05012001 23 -0.47
06012001 23 -0.51
07012001 23 -0.54
08012001 23 -0.57
09012001 23 -0.58
10012001 23 -0.59
11012001 23 -0.58
12012001 23 -0.56
13012001 23 -0.53
14012001 23 -0.49
15012001 23 -0.46
16012001 23 -0.43
17012001 23 -0.41
18012001 23 -0.40
19012001 23 -0.41
20012001 23 -0.42
21012001 23 -0.44
22012001 23 -0.46
23012001 23 -0.48
24012001 23 -0.50
25012001 23 -0.50
26012001 23 -0.50
27012001 23 -0.50
28012001 23 -0.49
29012001 23 -0.47
30012001 23 -0.46
31012001 23 -0.45
01022001 23 -0.45
02022001 23 -0.46
03022001 23 -0.48
04022001 23 -0.50
05022001 23 -0.53
06022001 23 -0.56
07022001 23 -0.57
08022001 23 -0.57
09022001 23 -0.57
10022001 23 -0.55
11022001 23 -0.52
12022001 23 -0.49
13022001 23 -0.46
14022001 23 -0.43
15022001 23 -0.40
16022001 23 -0.39
17022001 23 -0.39
18022001 23 -0.41
19022001 23 -0.43
20022001 23 -0.45
21022001 23 -0.48
22022001 23 -0.50
23022001 23 -0.51
24022001 23 -0.52
25022001 23 -0.52
26022001 23 -0.51
27022001 23 -0.50
28022001 23 -0.49
01032001 23 -0.47
02032001 23 -0.46
03032001 23 -0.46
04032001 23 -0.48
05032001 23 -0.49
06032001 23 -0.52
07032001 23 -0.54
08032001 23 -0.55
09032001 23 -0.55
10032001 23 -0.55
11032001 23 -0.54
12032001 23 -0.52
13032001 23 -0.49
14032001 23 -0.46
15032001 23 -0.43
16032001 23 -0.40
17032001 23 -0.39
18032001 23 -0.38
19032001 23 -0.40
20032001 23 -0.42
21032001 23 -0.44
22032001 23 -0.47
23032001 23 -0.49
24032001 23 -0.51
25032001 23 -0.53
26032001 23 -0.54
27032001 23 -0.54
28032001 23 -0.53
29032001 23 -0.51
30032001 23 -0.50
31032001 23 -0.48
01042001 23 -0.47
02042001 23 -0.47
03042001 23 -0.48
04042001 23 -0.50
05042001 23 -0.51
06042001 23 -0.52
07042001 23 -0.53
08042001 23 -0.53
09042001 23 -0.53
10042001 23 -0.52
11042001 23 -0.50
12042001 23 -0.47
13042001 23 -0.44
14042001 23 -0.41
15042001 23 -0.39
16042001 23 -0.39
17042001 23 -0.39
18042001 23 -0.41
19042001 23 -0.44
20042001 23 -0.47
21042001 23 -0.49
22042001 23 -0.52
23042001 23 -0.54
24042001 23 -0.55
25042001 23 -0.56
26042001 23 -0.55
27042001 23 -0.54
28042001 23 -0.52
29042001 23 -0.50
30042001 23 -0.48
01052001 23 -0.47
02052001 23 -0.47
03052001 23 -0.47
04052001 23 -0.48
05052001 23 -0.49
06052001 23 -0.51
07052001 23 -0.51
08052001 23 -0.52
09052001 23 -0.51
10052001 23 -0.50
11052001 23 -0.47
12052001 23 -0.45
13052001 23 -0.42
14052001 23 -0.40
15052001 23 -0.40
16052001 23 -0.40
17052001 23 -0.42
18052001 23 -0.44
19052001 23 -0.46
20052001 23 -0.49
21052001 23 -0.52
22052001 23 -0.55
23052001 23 -0.57
24052001 23 -0.57
25052001 23 -0.57
26052001 23 -0.56
27052001 23 -0.53
28052001 23 -0.51
29052001 23 -0.48
30052001 23 -0.46
31052001 23 -0.45
01062001 23 -0.45
02062001 23 -0.45
03062001 23 -0.47
04062001 23 -0.48
05062001 23 -0.49
06062001 23 -0.50
07062001 23 -0.50
08062001 23 -0.50
09062001 23 -0.48
10062001 23 -0.46
11062001 23 -0.44
12062001 23 -0.42
13062001 23 -0.41
14062001 23 -0.42
15062001 23 -0.42
16062001 23 -0.44
17062001 23 -0.46
18062001 23 -0.49
19062001 23 -0.52
20062001 23 -0.55
21062001 23 -0.57
22062001 23 -0.58
23062001 23 -0.58
24062001 23 -0.57
25062001 23 -0.55
26062001 23 -0.52
27062001 23 -0.48
28062001 23 -0.45
29062001 23 -0.43
30062001 23 -0.42
01072001 23 -0.43
02072001 23 -0.44
03072001 23 -0.46
04072001 23 -0.47
05072001 23 -0.49
06072001 23 -0.50
07072001 23 -0.50
08072001 23 -0.49
09072001 23 -0.48
10072001 23 -0.46
11072001 23 -0.45
12072001 23 -0.44
13072001 23 -0.43
14072001 23 -0.44
15072001 23 -0.44
16072001 23 -0.46
17072001 23 -0.48
18072001 23 -0.51
19072001 23 -0.54
20072001 23 -0.57
21072001 23 -0.58
22072001 23 -0.59
23072001 23 -0.58
24072001 23 -0.55
25072001 23 -0.52
26072001 23 -0.48
27072001 23 -0.44
28072001 23 -0.42
29072001 23 -0.40
30072001 23 -0.41
31072001 23 -0.42
01082001 23 -0.43
02082001 23 -0.45
03082001 23 -0.47
04082001 23 -0.49
05082001 23 -0.50
06082001 23 -0.51
07082001 23 -0.50
08082001 23 -0.49
09082001 23 -0.48
10082001 23 -0.46
11082001 23 -0.45
12082001 23 -0.45
13082001 23 -0.45
14082001 23 -0.46
15082001 23 -0.48
16082001 23 -0.51
17082001 23 -0.54
18082001 23 -0.56
19082001 23 -0.58
20082001 23 -0.59
21082001 23 -0.58
22082001 23 -0.55
23082001 23 -0.52
24082001 23 -0.48
25082001 23 -0.44
26082001 23 -0.41
27082001 23 -0.39
28082001 23 -0.39
29082001 23 -0.40
30082001 23 -0.42
31082001 23 -0.44
01092001 23 -0.47
02092001 23 -0.49
03092001 23 -0.51
04092001 23 -0.52
05092001 23 -0.52
06092001 23 -0.52
07092001 23 -0.50
08092001 23 -0.49
09092001 23 -0.48
10092001 23 -0.46
11092001 23 -0.46
12092001 23 -0.46
13092001 23 -0.47
14092001 23 -0.50
15092001 23 -0.53
16092001 23 -0.55
17092001 23 -0.57
18092001 23 -0.58
19092001 23 -0.57
20092001 23 -0.55
21092001 23 -0.51
22092001 23 -0.47
23092001 23 -0.43
24092001 23 -0.41
25092001 23 -0.39
26092001 23 -0.38
27092001 23 -0.39
28092001 23 -0.41
29092001 23 -0.43
30092001 23 -0.46
01102001 23 -0.49
02102001 23 -0.52
03102001 23 -0.53
04102001 23 -0.54
05102001 23 -0.54
06102001 23 -0.53
07102001 23 -0.52
08102001 23 -0.50
09102001 23 -0.48
10102001 23 -0.46
11102001 23 -0.45
12102001 23 -0.46
13102001 23 -0.48
14102001 23 -0.51
15102001 23 -0.53
16102001 23 -0.55
17102001 23 -0.56
18102001 23 -0.55
19102001 23 -0.53
20102001 23 -0.50
21102001 23 -0.47
22102001 23 -0.44
23102001 23 -0.41
24102001 23 -0.39
25102001 23 -0.38
26102001 23 -0.38
27102001 23 -0.40
28102001 23 -0.42
29102001 23 -0.46
30102001 23 -0.49
31102001 23 -0.52
01112001 23 -0.55
02112001 23 -0.56
03112001 23 -0.56
04112001 23 -0.55
05112001 23 -0.54
06112001 23 -0.51
07112001 23 -0.49
08112001 23 -0.46
09112001 23 -0.45
10112001 23 -0.45
11112001 23 -0.47
12112001 23 -0.49
13112001 23 -0.51
14112001 23 -0.53
15112001 23 -0.54
16112001 23 -0.53
17112001 23 -0.52
18112001 23 -0.50
19112001 23 -0.47
20112001 23 -0.44
21112001 23 -0.42
22112001 23 -0.40
23112001 23 -0.39
24112001 23 -0.39
25112001 23 -0.40
26112001 23 -0.42
27112001 23 -0.46
28112001 23 -0.49
29112001 23 -0.53
30112001 23 -0.56
01122001 23 -0.57
02122001 23 -0.58
03122001 23 -0.57
04122001 23 -0.55
05122001 23 -0.53
06122001 23 -0.49
07122001 23 -0.47
08122001 23 -0.45
09122001 23 -0.44
10122001 23 -0.45
11122001 23 -0.47
12122001 23 -0.49
13122001 23 -0.51
14122001 23 -0.51
15122001 23 -0.52
16122001 23 -0.51
17122001 23 -0.50
18122001 23 -0.48
19122001 23 -0.45
20122001 23 -0.43
21122001 23 -0.41
22122001 23 -0.40
23122001 23 -0.40
24122001 23 -0.40
25122001 23 -0.43
26122001 23 -0.46
27122001 23 -0.50
28122001 23 -0.53
29122001 23 -0.56
30122001 23 -0.58
31122001 23 -0.58
