01011922 23 -0.48
02011922 23 -0.46
03011922 23 -0.44
04011922 23 -0.43
05011922 23 -0.41
06011922 23 -0.41
07011922 23 -0.42
08011922 23 -0.44
09011922 23 -0.47
10011922 23 -0.51
11011922 23 -0.54
12011922 23 -0.57
13011922 23 -0.58
14011922 23 -0.59
15011922 23 -0.58
16011922 23 -0.56
17011922 23 -0.53
18011922 23 -0.49
19011922 23 -0.46
20011922 23 -0.43
21011922 23 -0.42
22011922 23 -0.42
23011922 23 -0.42
24011922 23 -0.44
25011922 23 -0.46
26011922 23 -0.48
27011922 23 -0.49
28011922 23 -0.50
29011922 23 -0.50
30011922 23 -0.49
31011922 23 -0.48
01021922 23 -0.47
02021922 23 -0.45
03021922 23 -0.44
04021922 23 -0.43
05021922 23 -0.44
06021922 23 -0.45
07021922 23 -0.48
08021922 23 -0.51
09021922 23 -0.54
10021922 23 -0.56
11021922 23 -0.58
12021922 23 -0.58
13021922 23 -0.57
14021922 23 -0.56
15021922 23 -0.53
16021922 23 -0.50
17021922 23 -0.46
18021922 23 -0.43
19021922 23 -0.41
20021922 23 -0.40
21021922 23 -0.41
22021922 23 -0.42
23021922 23 -0.44
24021922 23 -0.46
25021922 23 -0.48
26021922 23 -0.49
27021922 23 -0.50
28021922 23 -0.50
01031922 23 -0.50
02031922 23 -0.49
03031922 23 -0.48
04031922 23 -0.47
05031922 23 -0.46
06031922 23 -0.45
07031922 23 -0.46
08031922 23 -0.48
09031922 23 -0.50
10031922 23 -0.53
11031922 23 -0.55
12031922 23 -0.56
13031922 23 -0.57
14031922 23 -0.56
15031922 23 -0.55
16031922 23 -0.53
17031922 23 -0.50
18031922 23 -0.47
19031922 23 -0.43
20031922 23 -0.41
21031922 23 -0.39
22031922 23 -0.39
23031922 23 -0.40
24031922 23 -0.42
25031922 23 -0.45
26031922 23 -0.47
27031922 23 -0.49
28031922 23 -0.51
29031922 23 -0.52
30031922 23 -0.52
31031922 23 -0.52
01041922 23 -0.51
02041922 23 -0.49
03041922 23 -0.48
04041922 23 -0.47
05041922 23 -0.47
06041922 23 -0.48
07041922 23 -0.49
08041922 23 -0.51
09041922 23 -0.53
10041922 23 -0.54
11041922 23 -0.55
12041922 23 -0.55
13041922 23 -0.54
14041922 23 -0.53
15041922 23 -0.50
16041922 23 -0.47
17041922 23 -0.43
18041922 23 -0.41
19041922 23 -0.39
20041922 23 -0.38
21041922 23 -0.39
22041922 23 -0.41
23041922 23 -0.44
24041922 23 -0.46
25041922 23 -0.49
26041922 23 -0.51
27041922 23 -0.53
28041922 23 -0.54
29041922 23 -0.54
30041922 23 -0.54
01051922 23 -0.52
02051922 23 -0.50
03051922 23 -0.49
04051922 23 -0.48
05051922 23 -0.47
06051922 23 -0.48
07051922 23 -0.49
08051922 23 -0.50
09051922 23 -0.51
10051922 23 -0.53
11051922 23 -0.53
12051922 23 -0.53
13051922 23 -0.52
14051922 23 -0.50
15051922 23 -0.47
16051922 23 -0.44
17051922 23 -0.41
18051922 23 -0.39
19051922 23 -0.39
20051922 23 -0.39
21051922 23 -0.41
22051922 23 -0.43
23051922 23 -0.46
24051922 23 -0.49
25051922 23 -0.52
26051922 23 -0.54
27051922 23 -0.56
28051922 23 -0.56
29051922 23 -0.56
30051922 23 -0.54
31051922 23 -0.53
01061922 23 -0.50
02061922 23 -0.48
03061922 23 -0.47
04061922 23 -0.46
05061922 23 -0.46
06061922 23 -0.47
07061922 23 -0.49
08061922 23 -0.50
09061922 23 -0.51
10061922 23 -0.52
11061922 23 -0.51
12061922 23 -0.50
13061922 23 -0.48
14061922 23 -0.45
15061922 23 -0.43
16061922 23 -0.41
17061922 23 -0.40
18061922 23 -0.40
19061922 23 -0.41
20061922 23 -0.43
21061922 23 -0.46
22061922 23 -0.49
23061922 23 -0.52
24061922 23 -0.54
25061922 23 -0.57
26061922 23 -0.58
27061922 23 -0.58
28061922 23 -0.56
29061922 23 -0.54
30061922 23 -0.52
01071922 23 -0.49
02071922 23 -0.46
03071922 23 -0.44
04071922 23 -0.44
05071922 23 -0.45
06071922 23 -0.46
07071922 23 -0.48
08071922 23 -0.49
09071922 23 -0.50
10071922 23 -0.51
11071922 23 -0.50
12071922 23 -0.49
13071922 23 -0.47
14071922 23 -0.45
15071922 23 -0.43
16071922 23 -0.42
17071922 23 -0.42
18071922 23 -0.42
19071922 23 -0.43
20071922 23 -0.45
21071922 23 -0.48
22071922 23 -0.51
23071922 23 -0.55
24071922 23 -0.57
25071922 23 -0.59
26071922 23 -0.59
27071922 23 -0.58
28071922 23 -0.55
29071922 23 -0.52
30071922 23 -0.48
31071922 23 -0.45
01081922 23 -0.43
02081922 23 -0.42
03081922 23 -0.42
04081922 23 -0.43
05081922 23 -0.45
06081922 23 -0.47
07081922 23 -0.49
08081922 23 -0.50
09081922 23 -0.50
10081922 23 -0.50
11081922 23 -0.49
12081922 23 -0.47
13081922 23 -0.45
14081922 23 -0.44
15081922 23 -0.43
16081922 23 -0.43
17081922 23 -0.44
18081922 23 -0.45
19081922 23 -0.48
20081922 23 -0.51
21081922 23 -0.54
22081922 23 -0.57
23081922 23 -0.59
24081922 23 -0.59
25081922 23 -0.58
26081922 23 -0.56
27081922 23 -0.52
28081922 23 -0.48
29081922 23 -0.44
30081922 23 -0.42
31081922 23 -0.40
01091922 23 -0.40
02091922 23 -0.41
03091922 23 -0.43
04091922 23 -0.45
05091922 23 -0.48
06091922 23 -0.49
07091922 23 -0.51
08091922 23 -0.51
09091922 23 -0.50
10091922 23 -0.49
11091922 23 -0.48
12091922 23 -0.47
13091922 23 -0.45
14091922 23 -0.45
15091922 23 -0.45
16091922 23 -0.46
17091922 23 -0.48
18091922 23 -0.51
19091922 23 -0.54
20091922 23 -0.57
21091922 23 -0.58
22091922 23 -0.59
23091922 23 -0.58
24091922 23 -0.55
25091922 23 -0.52
26091922 23 -0.48
27091922 23 -0.44
28091922 23 -0.41
29091922 23 -0.39
30091922 23 -0.39
01101922 23 -0.40
02101922 23 -0.42
03101922 23 -0.44
04101922 23 -0.47
05101922 23 -0.49
06101922 23 -0.51
07101922 23 -0.52
08101922 23 -0.52
09101922 23 -0.52
10101922 23 -0.51
11101922 23 -0.49
12101922 23 -0.48
13101922 23 -0.46
14101922 23 -0.45
15101922 23 -0.45
16101922 23 -0.47
17101922 23 -0.49
18101922 23 -0.53
19101922 23 -0.55
20101922 23 -0.57
21101922 23 -0.57
22101922 23 -0.57
23101922 23 -0.54
24101922 23 -0.51
25101922 23 -0.47
26101922 23 -0.43
27101922 23 -0.41
28101922 23 -0.39
29101922 23 -0.38
30101922 23 -0.39
31101922 23 -0.40
01111922 23 -0.43
02111922 23 -0.46
03111922 23 -0.49
04111922 23 -0.52
05111922 23 -0.53
06111922 23 -0.54
07111922 23 -0.54
08111922 23 -0.53
09111922 23 -0.52
10111922 23 -0.50
11111922 23 -0.48
12111922 23 -0.46
13111922 23 -0.45
14111922 23 -0.46
15111922 23 -0.48
16111922 23 -0.51
17111922 23 -0.54
18111922 23 -0.55
19111922 23 -0.56
20111922 23 -0.55
21111922 23 -0.53
22111922 23 -0.50
23111922 23 -0.47
24111922 23 -0.44
25111922 23 -0.41
26111922 23 -0.39
27111922 23 -0.38
28111922 23 -0.38
29111922 23 -0.40
30111922 23 -0.42
01121922 23 -0.46
02121922 23 -0.49
03121922 23 -0.52
04121922 23 -0.55
05121922 23 -0.56
06121922 23 -0.56
07121922 23 -0.55
08121922 23 -0.54
09121922 23 -0.51
10121922 23 -0.49
11121922 23 -0.46
12121922 23 -0.45
13121922 23 -0.45
14121922 23 -0.47
15121922 23 -0.49
16121922 23 -0.51
17121922 23 -0.53
18121922 23 -0.53
19121922 23 -0.53
20121922 23 -0.52
21121922 23 -0.50
22121922 23 -0.47
23121922 23 -0.45
24121922 23 -0.42
25121922 23 -0.40
26121922 23 -0.39
27121922 23 -0.39
28121922 23 -0.40
29121922 23 -0.42
30121922 23 -0.46
31121922 23 -0.50
