01011925 23 -0.43
02011925 23 -0.40
03011925 23 -0.39
04011925 23 -0.39
05011925 23 -0.40
06011925 23 -0.43
07011925 23 -0.45
08011925 23 -0.48
09011925 23 -0.50
10011925 23 -0.51
11011925 23 -0.52
12011925 23 -0.52
13011925 23 -0.51
14011925 23 -0.50
15011925 23 -0.48
16011925 23 -0.47
17011925 23 -0.46
18011925 23 -0.46
19011925 23 -0.47
20011925 23 -0.49
21011925 23 -0.52
22011925 23 -0.54
23011925 23 -0.56
24011925 23 -0.57
25011925 23 -0.56
26011925 23 -0.55
27011925 23 -0.52
28011925 23 -0.49
29011925 23 -0.46
30011925 23 -0.43
31011925 23 -0.40
01021925 23 -0.39
02021925 23 -0.38
03021925 23 -0.39
04021925 23 -0.42
05021925 23 -0.44
06021925 23 -0.47
07021925 23 -0.50
08021925 23 -0.52
09021925 23 -0.53
10021925 23 -0.53
11021925 23 -0.53
12021925 23 -0.52
13021925 23 -0.51
14021925 23 -0.49
15021925 23 -0.47
16021925 23 -0.47
17021925 23 -0.47
18021925 23 -0.48
19021925 23 -0.50
20021925 23 -0.52
21021925 23 -0.54
22021925 23 -0.54
23021925 23 -0.54
24021925 23 -0.53
25021925 23 -0.52
26021925 23 -0.49
27021925 23 -0.46
28021925 23 -0.43
01031925 23 -0.41
02031925 23 -0.39
03031925 23 -0.38
04031925 23 -0.39
05031925 23 -0.41
06031925 23 -0.44
07031925 23 -0.47
08031925 23 -0.50
09031925 23 -0.52
10031925 23 -0.54
11031925 23 -0.55
12031925 23 -0.55
13031925 23 -0.55
14031925 23 -0.53
15031925 23 -0.51
16031925 23 -0.49
17031925 23 -0.47
18031925 23 -0.47
19031925 23 -0.47
20031925 23 -0.48
21031925 23 -0.50
22031925 23 -0.51
23031925 23 -0.52
24031925 23 -0.52
25031925 23 -0.52
26031925 23 -0.51
27031925 23 -0.49
28031925 23 -0.47
29031925 23 -0.44
30031925 23 -0.42
31031925 23 -0.40
01041925 23 -0.39
02041925 23 -0.40
03041925 23 -0.41
04041925 23 -0.44
05041925 23 -0.47
06041925 23 -0.50
07041925 23 -0.52
08041925 23 -0.55
09041925 23 -0.56
10041925 23 -0.57
11041925 23 -0.56
12041925 23 -0.55
13041925 23 -0.53
14041925 23 -0.50
15041925 23 -0.48
16041925 23 -0.46
17041925 23 -0.46
18041925 23 -0.46
19041925 23 -0.47
20041925 23 -0.48
21041925 23 -0.49
22041925 23 -0.50
23041925 23 -0.50
24041925 23 -0.50
25041925 23 -0.49
26041925 23 -0.48
27041925 23 -0.46
28041925 23 -0.43
29041925 23 -0.41
30041925 23 -0.41
01051925 23 -0.41
02051925 23 -0.42
03051925 23 -0.44
04051925 23 -0.47
05051925 23 -0.50
06051925 23 -0.52
07051925 23 -0.55
08051925 23 -0.57
09051925 23 -0.58
10051925 23 -0.58
11051925 23 -0.56
12051925 23 -0.54
13051925 23 -0.51
14051925 23 -0.48
15051925 23 -0.46
16051925 23 -0.44
17051925 23 -0.43
18051925 23 -0.44
19051925 23 -0.45
20051925 23 -0.46
21051925 23 -0.48
22051925 23 -0.49
23051925 23 -0.50
24051925 23 -0.50
25051925 23 -0.49
26051925 23 -0.47
27051925 23 -0.45
28051925 23 -0.44
29051925 23 -0.43
30051925 23 -0.43
31051925 23 -0.43
01061925 23 -0.45
02061925 23 -0.47
03061925 23 -0.49
04061925 23 -0.52
05061925 23 -0.54
06061925 23 -0.57
07061925 23 -0.58
08061925 23 -0.58
09061925 23 -0.57
10061925 23 -0.55
11061925 23 -0.52
12061925 23 -0.49
13061925 23 -0.45
14061925 23 -0.43
15061925 23 -0.41
16061925 23 -0.41
17061925 23 -0.42
18061925 23 -0.44
19061925 23 -0.46
20061925 23 -0.47
21061925 23 -0.49
22061925 23 -0.50
23061925 23 -0.50
24061925 23 -0.49
25061925 23 -0.48
26061925 23 -0.47
27061925 23 -0.46
28061925 23 -0.45
29061925 23 -0.45
30061925 23 -0.45
01071925 23 -0.47
02071925 23 -0.48
03071925 23 -0.51
04071925 23 -0.54
05071925 23 -0.56
06071925 23 -0.58
07071925 23 -0.58
08071925 23 -0.58
09071925 23 -0.56
10071925 23 -0.52
11071925 23 -0.48
12071925 23 -0.45
13071925 23 -0.42
14071925 23 -0.40
15071925 23 -0.40
16071925 23 -0.40
17071925 23 -0.42
18071925 23 -0.44
19071925 23 -0.46
20071925 23 -0.48
21071925 23 -0.50
22071925 23 -0.51
23071925 23 -0.52
24071925 23 -0.51
25071925 23 -0.50
26071925 23 -0.49
27071925 23 -0.47
28071925 23 -0.46
29071925 23 -0.46
30071925 23 -0.46
31071925 23 -0.47
01081925 23 -0.50
02081925 23 -0.52
03081925 23 -0.55
04081925 23 -0.57
05081925 23 -0.58
06081925 23 -0.57
07081925 23 -0.55
08081925 23 -0.52
09081925 23 -0.48
10081925 23 -0.44
11081925 23 -0.41
12081925 23 -0.39
13081925 23 -0.39
14081925 23 -0.39
15081925 23 -0.41
16081925 23 -0.43
17081925 23 -0.45
18081925 23 -0.48
19081925 23 -0.51
20081925 23 -0.53
21081925 23 -0.54
22081925 23 -0.54
23081925 23 -0.53
24081925 23 -0.51
25081925 23 -0.50
26081925 23 -0.48
27081925 23 -0.47
28081925 23 -0.46
29081925 23 -0.46
30081925 23 -0.48
31081925 23 -0.51
01091925 23 -0.53
02091925 23 -0.55
03091925 23 -0.56
04091925 23 -0.56
05091925 23 -0.54
06091925 23 -0.51
07091925 23 -0.48
08091925 23 -0.44
09091925 23 -0.41
10091925 23 -0.39
11091925 23 -0.38
12091925 23 -0.39
13091925 23 -0.40
14091925 23 -0.42
15091925 23 -0.45
16091925 23 -0.48
17091925 23 -0.52
18091925 23 -0.54
19091925 23 -0.55
20091925 23 -0.56
21091925 23 -0.55
22091925 23 -0.54
23091925 23 -0.52
24091925 23 -0.49
25091925 23 -0.47
26091925 23 -0.46
27091925 23 -0.45
28091925 23 -0.46
29091925 23 -0.49
30091925 23 -0.51
01101925 23 -0.53
02101925 23 -0.54
03101925 23 -0.54
04101925 23 -0.53
05101925 23 -0.51
06101925 23 -0.48
07101925 23 -0.45
08101925 23 -0.42
09101925 23 -0.40
10101925 23 -0.39
11101925 23 -0.39
12101925 23 -0.40
13101925 23 -0.42
14101925 23 -0.45
15101925 23 -0.49
16101925 23 -0.52
17101925 23 -0.55
18101925 23 -0.57
19101925 23 -0.57
20101925 23 -0.57
21101925 23 -0.55
22101925 23 -0.53
23101925 23 -0.50
24101925 23 -0.47
25101925 23 -0.45
26101925 23 -0.44
27101925 23 -0.45
28101925 23 -0.47
29101925 23 -0.49
30101925 23 -0.51
31101925 23 -0.52
01111925 23 -0.52
02111925 23 -0.52
03111925 23 -0.50
04111925 23 -0.48
05111925 23 -0.45
06111925 23 -0.43
07111925 23 -0.41
08111925 23 -0.40
09111925 23 -0.40
10111925 23 -0.40
11111925 23 -0.42
12111925 23 -0.45
13111925 23 -0.49
14111925 23 -0.53
15111925 23 -0.56
16111925 23 -0.58
17111925 23 -0.59
18111925 23 -0.58
19111925 23 -0.57
20111925 23 -0.54
21111925 23 -0.51
22111925 23 -0.47
23111925 23 -0.45
24111925 23 -0.43
25111925 23 -0.43
26111925 23 -0.44
27111925 23 -0.46
28111925 23 -0.48
29111925 23 -0.50
30111925 23 -0.50
01121925 23 -0.51
02121925 23 -0.50
03121925 23 -0.49
04121925 23 -0.47
05121925 23 -0.45
06121925 23 -0.43
07121925 23 -0.42
08121925 23 -0.41
09121925 23 -0.41
10121925 23 -0.43
11121925 23 -0.45
12121925 23 -0.49
13121925 23 -0.53
14121925 23 -0.56
15121925 23 -0.58
16121925 23 -0.59
17121925 23 -0.59
18121925 23 -0.57
19121925 23 -0.54
20121925 23 -0.51
21121925 23 -0.47
22121925 23 -0.44
23121925 23 -0.42
24121925 23 -0.42
25121925 23 -0.42
26121925 23 -0.44
27121925 23 -0.46
28121925 23 -0.48
29121925 23 -0.49
30121925 23 -0.50
31121925 23 -0.50
