01011935 23 -0.49
02011935 23 -0.52
03011935 23 -0.56
04011935 23 -0.58
05011935 23 -0.59
06011935 23 -0.59
07011935 23 -0.57
08011935 23 -0.55
09011935 23 -0.52
10011935 23 -0.48
11011935 23 -0.45
12011935 23 -0.42
13011935 23 -0.41
14011935 23 -0.41
15011935 23 -0.43
16011935 23 -0.44
17011935 23 -0.46
18011935 23 -0.48
19011935 23 -0.49
20011935 23 -0.50
21011935 23 -0.50
22011935 23 -0.49
23011935 23 -0.48
24011935 23 -0.46
25011935 23 -0.45
26011935 23 -0.44
27011935 23 -0.43
28011935 23 -0.44
29011935 23 -0.46
30011935 23 -0.49
31011935 23 -0.52
01021935 23 -0.55
02021935 23 -0.57
03021935 23 -0.58
04021935 23 -0.58
05021935 23 -0.57
06021935 23 -0.55
07021935 23 -0.52
08021935 23 -0.48
09021935 23 -0.45
10021935 23 -0.42
11021935 23 -0.40
12021935 23 -0.40
13021935 23 -0.41
14021935 23 -0.42
15021935 23 -0.45
16021935 23 -0.47
17021935 23 -0.48
18021935 23 -0.50
19021935 23 -0.50
20021935 23 -0.50
21021935 23 -0.50
22021935 23 -0.49
23021935 23 -0.48
24021935 23 -0.46
25021935 23 -0.46
26021935 23 -0.46
27021935 23 -0.47
28021935 23 -0.49
01031935 23 -0.51
02031935 23 -0.54
03031935 23 -0.55
04031935 23 -0.56
05031935 23 -0.57
06031935 23 -0.56
07031935 23 -0.54
08031935 23 -0.52
09031935 23 -0.48
10031935 23 -0.45
11031935 23 -0.42
12031935 23 -0.40
13031935 23 -0.39
14031935 23 -0.39
15031935 23 -0.41
16031935 23 -0.43
17031935 23 -0.46
18031935 23 -0.48
19031935 23 -0.50
20031935 23 -0.51
21031935 23 -0.52
22031935 23 -0.52
23031935 23 -0.52
24031935 23 -0.51
25031935 23 -0.49
26031935 23 -0.48
27031935 23 -0.47
28031935 23 -0.47
29031935 23 -0.48
30031935 23 -0.50
31031935 23 -0.52
01041935 23 -0.53
02041935 23 -0.54
03041935 23 -0.55
04041935 23 -0.54
05041935 23 -0.53
06041935 23 -0.51
07041935 23 -0.49
08041935 23 -0.45
09041935 23 -0.42
10041935 23 -0.40
11041935 23 -0.38
12041935 23 -0.39
13041935 23 -0.40
14041935 23 -0.42
15041935 23 -0.45
16041935 23 -0.48
17041935 23 -0.50
18041935 23 -0.52
19041935 23 -0.54
20041935 23 -0.54
21041935 23 -0.54
22041935 23 -0.53
23041935 23 -0.52
24041935 23 -0.50
25041935 23 -0.48
26041935 23 -0.47
27041935 23 -0.47
28041935 23 -0.48
29041935 23 -0.49
30041935 23 -0.51
01051935 23 -0.52
02051935 23 -0.53
03051935 23 -0.53
04051935 23 -0.53
05051935 23 -0.51
06051935 23 -0.49
07051935 23 -0.46
08051935 23 -0.43
09051935 23 -0.40
10051935 23 -0.39
11051935 23 -0.39
12051935 23 -0.40
13051935 23 -0.42
14051935 23 -0.45
15051935 23 -0.47
16051935 23 -0.50
17051935 23 -0.53
18051935 23 -0.55
19051935 23 -0.56
20051935 23 -0.56
21051935 23 -0.55
22051935 23 -0.54
23051935 23 -0.52
24051935 23 -0.49
25051935 23 -0.48
26051935 23 -0.46
27051935 23 -0.46
28051935 23 -0.47
29051935 23 -0.48
30051935 23 -0.49
31051935 23 -0.50
01061935 23 -0.51
02061935 23 -0.51
03061935 23 -0.51
04061935 23 -0.49
05061935 23 -0.47
06061935 23 -0.44
07061935 23 -0.42
08061935 23 -0.40
09061935 23 -0.40
10061935 23 -0.41
11061935 23 -0.42
12061935 23 -0.44
13061935 23 -0.47
14061935 23 -0.50
15061935 23 -0.53
16061935 23 -0.55
17061935 23 -0.57
18061935 23 -0.58
19061935 23 -0.57
20061935 23 -0.56
21061935 23 -0.53
22061935 23 -0.50
23061935 23 -0.47
24061935 23 -0.45
25061935 23 -0.44
26061935 23 -0.44
27061935 23 -0.45
28061935 23 -0.46
29061935 23 -0.48
30061935 23 -0.49
01071935 23 -0.50
02071935 23 -0.50
03071935 23 -0.50
04071935 23 -0.48
05071935 23 -0.46
06071935 23 -0.44
07071935 23 -0.43
08071935 23 -0.42
09071935 23 -0.42
10071935 23 -0.43
11071935 23 -0.44
12071935 23 -0.47
13071935 23 -0.50
14071935 23 -0.53
15071935 23 -0.56
16071935 23 -0.58
17071935 23 -0.59
18071935 23 -0.59
19071935 23 -0.57
20071935 23 -0.54
21071935 23 -0.51
22071935 23 -0.47
23071935 23 -0.44
24071935 23 -0.42
25071935 23 -0.42
26071935 23 -0.42
27071935 23 -0.44
28071935 23 -0.46
29071935 23 -0.47
30071935 23 -0.49
31071935 23 -0.50
01081935 23 -0.50
02081935 23 -0.49
03081935 23 -0.48
04081935 23 -0.47
05081935 23 -0.45
06081935 23 -0.44
07081935 23 -0.44
08081935 23 -0.44
09081935 23 -0.45
10081935 23 -0.46
11081935 23 -0.49
12081935 23 -0.52
13081935 23 -0.55
14081935 23 -0.58
15081935 23 -0.59
16081935 23 -0.59
17081935 23 -0.57
18081935 23 -0.54
19081935 23 -0.51
20081935 23 -0.47
21081935 23 -0.43
22081935 23 -0.41
23081935 23 -0.40
24081935 23 -0.40
25081935 23 -0.42
26081935 23 -0.44
27081935 23 -0.46
28081935 23 -0.48
29081935 23 -0.50
30081935 23 -0.51
31081935 23 -0.51
01091935 23 -0.50
02091935 23 -0.49
03091935 23 -0.48
04091935 23 -0.47
05091935 23 -0.45
06091935 23 -0.45
07091935 23 -0.45
08091935 23 -0.46
09091935 23 -0.49
10091935 23 -0.52
11091935 23 -0.55
12091935 23 -0.57
13091935 23 -0.58
14091935 23 -0.58
15091935 23 -0.57
16091935 23 -0.54
17091935 23 -0.50
18091935 23 -0.46
19091935 23 -0.42
20091935 23 -0.40
21091935 23 -0.39
22091935 23 -0.39
23091935 23 -0.40
24091935 23 -0.42
25091935 23 -0.45
26091935 23 -0.47
27091935 23 -0.50
28091935 23 -0.52
29091935 23 -0.53
30091935 23 -0.53
01101935 23 -0.52
02101935 23 -0.51
03101935 23 -0.49
04101935 23 -0.47
05101935 23 -0.46
06101935 23 -0.45
07101935 23 -0.46
08101935 23 -0.48
09101935 23 -0.50
10101935 23 -0.53
11101935 23 -0.56
12101935 23 -0.57
13101935 23 -0.57
14101935 23 -0.56
15101935 23 -0.53
16101935 23 -0.49
17101935 23 -0.46
18101935 23 -0.42
19101935 23 -0.40
20101935 23 -0.38
21101935 23 -0.38
22101935 23 -0.39
23101935 23 -0.41
24101935 23 -0.44
25101935 23 -0.47
26101935 23 -0.50
27101935 23 -0.53
28101935 23 -0.54
29101935 23 -0.55
30101935 23 -0.54
31101935 23 -0.53
01111935 23 -0.51
02111935 23 -0.49
03111935 23 -0.47
04111935 23 -0.46
05111935 23 -0.45
06111935 23 -0.47
07111935 23 -0.49
08111935 23 -0.52
09111935 23 -0.54
10111935 23 -0.55
11111935 23 -0.55
12111935 23 -0.54
13111935 23 -0.52
14111935 23 -0.49
15111935 23 -0.46
16111935 23 -0.43
17111935 23 -0.40
18111935 23 -0.39
19111935 23 -0.38
20111935 23 -0.39
21111935 23 -0.41
22111935 23 -0.43
23111935 23 -0.47
24111935 23 -0.51
25111935 23 -0.53
26111935 23 -0.55
27111935 23 -0.56
28111935 23 -0.56
29111935 23 -0.55
30111935 23 -0.53
01121935 23 -0.51
02121935 23 -0.48
03121935 23 -0.46
04121935 23 -0.45
05121935 23 -0.45
06121935 23 -0.47
07121935 23 -0.50
08121935 23 -0.52
09121935 23 -0.53
10121935 23 -0.53
11121935 23 -0.52
12121935 23 -0.51
13121935 23 -0.49
14121935 23 -0.46
15121935 23 -0.44
16121935 23 -0.41
17121935 23 -0.39
18121935 23 -0.39
19121935 23 -0.39
20121935 23 -0.41
21121935 23 -0.44
22121935 23 -0.47
23121935 23 -0.51
24121935 23 -0.54
25121935 23 -0.56
26121935 23 -0.57
27121935 23 -0.58
28121935 23 -0.56
29121935 23 -0.54
30121935 23 -0.52
31121935 23 -0.49
