01011969 23 -0.46
02011969 23 -0.49
03011969 23 -0.51
04011969 23 -0.52
05011969 23 -0.52
06011969 23 -0.52
07011969 23 -0.51
08011969 23 -0.50
09011969 23 -0.48
10011969 23 -0.46
11011969 23 -0.46
12011969 23 -0.46
13011969 23 -0.47
14011969 23 -0.50
15011969 23 -0.53
16011969 23 -0.55
17011969 23 -0.56
18011969 23 -0.56
19011969 23 -0.55
20011969 23 -0.54
21011969 23 -0.51
22011969 23 -0.48
23011969 23 -0.44
24011969 23 -0.41
25011969 23 -0.39
26011969 23 -0.38
27011969 23 -0.38
28011969 23 -0.40
29011969 23 -0.43
30011969 23 -0.46
31011969 23 -0.49
01021969 23 -0.51
02021969 23 -0.53
03021969 23 -0.54
04021969 23 -0.54
05021969 23 -0.53
06021969 23 -0.52
07021969 23 -0.50
08021969 23 -0.48
09021969 23 -0.47
10021969 23 -0.46
11021969 23 -0.47
12021969 23 -0.49
13021969 23 -0.51
14021969 23 -0.53
15021969 23 -0.54
16021969 23 -0.54
17021969 23 -0.54
18021969 23 -0.52
19021969 23 -0.51
20021969 23 -0.48
21021969 23 -0.45
22021969 23 -0.42
23021969 23 -0.40
24021969 23 -0.38
25021969 23 -0.38
26021969 23 -0.40
27021969 23 -0.42
28021969 23 -0.45
01031969 23 -0.48
02031969 23 -0.51
03031969 23 -0.53
04031969 23 -0.55
05031969 23 -0.56
06031969 23 -0.55
07031969 23 -0.54
08031969 23 -0.52
09031969 23 -0.50
10031969 23 -0.48
11031969 23 -0.47
12031969 23 -0.46
13031969 23 -0.47
14031969 23 -0.48
15031969 23 -0.50
16031969 23 -0.51
17031969 23 -0.52
18031969 23 -0.52
19031969 23 -0.51
20031969 23 -0.50
21031969 23 -0.48
22031969 23 -0.46
23031969 23 -0.43
24031969 23 -0.41
25031969 23 -0.39
26031969 23 -0.39
27031969 23 -0.40
28031969 23 -0.42
29031969 23 -0.45
30031969 23 -0.48
31031969 23 -0.51
01041969 23 -0.54
02041969 23 -0.56
03041969 23 -0.57
04041969 23 -0.57
05041969 23 -0.56
06041969 23 -0.54
07041969 23 -0.52
08041969 23 -0.49
09041969 23 -0.47
10041969 23 -0.46
11041969 23 -0.45
12041969 23 -0.46
13041969 23 -0.47
14041969 23 -0.48
15041969 23 -0.49
16041969 23 -0.50
17041969 23 -0.50
18041969 23 -0.50
19041969 23 -0.49
20041969 23 -0.47
21041969 23 -0.45
22041969 23 -0.43
23041969 23 -0.41
24041969 23 -0.41
25041969 23 -0.41
26041969 23 -0.43
27041969 23 -0.45
28041969 23 -0.48
29041969 23 -0.51
30041969 23 -0.54
01051969 23 -0.56
02051969 23 -0.57
03051969 23 -0.58
04051969 23 -0.57
05051969 23 -0.56
06051969 23 -0.53
07051969 23 -0.50
08051969 23 -0.47
09051969 23 -0.45
10051969 23 -0.43
11051969 23 -0.43
12051969 23 -0.44
13051969 23 -0.45
14051969 23 -0.47
15051969 23 -0.48
16051969 23 -0.49
17051969 23 -0.50
18051969 23 -0.49
19051969 23 -0.48
20051969 23 -0.47
21051969 23 -0.45
22051969 23 -0.44
23051969 23 -0.43
24051969 23 -0.43
25051969 23 -0.44
26051969 23 -0.46
27051969 23 -0.48
28051969 23 -0.50
29051969 23 -0.53
30051969 23 -0.55
31051969 23 -0.57
01061969 23 -0.58
02061969 23 -0.58
03061969 23 -0.56
04061969 23 -0.54
05061969 23 -0.50
06061969 23 -0.47
07061969 23 -0.44
08061969 23 -0.42
09061969 23 -0.41
10061969 23 -0.41
11061969 23 -0.43
12061969 23 -0.45
13061969 23 -0.46
14061969 23 -0.48
15061969 23 -0.49
16061969 23 -0.50
17061969 23 -0.50
18061969 23 -0.49
19061969 23 -0.48
20061969 23 -0.47
21061969 23 -0.46
22061969 23 -0.45
23061969 23 -0.45
24061969 23 -0.46
25061969 23 -0.47
26061969 23 -0.49
27061969 23 -0.52
28061969 23 -0.54
29061969 23 -0.56
30061969 23 -0.58
01071969 23 -0.58
02071969 23 -0.57
03071969 23 -0.54
04071969 23 -0.51
05071969 23 -0.47
06071969 23 -0.43
07071969 23 -0.41
08071969 23 -0.40
09071969 23 -0.40
10071969 23 -0.41
11071969 23 -0.43
12071969 23 -0.45
13071969 23 -0.47
14071969 23 -0.49
15071969 23 -0.51
16071969 23 -0.52
17071969 23 -0.52
18071969 23 -0.51
19071969 23 -0.50
20071969 23 -0.48
21071969 23 -0.47
22071969 23 -0.46
23071969 23 -0.46
24071969 23 -0.47
25071969 23 -0.48
26071969 23 -0.50
27071969 23 -0.53
28071969 23 -0.55
29071969 23 -0.57
30071969 23 -0.57
31071969 23 -0.56
01081969 23 -0.54
02081969 23 -0.50
03081969 23 -0.46
04081969 23 -0.43
05081969 23 -0.40
06081969 23 -0.39
07081969 23 -0.39
08081969 23 -0.40
09081969 23 -0.41
10081969 23 -0.44
11081969 23 -0.46
12081969 23 -0.49
13081969 23 -0.52
14081969 23 -0.53
15081969 23 -0.54
16081969 23 -0.54
17081969 23 -0.53
18081969 23 -0.51
19081969 23 -0.49
20081969 23 -0.48
21081969 23 -0.46
22081969 23 -0.46
23081969 23 -0.47
24081969 23 -0.49
25081969 23 -0.51
26081969 23 -0.54
27081969 23 -0.55
28081969 23 -0.56
29081969 23 -0.55
30081969 23 -0.53
31081969 23 -0.50
01091969 23 -0.46
02091969 23 -0.43
03091969 23 -0.40
04091969 23 -0.39
05091969 23 -0.38
06091969 23 -0.39
07091969 23 -0.41
08091969 23 -0.43
09091969 23 -0.46
10091969 23 -0.50
11091969 23 -0.53
12091969 23 -0.55
13091969 23 -0.56
14091969 23 -0.56
15091969 23 -0.55
16091969 23 -0.53
17091969 23 -0.51
18091969 23 -0.48
19091969 23 -0.46
20091969 23 -0.45
21091969 23 -0.45
22091969 23 -0.47
23091969 23 -0.49
24091969 23 -0.52
25091969 23 -0.53
26091969 23 -0.54
27091969 23 -0.54
28091969 23 -0.52
29091969 23 -0.50
30091969 23 -0.47
01101969 23 -0.43
02101969 23 -0.41
03101969 23 -0.39
04101969 23 -0.39
05101969 23 -0.39
06101969 23 -0.41
07101969 23 -0.43
08101969 23 -0.46
09101969 23 -0.50
10101969 23 -0.53
11101969 23 -0.56
12101969 23 -0.57
13101969 23 -0.58
14101969 23 -0.57
15101969 23 -0.55
16101969 23 -0.52
17101969 23 -0.49
18101969 23 -0.46
19101969 23 -0.44
20101969 23 -0.44
21101969 23 -0.45
22101969 23 -0.47
23101969 23 -0.49
24101969 23 -0.51
25101969 23 -0.52
26101969 23 -0.52
27101969 23 -0.51
28101969 23 -0.49
29101969 23 -0.47
30101969 23 -0.45
31101969 23 -0.42
01111969 23 -0.41
02111969 23 -0.40
03111969 23 -0.40
04111969 23 -0.41
05111969 23 -0.43
06111969 23 -0.46
07111969 23 -0.50
08111969 23 -0.54
09111969 23 -0.57
10111969 23 -0.58
11111969 23 -0.59
12111969 23 -0.58
13111969 23 -0.56
14111969 23 -0.53
15111969 23 -0.49
16111969 23 -0.46
17111969 23 -0.44
18111969 23 -0.43
19111969 23 -0.43
20111969 23 -0.45
21111969 23 -0.47
22111969 23 -0.49
23111969 23 -0.50
24111969 23 -0.50
25111969 23 -0.50
26111969 23 -0.50
27111969 23 -0.48
28111969 23 -0.46
29111969 23 -0.44
30111969 23 -0.43
01121969 23 -0.42
02121969 23 -0.41
03121969 23 -0.42
04121969 23 -0.44
05121969 23 -0.47
06121969 23 -0.51
07121969 23 -0.54
08121969 23 -0.57
09121969 23 -0.59
10121969 23 -0.59
11121969 23 -0.58
12121969 23 -0.56
13121969 23 -0.53
14121969 23 -0.49
15121969 23 -0.46
16121969 23 -0.43
17121969 23 -0.42
18121969 23 -0.41
19121969 23 -0.43
20121969 23 -0.44
21121969 23 -0.46
22121969 23 -0.48
23121969 23 -0.49
24121969 23 -0.50
25121969 23 -0.50
26121969 23 -0.49
27121969 23 -0.48
28121969 23 -0.46
29121969 23 -0.45
30121969 23 -0.44
31121969 23 -0.43
