01011933 23 -0.45
02011933 23 -0.42
03011933 23 -0.40
04011933 23 -0.38
05011933 23 -0.38
06011933 23 -0.39
07011933 23 -0.41
08011933 23 -0.45
09011933 23 -0.48
10011933 23 -0.51
11011933 23 -0.53
12011933 23 -0.54
13011933 23 -0.55
14011933 23 -0.54
15011933 23 -0.53
16011933 23 -0.51
17011933 23 -0.49
18011933 23 -0.47
19011933 23 -0.46
20011933 23 -0.46
21011933 23 -0.48
22011933 23 -0.50
23011933 23 -0.52
24011933 23 -0.53
25011933 23 -0.54
26011933 23 -0.54
27011933 23 -0.53
28011933 23 -0.51
29011933 23 -0.49
30011933 23 -0.46
31011933 23 -0.43
01021933 23 -0.40
02021933 23 -0.39
03021933 23 -0.38
04021933 23 -0.39
05021933 23 -0.41
06021933 23 -0.44
07021933 23 -0.48
08021933 23 -0.51
09021933 23 -0.53
10021933 23 -0.55
11021933 23 -0.56
12021933 23 -0.56
13021933 23 -0.55
14021933 23 -0.53
15021933 23 -0.51
16021933 23 -0.48
17021933 23 -0.47
18021933 23 -0.46
19021933 23 -0.46
20021933 23 -0.48
21021933 23 -0.49
22021933 23 -0.50
23021933 23 -0.51
24021933 23 -0.52
25021933 23 -0.51
26021933 23 -0.50
27021933 23 -0.49
28021933 23 -0.46
01031933 23 -0.44
02031933 23 -0.42
03031933 23 -0.40
04031933 23 -0.39
05031933 23 -0.40
06031933 23 -0.42
07031933 23 -0.44
08031933 23 -0.48
09031933 23 -0.51
10031933 23 -0.54
11031933 23 -0.56
12031933 23 -0.57
13031933 23 -0.57
14031933 23 -0.57
15031933 23 -0.55
16031933 23 -0.52
17031933 23 -0.49
18031933 23 -0.47
19031933 23 -0.45
20031933 23 -0.45
21031933 23 -0.45
22031933 23 -0.46
23031933 23 -0.47
24031933 23 -0.49
25031933 23 -0.49
26031933 23 -0.50
27031933 23 -0.50
28031933 23 -0.49
29031933 23 -0.47
30031933 23 -0.46
31031933 23 -0.43
01041933 23 -0.42
02041933 23 -0.41
03041933 23 -0.41
04041933 23 -0.43
05041933 23 -0.45
06041933 23 -0.48
07041933 23 -0.51
08041933 23 -0.54
09041933 23 -0.56
10041933 23 -0.57
11041933 23 -0.58
12041933 23 -0.57
13041933 23 -0.56
14041933 23 -0.53
15041933 23 -0.50
16041933 23 -0.47
17041933 23 -0.45
18041933 23 -0.43
19041933 23 -0.43
20041933 23 -0.43
21041933 23 -0.45
22041933 23 -0.46
23041933 23 -0.47
24041933 23 -0.49
25041933 23 -0.49
26041933 23 -0.49
27041933 23 -0.49
28041933 23 -0.47
29041933 23 -0.46
30041933 23 -0.44
01051933 23 -0.43
02051933 23 -0.43
03051933 23 -0.44
04051933 23 -0.45
05051933 23 -0.48
06051933 23 -0.50
07051933 23 -0.53
08051933 23 -0.55
09051933 23 -0.57
10051933 23 -0.58
11051933 23 -0.58
12051933 23 -0.56
13051933 23 -0.54
14051933 23 -0.51
15051933 23 -0.48
16051933 23 -0.44
17051933 23 -0.42
18051933 23 -0.41
19051933 23 -0.41
20051933 23 -0.42
21051933 23 -0.44
22051933 23 -0.46
23051933 23 -0.47
24051933 23 -0.49
25051933 23 -0.50
26051933 23 -0.50
27051933 23 -0.50
28051933 23 -0.49
29051933 23 -0.47
30051933 23 -0.46
31051933 23 -0.46
01061933 23 -0.46
02061933 23 -0.46
03061933 23 -0.48
04061933 23 -0.49
05061933 23 -0.52
06061933 23 -0.54
07061933 23 -0.56
08061933 23 -0.57
09061933 23 -0.57
10061933 23 -0.57
11061933 23 -0.54
12061933 23 -0.51
13061933 23 -0.48
14061933 23 -0.44
15061933 23 -0.41
16061933 23 -0.40
17061933 23 -0.39
18061933 23 -0.40
19061933 23 -0.42
20061933 23 -0.44
21061933 23 -0.46
22061933 23 -0.48
23061933 23 -0.50
24061933 23 -0.52
25061933 23 -0.52
26061933 23 -0.51
27061933 23 -0.50
28061933 23 -0.49
29061933 23 -0.48
30061933 23 -0.47
01071933 23 -0.47
02071933 23 -0.47
03071933 23 -0.48
04071933 23 -0.50
05071933 23 -0.52
06071933 23 -0.54
07071933 23 -0.56
08071933 23 -0.56
09071933 23 -0.56
10071933 23 -0.54
11071933 23 -0.51
12071933 23 -0.47
13071933 23 -0.44
14071933 23 -0.41
15071933 23 -0.39
16071933 23 -0.39
17071933 23 -0.39
18071933 23 -0.41
19071933 23 -0.43
20071933 23 -0.46
21071933 23 -0.48
22071933 23 -0.51
23071933 23 -0.53
24071933 23 -0.54
25071933 23 -0.54
26071933 23 -0.53
27071933 23 -0.52
28071933 23 -0.50
29071933 23 -0.49
30071933 23 -0.47
31071933 23 -0.46
01081933 23 -0.47
02081933 23 -0.48
03081933 23 -0.50
04081933 23 -0.52
05081933 23 -0.54
06081933 23 -0.55
07081933 23 -0.55
08081933 23 -0.54
09081933 23 -0.51
10081933 23 -0.47
11081933 23 -0.44
12081933 23 -0.41
13081933 23 -0.39
14081933 23 -0.39
15081933 23 -0.39
16081933 23 -0.40
17081933 23 -0.42
18081933 23 -0.45
19081933 23 -0.49
20081933 23 -0.52
21081933 23 -0.54
22081933 23 -0.56
23081933 23 -0.56
24081933 23 -0.56
25081933 23 -0.54
26081933 23 -0.52
27081933 23 -0.50
28081933 23 -0.47
29081933 23 -0.46
30081933 23 -0.45
31081933 23 -0.46
01091933 23 -0.48
02091933 23 -0.50
03091933 23 -0.52
04091933 23 -0.53
05091933 23 -0.53
06091933 23 -0.53
07091933 23 -0.50
08091933 23 -0.48
09091933 23 -0.45
10091933 23 -0.42
11091933 23 -0.40
12091933 23 -0.39
13091933 23 -0.39
14091933 23 -0.40
15091933 23 -0.42
16091933 23 -0.45
17091933 23 -0.49
18091933 23 -0.52
19091933 23 -0.55
20091933 23 -0.57
21091933 23 -0.58
22091933 23 -0.58
23091933 23 -0.56
24091933 23 -0.53
25091933 23 -0.50
26091933 23 -0.47
27091933 23 -0.45
28091933 23 -0.44
29091933 23 -0.44
30091933 23 -0.46
01101933 23 -0.48
02101933 23 -0.50
03101933 23 -0.51
04101933 23 -0.52
05101933 23 -0.51
06101933 23 -0.50
07101933 23 -0.48
08101933 23 -0.46
09101933 23 -0.43
10101933 23 -0.42
11101933 23 -0.41
12101933 23 -0.40
13101933 23 -0.41
14101933 23 -0.43
15101933 23 -0.45
16101933 23 -0.49
17101933 23 -0.53
18101933 23 -0.56
19101933 23 -0.58
20101933 23 -0.59
21101933 23 -0.59
22101933 23 -0.57
23101933 23 -0.54
24101933 23 -0.51
25101933 23 -0.47
26101933 23 -0.44
27101933 23 -0.42
28101933 23 -0.42
29101933 23 -0.43
30101933 23 -0.45
31101933 23 -0.47
01111933 23 -0.49
02111933 23 -0.50
03111933 23 -0.50
04111933 23 -0.50
05111933 23 -0.49
06111933 23 -0.47
07111933 23 -0.45
08111933 23 -0.44
09111933 23 -0.43
10111933 23 -0.42
11111933 23 -0.42
12111933 23 -0.43
13111933 23 -0.46
14111933 23 -0.49
15111933 23 -0.53
16111933 23 -0.56
17111933 23 -0.58
18111933 23 -0.59
19111933 23 -0.59
20111933 23 -0.57
21111933 23 -0.54
22111933 23 -0.51
23111933 23 -0.47
24111933 23 -0.43
25111933 23 -0.41
26111933 23 -0.41
27111933 23 -0.41
28111933 23 -0.43
29111933 23 -0.45
30111933 23 -0.47
01121933 23 -0.49
02121933 23 -0.50
03121933 23 -0.50
04121933 23 -0.50
05121933 23 -0.49
06121933 23 -0.48
07121933 23 -0.46
08121933 23 -0.45
09121933 23 -0.44
10121933 23 -0.43
11121933 23 -0.44
12121933 23 -0.46
13121933 23 -0.49
14121933 23 -0.53
15121933 23 -0.56
16121933 23 -0.58
17121933 23 -0.59
18121933 23 -0.58
19121933 23 -0.57
20121933 23 -0.54
21121933 23 -0.50
22121933 23 -0.47
23121933 23 -0.43
24121933 23 -0.41
25121933 23 -0.40
26121933 23 -0.40
27121933 23 -0.41
28121933 23 -0.43
29121933 23 -0.45
30121933 23 -0.48
31121933 23 -0.50
