01012011 23 -0.47
02012011 23 -0.49
03012011 23 -0.50
04012011 23 -0.51
05012011 23 -0.51
06012011 23 -0.50
07012011 23 -0.48
08012011 23 -0.46
09012011 23 -0.44
10012011 23 -0.42
11012011 23 -0.41
12012011 23 -0.40
13012011 23 -0.41
14012011 23 -0.43
15012011 23 -0.46
16012011 23 -0.49
17012011 23 -0.53
18012011 23 -0.56
19012011 23 -0.58
20012011 23 -0.58
21012011 23 -0.58
22012011 23 -0.57
23012011 23 -0.54
24012011 23 -0.51
25012011 23 -0.48
26012011 23 -0.45
27012011 23 -0.43
28012011 23 -0.43
29012011 23 -0.43
30012011 23 -0.45
31012011 23 -0.46
01022011 23 -0.48
02022011 23 -0.49
03022011 23 -0.50
04022011 23 -0.49
05022011 23 -0.49
06022011 23 -0.48
07022011 23 -0.46
08022011 23 -0.44
09022011 23 -0.43
10022011 23 -0.42
11022011 23 -0.42
12022011 23 -0.44
13022011 23 -0.46
14022011 23 -0.49
15022011 23 -0.53
16022011 23 -0.55
17022011 23 -0.57
18022011 23 -0.58
19022011 23 -0.58
20022011 23 -0.57
21022011 23 -0.54
22022011 23 -0.51
23022011 23 -0.48
24022011 23 -0.45
25022011 23 -0.43
26022011 23 -0.41
27022011 23 -0.41
28022011 23 -0.42
01032011 23 -0.44
02032011 23 -0.46
03032011 23 -0.47
04032011 23 -0.49
05032011 23 -0.49
06032011 23 -0.50
07032011 23 -0.49
08032011 23 -0.48
09032011 23 -0.47
10032011 23 -0.46
11032011 23 -0.45
12032011 23 -0.44
13032011 23 -0.45
14032011 23 -0.47
15032011 23 -0.49
16032011 23 -0.52
17032011 23 -0.54
18032011 23 -0.56
19032011 23 -0.57
20032011 23 -0.57
21032011 23 -0.56
22032011 23 -0.55
23032011 23 -0.52
24032011 23 -0.48
25032011 23 -0.45
26032011 23 -0.42
27032011 23 -0.40
28032011 23 -0.40
29032011 23 -0.40
30032011 23 -0.42
31032011 23 -0.44
01042011 23 -0.46
02042011 23 -0.48
03042011 23 -0.50
04042011 23 -0.51
05042011 23 -0.51
06042011 23 -0.51
07042011 23 -0.50
08042011 23 -0.49
09042011 23 -0.47
10042011 23 -0.46
11042011 23 -0.46
12042011 23 -0.47
13042011 23 -0.49
14042011 23 -0.51
15042011 23 -0.53
16042011 23 -0.54
17042011 23 -0.56
18042011 23 -0.56
19042011 23 -0.56
20042011 23 -0.54
21042011 23 -0.52
22042011 23 -0.49
23042011 23 -0.45
24042011 23 -0.42
25042011 23 -0.40
26042011 23 -0.39
27042011 23 -0.39
28042011 23 -0.41
29042011 23 -0.43
30042011 23 -0.45
01052011 23 -0.48
02052011 23 -0.50
03052011 23 -0.52
04052011 23 -0.53
05052011 23 -0.53
06052011 23 -0.53
07052011 23 -0.51
08052011 23 -0.50
09052011 23 -0.49
10052011 23 -0.48
11052011 23 -0.47
12052011 23 -0.48
13052011 23 -0.49
14052011 23 -0.51
15052011 23 -0.52
16052011 23 -0.53
17052011 23 -0.54
18052011 23 -0.54
19052011 23 -0.54
20052011 23 -0.52
21052011 23 -0.49
22052011 23 -0.46
23052011 23 -0.42
24052011 23 -0.40
25052011 23 -0.39
26052011 23 -0.39
27052011 23 -0.40
28052011 23 -0.42
29052011 23 -0.45
30052011 23 -0.47
31052011 23 -0.50
01062011 23 -0.52
02062011 23 -0.54
03062011 23 -0.55
04062011 23 -0.55
05062011 23 -0.54
06062011 23 -0.53
07062011 23 -0.51
08062011 23 -0.49
09062011 23 -0.48
10062011 23 -0.47
11062011 23 -0.47
12062011 23 -0.48
13062011 23 -0.49
14062011 23 -0.51
15062011 23 -0.52
16062011 23 -0.53
17062011 23 -0.53
18062011 23 -0.51
19062011 23 -0.49
20062011 23 -0.46
21062011 23 -0.43
22062011 23 -0.41
23062011 23 -0.40
24062011 23 -0.39
25062011 23 -0.40
26062011 23 -0.42
27062011 23 -0.44
28062011 23 -0.47
29062011 23 -0.50
30062011 23 -0.53
01072011 23 -0.55
02072011 23 -0.57
03072011 23 -0.57
04072011 23 -0.56
05072011 23 -0.55
06072011 23 -0.52
07072011 23 -0.50
08072011 23 -0.47
09072011 23 -0.46
10072011 23 -0.45
11072011 23 -0.45
12072011 23 -0.47
13072011 23 -0.48
14072011 23 -0.50
15072011 23 -0.51
16072011 23 -0.52
17072011 23 -0.51
18072011 23 -0.49
19072011 23 -0.47
20072011 23 -0.45
21072011 23 -0.43
22072011 23 -0.41
23072011 23 -0.41
24072011 23 -0.41
25072011 23 -0.42
26072011 23 -0.44
27072011 23 -0.47
28072011 23 -0.50
29072011 23 -0.53
30072011 23 -0.56
31072011 23 -0.58
01082011 23 -0.59
02082011 23 -0.58
03082011 23 -0.56
04082011 23 -0.53
05082011 23 -0.50
06082011 23 -0.47
07082011 23 -0.44
08082011 23 -0.43
09082011 23 -0.43
10082011 23 -0.44
11082011 23 -0.46
12082011 23 -0.48
13082011 23 -0.49
14082011 23 -0.50
15082011 23 -0.51
16082011 23 -0.50
17082011 23 -0.48
18082011 23 -0.46
19082011 23 -0.45
20082011 23 -0.43
21082011 23 -0.42
22082011 23 -0.42
23082011 23 -0.43
24082011 23 -0.44
25082011 23 -0.47
26082011 23 -0.50
27082011 23 -0.53
28082011 23 -0.56
29082011 23 -0.59
30082011 23 -0.59
31082011 23 -0.59
01092011 23 -0.57
02092011 23 -0.54
03092011 23 -0.50
04092011 23 -0.46
05092011 23 -0.43
06092011 23 -0.41
07092011 23 -0.41
08092011 23 -0.42
09092011 23 -0.44
10092011 23 -0.46
11092011 23 -0.48
12092011 23 -0.49
13092011 23 -0.50
14092011 23 -0.51
15092011 23 -0.50
16092011 23 -0.49
17092011 23 -0.47
18092011 23 -0.46
19092011 23 -0.44
20092011 23 -0.44
21092011 23 -0.44
22092011 23 -0.45
23092011 23 -0.47
24092011 23 -0.50
25092011 23 -0.53
26092011 23 -0.56
27092011 23 -0.58
28092011 23 -0.59
29092011 23 -0.59
30092011 23 -0.57
01102011 23 -0.53
02102011 23 -0.49
03102011 23 -0.45
04102011 23 -0.42
05102011 23 -0.40
06102011 23 -0.39
07102011 23 -0.40
08102011 23 -0.42
09102011 23 -0.44
10102011 23 -0.46
11102011 23 -0.48
12102011 23 -0.50
13102011 23 -0.51
14102011 23 -0.51
15102011 23 -0.51
16102011 23 -0.50
17102011 23 -0.48
18102011 23 -0.47
19102011 23 -0.46
20102011 23 -0.45
21102011 23 -0.45
22102011 23 -0.46
23102011 23 -0.49
24102011 23 -0.52
25102011 23 -0.55
26102011 23 -0.57
27102011 23 -0.58
28102011 23 -0.58
29102011 23 -0.56
30102011 23 -0.53
31102011 23 -0.49
01112011 23 -0.45
02112011 23 -0.42
03112011 23 -0.40
04112011 23 -0.39
05112011 23 -0.39
06112011 23 -0.40
07112011 23 -0.42
08112011 23 -0.45
09112011 23 -0.48
10112011 23 -0.50
11112011 23 -0.52
12112011 23 -0.53
13112011 23 -0.53
14112011 23 -0.52
15112011 23 -0.51
16112011 23 -0.49
17112011 23 -0.47
18112011 23 -0.46
19112011 23 -0.45
20112011 23 -0.46
21112011 23 -0.48
22112011 23 -0.51
23112011 23 -0.54
24112011 23 -0.56
25112011 23 -0.57
26112011 23 -0.56
27112011 23 -0.55
28112011 23 -0.52
29112011 23 -0.49
30112011 23 -0.45
01122011 23 -0.42
02122011 23 -0.40
03122011 23 -0.38
04122011 23 -0.38
05122011 23 -0.39
06122011 23 -0.41
07122011 23 -0.44
08122011 23 -0.48
09122011 23 -0.51
10122011 23 -0.53
11122011 23 -0.54
12122011 23 -0.55
13122011 23 -0.54
14122011 23 -0.53
15122011 23 -0.51
16122011 23 -0.49
17122011 23 -0.47
18122011 23 -0.46
19122011 23 -0.46
20122011 23 -0.47
21122011 23 -0.50
22122011 23 -0.52
23122011 23 -0.54
24122011 23 -0.55
25122011 23 -0.54
26122011 23 -0.53
27122011 23 -0.51
28122011 23 -0.48
29122011 23 -0.45
30122011 23 -0.42
31122011 23 -0.40
