01011904 23 -0.55
02011904 23 -0.58
03011904 23 -0.59
04011904 23 -0.59
05011904 23 -0.57
06011904 23 -0.55
07011904 23 -0.52
08011904 23 -0.48
09011904 23 -0.45
10011904 23 -0.42
11011904 23 -0.41
12011904 23 -0.41
13011904 23 -0.43
14011904 23 -0.44
15011904 23 -0.46
16011904 23 -0.48
17011904 23 -0.49
18011904 23 -0.50
19011904 23 -0.50
20011904 23 -0.49
21011904 23 -0.48
22011904 23 -0.46
23011904 23 -0.45
24011904 23 -0.44
25011904 23 -0.43
26011904 23 -0.44
27011904 23 -0.46
28011904 23 -0.49
29011904 23 -0.52
30011904 23 -0.55
31011904 23 -0.57
01021904 23 -0.58
02021904 23 -0.58
03021904 23 -0.57
04021904 23 -0.55
05021904 23 -0.52
06021904 23 -0.48
07021904 23 -0.45
08021904 23 -0.42
09021904 23 -0.40
10021904 23 -0.40
11021904 23 -0.41
12021904 23 -0.42
13021904 23 -0.44
14021904 23 -0.47
15021904 23 -0.48
16021904 23 -0.50
17021904 23 -0.50
18021904 23 -0.50
19021904 23 -0.50
20021904 23 -0.49
21021904 23 -0.48
22021904 23 -0.46
23021904 23 -0.45
24021904 23 -0.45
25021904 23 -0.46
26021904 23 -0.48
27021904 23 -0.51
28021904 23 -0.54
29021904 23 -0.56
01031904 23 -0.57
02031904 23 -0.57
03031904 23 -0.56
04031904 23 -0.54
05031904 23 -0.52
06031904 23 -0.48
07031904 23 -0.45
08031904 23 -0.42
09031904 23 -0.40
10031904 23 -0.39
11031904 23 -0.39
12031904 23 -0.41
13031904 23 -0.43
14031904 23 -0.46
15031904 23 -0.48
16031904 23 -0.50
17031904 23 -0.51
18031904 23 -0.52
19031904 23 -0.52
20031904 23 -0.52
21031904 23 -0.51
22031904 23 -0.49
23031904 23 -0.48
24031904 23 -0.47
25031904 23 -0.47
26031904 23 -0.48
27031904 23 -0.50
28031904 23 -0.52
29031904 23 -0.53
30031904 23 -0.54
31031904 23 -0.55
01041904 23 -0.55
02041904 23 -0.53
03041904 23 -0.52
04041904 23 -0.49
05041904 23 -0.45
06041904 23 -0.42
07041904 23 -0.40
08041904 23 -0.38
09041904 23 -0.39
10041904 23 -0.40
11041904 23 -0.42
12041904 23 -0.45
13041904 23 -0.47
14041904 23 -0.50
15041904 23 -0.52
16041904 23 -0.54
17041904 23 -0.54
18041904 23 -0.54
19041904 23 -0.53
20041904 23 -0.52
21041904 23 -0.50
22041904 23 -0.48
23041904 23 -0.47
24041904 23 -0.47
25041904 23 -0.48
26041904 23 -0.49
27041904 23 -0.51
28041904 23 -0.52
29041904 23 -0.53
30041904 23 -0.53
01051904 23 -0.53
02051904 23 -0.51
03051904 23 -0.49
04051904 23 -0.46
05051904 23 -0.43
06051904 23 -0.40
07051904 23 -0.39
08051904 23 -0.39
09051904 23 -0.40
10051904 23 -0.42
11051904 23 -0.44
12051904 23 -0.47
13051904 23 -0.50
14051904 23 -0.53
15051904 23 -0.55
16051904 23 -0.56
17051904 23 -0.56
18051904 23 -0.55
19051904 23 -0.54
20051904 23 -0.52
21051904 23 -0.50
22051904 23 -0.48
23051904 23 -0.47
24051904 23 -0.46
25051904 23 -0.47
26051904 23 -0.48
27051904 23 -0.49
28051904 23 -0.50
29051904 23 -0.51
30051904 23 -0.51
31051904 23 -0.51
01061904 23 -0.49
02061904 23 -0.47
03061904 23 -0.44
04061904 23 -0.42
05061904 23 -0.40
06061904 23 -0.40
07061904 23 -0.41
08061904 23 -0.42
09061904 23 -0.44
10061904 23 -0.47
11061904 23 -0.50
12061904 23 -0.53
13061904 23 -0.55
14061904 23 -0.57
15061904 23 -0.58
16061904 23 -0.57
17061904 23 -0.56
18061904 23 -0.53
19061904 23 -0.50
20061904 23 -0.48
21061904 23 -0.45
22061904 23 -0.44
23061904 23 -0.44
24061904 23 -0.45
25061904 23 -0.46
26061904 23 -0.48
27061904 23 -0.49
28061904 23 -0.50
29061904 23 -0.50
30061904 23 -0.50
01071904 23 -0.48
02071904 23 -0.46
03071904 23 -0.44
04071904 23 -0.43
05071904 23 -0.42
06071904 23 -0.42
07071904 23 -0.43
08071904 23 -0.44
09071904 23 -0.47
10071904 23 -0.50
11071904 23 -0.53
12071904 23 -0.56
13071904 23 -0.58
14071904 23 -0.59
15071904 23 -0.59
16071904 23 -0.57
17071904 23 -0.54
18071904 23 -0.51
19071904 23 -0.47
20071904 23 -0.44
21071904 23 -0.42
22071904 23 -0.42
23071904 23 -0.42
24071904 23 -0.44
25071904 23 -0.46
26071904 23 -0.47
27071904 23 -0.49
28071904 23 -0.50
29071904 23 -0.50
30071904 23 -0.49
31071904 23 -0.48
01081904 23 -0.47
02081904 23 -0.45
03081904 23 -0.44
04081904 23 -0.44
05081904 23 -0.44
06081904 23 -0.45
07081904 23 -0.46
08081904 23 -0.49
09081904 23 -0.52
10081904 23 -0.55
11081904 23 -0.58
12081904 23 -0.59
13081904 23 -0.59
14081904 23 -0.57
15081904 23 -0.54
16081904 23 -0.51
17081904 23 -0.47
18081904 23 -0.43
19081904 23 -0.41
20081904 23 -0.40
21081904 23 -0.40
22081904 23 -0.42
23081904 23 -0.44
24081904 23 -0.46
25081904 23 -0.48
26081904 23 -0.50
27081904 23 -0.51
28081904 23 -0.51
29081904 23 -0.50
30081904 23 -0.49
31081904 23 -0.48
01091904 23 -0.47
02091904 23 -0.45
03091904 23 -0.45
04091904 23 -0.45
05091904 23 -0.46
06091904 23 -0.48
07091904 23 -0.51
08091904 23 -0.55
09091904 23 -0.57
10091904 23 -0.58
11091904 23 -0.58
12091904 23 -0.57
13091904 23 -0.54
14091904 23 -0.50
15091904 23 -0.46
16091904 23 -0.43
17091904 23 -0.40
18091904 23 -0.39
19091904 23 -0.39
20091904 23 -0.40
21091904 23 -0.42
22091904 23 -0.45
23091904 23 -0.47
24091904 23 -0.50
25091904 23 -0.52
26091904 23 -0.53
27091904 23 -0.53
28091904 23 -0.52
29091904 23 -0.50
30091904 23 -0.49
01101904 23 -0.47
02101904 23 -0.46
03101904 23 -0.45
04101904 23 -0.46
05101904 23 -0.48
06101904 23 -0.50
07101904 23 -0.53
08101904 23 -0.56
09101904 23 -0.57
10101904 23 -0.57
11101904 23 -0.56
12101904 23 -0.53
13101904 23 -0.50
14101904 23 -0.46
15101904 23 -0.42
16101904 23 -0.40
17101904 23 -0.38
18101904 23 -0.38
19101904 23 -0.39
20101904 23 -0.41
21101904 23 -0.44
22101904 23 -0.47
23101904 23 -0.50
24101904 23 -0.52
25101904 23 -0.54
26101904 23 -0.55
27101904 23 -0.54
28101904 23 -0.53
29101904 23 -0.51
30101904 23 -0.49
31101904 23 -0.47
01111904 23 -0.46
02111904 23 -0.45
03111904 23 -0.46
04111904 23 -0.49
05111904 23 -0.52
06111904 23 -0.54
07111904 23 -0.55
08111904 23 -0.55
09111904 23 -0.54
10111904 23 -0.52
11111904 23 -0.49
12111904 23 -0.46
13111904 23 -0.43
14111904 23 -0.40
15111904 23 -0.39
16111904 23 -0.38
17111904 23 -0.39
18111904 23 -0.41
19111904 23 -0.43
20111904 23 -0.47
21111904 23 -0.50
22111904 23 -0.53
23111904 23 -0.55
24111904 23 -0.56
25111904 23 -0.56
26111904 23 -0.55
27111904 23 -0.53
28111904 23 -0.51
29111904 23 -0.48
30111904 23 -0.46
01121904 23 -0.45
02121904 23 -0.45
03121904 23 -0.47
04121904 23 -0.50
05121904 23 -0.52
06121904 23 -0.53
07121904 23 -0.53
08121904 23 -0.53
09121904 23 -0.51
10121904 23 -0.49
11121904 23 -0.46
12121904 23 -0.44
13121904 23 -0.41
14121904 23 -0.39
15121904 23 -0.39
16121904 23 -0.39
17121904 23 -0.41
18121904 23 -0.43
19121904 23 -0.47
20121904 23 -0.51
21121904 23 -0.54
22121904 23 -0.56
23121904 23 -0.57
24121904 23 -0.58
25121904 23 -0.57
26121904 23 -0.54
27121904 23 -0.52
28121904 23 -0.49
29121904 23 -0.46
30121904 23 -0.44
31121904 23 -0.44
