01011978 23 -0.45
02011978 23 -0.45
03011978 23 -0.45
04011978 23 -0.47
05011978 23 -0.50
06011978 23 -0.53
07011978 23 -0.56
08011978 23 -0.57
09011978 23 -0.57
10011978 23 -0.56
11011978 23 -0.55
12011978 23 -0.52
13011978 23 -0.48
14011978 23 -0.45
15011978 23 -0.42
16011978 23 -0.40
17011978 23 -0.38
18011978 23 -0.39
19011978 23 -0.40
20011978 23 -0.43
21011978 23 -0.45
22011978 23 -0.48
23011978 23 -0.50
24011978 23 -0.52
25011978 23 -0.53
26011978 23 -0.53
27011978 23 -0.52
28011978 23 -0.51
29011978 23 -0.49
30011978 23 -0.48
31011978 23 -0.46
01021978 23 -0.46
02021978 23 -0.47
03021978 23 -0.49
04021978 23 -0.51
05021978 23 -0.54
06021978 23 -0.55
07021978 23 -0.55
08021978 23 -0.55
09021978 23 -0.53
10021978 23 -0.51
11021978 23 -0.48
12021978 23 -0.45
13021978 23 -0.42
14021978 23 -0.40
15021978 23 -0.38
16021978 23 -0.38
17021978 23 -0.40
18021978 23 -0.42
19021978 23 -0.45
20021978 23 -0.48
21021978 23 -0.50
22021978 23 -0.53
23021978 23 -0.54
24021978 23 -0.55
25021978 23 -0.54
26021978 23 -0.53
27021978 23 -0.52
28021978 23 -0.50
01031978 23 -0.48
02031978 23 -0.47
03031978 23 -0.47
04031978 23 -0.48
05031978 23 -0.49
06031978 23 -0.51
07031978 23 -0.52
08031978 23 -0.53
09031978 23 -0.53
10031978 23 -0.52
11031978 23 -0.51
12031978 23 -0.49
13031978 23 -0.46
14031978 23 -0.43
15031978 23 -0.41
16031978 23 -0.39
17031978 23 -0.39
18031978 23 -0.40
19031978 23 -0.42
20031978 23 -0.44
21031978 23 -0.48
22031978 23 -0.50
23031978 23 -0.53
24031978 23 -0.55
25031978 23 -0.56
26031978 23 -0.56
27031978 23 -0.55
28031978 23 -0.54
29031978 23 -0.51
30031978 23 -0.49
31031978 23 -0.47
01041978 23 -0.46
02041978 23 -0.46
03041978 23 -0.47
04041978 23 -0.48
05041978 23 -0.49
06041978 23 -0.50
07041978 23 -0.51
08041978 23 -0.51
09041978 23 -0.50
10041978 23 -0.49
11041978 23 -0.47
12041978 23 -0.44
13041978 23 -0.42
14041978 23 -0.40
15041978 23 -0.40
16041978 23 -0.40
17041978 23 -0.42
18041978 23 -0.45
19041978 23 -0.47
20041978 23 -0.50
21041978 23 -0.53
22041978 23 -0.56
23041978 23 -0.57
24041978 23 -0.58
25041978 23 -0.57
26041978 23 -0.55
27041978 23 -0.53
28041978 23 -0.50
29041978 23 -0.48
30041978 23 -0.46
01051978 23 -0.45
02051978 23 -0.44
03051978 23 -0.45
04051978 23 -0.46
05051978 23 -0.48
06051978 23 -0.49
07051978 23 -0.50
08051978 23 -0.50
09051978 23 -0.49
10051978 23 -0.48
11051978 23 -0.46
12051978 23 -0.44
13051978 23 -0.42
14051978 23 -0.42
15051978 23 -0.42
16051978 23 -0.43
17051978 23 -0.45
18051978 23 -0.47
19051978 23 -0.50
20051978 23 -0.53
21051978 23 -0.55
22051978 23 -0.57
23051978 23 -0.58
24051978 23 -0.58
25051978 23 -0.56
26051978 23 -0.54
27051978 23 -0.51
28051978 23 -0.48
29051978 23 -0.45
30051978 23 -0.43
31051978 23 -0.42
01061978 23 -0.42
02061978 23 -0.44
03061978 23 -0.45
04061978 23 -0.47
05061978 23 -0.48
06061978 23 -0.49
07061978 23 -0.50
08061978 23 -0.49
09061978 23 -0.48
10061978 23 -0.47
11061978 23 -0.45
12061978 23 -0.44
13061978 23 -0.44
14061978 23 -0.44
15061978 23 -0.46
16061978 23 -0.47
17061978 23 -0.49
18061978 23 -0.52
19061978 23 -0.55
20061978 23 -0.57
21061978 23 -0.58
22061978 23 -0.58
23061978 23 -0.57
24061978 23 -0.55
25061978 23 -0.51
26061978 23 -0.48
27061978 23 -0.44
28061978 23 -0.41
29061978 23 -0.40
30061978 23 -0.40
01071978 23 -0.42
02071978 23 -0.43
03071978 23 -0.45
04071978 23 -0.47
05071978 23 -0.49
06071978 23 -0.50
07071978 23 -0.51
08071978 23 -0.50
09071978 23 -0.50
10071978 23 -0.48
11071978 23 -0.47
12071978 23 -0.46
13071978 23 -0.46
14071978 23 -0.46
15071978 23 -0.47
16071978 23 -0.48
17071978 23 -0.51
18071978 23 -0.53
19071978 23 -0.56
20071978 23 -0.57
21071978 23 -0.58
22071978 23 -0.57
23071978 23 -0.55
24071978 23 -0.51
25071978 23 -0.47
26071978 23 -0.44
27071978 23 -0.41
28071978 23 -0.39
29071978 23 -0.39
30071978 23 -0.40
31071978 23 -0.42
01081978 23 -0.44
02081978 23 -0.46
03081978 23 -0.49
04081978 23 -0.51
05081978 23 -0.52
06081978 23 -0.53
07081978 23 -0.52
08081978 23 -0.51
09081978 23 -0.50
10081978 23 -0.48
11081978 23 -0.47
12081978 23 -0.46
13081978 23 -0.46
14081978 23 -0.47
15081978 23 -0.49
16081978 23 -0.52
17081978 23 -0.54
18081978 23 -0.56
19081978 23 -0.57
20081978 23 -0.56
21081978 23 -0.54
22081978 23 -0.51
23081978 23 -0.47
24081978 23 -0.43
25081978 23 -0.40
26081978 23 -0.39
27081978 23 -0.38
28081978 23 -0.39
29081978 23 -0.41
30081978 23 -0.43
31081978 23 -0.46
01091978 23 -0.49
02091978 23 -0.52
03091978 23 -0.54
04091978 23 -0.55
05091978 23 -0.55
06091978 23 -0.54
07091978 23 -0.52
08091978 23 -0.50
09091978 23 -0.48
10091978 23 -0.47
11091978 23 -0.46
12091978 23 -0.46
13091978 23 -0.48
14091978 23 -0.50
15091978 23 -0.52
16091978 23 -0.54
17091978 23 -0.55
18091978 23 -0.55
19091978 23 -0.53
20091978 23 -0.50
21091978 23 -0.47
22091978 23 -0.44
23091978 23 -0.41
24091978 23 -0.39
25091978 23 -0.38
26091978 23 -0.39
27091978 23 -0.40
28091978 23 -0.43
29091978 23 -0.46
30091978 23 -0.49
01101978 23 -0.53
02101978 23 -0.55
03101978 23 -0.57
04101978 23 -0.57
05101978 23 -0.56
06101978 23 -0.54
07101978 23 -0.52
08101978 23 -0.49
09101978 23 -0.47
10101978 23 -0.45
11101978 23 -0.45
12101978 23 -0.46
13101978 23 -0.48
14101978 23 -0.50
15101978 23 -0.52
16101978 23 -0.53
17101978 23 -0.53
18101978 23 -0.52
19101978 23 -0.50
20101978 23 -0.47
21101978 23 -0.44
22101978 23 -0.42
23101978 23 -0.40
24101978 23 -0.39
25101978 23 -0.39
26101978 23 -0.40
27101978 23 -0.43
28101978 23 -0.46
29101978 23 -0.50
30101978 23 -0.53
31101978 23 -0.56
01111978 23 -0.58
02111978 23 -0.58
03111978 23 -0.58
04111978 23 -0.56
05111978 23 -0.53
06111978 23 -0.50
07111978 23 -0.47
08111978 23 -0.44
09111978 23 -0.43
10111978 23 -0.44
11111978 23 -0.46
12111978 23 -0.48
13111978 23 -0.50
14111978 23 -0.51
15111978 23 -0.51
16111978 23 -0.51
17111978 23 -0.50
18111978 23 -0.48
19111978 23 -0.46
20111978 23 -0.44
21111978 23 -0.42
22111978 23 -0.41
23111978 23 -0.40
24111978 23 -0.41
25111978 23 -0.43
26111978 23 -0.46
27111978 23 -0.50
28111978 23 -0.54
29111978 23 -0.57
30111978 23 -0.58
01121978 23 -0.59
02121978 23 -0.58
03121978 23 -0.56
04121978 23 -0.53
05121978 23 -0.50
06121978 23 -0.46
07121978 23 -0.44
08121978 23 -0.42
09121978 23 -0.42
10121978 23 -0.43
11121978 23 -0.45
12121978 23 -0.47
13121978 23 -0.49
14121978 23 -0.50
15121978 23 -0.50
16121978 23 -0.50
17121978 23 -0.49
18121978 23 -0.47
19121978 23 -0.46
20121978 23 -0.44
21121978 23 -0.42
22121978 23 -0.42
23121978 23 -0.42
24121978 23 -0.44
25121978 23 -0.46
26121978 23 -0.50
27121978 23 -0.54
28121978 23 -0.57
29121978 23 -0.58
30121978 23 -0.59
31121978 23 -0.58
