01011927 23 -0.52
02011927 23 -0.55
03011927 23 -0.57
04011927 23 -0.58
05011927 23 -0.58
06011927 23 -0.57
07011927 23 -0.54
08011927 23 -0.51
09011927 23 -0.48
10011927 23 -0.46
11011927 23 -0.44
12011927 23 -0.44
13011927 23 -0.44
14011927 23 -0.46
15011927 23 -0.48
16011927 23 -0.49
17011927 23 -0.50
18011927 23 -0.50
19011927 23 -0.50
20011927 23 -0.49
21011927 23 -0.47
22011927 23 -0.45
23011927 23 -0.43
24011927 23 -0.42
25011927 23 -0.41
26011927 23 -0.41
27011927 23 -0.42
28011927 23 -0.45
29011927 23 -0.48
30011927 23 -0.52
31011927 23 -0.55
01021927 23 -0.57
02021927 23 -0.58
03021927 23 -0.58
04021927 23 -0.57
05021927 23 -0.55
06021927 23 -0.52
07021927 23 -0.49
08021927 23 -0.46
09021927 23 -0.43
10021927 23 -0.42
11021927 23 -0.42
12021927 23 -0.43
13021927 23 -0.45
14021927 23 -0.47
15021927 23 -0.48
16021927 23 -0.49
17021927 23 -0.49
18021927 23 -0.49
19021927 23 -0.48
20021927 23 -0.47
21021927 23 -0.46
22021927 23 -0.44
23021927 23 -0.43
24021927 23 -0.43
25021927 23 -0.44
26021927 23 -0.46
27021927 23 -0.48
28021927 23 -0.51
01031927 23 -0.54
02031927 23 -0.56
03031927 23 -0.58
04031927 23 -0.58
05031927 23 -0.57
06031927 23 -0.55
07031927 23 -0.53
08031927 23 -0.49
09031927 23 -0.46
10031927 23 -0.43
11031927 23 -0.41
12031927 23 -0.41
13031927 23 -0.41
14031927 23 -0.43
15031927 23 -0.44
16031927 23 -0.46
17031927 23 -0.48
18031927 23 -0.49
19031927 23 -0.50
20031927 23 -0.50
21031927 23 -0.49
22031927 23 -0.48
23031927 23 -0.47
24031927 23 -0.46
25031927 23 -0.45
26031927 23 -0.45
27031927 23 -0.46
28031927 23 -0.48
29031927 23 -0.51
30031927 23 -0.53
31031927 23 -0.55
01041927 23 -0.56
02041927 23 -0.57
03041927 23 -0.56
04041927 23 -0.55
05041927 23 -0.53
06041927 23 -0.50
07041927 23 -0.46
08041927 23 -0.43
09041927 23 -0.40
10041927 23 -0.39
11041927 23 -0.40
12041927 23 -0.41
13041927 23 -0.43
14041927 23 -0.45
15041927 23 -0.47
16041927 23 -0.49
17041927 23 -0.51
18041927 23 -0.52
19041927 23 -0.52
20041927 23 -0.51
21041927 23 -0.50
22041927 23 -0.49
23041927 23 -0.47
24041927 23 -0.47
25041927 23 -0.47
26041927 23 -0.48
27041927 23 -0.50
28041927 23 -0.51
29041927 23 -0.53
30041927 23 -0.54
01051927 23 -0.55
02051927 23 -0.55
03051927 23 -0.55
04051927 23 -0.53
05051927 23 -0.50
06051927 23 -0.46
07051927 23 -0.43
08051927 23 -0.40
09051927 23 -0.39
10051927 23 -0.39
11051927 23 -0.40
12051927 23 -0.42
13051927 23 -0.44
14051927 23 -0.47
15051927 23 -0.49
16051927 23 -0.51
17051927 23 -0.53
18051927 23 -0.54
19051927 23 -0.54
20051927 23 -0.53
21051927 23 -0.51
22051927 23 -0.50
23051927 23 -0.48
24051927 23 -0.48
25051927 23 -0.48
26051927 23 -0.48
27051927 23 -0.49
28051927 23 -0.51
29051927 23 -0.52
30051927 23 -0.53
31051927 23 -0.54
01061927 23 -0.54
02061927 23 -0.52
03061927 23 -0.50
04061927 23 -0.47
05061927 23 -0.43
06061927 23 -0.41
07061927 23 -0.39
08061927 23 -0.39
09061927 23 -0.40
10061927 23 -0.41
11061927 23 -0.44
12061927 23 -0.46
13061927 23 -0.49
14061927 23 -0.52
15061927 23 -0.54
16061927 23 -0.56
17061927 23 -0.56
18061927 23 -0.55
19061927 23 -0.54
20061927 23 -0.52
21061927 23 -0.50
22061927 23 -0.48
23061927 23 -0.47
24061927 23 -0.46
25061927 23 -0.47
26061927 23 -0.48
27061927 23 -0.49
28061927 23 -0.51
29061927 23 -0.52
30061927 23 -0.52
01071927 23 -0.52
02071927 23 -0.50
03071927 23 -0.47
04071927 23 -0.44
05071927 23 -0.42
06071927 23 -0.40
07071927 23 -0.40
08071927 23 -0.40
09071927 23 -0.41
10071927 23 -0.43
11071927 23 -0.46
12071927 23 -0.49
13071927 23 -0.52
14071927 23 -0.55
15071927 23 -0.57
16071927 23 -0.58
17071927 23 -0.57
18071927 23 -0.56
19071927 23 -0.54
20071927 23 -0.51
21071927 23 -0.48
22071927 23 -0.45
23071927 23 -0.44
24071927 23 -0.44
25071927 23 -0.45
26071927 23 -0.47
27071927 23 -0.49
28071927 23 -0.50
29071927 23 -0.51
30071927 23 -0.51
31071927 23 -0.50
01081927 23 -0.48
02081927 23 -0.46
03081927 23 -0.44
04081927 23 -0.42
05081927 23 -0.41
06081927 23 -0.41
07081927 23 -0.42
08081927 23 -0.43
09081927 23 -0.46
10081927 23 -0.49
11081927 23 -0.52
12081927 23 -0.56
13081927 23 -0.58
14081927 23 -0.59
15081927 23 -0.59
16081927 23 -0.57
17081927 23 -0.54
18081927 23 -0.51
19081927 23 -0.47
20081927 23 -0.44
21081927 23 -0.42
22081927 23 -0.42
23081927 23 -0.43
24081927 23 -0.44
25081927 23 -0.46
26081927 23 -0.48
27081927 23 -0.50
28081927 23 -0.50
29081927 23 -0.50
30081927 23 -0.49
31081927 23 -0.48
01091927 23 -0.46
02091927 23 -0.44
03091927 23 -0.43
04091927 23 -0.43
05091927 23 -0.43
06091927 23 -0.44
07091927 23 -0.46
08091927 23 -0.49
09091927 23 -0.52
10091927 23 -0.56
11091927 23 -0.58
12091927 23 -0.59
13091927 23 -0.59
14091927 23 -0.58
15091927 23 -0.55
16091927 23 -0.51
17091927 23 -0.47
18091927 23 -0.43
19091927 23 -0.41
20091927 23 -0.40
21091927 23 -0.41
22091927 23 -0.42
23091927 23 -0.44
24091927 23 -0.47
25091927 23 -0.48
26091927 23 -0.50
27091927 23 -0.51
28091927 23 -0.51
29091927 23 -0.50
30091927 23 -0.48
01101927 23 -0.47
02101927 23 -0.46
03101927 23 -0.45
04101927 23 -0.44
05101927 23 -0.44
06101927 23 -0.46
07101927 23 -0.48
08101927 23 -0.52
09101927 23 -0.55
10101927 23 -0.58
11101927 23 -0.59
12101927 23 -0.59
13101927 23 -0.57
14101927 23 -0.54
15101927 23 -0.50
16101927 23 -0.46
17101927 23 -0.43
18101927 23 -0.40
19101927 23 -0.39
20101927 23 -0.39
21101927 23 -0.41
22101927 23 -0.43
23101927 23 -0.45
24101927 23 -0.48
25101927 23 -0.50
26101927 23 -0.51
27101927 23 -0.52
28101927 23 -0.52
29101927 23 -0.51
30101927 23 -0.50
31101927 23 -0.48
01111927 23 -0.47
02111927 23 -0.45
03111927 23 -0.45
04111927 23 -0.46
05111927 23 -0.48
06111927 23 -0.51
07111927 23 -0.54
08111927 23 -0.56
09111927 23 -0.58
10111927 23 -0.58
11111927 23 -0.56
12111927 23 -0.53
13111927 23 -0.50
14111927 23 -0.46
15111927 23 -0.43
16111927 23 -0.40
17111927 23 -0.39
18111927 23 -0.38
19111927 23 -0.39
20111927 23 -0.41
21111927 23 -0.44
22111927 23 -0.47
23111927 23 -0.50
24111927 23 -0.52
25111927 23 -0.53
26111927 23 -0.54
27111927 23 -0.53
28111927 23 -0.52
29111927 23 -0.50
30111927 23 -0.48
01121927 23 -0.47
02121927 23 -0.45
03121927 23 -0.46
04121927 23 -0.47
05121927 23 -0.50
06121927 23 -0.53
07121927 23 -0.55
08121927 23 -0.56
09121927 23 -0.56
10121927 23 -0.55
11121927 23 -0.52
12121927 23 -0.49
13121927 23 -0.46
14121927 23 -0.43
15121927 23 -0.40
16121927 23 -0.39
17121927 23 -0.38
18121927 23 -0.39
19121927 23 -0.40
20121927 23 -0.43
21121927 23 -0.47
22121927 23 -0.50
23121927 23 -0.53
24121927 23 -0.55
25121927 23 -0.55
26121927 23 -0.55
27121927 23 -0.54
28121927 23 -0.52
29121927 23 -0.50
30121927 23 -0.48
31121927 23 -0.46
