01011980 23 -0.50
02011980 23 -0.51
03011980 23 -0.51
04011980 23 -0.50
05011980 23 -0.48
06011980 23 -0.46
07011980 23 -0.44
08011980 23 -0.42
09011980 23 -0.41
10011980 23 -0.40
11011980 23 -0.41
12011980 23 -0.43
13011980 23 -0.46
14011980 23 -0.49
15011980 23 -0.53
16011980 23 -0.56
17011980 23 -0.58
18011980 23 -0.58
19011980 23 -0.58
20011980 23 -0.57
21011980 23 -0.54
22011980 23 -0.51
23011980 23 -0.48
24011980 23 -0.45
25011980 23 -0.43
26011980 23 -0.43
27011980 23 -0.43
28011980 23 -0.45
29011980 23 -0.46
30011980 23 -0.48
31011980 23 -0.49
01021980 23 -0.50
02021980 23 -0.50
03021980 23 -0.49
04021980 23 -0.48
05021980 23 -0.46
06021980 23 -0.44
07021980 23 -0.43
08021980 23 -0.42
09021980 23 -0.42
10021980 23 -0.44
11021980 23 -0.46
12021980 23 -0.49
13021980 23 -0.53
14021980 23 -0.55
15021980 23 -0.57
16021980 23 -0.58
17021980 23 -0.58
18021980 23 -0.57
19021980 23 -0.55
20021980 23 -0.52
21021980 23 -0.48
22021980 23 -0.45
23021980 23 -0.43
24021980 23 -0.41
25021980 23 -0.41
26021980 23 -0.42
27021980 23 -0.44
28021980 23 -0.46
29021980 23 -0.47
01031980 23 -0.49
02031980 23 -0.49
03031980 23 -0.50
04031980 23 -0.49
05031980 23 -0.48
06031980 23 -0.47
07031980 23 -0.46
08031980 23 -0.45
09031980 23 -0.44
10031980 23 -0.45
11031980 23 -0.47
12031980 23 -0.49
13031980 23 -0.52
14031980 23 -0.54
15031980 23 -0.56
16031980 23 -0.57
17031980 23 -0.57
18031980 23 -0.56
19031980 23 -0.55
20031980 23 -0.52
21031980 23 -0.49
22031980 23 -0.45
23031980 23 -0.42
24031980 23 -0.40
25031980 23 -0.40
26031980 23 -0.40
27031980 23 -0.42
28031980 23 -0.44
29031980 23 -0.46
30031980 23 -0.48
31031980 23 -0.49
01041980 23 -0.51
02041980 23 -0.51
03041980 23 -0.51
04041980 23 -0.50
05041980 23 -0.49
06041980 23 -0.47
07041980 23 -0.46
08041980 23 -0.46
09041980 23 -0.47
10041980 23 -0.49
11041980 23 -0.51
12041980 23 -0.53
13041980 23 -0.55
14041980 23 -0.56
15041980 23 -0.56
16041980 23 -0.56
17041980 23 -0.54
18041980 23 -0.52
19041980 23 -0.49
20041980 23 -0.45
21041980 23 -0.42
22041980 23 -0.40
23041980 23 -0.39
24041980 23 -0.39
25041980 23 -0.41
26041980 23 -0.43
27041980 23 -0.45
28041980 23 -0.48
29041980 23 -0.50
30041980 23 -0.52
01051980 23 -0.53
02051980 23 -0.53
03051980 23 -0.53
04051980 23 -0.51
05051980 23 -0.50
06051980 23 -0.49
07051980 23 -0.48
08051980 23 -0.47
09051980 23 -0.48
10051980 23 -0.49
11051980 23 -0.51
12051980 23 -0.52
13051980 23 -0.53
14051980 23 -0.54
15051980 23 -0.54
16051980 23 -0.54
17051980 23 -0.52
18051980 23 -0.49
19051980 23 -0.46
20051980 23 -0.42
21051980 23 -0.40
22051980 23 -0.39
23051980 23 -0.39
24051980 23 -0.40
25051980 23 -0.42
26051980 23 -0.45
27051980 23 -0.47
28051980 23 -0.50
29051980 23 -0.52
30051980 23 -0.54
31051980 23 -0.55
01061980 23 -0.55
02061980 23 -0.54
03061980 23 -0.52
04061980 23 -0.51
05061980 23 -0.49
06061980 23 -0.48
07061980 23 -0.47
08061980 23 -0.47
09061980 23 -0.48
10061980 23 -0.49
11061980 23 -0.51
12061980 23 -0.52
13061980 23 -0.53
14061980 23 -0.53
15061980 23 -0.52
16061980 23 -0.49
17061980 23 -0.46
18061980 23 -0.43
19061980 23 -0.41
20061980 23 -0.39
21061980 23 -0.39
22061980 23 -0.40
23061980 23 -0.42
24061980 23 -0.44
25061980 23 -0.47
26061980 23 -0.50
27061980 23 -0.53
28061980 23 -0.55
29061980 23 -0.57
30061980 23 -0.57
01071980 23 -0.56
02071980 23 -0.55
03071980 23 -0.52
04071980 23 -0.50
05071980 23 -0.47
06071980 23 -0.46
07071980 23 -0.45
08071980 23 -0.45
09071980 23 -0.47
10071980 23 -0.48
11071980 23 -0.50
12071980 23 -0.51
13071980 23 -0.52
14071980 23 -0.51
15071980 23 -0.49
16071980 23 -0.47
17071980 23 -0.45
18071980 23 -0.43
19071980 23 -0.41
20071980 23 -0.41
21071980 23 -0.41
22071980 23 -0.42
23071980 23 -0.44
24071980 23 -0.47
25071980 23 -0.50
26071980 23 -0.53
27071980 23 -0.56
28071980 23 -0.58
29071980 23 -0.59
30071980 23 -0.58
31071980 23 -0.56
01081980 23 -0.53
02081980 23 -0.50
03081980 23 -0.47
04081980 23 -0.44
05081980 23 -0.43
06081980 23 -0.43
07081980 23 -0.44
08081980 23 -0.46
09081980 23 -0.48
10081980 23 -0.49
11081980 23 -0.50
12081980 23 -0.51
13081980 23 -0.50
14081980 23 -0.48
15081980 23 -0.47
16081980 23 -0.45
17081980 23 -0.43
18081980 23 -0.42
19081980 23 -0.42
20081980 23 -0.43
21081980 23 -0.44
22081980 23 -0.46
23081980 23 -0.50
24081980 23 -0.53
25081980 23 -0.56
26081980 23 -0.58
27081980 23 -0.59
28081980 23 -0.59
29081980 23 -0.57
30081980 23 -0.54
31081980 23 -0.50
01091980 23 -0.46
02091980 23 -0.43
03091980 23 -0.41
04091980 23 -0.41
05091980 23 -0.42
06091980 23 -0.44
07091980 23 -0.46
08091980 23 -0.48
09091980 23 -0.49
10091980 23 -0.50
11091980 23 -0.50
12091980 23 -0.50
13091980 23 -0.49
14091980 23 -0.47
15091980 23 -0.46
16091980 23 -0.44
17091980 23 -0.44
18091980 23 -0.44
19091980 23 -0.44
20091980 23 -0.46
21091980 23 -0.49
22091980 23 -0.53
23091980 23 -0.56
24091980 23 -0.58
25091980 23 -0.59
26091980 23 -0.59
27091980 23 -0.57
28091980 23 -0.54
29091980 23 -0.50
30091980 23 -0.46
01101980 23 -0.42
02101980 23 -0.40
03101980 23 -0.39
04101980 23 -0.40
05101980 23 -0.42
06101980 23 -0.44
07101980 23 -0.46
08101980 23 -0.48
09101980 23 -0.50
10101980 23 -0.51
11101980 23 -0.51
12101980 23 -0.51
13101980 23 -0.50
14101980 23 -0.48
15101980 23 -0.47
16101980 23 -0.46
17101980 23 -0.45
18101980 23 -0.45
19101980 23 -0.46
20101980 23 -0.49
21101980 23 -0.52
22101980 23 -0.55
23101980 23 -0.57
24101980 23 -0.58
25101980 23 -0.58
26101980 23 -0.56
27101980 23 -0.53
28101980 23 -0.49
29101980 23 -0.45
30101980 23 -0.42
31101980 23 -0.40
01111980 23 -0.39
02111980 23 -0.39
03111980 23 -0.40
04111980 23 -0.42
05111980 23 -0.45
06111980 23 -0.48
07111980 23 -0.50
08111980 23 -0.52
09111980 23 -0.53
10111980 23 -0.53
11111980 23 -0.52
12111980 23 -0.51
13111980 23 -0.49
14111980 23 -0.47
15111980 23 -0.46
16111980 23 -0.45
17111980 23 -0.46
18111980 23 -0.48
19111980 23 -0.51
20111980 23 -0.54
21111980 23 -0.56
22111980 23 -0.57
23111980 23 -0.56
24111980 23 -0.55
25111980 23 -0.52
26111980 23 -0.49
27111980 23 -0.45
28111980 23 -0.42
29111980 23 -0.40
30111980 23 -0.38
01121980 23 -0.38
02121980 23 -0.39
03121980 23 -0.41
04121980 23 -0.44
05121980 23 -0.48
06121980 23 -0.51
07121980 23 -0.53
08121980 23 -0.54
09121980 23 -0.55
10121980 23 -0.54
11121980 23 -0.53
12121980 23 -0.51
13121980 23 -0.49
14121980 23 -0.47
15121980 23 -0.46
16121980 23 -0.46
17121980 23 -0.47
18121980 23 -0.49
19121980 23 -0.52
20121980 23 -0.54
21121980 23 -0.55
22121980 23 -0.54
23121980 23 -0.53
24121980 23 -0.51
25121980 23 -0.49
26121980 23 -0.46
27121980 23 -0.43
28121980 23 -0.40
29121980 23 -0.38
30121980 23 -0.38
31121980 23 -0.39
