01011989 23 -0.40
02011989 23 -0.42
03011989 23 -0.45
04011989 23 -0.48
05011989 23 -0.52
06011989 23 -0.55
07011989 23 -0.57
08011989 23 -0.58
09011989 23 -0.58
10011989 23 -0.57
11011989 23 -0.54
12011989 23 -0.51
13011989 23 -0.48
14011989 23 -0.45
15011989 23 -0.44
16011989 23 -0.44
17011989 23 -0.44
18011989 23 -0.46
19011989 23 -0.48
20011989 23 -0.49
21011989 23 -0.50
22011989 23 -0.50
23011989 23 -0.50
24011989 23 -0.49
25011989 23 -0.47
26011989 23 -0.45
27011989 23 -0.43
28011989 23 -0.42
29011989 23 -0.41
30011989 23 -0.41
31011989 23 -0.43
01021989 23 -0.45
02021989 23 -0.49
03021989 23 -0.52
04021989 23 -0.55
05021989 23 -0.57
06021989 23 -0.58
07021989 23 -0.58
08021989 23 -0.57
09021989 23 -0.55
10021989 23 -0.52
11021989 23 -0.49
12021989 23 -0.46
13021989 23 -0.43
14021989 23 -0.42
15021989 23 -0.42
16021989 23 -0.43
17021989 23 -0.45
18021989 23 -0.47
19021989 23 -0.48
20021989 23 -0.49
21021989 23 -0.49
22021989 23 -0.49
23021989 23 -0.48
24021989 23 -0.47
25021989 23 -0.46
26021989 23 -0.44
27021989 23 -0.43
28021989 23 -0.43
01031989 23 -0.44
02031989 23 -0.46
03031989 23 -0.49
04031989 23 -0.52
05031989 23 -0.54
06031989 23 -0.56
07031989 23 -0.58
08031989 23 -0.58
09031989 23 -0.57
10031989 23 -0.55
11031989 23 -0.52
12031989 23 -0.49
13031989 23 -0.46
14031989 23 -0.43
15031989 23 -0.41
16031989 23 -0.41
17031989 23 -0.41
18031989 23 -0.43
19031989 23 -0.44
20031989 23 -0.46
21031989 23 -0.48
22031989 23 -0.49
23031989 23 -0.50
24031989 23 -0.50
25031989 23 -0.49
26031989 23 -0.48
27031989 23 -0.47
28031989 23 -0.46
29031989 23 -0.45
30031989 23 -0.45
31031989 23 -0.47
01041989 23 -0.48
02041989 23 -0.51
03041989 23 -0.53
04041989 23 -0.55
05041989 23 -0.56
06041989 23 -0.57
07041989 23 -0.56
08041989 23 -0.55
09041989 23 -0.53
10041989 23 -0.49
11041989 23 -0.46
12041989 23 -0.43
13041989 23 -0.40
14041989 23 -0.39
15041989 23 -0.39
16041989 23 -0.41
17041989 23 -0.43
18041989 23 -0.45
19041989 23 -0.47
20041989 23 -0.49
21041989 23 -0.51
22041989 23 -0.52
23041989 23 -0.52
24041989 23 -0.51
25041989 23 -0.50
26041989 23 -0.49
27041989 23 -0.48
28041989 23 -0.47
29041989 23 -0.47
30041989 23 -0.48
01051989 23 -0.50
02051989 23 -0.51
03051989 23 -0.53
04051989 23 -0.54
05051989 23 -0.55
06051989 23 -0.55
07051989 23 -0.54
08051989 23 -0.53
09051989 23 -0.50
10051989 23 -0.46
11051989 23 -0.43
12051989 23 -0.40
13051989 23 -0.39
14051989 23 -0.39
15051989 23 -0.40
16051989 23 -0.42
17051989 23 -0.44
18051989 23 -0.47
19051989 23 -0.49
20051989 23 -0.52
21051989 23 -0.53
22051989 23 -0.54
23051989 23 -0.54
24051989 23 -0.53
25051989 23 -0.51
26051989 23 -0.50
27051989 23 -0.49
28051989 23 -0.48
29051989 23 -0.47
30051989 23 -0.48
31051989 23 -0.49
01061989 23 -0.50
02061989 23 -0.52
03061989 23 -0.53
04061989 23 -0.54
05061989 23 -0.54
06061989 23 -0.52
07061989 23 -0.50
08061989 23 -0.47
09061989 23 -0.43
10061989 23 -0.41
11061989 23 -0.39
12061989 23 -0.39
13061989 23 -0.40
14061989 23 -0.41
15061989 23 -0.44
16061989 23 -0.46
17061989 23 -0.49
18061989 23 -0.52
19061989 23 -0.54
20061989 23 -0.56
21061989 23 -0.56
22061989 23 -0.56
23061989 23 -0.54
24061989 23 -0.52
25061989 23 -0.50
26061989 23 -0.48
27061989 23 -0.46
28061989 23 -0.46
29061989 23 -0.46
30061989 23 -0.48
01071989 23 -0.49
02071989 23 -0.51
03071989 23 -0.52
04071989 23 -0.52
05071989 23 -0.52
06071989 23 -0.50
07071989 23 -0.47
08071989 23 -0.44
09071989 23 -0.42
10071989 23 -0.40
11071989 23 -0.40
12071989 23 -0.40
13071989 23 -0.41
14071989 23 -0.43
15071989 23 -0.46
16071989 23 -0.49
17071989 23 -0.52
18071989 23 -0.55
19071989 23 -0.57
20071989 23 -0.58
21071989 23 -0.58
22071989 23 -0.56
23071989 23 -0.53
24071989 23 -0.51
25071989 23 -0.48
26071989 23 -0.45
27071989 23 -0.44
28071989 23 -0.44
29071989 23 -0.45
30071989 23 -0.47
31071989 23 -0.49
01081989 23 -0.50
02081989 23 -0.51
03081989 23 -0.51
04081989 23 -0.50
05081989 23 -0.48
06081989 23 -0.46
07081989 23 -0.44
08081989 23 -0.42
09081989 23 -0.41
10081989 23 -0.41
11081989 23 -0.42
12081989 23 -0.43
13081989 23 -0.46
14081989 23 -0.49
15081989 23 -0.53
16081989 23 -0.56
17081989 23 -0.58
18081989 23 -0.59
19081989 23 -0.59
20081989 23 -0.57
21081989 23 -0.54
22081989 23 -0.51
23081989 23 -0.47
24081989 23 -0.44
25081989 23 -0.42
26081989 23 -0.42
27081989 23 -0.43
28081989 23 -0.44
29081989 23 -0.46
30081989 23 -0.48
31081989 23 -0.50
01091989 23 -0.50
02091989 23 -0.50
03091989 23 -0.49
04091989 23 -0.48
05091989 23 -0.46
06091989 23 -0.44
07091989 23 -0.43
08091989 23 -0.43
09091989 23 -0.43
10091989 23 -0.44
11091989 23 -0.46
12091989 23 -0.49
13091989 23 -0.53
14091989 23 -0.56
15091989 23 -0.58
16091989 23 -0.59
17091989 23 -0.59
18091989 23 -0.57
19091989 23 -0.54
20091989 23 -0.51
21091989 23 -0.47
22091989 23 -0.43
23091989 23 -0.41
24091989 23 -0.40
25091989 23 -0.41
26091989 23 -0.42
27091989 23 -0.44
28091989 23 -0.47
29091989 23 -0.49
30091989 23 -0.50
01101989 23 -0.51
02101989 23 -0.51
03101989 23 -0.50
04101989 23 -0.48
05101989 23 -0.47
06101989 23 -0.46
07101989 23 -0.45
08101989 23 -0.44
09101989 23 -0.44
10101989 23 -0.46
11101989 23 -0.49
12101989 23 -0.52
13101989 23 -0.55
14101989 23 -0.58
15101989 23 -0.59
16101989 23 -0.59
17101989 23 -0.57
18101989 23 -0.54
19101989 23 -0.50
20101989 23 -0.46
21101989 23 -0.43
22101989 23 -0.40
23101989 23 -0.39
24101989 23 -0.39
25101989 23 -0.41
26101989 23 -0.43
27101989 23 -0.45
28101989 23 -0.48
29101989 23 -0.50
30101989 23 -0.51
31101989 23 -0.52
01111989 23 -0.52
02111989 23 -0.51
03111989 23 -0.50
04111989 23 -0.48
05111989 23 -0.47
06111989 23 -0.45
07111989 23 -0.45
08111989 23 -0.46
09111989 23 -0.48
10111989 23 -0.51
11111989 23 -0.54
12111989 23 -0.57
13111989 23 -0.58
14111989 23 -0.57
15111989 23 -0.56
16111989 23 -0.53
17111989 23 -0.50
18111989 23 -0.46
19111989 23 -0.42
20111989 23 -0.40
21111989 23 -0.38
22111989 23 -0.38
23111989 23 -0.39
24111989 23 -0.41
25111989 23 -0.44
26111989 23 -0.47
27111989 23 -0.50
28111989 23 -0.52
29111989 23 -0.53
30111989 23 -0.54
01121989 23 -0.53
02121989 23 -0.52
03121989 23 -0.50
04121989 23 -0.48
05121989 23 -0.46
06121989 23 -0.45
07121989 23 -0.46
08121989 23 -0.47
09121989 23 -0.50
10121989 23 -0.53
11121989 23 -0.55
12121989 23 -0.56
13121989 23 -0.56
14121989 23 -0.54
15121989 23 -0.52
16121989 23 -0.49
17121989 23 -0.46
18121989 23 -0.43
19121989 23 -0.40
20121989 23 -0.38
21121989 23 -0.38
22121989 23 -0.39
23121989 23 -0.41
24121989 23 -0.44
25121989 23 -0.47
26121989 23 -0.50
27121989 23 -0.53
28121989 23 -0.55
29121989 23 -0.55
30121989 23 -0.55
31121989 23 -0.54
