01011997 23 -0.42
02011997 23 -0.42
03011997 23 -0.43
04011997 23 -0.45
05011997 23 -0.49
06011997 23 -0.53
07011997 23 -0.56
08011997 23 -0.58
09011997 23 -0.59
10011997 23 -0.58
11011997 23 -0.57
12011997 23 -0.55
13011997 23 -0.51
14011997 23 -0.48
15011997 23 -0.45
16011997 23 -0.42
17011997 23 -0.41
18011997 23 -0.41
19011997 23 -0.43
20011997 23 -0.44
21011997 23 -0.46
22011997 23 -0.48
23011997 23 -0.49
24011997 23 -0.50
25011997 23 -0.50
26011997 23 -0.49
27011997 23 -0.48
28011997 23 -0.46
29011997 23 -0.45
30011997 23 -0.44
31011997 23 -0.44
01021997 23 -0.44
02021997 23 -0.46
03021997 23 -0.49
04021997 23 -0.52
05021997 23 -0.55
06021997 23 -0.57
07021997 23 -0.58
08021997 23 -0.58
09021997 23 -0.57
10021997 23 -0.54
11021997 23 -0.51
12021997 23 -0.48
13021997 23 -0.45
14021997 23 -0.42
15021997 23 -0.40
16021997 23 -0.40
17021997 23 -0.41
18021997 23 -0.42
19021997 23 -0.45
20021997 23 -0.47
21021997 23 -0.49
22021997 23 -0.50
23021997 23 -0.50
24021997 23 -0.51
25021997 23 -0.50
26021997 23 -0.49
27021997 23 -0.48
28021997 23 -0.46
01031997 23 -0.46
02031997 23 -0.46
03031997 23 -0.47
04031997 23 -0.49
05031997 23 -0.51
06031997 23 -0.54
07031997 23 -0.55
08031997 23 -0.56
09031997 23 -0.56
10031997 23 -0.56
11031997 23 -0.54
12031997 23 -0.51
13031997 23 -0.48
14031997 23 -0.45
15031997 23 -0.42
16031997 23 -0.40
17031997 23 -0.39
18031997 23 -0.39
19031997 23 -0.41
20031997 23 -0.43
21031997 23 -0.46
22031997 23 -0.48
23031997 23 -0.50
24031997 23 -0.51
25031997 23 -0.52
26031997 23 -0.53
27031997 23 -0.52
28031997 23 -0.51
29031997 23 -0.49
30031997 23 -0.48
31031997 23 -0.47
01041997 23 -0.47
02041997 23 -0.48
03041997 23 -0.50
04041997 23 -0.52
05041997 23 -0.53
06041997 23 -0.54
07041997 23 -0.55
08041997 23 -0.54
09041997 23 -0.53
10041997 23 -0.51
11041997 23 -0.49
12041997 23 -0.45
13041997 23 -0.42
14041997 23 -0.40
15041997 23 -0.38
16041997 23 -0.39
17041997 23 -0.40
18041997 23 -0.42
19041997 23 -0.45
20041997 23 -0.48
21041997 23 -0.50
22041997 23 -0.52
23041997 23 -0.54
24041997 23 -0.55
25041997 23 -0.54
26041997 23 -0.53
27041997 23 -0.52
28041997 23 -0.50
29041997 23 -0.48
30041997 23 -0.47
01051997 23 -0.47
02051997 23 -0.48
03051997 23 -0.49
04051997 23 -0.50
05051997 23 -0.52
06051997 23 -0.52
07051997 23 -0.53
08051997 23 -0.52
09051997 23 -0.51
10051997 23 -0.49
11051997 23 -0.46
12051997 23 -0.43
13051997 23 -0.40
14051997 23 -0.39
15051997 23 -0.39
16051997 23 -0.40
17051997 23 -0.42
18051997 23 -0.45
19051997 23 -0.47
20051997 23 -0.50
21051997 23 -0.53
22051997 23 -0.55
23051997 23 -0.56
24051997 23 -0.56
25051997 23 -0.56
26051997 23 -0.54
27051997 23 -0.52
28051997 23 -0.49
29051997 23 -0.48
30051997 23 -0.46
31051997 23 -0.46
01061997 23 -0.46
02061997 23 -0.47
03061997 23 -0.49
04061997 23 -0.50
05061997 23 -0.51
06061997 23 -0.51
07061997 23 -0.51
08061997 23 -0.49
09061997 23 -0.47
10061997 23 -0.44
11061997 23 -0.42
12061997 23 -0.41
13061997 23 -0.40
14061997 23 -0.41
15061997 23 -0.42
16061997 23 -0.45
17061997 23 -0.47
18061997 23 -0.50
19061997 23 -0.53
20061997 23 -0.56
21061997 23 -0.57
22061997 23 -0.58
23061997 23 -0.57
24061997 23 -0.56
25061997 23 -0.53
26061997 23 -0.50
27061997 23 -0.47
28061997 23 -0.45
29061997 23 -0.44
30061997 23 -0.44
01071997 23 -0.45
02071997 23 -0.46
03071997 23 -0.48
04071997 23 -0.49
05071997 23 -0.50
06071997 23 -0.50
07071997 23 -0.50
08071997 23 -0.48
09071997 23 -0.46
10071997 23 -0.44
11071997 23 -0.43
12071997 23 -0.42
13071997 23 -0.42
14071997 23 -0.43
15071997 23 -0.44
16071997 23 -0.47
17071997 23 -0.50
18071997 23 -0.53
19071997 23 -0.56
20071997 23 -0.58
21071997 23 -0.59
22071997 23 -0.59
23071997 23 -0.57
24071997 23 -0.54
25071997 23 -0.50
26071997 23 -0.47
27071997 23 -0.44
28071997 23 -0.42
29071997 23 -0.41
30071997 23 -0.42
31071997 23 -0.44
01081997 23 -0.46
02081997 23 -0.48
03081997 23 -0.49
04081997 23 -0.50
05081997 23 -0.50
06081997 23 -0.50
07081997 23 -0.48
08081997 23 -0.47
09081997 23 -0.45
10081997 23 -0.44
11081997 23 -0.44
12081997 23 -0.44
13081997 23 -0.45
14081997 23 -0.47
15081997 23 -0.49
16081997 23 -0.53
17081997 23 -0.56
18081997 23 -0.58
19081997 23 -0.59
20081997 23 -0.59
21081997 23 -0.57
22081997 23 -0.54
23081997 23 -0.50
24081997 23 -0.46
25081997 23 -0.43
26081997 23 -0.41
27081997 23 -0.40
28081997 23 -0.40
29081997 23 -0.42
30081997 23 -0.44
31081997 23 -0.46
01091997 23 -0.48
02091997 23 -0.50
03091997 23 -0.51
04091997 23 -0.51
05091997 23 -0.50
06091997 23 -0.49
07091997 23 -0.48
08091997 23 -0.47
09091997 23 -0.46
10091997 23 -0.45
11091997 23 -0.45
12091997 23 -0.46
13091997 23 -0.49
14091997 23 -0.52
15091997 23 -0.55
16091997 23 -0.57
17091997 23 -0.58
18091997 23 -0.58
19091997 23 -0.57
20091997 23 -0.54
21091997 23 -0.50
22091997 23 -0.46
23091997 23 -0.42
24091997 23 -0.40
25091997 23 -0.39
26091997 23 -0.39
27091997 23 -0.40
28091997 23 -0.42
29091997 23 -0.45
30091997 23 -0.48
01101997 23 -0.50
02101997 23 -0.52
03101997 23 -0.53
04101997 23 -0.53
05101997 23 -0.52
06101997 23 -0.51
07101997 23 -0.49
08101997 23 -0.47
09101997 23 -0.46
10101997 23 -0.45
11101997 23 -0.46
12101997 23 -0.48
13101997 23 -0.51
14101997 23 -0.54
15101997 23 -0.56
16101997 23 -0.57
17101997 23 -0.57
18101997 23 -0.55
19101997 23 -0.53
20101997 23 -0.49
21101997 23 -0.45
22101997 23 -0.42
23101997 23 -0.40
24101997 23 -0.38
25101997 23 -0.38
26101997 23 -0.39
27101997 23 -0.41
28101997 23 -0.44
29101997 23 -0.47
30101997 23 -0.50
31101997 23 -0.53
01111997 23 -0.54
02111997 23 -0.55
03111997 23 -0.54
04111997 23 -0.53
05111997 23 -0.51
06111997 23 -0.49
07111997 23 -0.47
08111997 23 -0.46
09111997 23 -0.45
10111997 23 -0.47
11111997 23 -0.49
12111997 23 -0.52
13111997 23 -0.54
14111997 23 -0.55
15111997 23 -0.55
16111997 23 -0.54
17111997 23 -0.52
18111997 23 -0.49
19111997 23 -0.46
20111997 23 -0.43
21111997 23 -0.40
22111997 23 -0.39
23111997 23 -0.38
24111997 23 -0.39
25111997 23 -0.41
26111997 23 -0.44
27111997 23 -0.47
28111997 23 -0.51
29111997 23 -0.54
30111997 23 -0.56
01121997 23 -0.56
02121997 23 -0.56
03121997 23 -0.55
04121997 23 -0.53
05121997 23 -0.50
06121997 23 -0.48
07121997 23 -0.46
08121997 23 -0.45
09121997 23 -0.46
10121997 23 -0.47
11121997 23 -0.50
12121997 23 -0.52
13121997 23 -0.53
14121997 23 -0.53
15121997 23 -0.52
16121997 23 -0.51
17121997 23 -0.49
18121997 23 -0.46
19121997 23 -0.43
20121997 23 -0.41
21121997 23 -0.39
22121997 23 -0.39
23121997 23 -0.39
24121997 23 -0.41
25121997 23 -0.44
26121997 23 -0.48
27121997 23 -0.51
28121997 23 -0.54
29121997 23 -0.57
30121997 23 -0.58
31121997 23 -0.57
