01011965 23 -0.48
02011965 23 -0.50
03011965 23 -0.51
04011965 23 -0.51
05011965 23 -0.51
06011965 23 -0.50
07011965 23 -0.49
08011965 23 -0.47
09011965 23 -0.46
10011965 23 -0.45
11011965 23 -0.45
12011965 23 -0.46
13011965 23 -0.49
14011965 23 -0.52
15011965 23 -0.55
16011965 23 -0.57
17011965 23 -0.57
18011965 23 -0.57
19011965 23 -0.55
20011965 23 -0.53
21011965 23 -0.50
22011965 23 -0.46
23011965 23 -0.43
24011965 23 -0.40
25011965 23 -0.39
26011965 23 -0.39
27011965 23 -0.40
28011965 23 -0.42
29011965 23 -0.44
30011965 23 -0.47
31011965 23 -0.49
01021965 23 -0.51
02021965 23 -0.52
03021965 23 -0.52
04021965 23 -0.52
05021965 23 -0.51
06021965 23 -0.50
07021965 23 -0.48
08021965 23 -0.47
09021965 23 -0.46
10021965 23 -0.47
11021965 23 -0.48
12021965 23 -0.51
13021965 23 -0.53
14021965 23 -0.55
15021965 23 -0.55
16021965 23 -0.55
17021965 23 -0.54
18021965 23 -0.52
19021965 23 -0.50
20021965 23 -0.47
21021965 23 -0.43
22021965 23 -0.41
23021965 23 -0.39
24021965 23 -0.38
25021965 23 -0.39
26021965 23 -0.41
27021965 23 -0.44
28021965 23 -0.47
01031965 23 -0.49
02031965 23 -0.51
03031965 23 -0.53
04031965 23 -0.54
05031965 23 -0.54
06031965 23 -0.54
07031965 23 -0.52
08031965 23 -0.50
09031965 23 -0.48
10031965 23 -0.47
11031965 23 -0.47
12031965 23 -0.48
13031965 23 -0.49
14031965 23 -0.51
15031965 23 -0.52
16031965 23 -0.53
17031965 23 -0.53
18031965 23 -0.53
19031965 23 -0.52
20031965 23 -0.50
21031965 23 -0.47
22031965 23 -0.44
23031965 23 -0.41
24031965 23 -0.39
25031965 23 -0.39
26031965 23 -0.39
27031965 23 -0.41
28031965 23 -0.43
29031965 23 -0.46
30031965 23 -0.49
31031965 23 -0.52
01041965 23 -0.54
02041965 23 -0.56
03041965 23 -0.56
04041965 23 -0.56
05041965 23 -0.54
06041965 23 -0.52
07041965 23 -0.50
08041965 23 -0.48
09041965 23 -0.47
10041965 23 -0.46
11041965 23 -0.47
12041965 23 -0.48
13041965 23 -0.49
14041965 23 -0.50
15041965 23 -0.51
16041965 23 -0.51
17041965 23 -0.51
18041965 23 -0.50
19041965 23 -0.48
20041965 23 -0.45
21041965 23 -0.43
22041965 23 -0.41
23041965 23 -0.40
24041965 23 -0.40
25041965 23 -0.41
26041965 23 -0.43
27041965 23 -0.46
28041965 23 -0.49
29041965 23 -0.52
30041965 23 -0.54
01051965 23 -0.56
02051965 23 -0.57
03051965 23 -0.57
04051965 23 -0.56
05051965 23 -0.54
06051965 23 -0.51
07051965 23 -0.49
08051965 23 -0.46
09051965 23 -0.45
10051965 23 -0.45
11051965 23 -0.45
12051965 23 -0.46
13051965 23 -0.47
14051965 23 -0.49
15051965 23 -0.50
16051965 23 -0.50
17051965 23 -0.50
18051965 23 -0.49
19051965 23 -0.47
20051965 23 -0.45
21051965 23 -0.43
22051965 23 -0.42
23051965 23 -0.42
24051965 23 -0.42
25051965 23 -0.44
26051965 23 -0.46
27051965 23 -0.49
28051965 23 -0.52
29051965 23 -0.54
30051965 23 -0.56
31051965 23 -0.58
01061965 23 -0.58
02061965 23 -0.57
03061965 23 -0.55
04061965 23 -0.52
05061965 23 -0.49
06061965 23 -0.46
07061965 23 -0.44
08061965 23 -0.42
09061965 23 -0.42
10061965 23 -0.43
11061965 23 -0.45
12061965 23 -0.47
13061965 23 -0.48
14061965 23 -0.49
15061965 23 -0.50
16061965 23 -0.49
17061965 23 -0.48
18061965 23 -0.47
19061965 23 -0.46
20061965 23 -0.44
21061965 23 -0.44
22061965 23 -0.44
23061965 23 -0.45
24061965 23 -0.46
25061965 23 -0.48
26061965 23 -0.51
27061965 23 -0.54
28061965 23 -0.56
29061965 23 -0.58
30061965 23 -0.58
01071965 23 -0.58
02071965 23 -0.56
03071965 23 -0.53
04071965 23 -0.49
05071965 23 -0.45
06071965 23 -0.42
07071965 23 -0.41
08071965 23 -0.40
09071965 23 -0.41
10071965 23 -0.43
11071965 23 -0.45
12071965 23 -0.47
13071965 23 -0.48
14071965 23 -0.50
15071965 23 -0.51
16071965 23 -0.51
17071965 23 -0.50
18071965 23 -0.49
19071965 23 -0.47
20071965 23 -0.46
21071965 23 -0.46
22071965 23 -0.45
23071965 23 -0.46
24071965 23 -0.47
25071965 23 -0.50
26071965 23 -0.53
27071965 23 -0.55
28071965 23 -0.57
29071965 23 -0.58
30071965 23 -0.58
31071965 23 -0.56
01081965 23 -0.53
02081965 23 -0.49
03081965 23 -0.45
04081965 23 -0.42
05081965 23 -0.40
06081965 23 -0.39
07081965 23 -0.39
08081965 23 -0.41
09081965 23 -0.43
10081965 23 -0.45
11081965 23 -0.48
12081965 23 -0.50
13081965 23 -0.52
14081965 23 -0.53
15081965 23 -0.52
16081965 23 -0.51
17081965 23 -0.50
18081965 23 -0.49
19081965 23 -0.47
20081965 23 -0.46
21081965 23 -0.46
22081965 23 -0.47
23081965 23 -0.49
24081965 23 -0.51
25081965 23 -0.54
26081965 23 -0.56
27081965 23 -0.57
28081965 23 -0.57
29081965 23 -0.55
30081965 23 -0.52
31081965 23 -0.49
01091965 23 -0.45
02091965 23 -0.41
03091965 23 -0.39
04091965 23 -0.38
05091965 23 -0.39
06091965 23 -0.40
07091965 23 -0.42
08091965 23 -0.45
09091965 23 -0.48
10091965 23 -0.51
11091965 23 -0.53
12091965 23 -0.54
13091965 23 -0.55
14091965 23 -0.54
15091965 23 -0.53
16091965 23 -0.51
17091965 23 -0.49
18091965 23 -0.47
19091965 23 -0.46
20091965 23 -0.46
21091965 23 -0.47
22091965 23 -0.49
23091965 23 -0.52
24091965 23 -0.54
25091965 23 -0.55
26091965 23 -0.55
27091965 23 -0.54
28091965 23 -0.52
29091965 23 -0.48
30091965 23 -0.45
01101965 23 -0.42
02101965 23 -0.40
03101965 23 -0.38
04101965 23 -0.38
05101965 23 -0.39
06101965 23 -0.41
07101965 23 -0.45
08101965 23 -0.48
09101965 23 -0.51
10101965 23 -0.54
11101965 23 -0.56
12101965 23 -0.57
13101965 23 -0.56
14101965 23 -0.55
15101965 23 -0.53
16101965 23 -0.50
17101965 23 -0.47
18101965 23 -0.45
19101965 23 -0.45
20101965 23 -0.45
21101965 23 -0.47
22101965 23 -0.50
23101965 23 -0.52
24101965 23 -0.53
25101965 23 -0.53
26101965 23 -0.53
27101965 23 -0.51
28101965 23 -0.48
29101965 23 -0.45
30101965 23 -0.43
31101965 23 -0.41
01111965 23 -0.39
02111965 23 -0.39
03111965 23 -0.40
04111965 23 -0.41
05111965 23 -0.44
06111965 23 -0.48
07111965 23 -0.52
08111965 23 -0.55
09111965 23 -0.57
10111965 23 -0.58
11111965 23 -0.58
12111965 23 -0.56
13111965 23 -0.54
14111965 23 -0.51
15111965 23 -0.48
16111965 23 -0.45
17111965 23 -0.44
18111965 23 -0.44
19111965 23 -0.45
20111965 23 -0.47
21111965 23 -0.49
22111965 23 -0.51
23111965 23 -0.51
24111965 23 -0.51
25111965 23 -0.50
26111965 23 -0.48
27111965 23 -0.46
28111965 23 -0.44
29111965 23 -0.42
30111965 23 -0.41
01121965 23 -0.40
02121965 23 -0.40
03121965 23 -0.42
04121965 23 -0.45
05121965 23 -0.48
06121965 23 -0.52
07121965 23 -0.56
08121965 23 -0.58
09121965 23 -0.59
10121965 23 -0.59
11121965 23 -0.57
12121965 23 -0.55
13121965 23 -0.51
14121965 23 -0.48
15121965 23 -0.45
16121965 23 -0.43
17121965 23 -0.43
18121965 23 -0.43
19121965 23 -0.45
20121965 23 -0.47
21121965 23 -0.48
22121965 23 -0.50
23121965 23 -0.50
24121965 23 -0.50
25121965 23 -0.49
26121965 23 -0.48
27121965 23 -0.46
28121965 23 -0.44
29121965 23 -0.43
30121965 23 -0.42
31121965 23 -0.42
