01011939 23 -0.47
02011939 23 -0.50
03011939 23 -0.54
04011939 23 -0.57
05011939 23 -0.58
06011939 23 -0.59
07011939 23 -0.58
08011939 23 -0.56
09011939 23 -0.53
10011939 23 -0.49
11011939 23 -0.46
12011939 23 -0.43
13011939 23 -0.41
14011939 23 -0.40
15011939 23 -0.41
16011939 23 -0.42
17011939 23 -0.44
18011939 23 -0.46
19011939 23 -0.48
20011939 23 -0.50
21011939 23 -0.50
22011939 23 -0.50
23011939 23 -0.50
24011939 23 -0.49
25011939 23 -0.47
26011939 23 -0.46
27011939 23 -0.45
28011939 23 -0.45
29011939 23 -0.45
30011939 23 -0.47
31011939 23 -0.50
01021939 23 -0.53
02021939 23 -0.56
03021939 23 -0.57
04021939 23 -0.57
05021939 23 -0.57
06021939 23 -0.55
07021939 23 -0.53
08021939 23 -0.49
09021939 23 -0.46
10021939 23 -0.43
11021939 23 -0.40
12021939 23 -0.39
13021939 23 -0.39
14021939 23 -0.40
15021939 23 -0.43
16021939 23 -0.45
17021939 23 -0.47
18021939 23 -0.49
19021939 23 -0.51
20021939 23 -0.52
21021939 23 -0.52
22021939 23 -0.51
23021939 23 -0.50
24021939 23 -0.49
25021939 23 -0.47
26021939 23 -0.46
27021939 23 -0.46
28021939 23 -0.47
01031939 23 -0.49
02031939 23 -0.52
03031939 23 -0.54
04031939 23 -0.55
05031939 23 -0.56
06031939 23 -0.55
07031939 23 -0.54
08031939 23 -0.52
09031939 23 -0.50
10031939 23 -0.46
11031939 23 -0.43
12031939 23 -0.40
13031939 23 -0.39
14031939 23 -0.38
15031939 23 -0.39
16031939 23 -0.42
17031939 23 -0.44
18031939 23 -0.47
19031939 23 -0.49
20031939 23 -0.51
21031939 23 -0.53
22031939 23 -0.54
23031939 23 -0.54
24031939 23 -0.53
25031939 23 -0.51
26031939 23 -0.50
27031939 23 -0.48
28031939 23 -0.47
29031939 23 -0.47
30031939 23 -0.48
31031939 23 -0.50
01041939 23 -0.51
02041939 23 -0.53
03041939 23 -0.53
04041939 23 -0.53
05041939 23 -0.53
06041939 23 -0.52
07041939 23 -0.50
08041939 23 -0.47
09041939 23 -0.44
10041939 23 -0.41
11041939 23 -0.39
12041939 23 -0.38
13041939 23 -0.39
14041939 23 -0.41
15041939 23 -0.44
16041939 23 -0.46
17041939 23 -0.49
18041939 23 -0.52
19041939 23 -0.54
20041939 23 -0.55
21041939 23 -0.56
22041939 23 -0.55
23041939 23 -0.54
24041939 23 -0.52
25041939 23 -0.50
26041939 23 -0.48
27041939 23 -0.47
28041939 23 -0.47
29041939 23 -0.47
30041939 23 -0.48
01051939 23 -0.50
02051939 23 -0.51
03051939 23 -0.51
04051939 23 -0.52
05051939 23 -0.51
06051939 23 -0.50
07051939 23 -0.47
08051939 23 -0.45
09051939 23 -0.42
10051939 23 -0.40
11051939 23 -0.39
12051939 23 -0.40
13051939 23 -0.41
14051939 23 -0.44
15051939 23 -0.46
16051939 23 -0.49
17051939 23 -0.52
18051939 23 -0.55
19051939 23 -0.56
20051939 23 -0.57
21051939 23 -0.57
22051939 23 -0.56
23051939 23 -0.54
24051939 23 -0.51
25051939 23 -0.48
26051939 23 -0.46
27051939 23 -0.45
28051939 23 -0.45
29051939 23 -0.45
30051939 23 -0.47
31051939 23 -0.48
01061939 23 -0.49
02061939 23 -0.50
03061939 23 -0.50
04061939 23 -0.50
05061939 23 -0.48
06061939 23 -0.46
07061939 23 -0.44
08061939 23 -0.42
09061939 23 -0.41
10061939 23 -0.41
11061939 23 -0.42
12061939 23 -0.44
13061939 23 -0.46
14061939 23 -0.49
15061939 23 -0.52
16061939 23 -0.55
17061939 23 -0.57
18061939 23 -0.58
19061939 23 -0.58
20061939 23 -0.57
21061939 23 -0.55
22061939 23 -0.52
23061939 23 -0.49
24061939 23 -0.46
25061939 23 -0.43
26061939 23 -0.43
27061939 23 -0.43
28061939 23 -0.44
29061939 23 -0.46
30061939 23 -0.47
01071939 23 -0.49
02071939 23 -0.50
03071939 23 -0.50
04071939 23 -0.49
05071939 23 -0.48
06071939 23 -0.46
07071939 23 -0.45
08071939 23 -0.44
09071939 23 -0.43
10071939 23 -0.44
11071939 23 -0.44
12071939 23 -0.46
13071939 23 -0.48
14071939 23 -0.51
15071939 23 -0.54
16071939 23 -0.57
17071939 23 -0.58
18071939 23 -0.59
19071939 23 -0.58
20071939 23 -0.56
21071939 23 -0.52
22071939 23 -0.48
23071939 23 -0.45
24071939 23 -0.42
25071939 23 -0.41
26071939 23 -0.41
27071939 23 -0.42
28071939 23 -0.43
29071939 23 -0.45
30071939 23 -0.47
31071939 23 -0.49
01081939 23 -0.50
02081939 23 -0.51
03081939 23 -0.50
04081939 23 -0.49
05081939 23 -0.48
06081939 23 -0.46
07081939 23 -0.45
08081939 23 -0.45
09081939 23 -0.45
10081939 23 -0.46
11081939 23 -0.48
12081939 23 -0.50
13081939 23 -0.54
14081939 23 -0.56
15081939 23 -0.58
16081939 23 -0.59
17081939 23 -0.58
18081939 23 -0.56
19081939 23 -0.52
20081939 23 -0.48
21081939 23 -0.44
22081939 23 -0.41
23081939 23 -0.39
24081939 23 -0.39
25081939 23 -0.40
26081939 23 -0.42
27081939 23 -0.44
28081939 23 -0.46
29081939 23 -0.49
30081939 23 -0.51
31081939 23 -0.52
01091939 23 -0.52
02091939 23 -0.52
03091939 23 -0.50
04091939 23 -0.49
05091939 23 -0.48
06091939 23 -0.46
07091939 23 -0.46
08091939 23 -0.46
09091939 23 -0.47
10091939 23 -0.49
11091939 23 -0.52
12091939 23 -0.55
13091939 23 -0.57
14091939 23 -0.58
15091939 23 -0.57
16091939 23 -0.55
17091939 23 -0.52
18091939 23 -0.48
19091939 23 -0.44
20091939 23 -0.41
21091939 23 -0.39
22091939 23 -0.38
23091939 23 -0.39
24091939 23 -0.40
25091939 23 -0.43
26091939 23 -0.46
27091939 23 -0.49
28091939 23 -0.51
29091939 23 -0.53
30091939 23 -0.54
01101939 23 -0.54
02101939 23 -0.53
03101939 23 -0.51
04101939 23 -0.50
05101939 23 -0.48
06101939 23 -0.46
07101939 23 -0.46
08101939 23 -0.46
09101939 23 -0.48
10101939 23 -0.51
11101939 23 -0.53
12101939 23 -0.55
13101939 23 -0.56
14101939 23 -0.55
15101939 23 -0.54
16101939 23 -0.51
17101939 23 -0.47
18101939 23 -0.44
19101939 23 -0.41
20101939 23 -0.39
21101939 23 -0.38
22101939 23 -0.38
23101939 23 -0.40
24101939 23 -0.42
25101939 23 -0.45
26101939 23 -0.49
27101939 23 -0.52
28101939 23 -0.54
29101939 23 -0.56
30101939 23 -0.56
31101939 23 -0.55
01111939 23 -0.54
02111939 23 -0.52
03111939 23 -0.49
04111939 23 -0.47
05111939 23 -0.45
06111939 23 -0.45
07111939 23 -0.46
08111939 23 -0.49
09111939 23 -0.51
10111939 23 -0.53
11111939 23 -0.54
12111939 23 -0.54
13111939 23 -0.52
14111939 23 -0.50
15111939 23 -0.47
16111939 23 -0.44
17111939 23 -0.42
18111939 23 -0.40
19111939 23 -0.39
20111939 23 -0.39
21111939 23 -0.40
22111939 23 -0.42
23111939 23 -0.45
24111939 23 -0.49
25111939 23 -0.53
26111939 23 -0.55
27111939 23 -0.57
28111939 23 -0.58
29111939 23 -0.57
30111939 23 -0.55
01121939 23 -0.53
02121939 23 -0.50
03121939 23 -0.47
04121939 23 -0.45
05121939 23 -0.44
06121939 23 -0.45
07121939 23 -0.47
08121939 23 -0.49
09121939 23 -0.51
10121939 23 -0.52
11121939 23 -0.52
12121939 23 -0.51
13121939 23 -0.50
14121939 23 -0.48
15121939 23 -0.46
16121939 23 -0.43
17121939 23 -0.41
18121939 23 -0.40
19121939 23 -0.39
20121939 23 -0.40
21121939 23 -0.42
22121939 23 -0.46
23121939 23 -0.49
24121939 23 -0.53
25121939 23 -0.56
26121939 23 -0.58
27121939 23 -0.58
28121939 23 -0.58
29121939 23 -0.56
30121939 23 -0.54
31121939 23 -0.50
