01011944 23 -0.48
02011944 23 -0.45
03011944 23 -0.43
04011944 23 -0.42
05011944 23 -0.42
06011944 23 -0.44
07011944 23 -0.45
08011944 23 -0.47
09011944 23 -0.49
10011944 23 -0.50
11011944 23 -0.50
12011944 23 -0.49
13011944 23 -0.48
14011944 23 -0.47
15011944 23 -0.45
16011944 23 -0.44
17011944 23 -0.43
18011944 23 -0.42
19011944 23 -0.43
20011944 23 -0.45
21011944 23 -0.48
22011944 23 -0.52
23011944 23 -0.55
24011944 23 -0.57
25011944 23 -0.58
26011944 23 -0.58
27011944 23 -0.57
28011944 23 -0.55
29011944 23 -0.52
30011944 23 -0.49
31011944 23 -0.45
01021944 23 -0.43
02021944 23 -0.41
03021944 23 -0.41
04021944 23 -0.41
05021944 23 -0.43
06021944 23 -0.45
07021944 23 -0.47
08021944 23 -0.49
09021944 23 -0.50
10021944 23 -0.50
11021944 23 -0.50
12021944 23 -0.49
13021944 23 -0.48
14021944 23 -0.46
15021944 23 -0.45
16021944 23 -0.44
17021944 23 -0.45
18021944 23 -0.46
19021944 23 -0.48
20021944 23 -0.51
21021944 23 -0.54
22021944 23 -0.56
23021944 23 -0.57
24021944 23 -0.57
25021944 23 -0.57
26021944 23 -0.55
27021944 23 -0.52
28021944 23 -0.49
29021944 23 -0.46
01031944 23 -0.42
02031944 23 -0.40
03031944 23 -0.39
04031944 23 -0.40
05031944 23 -0.41
06031944 23 -0.43
07031944 23 -0.46
08031944 23 -0.48
09031944 23 -0.49
10031944 23 -0.51
11031944 23 -0.51
12031944 23 -0.51
13031944 23 -0.50
14031944 23 -0.49
15031944 23 -0.48
16031944 23 -0.47
17031944 23 -0.46
18031944 23 -0.47
19031944 23 -0.48
20031944 23 -0.50
21031944 23 -0.52
22031944 23 -0.54
23031944 23 -0.55
24031944 23 -0.56
25031944 23 -0.55
26031944 23 -0.54
27031944 23 -0.52
28031944 23 -0.49
29031944 23 -0.46
30031944 23 -0.43
31031944 23 -0.40
01041944 23 -0.39
02041944 23 -0.39
03041944 23 -0.40
04041944 23 -0.42
05041944 23 -0.45
06041944 23 -0.47
07041944 23 -0.49
08041944 23 -0.51
09041944 23 -0.53
10041944 23 -0.53
11041944 23 -0.53
12041944 23 -0.52
13041944 23 -0.51
14041944 23 -0.49
15041944 23 -0.48
16041944 23 -0.47
17041944 23 -0.48
18041944 23 -0.49
19041944 23 -0.50
20041944 23 -0.52
21041944 23 -0.53
22041944 23 -0.54
23041944 23 -0.54
24041944 23 -0.53
25041944 23 -0.52
26041944 23 -0.49
27041944 23 -0.46
28041944 23 -0.43
29041944 23 -0.40
30041944 23 -0.39
01051944 23 -0.39
02051944 23 -0.40
03051944 23 -0.42
04051944 23 -0.44
05051944 23 -0.47
06051944 23 -0.50
07051944 23 -0.52
08051944 23 -0.54
09051944 23 -0.55
10051944 23 -0.55
11051944 23 -0.55
12051944 23 -0.53
13051944 23 -0.51
14051944 23 -0.49
15051944 23 -0.48
16051944 23 -0.47
17051944 23 -0.47
18051944 23 -0.48
19051944 23 -0.49
20051944 23 -0.50
21051944 23 -0.51
22051944 23 -0.52
23051944 23 -0.52
24051944 23 -0.51
25051944 23 -0.50
26051944 23 -0.47
27051944 23 -0.44
28051944 23 -0.41
29051944 23 -0.40
30051944 23 -0.39
31051944 23 -0.40
01061944 23 -0.42
02061944 23 -0.44
03061944 23 -0.47
04061944 23 -0.49
05061944 23 -0.52
06061944 23 -0.55
07061944 23 -0.56
08061944 23 -0.57
09061944 23 -0.57
10061944 23 -0.55
11061944 23 -0.53
12061944 23 -0.50
13061944 23 -0.48
14061944 23 -0.46
15061944 23 -0.45
16061944 23 -0.45
17061944 23 -0.46
18061944 23 -0.47
19061944 23 -0.49
20061944 23 -0.50
21061944 23 -0.51
22061944 23 -0.51
23061944 23 -0.50
24061944 23 -0.48
25061944 23 -0.45
26061944 23 -0.43
27061944 23 -0.42
28061944 23 -0.41
29061944 23 -0.41
30061944 23 -0.42
01071944 23 -0.44
02071944 23 -0.46
03071944 23 -0.49
04071944 23 -0.52
05071944 23 -0.55
06071944 23 -0.57
07071944 23 -0.58
08071944 23 -0.58
09071944 23 -0.57
10071944 23 -0.54
11071944 23 -0.51
12071944 23 -0.48
13071944 23 -0.45
14071944 23 -0.43
15071944 23 -0.43
16071944 23 -0.43
17071944 23 -0.45
18071944 23 -0.47
19071944 23 -0.48
20071944 23 -0.50
21071944 23 -0.50
22071944 23 -0.50
23071944 23 -0.49
24071944 23 -0.47
25071944 23 -0.46
26071944 23 -0.44
27071944 23 -0.43
28071944 23 -0.43
29071944 23 -0.43
30071944 23 -0.44
31071944 23 -0.46
01081944 23 -0.49
02081944 23 -0.52
03081944 23 -0.55
04081944 23 -0.58
05081944 23 -0.59
06081944 23 -0.59
07081944 23 -0.58
08081944 23 -0.55
09081944 23 -0.51
10081944 23 -0.47
11081944 23 -0.44
12081944 23 -0.42
13081944 23 -0.41
14081944 23 -0.41
15081944 23 -0.43
16081944 23 -0.44
17081944 23 -0.46
18081944 23 -0.48
19081944 23 -0.50
20081944 23 -0.51
21081944 23 -0.50
22081944 23 -0.49
23081944 23 -0.48
24081944 23 -0.47
25081944 23 -0.45
26081944 23 -0.44
27081944 23 -0.44
28081944 23 -0.45
29081944 23 -0.46
30081944 23 -0.48
31081944 23 -0.52
01091944 23 -0.55
02091944 23 -0.57
03091944 23 -0.59
04091944 23 -0.59
05091944 23 -0.58
06091944 23 -0.55
07091944 23 -0.51
08091944 23 -0.47
09091944 23 -0.43
10091944 23 -0.41
11091944 23 -0.39
12091944 23 -0.39
13091944 23 -0.41
14091944 23 -0.43
15091944 23 -0.45
16091944 23 -0.47
17091944 23 -0.50
18091944 23 -0.51
19091944 23 -0.52
20091944 23 -0.51
21091944 23 -0.51
22091944 23 -0.49
23091944 23 -0.48
24091944 23 -0.47
25091944 23 -0.45
26091944 23 -0.45
27091944 23 -0.46
28091944 23 -0.48
29091944 23 -0.51
30091944 23 -0.54
01101944 23 -0.56
02101944 23 -0.58
03101944 23 -0.58
04101944 23 -0.57
05101944 23 -0.54
06101944 23 -0.50
07101944 23 -0.46
08101944 23 -0.43
09101944 23 -0.40
10101944 23 -0.39
11101944 23 -0.38
12101944 23 -0.39
13101944 23 -0.41
14101944 23 -0.44
15101944 23 -0.47
16101944 23 -0.50
17101944 23 -0.52
18101944 23 -0.53
19101944 23 -0.53
20101944 23 -0.53
21101944 23 -0.52
22101944 23 -0.50
23101944 23 -0.49
24101944 23 -0.47
25101944 23 -0.46
26101944 23 -0.46
27101944 23 -0.47
28101944 23 -0.49
29101944 23 -0.52
30101944 23 -0.55
31101944 23 -0.56
01111944 23 -0.56
02111944 23 -0.55
03111944 23 -0.53
04111944 23 -0.50
05111944 23 -0.46
06111944 23 -0.43
07111944 23 -0.40
08111944 23 -0.39
09111944 23 -0.38
10111944 23 -0.39
11111944 23 -0.40
12111944 23 -0.43
13111944 23 -0.46
14111944 23 -0.50
15111944 23 -0.53
16111944 23 -0.54
17111944 23 -0.55
18111944 23 -0.55
19111944 23 -0.54
20111944 23 -0.53
21111944 23 -0.50
22111944 23 -0.48
23111944 23 -0.46
24111944 23 -0.45
25111944 23 -0.46
26111944 23 -0.48
27111944 23 -0.50
28111944 23 -0.53
29111944 23 -0.54
30111944 23 -0.54
01121944 23 -0.54
02121944 23 -0.52
03121944 23 -0.49
04121944 23 -0.46
05121944 23 -0.44
06121944 23 -0.41
07121944 23 -0.39
08121944 23 -0.38
09121944 23 -0.39
10121944 23 -0.40
11121944 23 -0.43
12121944 23 -0.47
13121944 23 -0.50
14121944 23 -0.53
15121944 23 -0.56
16121944 23 -0.57
17121944 23 -0.57
18121944 23 -0.56
19121944 23 -0.54
20121944 23 -0.51
21121944 23 -0.49
22121944 23 -0.46
23121944 23 -0.45
24121944 23 -0.45
25121944 23 -0.46
26121944 23 -0.48
27121944 23 -0.50
28121944 23 -0.52
29121944 23 -0.52
30121944 23 -0.52
31121944 23 -0.51
