01011930 23 -0.50
02011930 23 -0.50
03011930 23 -0.49
04011930 23 -0.48
05011930 23 -0.46
06011930 23 -0.45
07011930 23 -0.44
08011930 23 -0.44
09011930 23 -0.45
10011930 23 -0.48
11011930 23 -0.51
12011930 23 -0.54
13011930 23 -0.57
14011930 23 -0.58
15011930 23 -0.58
16011930 23 -0.57
17011930 23 -0.55
18011930 23 -0.52
19011930 23 -0.49
20011930 23 -0.45
21011930 23 -0.42
22011930 23 -0.40
23011930 23 -0.39
24011930 23 -0.40
25011930 23 -0.41
26011930 23 -0.44
27011930 23 -0.46
28011930 23 -0.48
29011930 23 -0.50
30011930 23 -0.51
31011930 23 -0.51
01021930 23 -0.51
02021930 23 -0.50
03021930 23 -0.49
04021930 23 -0.47
05021930 23 -0.46
06021930 23 -0.45
07021930 23 -0.46
08021930 23 -0.48
09021930 23 -0.50
10021930 23 -0.53
11021930 23 -0.55
12021930 23 -0.56
13021930 23 -0.57
14021930 23 -0.56
15021930 23 -0.54
16021930 23 -0.52
17021930 23 -0.49
18021930 23 -0.45
19021930 23 -0.42
20021930 23 -0.40
21021930 23 -0.39
22021930 23 -0.39
23021930 23 -0.40
24021930 23 -0.42
25021930 23 -0.45
26021930 23 -0.48
27021930 23 -0.50
28021930 23 -0.51
01031930 23 -0.52
02031930 23 -0.53
03031930 23 -0.52
04031930 23 -0.51
05031930 23 -0.50
06031930 23 -0.48
07031930 23 -0.47
08031930 23 -0.47
09031930 23 -0.47
10031930 23 -0.49
11031930 23 -0.51
12031930 23 -0.53
13031930 23 -0.54
14031930 23 -0.54
15031930 23 -0.54
16031930 23 -0.53
17031930 23 -0.52
18031930 23 -0.49
19031930 23 -0.46
20031930 23 -0.43
21031930 23 -0.40
22031930 23 -0.39
23031930 23 -0.38
24031930 23 -0.40
25031930 23 -0.42
26031930 23 -0.44
27031930 23 -0.47
28031930 23 -0.50
29031930 23 -0.52
30031930 23 -0.54
31031930 23 -0.55
01041930 23 -0.55
02041930 23 -0.54
03041930 23 -0.52
04041930 23 -0.50
05041930 23 -0.48
06041930 23 -0.47
07041930 23 -0.47
08041930 23 -0.48
09041930 23 -0.49
10041930 23 -0.50
11041930 23 -0.51
12041930 23 -0.52
13041930 23 -0.52
14041930 23 -0.52
15041930 23 -0.51
16041930 23 -0.49
17041930 23 -0.47
18041930 23 -0.44
19041930 23 -0.41
20041930 23 -0.39
21041930 23 -0.39
22041930 23 -0.40
23041930 23 -0.42
24041930 23 -0.44
25041930 23 -0.47
26041930 23 -0.50
27041930 23 -0.53
28041930 23 -0.55
29041930 23 -0.56
30041930 23 -0.57
01051930 23 -0.56
02051930 23 -0.54
03051930 23 -0.52
04051930 23 -0.50
05051930 23 -0.48
06051930 23 -0.46
07051930 23 -0.46
08051930 23 -0.46
09051930 23 -0.47
10051930 23 -0.48
11051930 23 -0.49
12051930 23 -0.50
13051930 23 -0.51
14051930 23 -0.51
15051930 23 -0.49
16051930 23 -0.47
17051930 23 -0.45
18051930 23 -0.43
19051930 23 -0.41
20051930 23 -0.40
21051930 23 -0.41
22051930 23 -0.42
23051930 23 -0.44
24051930 23 -0.47
25051930 23 -0.50
26051930 23 -0.53
27051930 23 -0.55
28051930 23 -0.57
29051930 23 -0.58
30051930 23 -0.57
31051930 23 -0.56
01061930 23 -0.54
02061930 23 -0.51
03061930 23 -0.48
04061930 23 -0.46
05061930 23 -0.44
06061930 23 -0.44
07061930 23 -0.44
08061930 23 -0.46
09061930 23 -0.47
10061930 23 -0.48
11061930 23 -0.50
12061930 23 -0.50
13061930 23 -0.50
14061930 23 -0.48
15061930 23 -0.47
16061930 23 -0.45
17061930 23 -0.43
18061930 23 -0.42
19061930 23 -0.42
20061930 23 -0.43
21061930 23 -0.45
22061930 23 -0.47
23061930 23 -0.49
24061930 23 -0.52
25061930 23 -0.55
26061930 23 -0.57
27061930 23 -0.58
28061930 23 -0.58
29061930 23 -0.57
30061930 23 -0.55
01071930 23 -0.51
02071930 23 -0.48
03071930 23 -0.45
04071930 23 -0.42
05071930 23 -0.41
06071930 23 -0.42
07071930 23 -0.43
08071930 23 -0.45
09071930 23 -0.47
10071930 23 -0.48
11071930 23 -0.49
12071930 23 -0.50
13071930 23 -0.50
14071930 23 -0.49
15071930 23 -0.47
16071930 23 -0.46
17071930 23 -0.45
18071930 23 -0.44
19071930 23 -0.44
20071930 23 -0.45
21071930 23 -0.46
22071930 23 -0.49
23071930 23 -0.51
24071930 23 -0.54
25071930 23 -0.57
26071930 23 -0.58
27071930 23 -0.59
28071930 23 -0.58
29071930 23 -0.55
30071930 23 -0.52
31071930 23 -0.48
01081930 23 -0.44
02081930 23 -0.41
03081930 23 -0.40
04081930 23 -0.40
05081930 23 -0.41
06081930 23 -0.43
07081930 23 -0.45
08081930 23 -0.47
09081930 23 -0.49
10081930 23 -0.51
11081930 23 -0.51
12081930 23 -0.51
13081930 23 -0.50
14081930 23 -0.49
15081930 23 -0.48
16081930 23 -0.46
17081930 23 -0.46
18081930 23 -0.45
19081930 23 -0.46
20081930 23 -0.48
21081930 23 -0.50
22081930 23 -0.53
23081930 23 -0.56
24081930 23 -0.58
25081930 23 -0.58
26081930 23 -0.57
27081930 23 -0.55
28081930 23 -0.51
29081930 23 -0.47
30081930 23 -0.43
31081930 23 -0.40
01091930 23 -0.39
02091930 23 -0.39
03091930 23 -0.39
04091930 23 -0.41
05091930 23 -0.44
06091930 23 -0.46
07091930 23 -0.49
08091930 23 -0.51
09091930 23 -0.53
10091930 23 -0.53
11091930 23 -0.53
12091930 23 -0.52
13091930 23 -0.50
14091930 23 -0.48
15091930 23 -0.47
16091930 23 -0.46
17091930 23 -0.46
18091930 23 -0.47
19091930 23 -0.49
20091930 23 -0.52
21091930 23 -0.54
22091930 23 -0.56
23091930 23 -0.57
24091930 23 -0.56
25091930 23 -0.54
26091930 23 -0.51
27091930 23 -0.47
28091930 23 -0.43
29091930 23 -0.40
30091930 23 -0.39
01101930 23 -0.38
02101930 23 -0.39
03101930 23 -0.40
04101930 23 -0.43
05101930 23 -0.46
06101930 23 -0.49
07101930 23 -0.52
08101930 23 -0.54
09101930 23 -0.55
10101930 23 -0.55
11101930 23 -0.54
12101930 23 -0.52
13101930 23 -0.50
14101930 23 -0.48
15101930 23 -0.46
16101930 23 -0.45
17101930 23 -0.46
18101930 23 -0.48
19101930 23 -0.50
20101930 23 -0.53
21101930 23 -0.54
22101930 23 -0.55
23101930 23 -0.54
24101930 23 -0.53
25101930 23 -0.50
26101930 23 -0.47
27101930 23 -0.44
28101930 23 -0.41
29101930 23 -0.39
30101930 23 -0.38
31101930 23 -0.39
01111930 23 -0.40
02111930 23 -0.43
03111930 23 -0.46
04111930 23 -0.50
05111930 23 -0.53
06111930 23 -0.55
07111930 23 -0.57
08111930 23 -0.57
09111930 23 -0.56
10111930 23 -0.54
11111930 23 -0.52
12111930 23 -0.49
13111930 23 -0.46
14111930 23 -0.45
15111930 23 -0.45
16111930 23 -0.46
17111930 23 -0.48
18111930 23 -0.50
19111930 23 -0.52
20111930 23 -0.53
21111930 23 -0.53
22111930 23 -0.51
23111930 23 -0.50
24111930 23 -0.47
25111930 23 -0.45
26111930 23 -0.42
27111930 23 -0.40
28111930 23 -0.39
29111930 23 -0.39
30111930 23 -0.40
01121930 23 -0.43
02121930 23 -0.46
03121930 23 -0.50
04121930 23 -0.54
05121930 23 -0.56
06121930 23 -0.58
07121930 23 -0.58
08121930 23 -0.57
09121930 23 -0.56
10121930 23 -0.53
11121930 23 -0.49
12121930 23 -0.46
13121930 23 -0.44
14121930 23 -0.44
15121930 23 -0.44
16121930 23 -0.46
17121930 23 -0.48
18121930 23 -0.49
19121930 23 -0.50
20121930 23 -0.51
21121930 23 -0.50
22121930 23 -0.49
23121930 23 -0.48
24121930 23 -0.46
25121930 23 -0.44
26121930 23 -0.42
27121930 23 -0.41
28121930 23 -0.40
29121930 23 -0.41
30121930 23 -0.43
31121930 23 -0.46
