01011992 23 -0.43
02011992 23 -0.45
03011992 23 -0.47
04011992 23 -0.49
05011992 23 -0.50
06011992 23 -0.50
07011992 23 -0.50
08011992 23 -0.49
09011992 23 -0.48
10011992 23 -0.46
11011992 23 -0.45
12011992 23 -0.44
13011992 23 -0.44
14011992 23 -0.45
15011992 23 -0.48
16011992 23 -0.51
17011992 23 -0.54
18011992 23 -0.57
19011992 23 -0.58
20011992 23 -0.58
21011992 23 -0.57
22011992 23 -0.55
23011992 23 -0.52
24011992 23 -0.49
25011992 23 -0.45
26011992 23 -0.42
27011992 23 -0.40
28011992 23 -0.39
29011992 23 -0.40
30011992 23 -0.41
31011992 23 -0.44
01021992 23 -0.46
02021992 23 -0.48
03021992 23 -0.50
04021992 23 -0.51
05021992 23 -0.51
06021992 23 -0.51
07021992 23 -0.50
08021992 23 -0.49
09021992 23 -0.47
10021992 23 -0.46
11021992 23 -0.46
12021992 23 -0.46
13021992 23 -0.48
14021992 23 -0.50
15021992 23 -0.53
16021992 23 -0.55
17021992 23 -0.56
18021992 23 -0.56
19021992 23 -0.56
20021992 23 -0.54
21021992 23 -0.52
22021992 23 -0.49
23021992 23 -0.45
24021992 23 -0.42
25021992 23 -0.40
26021992 23 -0.39
27021992 23 -0.39
28021992 23 -0.40
29021992 23 -0.43
01031992 23 -0.45
02031992 23 -0.48
03031992 23 -0.50
04031992 23 -0.52
05031992 23 -0.53
06031992 23 -0.53
07031992 23 -0.53
08031992 23 -0.52
09031992 23 -0.50
10031992 23 -0.48
11031992 23 -0.47
12031992 23 -0.47
13031992 23 -0.48
14031992 23 -0.49
15031992 23 -0.51
16031992 23 -0.53
17031992 23 -0.54
18031992 23 -0.54
19031992 23 -0.54
20031992 23 -0.53
21031992 23 -0.51
22031992 23 -0.49
23031992 23 -0.46
24031992 23 -0.43
25031992 23 -0.40
26031992 23 -0.39
27031992 23 -0.38
28031992 23 -0.40
29031992 23 -0.42
30031992 23 -0.45
31031992 23 -0.47
01041992 23 -0.50
02041992 23 -0.52
03041992 23 -0.54
04041992 23 -0.55
05041992 23 -0.55
06041992 23 -0.54
07041992 23 -0.52
08041992 23 -0.50
09041992 23 -0.49
10041992 23 -0.47
11041992 23 -0.47
12041992 23 -0.48
13041992 23 -0.49
14041992 23 -0.50
15041992 23 -0.51
16041992 23 -0.52
17041992 23 -0.52
18041992 23 -0.52
19041992 23 -0.51
20041992 23 -0.49
21041992 23 -0.46
22041992 23 -0.43
23041992 23 -0.41
24041992 23 -0.39
25041992 23 -0.39
26041992 23 -0.40
27041992 23 -0.42
28041992 23 -0.44
29041992 23 -0.47
30041992 23 -0.50
01051992 23 -0.53
02051992 23 -0.55
03051992 23 -0.56
04051992 23 -0.57
05051992 23 -0.56
06051992 23 -0.54
07051992 23 -0.52
08051992 23 -0.50
09051992 23 -0.48
10051992 23 -0.46
11051992 23 -0.46
12051992 23 -0.46
13051992 23 -0.47
14051992 23 -0.48
15051992 23 -0.49
16051992 23 -0.50
17051992 23 -0.51
18051992 23 -0.51
19051992 23 -0.49
20051992 23 -0.47
21051992 23 -0.45
22051992 23 -0.43
23051992 23 -0.41
24051992 23 -0.40
25051992 23 -0.41
26051992 23 -0.42
27051992 23 -0.44
28051992 23 -0.47
29051992 23 -0.50
30051992 23 -0.53
31051992 23 -0.55
01061992 23 -0.57
02061992 23 -0.58
03061992 23 -0.58
04061992 23 -0.56
05061992 23 -0.54
06061992 23 -0.51
07061992 23 -0.48
08061992 23 -0.45
09061992 23 -0.44
10061992 23 -0.43
11061992 23 -0.44
12061992 23 -0.45
13061992 23 -0.47
14061992 23 -0.48
15061992 23 -0.50
16061992 23 -0.50
17061992 23 -0.50
18061992 23 -0.48
19061992 23 -0.47
20061992 23 -0.45
21061992 23 -0.43
22061992 23 -0.43
23061992 23 -0.43
24061992 23 -0.43
25061992 23 -0.45
26061992 23 -0.47
27061992 23 -0.49
28061992 23 -0.52
29061992 23 -0.55
30061992 23 -0.57
01071992 23 -0.58
02071992 23 -0.58
03071992 23 -0.57
04071992 23 -0.55
05071992 23 -0.51
06071992 23 -0.48
07071992 23 -0.44
08071992 23 -0.42
09071992 23 -0.41
10071992 23 -0.42
11071992 23 -0.43
12071992 23 -0.45
13071992 23 -0.47
14071992 23 -0.48
15071992 23 -0.49
16071992 23 -0.50
17071992 23 -0.50
18071992 23 -0.49
19071992 23 -0.48
20071992 23 -0.46
21071992 23 -0.45
22071992 23 -0.44
23071992 23 -0.44
24071992 23 -0.45
25071992 23 -0.46
26071992 23 -0.49
27071992 23 -0.52
28071992 23 -0.55
29071992 23 -0.57
30071992 23 -0.58
31071992 23 -0.59
01081992 23 -0.57
02081992 23 -0.55
03081992 23 -0.51
04081992 23 -0.47
05081992 23 -0.44
06081992 23 -0.41
07081992 23 -0.40
08081992 23 -0.40
09081992 23 -0.41
10081992 23 -0.43
11081992 23 -0.45
12081992 23 -0.47
13081992 23 -0.49
14081992 23 -0.51
15081992 23 -0.51
16081992 23 -0.51
17081992 23 -0.50
18081992 23 -0.49
19081992 23 -0.48
20081992 23 -0.46
21081992 23 -0.46
22081992 23 -0.45
23081992 23 -0.46
24081992 23 -0.48
25081992 23 -0.51
26081992 23 -0.54
27081992 23 -0.56
28081992 23 -0.58
29081992 23 -0.58
30081992 23 -0.57
31081992 23 -0.54
01091992 23 -0.51
02091992 23 -0.47
03091992 23 -0.43
04091992 23 -0.40
05091992 23 -0.39
06091992 23 -0.39
07091992 23 -0.40
08091992 23 -0.41
09091992 23 -0.44
10091992 23 -0.47
11091992 23 -0.49
12091992 23 -0.52
13091992 23 -0.53
14091992 23 -0.53
15091992 23 -0.53
16091992 23 -0.52
17091992 23 -0.50
18091992 23 -0.48
19091992 23 -0.47
20091992 23 -0.46
21091992 23 -0.46
22091992 23 -0.47
23091992 23 -0.49
24091992 23 -0.52
25091992 23 -0.55
26091992 23 -0.56
27091992 23 -0.57
28091992 23 -0.56
29091992 23 -0.54
30091992 23 -0.50
01101992 23 -0.46
02101992 23 -0.43
03101992 23 -0.40
04101992 23 -0.39
05101992 23 -0.38
06101992 23 -0.39
07101992 23 -0.40
08101992 23 -0.43
09101992 23 -0.46
10101992 23 -0.50
11101992 23 -0.52
12101992 23 -0.54
13101992 23 -0.55
14101992 23 -0.55
15101992 23 -0.54
16101992 23 -0.52
17101992 23 -0.50
18101992 23 -0.48
19101992 23 -0.46
20101992 23 -0.45
21101992 23 -0.46
22101992 23 -0.48
23101992 23 -0.50
24101992 23 -0.53
25101992 23 -0.54
26101992 23 -0.55
27101992 23 -0.54
28101992 23 -0.52
29101992 23 -0.50
30101992 23 -0.47
31101992 23 -0.43
01111992 23 -0.41
02111992 23 -0.39
03111992 23 -0.38
04111992 23 -0.39
05111992 23 -0.40
06111992 23 -0.43
07111992 23 -0.46
08111992 23 -0.50
09111992 23 -0.53
10111992 23 -0.56
11111992 23 -0.57
12111992 23 -0.57
13111992 23 -0.56
14111992 23 -0.54
15111992 23 -0.52
16111992 23 -0.49
17111992 23 -0.46
18111992 23 -0.45
19111992 23 -0.45
20111992 23 -0.46
21111992 23 -0.48
22111992 23 -0.50
23111992 23 -0.52
24111992 23 -0.53
25111992 23 -0.52
26111992 23 -0.51
27111992 23 -0.49
28111992 23 -0.47
29111992 23 -0.44
30111992 23 -0.42
01121992 23 -0.40
02121992 23 -0.39
03121992 23 -0.39
04121992 23 -0.40
05121992 23 -0.43
06121992 23 -0.46
07121992 23 -0.50
08121992 23 -0.54
09121992 23 -0.56
10121992 23 -0.58
11121992 23 -0.58
12121992 23 -0.57
13121992 23 -0.55
14121992 23 -0.53
15121992 23 -0.49
16121992 23 -0.46
17121992 23 -0.44
18121992 23 -0.44
19121992 23 -0.44
20121992 23 -0.46
21121992 23 -0.48
22121992 23 -0.49
23121992 23 -0.50
24121992 23 -0.51
25121992 23 -0.50
26121992 23 -0.49
27121992 23 -0.48
28121992 23 -0.46
29121992 23 -0.44
30121992 23 -0.42
31121992 23 -0.41
