    DOY     DATE    TRANSPN         WTR_STRESS      OXY_STRESS      
   1.000    01011900  0.00000000E+00  0.00000000E+00  0.64753250E+00
   2.000    02011900  0.00000000E+00  0.00000000E+00  0.56886850E+00
   3.000    03011900  0.47556110E-02  0.00000000E+00  0.65039740E+00
   4.000    04011900  0.85091870E-02  0.00000000E+00  0.65649290E+00
   5.000    05011900  0.38545020E-01  0.00000000E+00  0.85021430E+00
   6.000    06011900  0.47671010E-01  0.00000000E+00  0.89855750E+00
   7.000    07011900  0.48667920E-01  0.00000000E+00  0.90447910E+00
   8.000    08011900  0.11802520E+00  0.00000000E+00  0.54093940E+00
   9.000    09011900  0.18933040E+00  0.00000000E+00  0.90971600E+00
  10.000    10011900  0.21323710E+00  0.00000000E+00  0.92200770E+00
  11.000    11011900  0.23063370E+00  0.00000000E+00  0.94079930E+00
  12.000    12011900  0.24625810E+00  0.00000000E+00  0.94914460E+00
  13.000    13011900  0.26859660E+00  0.00000000E+00  0.94664930E+00
  14.000    14011900  0.29096410E+00  0.00000000E+00  0.94565540E+00
  15.000    15011900  0.31823820E+00  0.00000000E+00  0.94295090E+00
  16.000    16011900  0.35546410E+00  0.00000000E+00  0.94046400E+00
  17.000    17011900  0.37986710E+00  0.00000000E+00  0.94109190E+00
  18.000    18011900  0.45390320E+00  0.00000000E+00  0.94224760E+00
  19.000    19011900  0.56476100E+00  0.00000000E+00  0.94949670E+00
  20.000    20011900  0.61235330E+00  0.00000000E+00  0.96562630E+00
  21.000    21011900  0.66189170E+00  0.00000000E+00  0.96467120E+00
  22.000    22011900  0.78440840E+00  0.00000000E+00  0.96916320E+00
  23.000    23011900  0.82847460E+00  0.00000000E+00  0.96617020E+00
  24.000    24011900  0.93016420E+00  0.00000000E+00  0.96368910E+00
  25.000    25011900  0.11201940E+01  0.00000000E+00  0.96652710E+00
  26.000    26011900  0.12130200E+01  0.00000000E+00  0.96548050E+00
  27.000    27011900  0.12728640E+01  0.00000000E+00  0.96313080E+00
  28.000    28011900  0.13459760E+01  0.00000000E+00  0.96111350E+00
  29.000    29011900  0.14013010E+01  0.00000000E+00  0.96765290E+00
  30.000    30011900  0.14740520E+01  0.00000000E+00  0.96421880E+00
  31.000    31011900  0.15583940E+01  0.00000000E+00  0.96310680E+00
  32.000    01021900  0.16935590E+01  0.00000000E+00  0.96116790E+00
  33.000    02021900  0.18437190E+01  0.00000000E+00  0.96210160E+00
  34.000    03021900  0.20182090E+01  0.00000000E+00  0.96213350E+00
  35.000    04021900  0.21729170E+01  0.00000000E+00  0.96424930E+00
  36.000    05021900  0.23360290E+01  0.00000000E+00  0.96197420E+00
  37.000    06021900  0.26178580E+01  0.00000000E+00  0.96663790E+00
  38.000    07021900  0.28220230E+01  0.00000000E+00  0.96792760E+00
  39.000    08021900  0.30367670E+01  0.00000000E+00  0.96982960E+00
  40.000    09021900  0.32721390E+01  0.00000000E+00  0.97407900E+00
  41.000    10021900  0.35235990E+01  0.00000000E+00  0.98133850E+00
  42.000    11021900  0.36795870E+01  0.00000000E+00  0.99052200E+00
  43.000    12021900  0.38563270E+01  0.00000000E+00  0.99241660E+00
  44.000    13021900  0.40803010E+01  0.00000000E+00  0.99261400E+00
  45.000    14021900  0.42873200E+01  0.00000000E+00  0.99278790E+00
  46.000    15021900  0.45556940E+01  0.00000000E+00  0.99287880E+00
  47.000    16021900  0.48170390E+01  0.00000000E+00  0.99294430E+00
  48.000    17021900  0.50889830E+01  0.00000000E+00  0.99257750E+00
  49.000    18021900  0.53335920E+01  0.00000000E+00  0.99346270E+00
  50.000    19021900  0.55783350E+01  0.00000000E+00  0.99361800E+00
  51.000    20021900  0.57766810E+01  0.00000000E+00  0.99354390E+00
  52.000    21021900  0.59898230E+01  0.00000000E+00  0.99338020E+00
  53.000    22021900  0.63857360E+01  0.00000000E+00  0.99353510E+00
  54.000    23021900  0.66846360E+01  0.00000000E+00  0.99365030E+00
  55.000    24021900  0.69143730E+01  0.00000000E+00  0.99317900E+00
  56.000    25021900  0.71711420E+01  0.00000000E+00  0.99303100E+00
  57.000    26021900  0.79105050E+01  0.00000000E+00  0.99335130E+00
  58.000    27021900  0.83717080E+01  0.00000000E+00  0.99334850E+00
  59.000    28021900  0.86699070E+01  0.00000000E+00  0.99246940E+00
  60.000    29021900  0.95579180E+01  0.00000000E+00  0.99261660E+00
  61.000    01031900  0.10405550E+02  0.00000000E+00  0.99302630E+00
  62.000    02031900  0.11309900E+02  0.00000000E+00  0.99299500E+00
  63.000    03031900  0.11731370E+02  0.00000000E+00  0.99244870E+00
  64.000    04031900  0.12094770E+02  0.00000000E+00  0.99235780E+00
  65.000    05031900  0.12522430E+02  0.00000000E+00  0.99148590E+00
  66.000    06031900  0.12981840E+02  0.00000000E+00  0.99125620E+00
  67.000    07031900  0.13567650E+02  0.00000000E+00  0.99117060E+00
  68.000    08031900  0.13929330E+02  0.00000000E+00  0.99100550E+00
  69.000    09031900  0.14197250E+02  0.00000000E+00  0.99102520E+00
  70.000    10031900  0.14599140E+02  0.00000000E+00  0.98996210E+00
  71.000    11031900  0.15329700E+02  0.00000000E+00  0.98943290E+00
  72.000    12031900  0.16344520E+02  0.00000000E+00  0.99098310E+00
  73.000    13031900  0.17430940E+02  0.00000000E+00  0.99077320E+00
  74.000    14031900  0.18288830E+02  0.00000000E+00  0.99046640E+00
  75.000    15031900  0.19399420E+02  0.00000000E+00  0.99060390E+00
  76.000    16031900  0.20472460E+02  0.00000000E+00  0.99074650E+00
  77.000    17031900  0.20897430E+02  0.00000000E+00  0.99023390E+00
  78.000    18031900  0.21418890E+02  0.00000000E+00  0.98920170E+00
  79.000    19031900  0.22294740E+02  0.00000000E+00  0.99176460E+00
  80.000    20031900  0.23328000E+02  0.00000000E+00  0.98832760E+00
  81.000    21031900  0.24345050E+02  0.00000000E+00  0.99410440E+00
  82.000    22031900  0.24891190E+02  0.00000000E+00  0.99387440E+00
  83.000    23031900  0.25865170E+02  0.00000000E+00  0.99409400E+00
  84.000    24031900  0.26579420E+02  0.00000000E+00  0.99408590E+00
  85.000    25031900  0.27256610E+02  0.00000000E+00  0.99391380E+00
  86.000    26031900  0.28114780E+02  0.00000000E+00  0.99363410E+00
  87.000    27031900  0.28997930E+02  0.00000000E+00  0.99341360E+00
  88.000    28031900  0.30058210E+02  0.00000000E+00  0.99326100E+00
  89.000    29031900  0.31073940E+02  0.00000000E+00  0.99313590E+00
  90.000    30031900  0.31877000E+02  0.00000000E+00  0.99375740E+00
  91.000    31031900  0.32503970E+02  0.00000000E+00  0.99374320E+00
  92.000    01041900  0.33041240E+02  0.00000000E+00  0.99395170E+00
  93.000    02041900  0.33664740E+02  0.00000000E+00  0.99392060E+00
  94.000    03041900  0.34233740E+02  0.00000000E+00  0.99395270E+00
  95.000    04041900  0.34964190E+02  0.00000000E+00  0.99357400E+00
  96.000    05041900  0.35488960E+02  0.00000000E+00  0.99283750E+00
  97.000    06041900  0.36465400E+02  0.00000000E+00  0.99361610E+00
  98.000    07041900  0.37274680E+02  0.00000000E+00  0.99374770E+00
  99.000    08041900  0.38359270E+02  0.00000000E+00  0.99310350E+00
 100.000    09041900  0.38903570E+02  0.00000000E+00  0.99370290E+00
 101.000    10041900  0.39549910E+02  0.00000000E+00  0.99395730E+00
 102.000    11041900  0.40327390E+02  0.00000000E+00  0.99401550E+00
 103.000    12041900  0.41203300E+02  0.00000000E+00  0.99372690E+00
 104.000    13041900  0.42073320E+02  0.00000000E+00  0.99383090E+00
 105.000    14041900  0.42740450E+02  0.00000000E+00  0.99399090E+00
 106.000    15041900  0.43783790E+02  0.00000000E+00  0.99414640E+00
 107.000    16041900  0.44626460E+02  0.00000000E+00  0.99404640E+00
 108.000    17041900  0.45205930E+02  0.00000000E+00  0.99404400E+00
 109.000    18041900  0.45854710E+02  0.00000000E+00  0.99386950E+00
 110.000    19041900  0.46621930E+02  0.00000000E+00  0.99384940E+00
 111.000    20041900  0.48027520E+02  0.00000000E+00  0.99370780E+00
 112.000    21041900  0.49476790E+02  0.00000000E+00  0.99360530E+00
 113.000    22041900  0.50967130E+02  0.00000000E+00  0.99372750E+00
 114.000    23041900  0.52000250E+02  0.00000000E+00  0.99384980E+00
 115.000    24041900  0.53051550E+02  0.00000000E+00  0.99383260E+00
 116.000    25041900  0.54059040E+02  0.00000000E+00  0.99388820E+00
 117.000    26041900  0.55295850E+02  0.00000000E+00  0.99360450E+00
 118.000    27041900  0.56142690E+02  0.00000000E+00  0.99370540E+00
 119.000    28041900  0.57192250E+02  0.00000000E+00  0.99371310E+00
 120.000    29041900  0.58170500E+02  0.00000000E+00  0.99389130E+00
 121.000    30041900  0.59339820E+02  0.00000000E+00  0.99382130E+00
 122.000    01051900  0.60630910E+02  0.00000000E+00  0.99375180E+00
 123.000    02051900  0.61454210E+02  0.00000000E+00  0.99380160E+00
 124.000    03051900  0.62817500E+02  0.00000000E+00  0.99368200E+00
 125.000    04051900  0.63658540E+02  0.00000000E+00  0.99381020E+00
 126.000    05051900  0.64646440E+02  0.00000000E+00  0.99375220E+00
 127.000    06051900  0.66272550E+02  0.00000000E+00  0.99355940E+00
 128.000    07051900  0.67489940E+02  0.00000000E+00  0.99349270E+00
 129.000    08051900  0.68529660E+02  0.00000000E+00  0.99356080E+00
 130.000    09051900  0.69835030E+02  0.00000000E+00  0.99367040E+00
 131.000    10051900  0.71561620E+02  0.00000000E+00  0.99308760E+00
 132.000    11051900  0.73588290E+02  0.00000000E+00  0.99351930E+00
 133.000    12051900  0.75069240E+02  0.00000000E+00  0.99355230E+00
 134.000    13051900  0.76227420E+02  0.00000000E+00  0.99358770E+00
 135.000    14051900  0.77527650E+02  0.00000000E+00  0.99361470E+00
 136.000    15051900  0.78771350E+02  0.00000000E+00  0.99345160E+00
 137.000    16051900  0.79889910E+02  0.00000000E+00  0.99348850E+00
 138.000    17051900  0.80777500E+02  0.00000000E+00  0.99352610E+00
 139.000    18051900  0.81694230E+02  0.00000000E+00  0.99360550E+00
 140.000    19051900  0.82522300E+02  0.00000000E+00  0.99364750E+00
 141.000    20051900  0.83916500E+02  0.00000000E+00  0.99356820E+00
 142.000    21051900  0.84761560E+02  0.00000000E+00  0.99352470E+00
 143.000    22051900  0.85651090E+02  0.00000000E+00  0.99361020E+00
 144.000    23051900  0.86241120E+02  0.00000000E+00  0.99363100E+00
 145.000    24051900  0.87285100E+02  0.00000000E+00  0.99347890E+00
 146.000    25051900  0.88407910E+02  0.00000000E+00  0.99355160E+00
 147.000    26051900  0.90347340E+02  0.00000000E+00  0.99303940E+00
 148.000    27051900  0.92880680E+02  0.00000000E+00  0.99287240E+00
 149.000    28051900  0.94804800E+02  0.00000000E+00  0.99344990E+00
 150.000    29051900  0.96005380E+02  0.00000000E+00  0.99365990E+00
 151.000    30051900  0.97322540E+02  0.00000000E+00  0.99365650E+00
 152.000    31051900  0.99241890E+02  0.00000000E+00  0.99346600E+00
 153.000    01061900  0.10202870E+03  0.00000000E+00  0.99289100E+00
 154.000    02061900  0.10422950E+03  0.00000000E+00  0.99313910E+00
 155.000    03061900  0.10593120E+03  0.00000000E+00  0.99328660E+00
 156.000    04061900  0.10761520E+03  0.00000000E+00  0.99342170E+00
 157.000    05061900  0.10896690E+03  0.00000000E+00  0.99333150E+00
 158.000    06061900  0.11053030E+03  0.00000000E+00  0.99332710E+00
 159.000    07061900  0.11224540E+03  0.00000000E+00  0.97743970E+00
 160.000    08061900  0.11378480E+03  0.00000000E+00  0.95191400E+00
 161.000    09061900  0.11567400E+03  0.00000000E+00  0.94986780E+00
 162.000    10061900  0.11764280E+03  0.00000000E+00  0.92356870E+00
 163.000    11061900  0.11989920E+03  0.00000000E+00  0.90988760E+00
 164.000    12061900  0.12190950E+03  0.00000000E+00  0.89928270E+00
 165.000    13061900  0.12384330E+03  0.00000000E+00  0.89245410E+00
 166.000    14061900  0.12554830E+03  0.00000000E+00  0.88432250E+00
 167.000    15061900  0.12745990E+03  0.00000000E+00  0.87938830E+00
 168.000    16061900  0.12937800E+03  0.00000000E+00  0.91134760E+00
 169.000    17061900  0.13109020E+03  0.00000000E+00  0.88539760E+00
 170.000    18061900  0.13238030E+03  0.00000000E+00  0.88692650E+00
 171.000    19061900  0.13370810E+03  0.00000000E+00  0.88713810E+00
 172.000    20061900  0.13525480E+03  0.00000000E+00  0.89298840E+00
 173.000    21061900  0.13747650E+03  0.00000000E+00  0.89648070E+00
 174.000    22061900  0.14021660E+03  0.00000000E+00  0.89914800E+00
 175.000    23061900  0.14210180E+03  0.00000000E+00  0.88482640E+00
 176.000    24061900  0.14356810E+03  0.00000000E+00  0.99298280E+00
 177.000    25061900  0.14501730E+03  0.00000000E+00  0.99305390E+00
 178.000    26061900  0.14616590E+03  0.00000000E+00  0.99316630E+00
 179.000    27061900  0.14744540E+03  0.00000000E+00  0.99321080E+00
 180.000    28061900  0.14901710E+03  0.00000000E+00  0.99308340E+00
 181.000    29061900  0.15086980E+03  0.00000000E+00  0.99302210E+00
 182.000    30061900  0.15199390E+03  0.00000000E+00  0.99312950E+00
 183.000    01071900  0.15288730E+03  0.00000000E+00  0.99313840E+00
 184.000    02071900  0.15401080E+03  0.00000000E+00  0.99315400E+00
 185.000    03071900  0.15507450E+03  0.00000000E+00  0.99302130E+00
 186.000    04071900  0.15607020E+03  0.00000000E+00  0.99284180E+00
 187.000    05071900  0.15709280E+03  0.00000000E+00  0.99271530E+00
 188.000    06071900  0.15803450E+03  0.00000000E+00  0.99285330E+00
 189.000    07071900  0.15880030E+03  0.00000000E+00  0.99289750E+00
 190.000    08071900  0.15957340E+03  0.00000000E+00  0.99279280E+00
 191.000    09071900  0.16024090E+03  0.00000000E+00  0.99292360E+00
 192.000    10071900  0.16074430E+03  0.00000000E+00  0.99288010E+00
 193.000    11071900  0.16114890E+03  0.00000000E+00  0.99284620E+00
 194.000    12071900  0.16145960E+03  0.00000000E+00  0.99270580E+00
 195.000    13071900  0.16164030E+03  0.00000000E+00  0.99285560E+00
 196.000    14071900  0.16178580E+03  0.00000000E+00  0.99288600E+00
 197.000    15071900  0.16192770E+03  0.00000000E+00  0.99287580E+00
 198.000    16071900  0.16204390E+03  0.00000000E+00  0.99288780E+00
 199.000    17071900  0.16218230E+03  0.00000000E+00  0.99280720E+00
 200.000    18071900  0.16260160E+03  0.00000000E+00  0.99283410E+00
 201.000    19071900  0.16290140E+03  0.00000000E+00  0.99272220E+00
 202.000    20071900  0.16305150E+03  0.00000000E+00  0.99253180E+00
 203.000    21071900  0.16319400E+03  0.00000000E+00  0.99259940E+00
 204.000    22071900  0.16332310E+03  0.00000000E+00  0.99266420E+00
 205.000    23071900  0.16344640E+03  0.00000000E+00  0.99263450E+00
 206.000    24071900  0.16357900E+03  0.00000000E+00  0.99267930E+00
 207.000    25071900  0.16396110E+03  0.00000000E+00  0.99267730E+00
 208.000    26071900  0.16396110E+03  0.00000000E+00  0.00000000E+00
 209.000    27071900  0.16396110E+03  0.00000000E+00  0.00000000E+00
 210.000    28071900  0.16396110E+03  0.00000000E+00  0.00000000E+00
 211.000    29071900  0.16396110E+03  0.00000000E+00  0.00000000E+00
 212.000    30071900  0.16396110E+03  0.00000000E+00  0.00000000E+00
 213.000    31071900  0.16396110E+03  0.00000000E+00  0.00000000E+00
 214.000    01081900  0.16396110E+03  0.00000000E+00  0.00000000E+00
 215.000    02081900  0.16396110E+03  0.00000000E+00  0.00000000E+00
 216.000    03081900  0.16396110E+03  0.00000000E+00  0.00000000E+00
 217.000    04081900  0.16396110E+03  0.00000000E+00  0.00000000E+00
 218.000    05081900  0.16396110E+03  0.00000000E+00  0.00000000E+00
 219.000    06081900  0.16396110E+03  0.00000000E+00  0.00000000E+00
 220.000    07081900  0.16396110E+03  0.00000000E+00  0.00000000E+00
 221.000    08081900  0.16396110E+03  0.00000000E+00  0.00000000E+00
 222.000    09081900  0.16396110E+03  0.00000000E+00  0.00000000E+00
 223.000    10081900  0.16396110E+03  0.00000000E+00  0.00000000E+00
 224.000    11081900  0.16396110E+03  0.00000000E+00  0.00000000E+00
 225.000    12081900  0.16396110E+03  0.00000000E+00  0.00000000E+00
 226.000    13081900  0.16396110E+03  0.00000000E+00  0.00000000E+00
 227.000    14081900  0.16396110E+03  0.00000000E+00  0.00000000E+00
 228.000    15081900  0.16396110E+03  0.00000000E+00  0.00000000E+00
 229.000    16081900  0.16396110E+03  0.00000000E+00  0.00000000E+00
 230.000    17081900  0.16396110E+03  0.00000000E+00  0.00000000E+00
 231.000    18081900  0.16396110E+03  0.00000000E+00  0.00000000E+00
 232.000    19081900  0.16396110E+03  0.00000000E+00  0.00000000E+00
 233.000    20081900  0.16396110E+03  0.00000000E+00  0.00000000E+00
 234.000    21081900  0.16396110E+03  0.00000000E+00  0.00000000E+00
 235.000    22081900  0.16396110E+03  0.00000000E+00  0.00000000E+00
 236.000    23081900  0.16396110E+03  0.00000000E+00  0.00000000E+00
 237.000    24081900  0.16396110E+03  0.00000000E+00  0.00000000E+00
 238.000    25081900  0.16396110E+03  0.00000000E+00  0.00000000E+00
 239.000    26081900  0.16396110E+03  0.00000000E+00  0.00000000E+00
 240.000    27081900  0.16396110E+03  0.00000000E+00  0.00000000E+00
 241.000    28081900  0.16396110E+03  0.00000000E+00  0.00000000E+00
 242.000    29081900  0.16396110E+03  0.00000000E+00  0.00000000E+00
 243.000    30081900  0.16396110E+03  0.00000000E+00  0.00000000E+00
 244.000    31081900  0.16396110E+03  0.00000000E+00  0.00000000E+00
 245.000    01091900  0.16396110E+03  0.00000000E+00  0.00000000E+00
 246.000    02091900  0.16396110E+03  0.00000000E+00  0.00000000E+00
 247.000    03091900  0.16396110E+03  0.00000000E+00  0.00000000E+00
 248.000    04091900  0.16396110E+03  0.00000000E+00  0.00000000E+00
 249.000    05091900  0.16396110E+03  0.00000000E+00  0.00000000E+00
 250.000    06091900  0.16396110E+03  0.00000000E+00  0.00000000E+00
 251.000    07091900  0.16396110E+03  0.00000000E+00  0.00000000E+00
 252.000    08091900  0.16396110E+03  0.00000000E+00  0.00000000E+00
 253.000    09091900  0.16396110E+03  0.00000000E+00  0.00000000E+00
 254.000    10091900  0.16396110E+03  0.00000000E+00  0.00000000E+00
 255.000    11091900  0.16396110E+03  0.00000000E+00  0.00000000E+00
 256.000    12091900  0.16396110E+03  0.00000000E+00  0.00000000E+00
 257.000    13091900  0.16396110E+03  0.00000000E+00  0.00000000E+00
 258.000    14091900  0.16396110E+03  0.00000000E+00  0.00000000E+00
 259.000    15091900  0.16396110E+03  0.00000000E+00  0.00000000E+00
 260.000    16091900  0.16396110E+03  0.00000000E+00  0.00000000E+00
 261.000    17091900  0.16396110E+03  0.00000000E+00  0.00000000E+00
 262.000    18091900  0.16396110E+03  0.00000000E+00  0.00000000E+00
 263.000    19091900  0.16396110E+03  0.00000000E+00  0.00000000E+00
 264.000    20091900  0.16396110E+03  0.00000000E+00  0.00000000E+00
 265.000    21091900  0.16396110E+03  0.00000000E+00  0.00000000E+00
 266.000    22091900  0.16396110E+03  0.00000000E+00  0.00000000E+00
 267.000    23091900  0.16396110E+03  0.00000000E+00  0.00000000E+00
 268.000    24091900  0.16396110E+03  0.00000000E+00  0.00000000E+00
 269.000    25091900  0.16396110E+03  0.00000000E+00  0.00000000E+00
 270.000    26091900  0.16396110E+03  0.00000000E+00  0.00000000E+00
 271.000    27091900  0.16396110E+03  0.00000000E+00  0.00000000E+00
 272.000    28091900  0.16396110E+03  0.00000000E+00  0.00000000E+00
 273.000    29091900  0.16396110E+03  0.00000000E+00  0.00000000E+00
 274.000    30091900  0.16396110E+03  0.00000000E+00  0.00000000E+00
 275.000    01101900  0.16396110E+03  0.00000000E+00  0.00000000E+00
 276.000    02101900  0.16396110E+03  0.00000000E+00  0.00000000E+00
 277.000    03101900  0.16396110E+03  0.00000000E+00  0.00000000E+00
 278.000    04101900  0.16396110E+03  0.00000000E+00  0.00000000E+00
 279.000    05101900  0.16396110E+03  0.00000000E+00  0.00000000E+00
 280.000    06101900  0.16396110E+03  0.00000000E+00  0.00000000E+00
 281.000    07101900  0.16396110E+03  0.00000000E+00  0.00000000E+00
 282.000    08101900  0.16396110E+03  0.00000000E+00  0.00000000E+00
 283.000    09101900  0.16396110E+03  0.00000000E+00  0.00000000E+00
 284.000    10101900  0.16396110E+03  0.00000000E+00  0.00000000E+00
 285.000    11101900  0.16396110E+03  0.00000000E+00  0.00000000E+00
 286.000    12101900  0.16396110E+03  0.00000000E+00  0.00000000E+00
 287.000    13101900  0.16396110E+03  0.00000000E+00  0.00000000E+00
 288.000    14101900  0.16396110E+03  0.00000000E+00  0.00000000E+00
 289.000    15101900  0.16396110E+03  0.00000000E+00  0.00000000E+00
 290.000    16101900  0.16396110E+03  0.00000000E+00  0.00000000E+00
 291.000    17101900  0.16396110E+03  0.00000000E+00  0.00000000E+00
 292.000    18101900  0.16396110E+03  0.00000000E+00  0.00000000E+00
 293.000    19101900  0.16396110E+03  0.00000000E+00  0.00000000E+00
 294.000    20101900  0.16396110E+03  0.00000000E+00  0.00000000E+00
 295.000    21101900  0.16396110E+03  0.00000000E+00  0.00000000E+00
 296.000    22101900  0.16396110E+03  0.00000000E+00  0.00000000E+00
 297.000    23101900  0.16396110E+03  0.00000000E+00  0.00000000E+00
 298.000    24101900  0.16396110E+03  0.00000000E+00  0.00000000E+00
 299.000    25101900  0.16396110E+03  0.00000000E+00  0.00000000E+00
 300.000    26101900  0.16396110E+03  0.00000000E+00  0.00000000E+00
 301.000    27101900  0.16396110E+03  0.00000000E+00  0.00000000E+00
 302.000    28101900  0.16396110E+03  0.00000000E+00  0.00000000E+00
 303.000    29101900  0.16396110E+03  0.00000000E+00  0.00000000E+00
 304.000    30101900  0.16396110E+03  0.00000000E+00  0.00000000E+00
 305.000    31101900  0.16396110E+03  0.00000000E+00  0.00000000E+00
 306.000    01111900  0.16396110E+03  0.00000000E+00  0.00000000E+00
 307.000    02111900  0.16396110E+03  0.00000000E+00  0.00000000E+00
 308.000    03111900  0.16396110E+03  0.00000000E+00  0.00000000E+00
 309.000    04111900  0.16396110E+03  0.00000000E+00  0.00000000E+00
 310.000    05111900  0.16396110E+03  0.00000000E+00  0.00000000E+00
 311.000    06111900  0.16396110E+03  0.00000000E+00  0.00000000E+00
 312.000    07111900  0.16396110E+03  0.00000000E+00  0.00000000E+00
 313.000    08111900  0.16396110E+03  0.00000000E+00  0.00000000E+00
 314.000    09111900  0.16396110E+03  0.00000000E+00  0.00000000E+00
 315.000    10111900  0.16396110E+03  0.00000000E+00  0.00000000E+00
 316.000    11111900  0.16396110E+03  0.00000000E+00  0.00000000E+00
 317.000    12111900  0.16396110E+03  0.00000000E+00  0.00000000E+00
 318.000    13111900  0.16396110E+03  0.00000000E+00  0.00000000E+00
 319.000    14111900  0.16396110E+03  0.00000000E+00  0.00000000E+00
 320.000    15111900  0.16396110E+03  0.00000000E+00  0.00000000E+00
 321.000    16111900  0.16396110E+03  0.00000000E+00  0.00000000E+00
 322.000    17111900  0.16396110E+03  0.00000000E+00  0.00000000E+00
 323.000    18111900  0.16396110E+03  0.00000000E+00  0.00000000E+00
 324.000    19111900  0.16396110E+03  0.00000000E+00  0.00000000E+00
 325.000    20111900  0.16396110E+03  0.00000000E+00  0.00000000E+00
 326.000    21111900  0.16396110E+03  0.00000000E+00  0.00000000E+00
 327.000    22111900  0.16396110E+03  0.00000000E+00  0.00000000E+00
 328.000    23111900  0.16396110E+03  0.00000000E+00  0.00000000E+00
 329.000    24111900  0.16396110E+03  0.00000000E+00  0.00000000E+00
 330.000    25111900  0.16396110E+03  0.00000000E+00  0.00000000E+00
 331.000    26111900  0.16396110E+03  0.00000000E+00  0.00000000E+00
 332.000    27111900  0.16396110E+03  0.00000000E+00  0.00000000E+00
 333.000    28111900  0.16396110E+03  0.00000000E+00  0.00000000E+00
 334.000    29111900  0.16396110E+03  0.00000000E+00  0.00000000E+00
 335.000    30111900  0.16396110E+03  0.00000000E+00  0.00000000E+00
 336.000    01121900  0.16396110E+03  0.00000000E+00  0.00000000E+00
 337.000    02121900  0.16396110E+03  0.00000000E+00  0.00000000E+00
 338.000    03121900  0.16396110E+03  0.00000000E+00  0.00000000E+00
 339.000    04121900  0.16396110E+03  0.00000000E+00  0.00000000E+00
 340.000    05121900  0.16396110E+03  0.00000000E+00  0.00000000E+00
 341.000    06121900  0.16396110E+03  0.00000000E+00  0.00000000E+00
 342.000    07121900  0.16396110E+03  0.00000000E+00  0.00000000E+00
 343.000    08121900  0.16396110E+03  0.00000000E+00  0.00000000E+00
 344.000    09121900  0.16396110E+03  0.00000000E+00  0.00000000E+00
 345.000    10121900  0.16396110E+03  0.00000000E+00  0.00000000E+00
 346.000    11121900  0.16396110E+03  0.00000000E+00  0.00000000E+00
 347.000    12121900  0.16396110E+03  0.00000000E+00  0.00000000E+00
 348.000    13121900  0.16396110E+03  0.00000000E+00  0.00000000E+00
 349.000    14121900  0.16396110E+03  0.00000000E+00  0.00000000E+00
 350.000    15121900  0.16396110E+03  0.00000000E+00  0.00000000E+00
 351.000    16121900  0.16396110E+03  0.00000000E+00  0.00000000E+00
 352.000    17121900  0.16396110E+03  0.00000000E+00  0.00000000E+00
 353.000    18121900  0.16396110E+03  0.00000000E+00  0.00000000E+00
 354.000    19121900  0.16396110E+03  0.00000000E+00  0.00000000E+00
 355.000    20121900  0.16396110E+03  0.00000000E+00  0.00000000E+00
 356.000    21121900  0.16396110E+03  0.00000000E+00  0.00000000E+00
 357.000    22121900  0.16396110E+03  0.00000000E+00  0.00000000E+00
 358.000    23121900  0.16396110E+03  0.00000000E+00  0.00000000E+00
 359.000    24121900  0.16396110E+03  0.00000000E+00  0.00000000E+00
 360.000    25121900  0.16396110E+03  0.00000000E+00  0.00000000E+00
 361.000    26121900  0.16396110E+03  0.00000000E+00  0.00000000E+00
 362.000    27121900  0.16396110E+03  0.00000000E+00  0.00000000E+00
 363.000    28121900  0.16396110E+03  0.00000000E+00  0.00000000E+00
 364.000    29121900  0.16396110E+03  0.00000000E+00  0.00000000E+00
 365.000    30121900  0.16396110E+03  0.00000000E+00  0.00000000E+00
 366.000    31121900  0.16396110E+03  0.00000000E+00  0.00000000E+00
