    DOY     DATE    GROWTH_STG      BRANCH_NO.      NODE_NO.        RUB_ACTVN       LEAF_N/C        LEAF_P/C        MIN_LWP         O2_STRESS       TEMP_STRESS     
   1.000    01011900  EMERGENCE                    1  0.51364140E-01  0.96719250E+00  0.41780510E-01  0.41764750E-02 -0.12755460E-01  0.64753250E+00  0.32634000E+00  0.00000000E+00  0.00000000E+00
   2.000    02011900  EMERGENCE                    1  0.12382420E+00  0.94118270E+00  0.39895620E-01  0.40270480E-02 -0.14946880E-01  0.56886850E+00  0.33621970E+00  0.00000000E+00  0.00000000E+00
   3.000    03011900  EMERGENCE                    1  0.19543210E+00  0.92856630E+00  0.42164110E-01  0.43095730E-02 -0.19269420E+00  0.65039740E+00  0.38966360E+00  0.00000000E+00  0.00000000E+00
   4.000    04011900  EMERGENCE                    1  0.29027140E+00  0.91740290E+00  0.47521020E-01  0.49290320E-02 -0.28279390E+00  0.65649290E+00  0.47240230E+00  0.00000000E+00  0.00000000E+00
   5.000    05011900  EMERGENCE                    1  0.38936250E+00  0.91318410E+00  0.52880880E-01  0.55962370E-02 -0.10944560E+00  0.85021430E+00  0.38792310E+00  0.00000000E+00  0.00000000E+00
   6.000    06011900  EMERGENCE                    1  0.47644170E+00  0.91634820E+00  0.60857230E-01  0.66558760E-02 -0.53485110E-01  0.89855750E+00  0.33259390E+00  0.00000000E+00  0.00000000E+00
   7.000    07011900  EMERGENCE                    1  0.55267070E+00  0.92473610E+00  0.69780280E-01  0.79016590E-02 -0.94385700E-01  0.90447910E+00  0.32551940E+00  0.00000000E+00  0.00000000E+00
   8.000    08011900  EMERGENCE                    1  0.64192040E+00  0.93283910E+00  0.78658980E-01  0.91922570E-02 -0.49788240E-01  0.54093940E+00  0.43787180E+00  0.00000000E+00  0.00000000E+00
   9.000    09011900  EMERGENCE                    1  0.73339570E+00  0.93996960E+00  0.85251950E-01  0.10196290E-01 -0.63732790E-01  0.90971600E+00  0.35576450E+00  0.00000000E+00  0.00000000E+00
  10.000    10011900  EMERGENCE                    1  0.82305210E+00  0.94537200E+00  0.89817640E-01  0.10989830E-01 -0.12542280E+00  0.92200770E+00  0.42045150E+00  0.00000000E+00  0.00000000E+00
  11.000    11011900  EMERGENCE                    1  0.92255100E+00  0.95068010E+00  0.94315650E-01  0.11850440E-01 -0.21246860E+00  0.94079930E+00  0.38249300E+00  0.00000000E+00  0.00000000E+00
  12.000    12011900  EMERGENCE                    1  0.10090580E+01  0.95610720E+00  0.99777250E-01  0.12887500E-01 -0.20673770E+00  0.94914460E+00  0.28178830E+00  0.00000000E+00  0.00000000E+00
  13.000    13011900  EMERGENCE                    1  0.10951280E+01  0.96036200E+00  0.10508770E+00  0.13920090E-01 -0.29798590E+00  0.94664930E+00  0.31644050E+00  0.00000000E+00  0.00000000E+00
  14.000    14011900  EMERGENCE                    1  0.11815000E+01  0.96395680E+00  0.11037530E+00  0.14955360E-01 -0.29315200E+00  0.94565540E+00  0.34016120E+00  0.00000000E+00  0.00000000E+00
  15.000    15011900  EMERGENCE                    1  0.12704310E+01  0.96679690E+00  0.11506930E+00  0.15912350E-01 -0.25328680E+00  0.94295090E+00  0.38003530E+00  0.00000000E+00  0.00000000E+00
  16.000    16011900  EMERGENCE                    1  0.13710430E+01  0.96949340E+00  0.11939130E+00  0.16801800E-01 -0.20559200E+00  0.94046400E+00  0.39650640E+00  0.00000000E+00  0.00000000E+00
  17.000    17011900  EMERGENCE                    1  0.14683000E+01  0.97066100E+00  0.12221560E+00  0.17477260E-01 -0.20710020E+00  0.94109190E+00  0.35590250E+00  0.00000000E+00  0.00000000E+00
  18.000    18011900  EMERGENCE                    1  0.15630340E+01  0.97190780E+00  0.12511700E+00  0.18139150E-01 -0.30919690E+00  0.94224760E+00  0.34601670E+00  0.00000000E+00  0.00000000E+00
  19.000    19011900  EMERGENCE                    1  0.16449470E+01  0.97169160E+00  0.12629420E+00  0.18516140E-01 -0.32918090E+00  0.94949670E+00  0.23455300E+00  0.00000000E+00  0.00000000E+00
  20.000    20011900  EMERGENCE                    1  0.17167220E+01  0.97166100E+00  0.12750950E+00  0.18847700E-01 -0.48095250E+00  0.96562630E+00  0.21918690E+00  0.00000000E+00  0.00000000E+00
  21.000    21011900  EMERGENCE                    1  0.17931390E+01  0.97270600E+00  0.12967150E+00  0.19240220E-01 -0.23486170E+00  0.96467120E+00  0.37032320E+00  0.00000000E+00  0.00000000E+00
  22.000    22011900  EMERGENCE                    1  0.18860890E+01  0.97325360E+00  0.13057520E+00  0.19359490E-01 -0.22274100E+00  0.96916320E+00  0.35572480E+00  0.00000000E+00  0.00000000E+00
  23.000    23011900  EMERGENCE                    1  0.19752810E+01  0.97337950E+00  0.13128720E+00  0.19405650E-01 -0.23105740E+00  0.96617020E+00  0.27683350E+00  0.00000000E+00  0.00000000E+00
  24.000    24011900  EMERGENCE                    1  0.20555940E+01  0.97323880E+00  0.13211720E+00  0.19453300E-01 -0.27430910E+00  0.96368910E+00  0.32637340E+00  0.00000000E+00  0.00000000E+00
  25.000    25011900  EMERGENCE                    1  0.21342610E+01  0.97237000E+00  0.13202090E+00  0.19408940E-01 -0.16891220E+00  0.96652710E+00  0.24923490E+00  0.00000000E+00  0.00000000E+00
  26.000    26011900  EMERGENCE                    1  0.22083980E+01  0.97250930E+00  0.13313270E+00  0.19551920E-01 -0.27420960E+00  0.96548050E+00  0.30253130E+00  0.00000000E+00  0.00000000E+00
  27.000    27011900  EMERGENCE                    1  0.22967460E+01  0.97258940E+00  0.13336810E+00  0.19528960E-01 -0.35929650E+00  0.96313080E+00  0.30914450E+00  0.00000000E+00  0.00000000E+00
  28.000    28011900  EMERGENCE                    1  0.23915520E+01  0.97247740E+00  0.13316900E+00  0.19410770E-01 -0.45244980E+00  0.96111350E+00  0.33792070E+00  0.00000000E+00  0.00000000E+00
  29.000    29011900  FLORAL_INIT.                 1  0.24811700E+01  0.97254320E+00  0.13368900E+00  0.19368150E-01 -0.30775790E+00  0.96765290E+00  0.32558270E+00  0.00000000E+00  0.00000000E+00
  30.000    30011900  FLORAL_INIT.                 1  0.25827810E+01  0.97301740E+00  0.13410790E+00  0.19278990E-01 -0.41552340E+00  0.96421880E+00  0.37482370E+00  0.00000000E+00  0.00000000E+00
  31.000    31011900  FLORAL_INIT.                 1  0.26852700E+01  0.97297360E+00  0.13398980E+00  0.19087130E-01 -0.51573500E+00  0.96310680E+00  0.35130180E+00  0.00000000E+00  0.00000000E+00
  32.000    01021900  FLORAL_INIT.                 1  0.28054500E+01  0.97304360E+00  0.13362950E+00  0.18865700E-01 -0.70355040E+00  0.96116790E+00  0.38531740E+00  0.00000000E+00  0.00000000E+00
  33.000    02021900  FLORAL_INIT.                 1  0.29268490E+01  0.97247570E+00  0.13263670E+00  0.18556710E-01 -0.77072180E+00  0.96210160E+00  0.36452270E+00  0.00000000E+00  0.00000000E+00
  34.000    03021900  FLORAL_INIT.                 1  0.30537590E+01  0.97243760E+00  0.13229980E+00  0.18341210E-01 -0.83615960E+00  0.96213350E+00  0.41719600E+00  0.00000000E+00  0.00000000E+00
  35.000    04021900  FLORAL_INIT.                 1  0.31785320E+01  0.97257040E+00  0.13224450E+00  0.18146560E-01 -0.72697130E+00  0.96424930E+00  0.38700240E+00  0.00000000E+00  0.00000000E+00
  36.000    05021900  FLORAL_INIT.                 1  0.33051640E+01  0.97256740E+00  0.13194580E+00  0.17909260E-01 -0.72975550E+00  0.96197420E+00  0.45394160E+00  0.00000000E+00  0.00000000E+00
  37.000    06021900  FLORAL_INIT.                 1  0.34404460E+01  0.97238190E+00  0.13135860E+00  0.17634300E-01 -0.11083970E+01  0.96663790E+00  0.41015630E+00  0.00000000E+00  0.00000000E+00
  38.000    07021900  FLORAL_INIT.                 1  0.35614990E+01  0.97204900E+00  0.13100150E+00  0.17403440E-01 -0.83135730E+00  0.96792760E+00  0.43331300E+00  0.00000000E+00  0.00000000E+00
  39.000    08021900  JOINTING                     1  0.36919940E+01  0.97254070E+00  0.13138000E+00  0.17264900E-01 -0.83964200E+00  0.96982960E+00  0.41636420E+00  0.00000000E+00  0.00000000E+00
  40.000    09021900  JOINTING                     1  0.38183120E+01  0.97225920E+00  0.13102250E+00  0.17014940E-01 -0.91728240E+00  0.97407900E+00  0.40457190E+00  0.00000000E+00  0.00000000E+00
  41.000    10021900  JOINTING                     1  0.39351480E+01  0.97187600E+00  0.13087620E+00  0.16801340E-01 -0.87065830E+00  0.98133850E+00  0.41174510E+00  0.00000000E+00  0.00000000E+00
  42.000    11021900  JOINTING                     1  0.40236860E+01  0.97086040E+00  0.13037070E+00  0.16562460E-01 -0.49485970E+00  0.99052200E+00  0.27082300E+00  0.00000000E+00  0.00000000E+00
  43.000    12021900  JOINTING                     1  0.41108960E+01  0.97062120E+00  0.13051920E+00  0.16422080E-01 -0.58802270E+00  0.99241660E+00  0.29586100E+00  0.00000000E+00  0.00000000E+00
  44.000    13021900  JOINTING                     1  0.42064580E+01  0.97114830E+00  0.13133360E+00  0.16362650E-01 -0.64467810E+00  0.99261400E+00  0.34904840E+00  0.00000000E+00  0.00000000E+00
  45.000    14021900  JOINTING                     1  0.42995690E+01  0.97107460E+00  0.13150810E+00  0.16205440E-01 -0.64719920E+00  0.99278790E+00  0.30718240E+00  0.00000000E+00  0.00000000E+00
  46.000    15021900  JOINTING                     1  0.43974640E+01  0.97140250E+00  0.13212970E+00  0.16106470E-01 -0.79009900E+00  0.99287880E+00  0.28174500E+00  0.00000000E+00  0.00000000E+00
  47.000    16021900  JOINTING                     1  0.44922160E+01  0.97169530E+00  0.13291800E+00  0.16031100E-01 -0.79412300E+00  0.99294430E+00  0.28549590E+00  0.00000000E+00  0.00000000E+00
  48.000    17021900  JOINTING                     1  0.45950350E+01  0.97214880E+00  0.13385420E+00  0.15974280E-01 -0.78588020E+00  0.99257750E+00  0.37113020E+00  0.00000000E+00  0.00000000E+00
  49.000    18021900  JOINTING                     1  0.46881550E+01  0.97156740E+00  0.13392160E+00  0.15803350E-01 -0.67087550E+00  0.99346270E+00  0.24969240E+00  0.00000000E+00  0.00000000E+00
  50.000    19021900  JOINTING                     1  0.47605700E+01  0.97173400E+00  0.13524860E+00  0.15807110E-01 -0.48738790E+00  0.99361800E+00  0.21733180E+00  0.00000000E+00  0.00000000E+00
  51.000    20021900  ELONGATION                   1  0.48288100E+01  0.97237690E+00  0.13703840E+00  0.15879840E-01 -0.47516400E+00  0.99354390E+00  0.21672060E+00  0.00000000E+00  0.00000000E+00
  52.000    21021900  ELONGATION                   1  0.49055970E+01  0.97247180E+00  0.13761130E+00  0.15816230E-01 -0.44541050E+00  0.99338020E+00  0.23245540E+00  0.00000000E+00  0.00000000E+00
  53.000    22021900  ELONGATION                   1  0.49821300E+01  0.97223370E+00  0.13777160E+00  0.15707370E-01 -0.47642690E+00  0.99353510E+00  0.21043740E+00  0.00000000E+00  0.00000000E+00
  54.000    23021900  ELONGATION                   1  0.50504420E+01  0.97278900E+00  0.13935870E+00  0.15769380E-01 -0.54201890E+00  0.99365030E+00  0.17486000E+00  0.00000000E+00  0.00000000E+00
  55.000    24021900  ELONGATION                   1  0.51241780E+01  0.97278020E+00  0.13987070E+00  0.15715660E-01 -0.52378200E+00  0.99317900E+00  0.26497100E+00  0.00000000E+00  0.00000000E+00
  56.000    25021900  ELONGATION                   1  0.52101330E+01  0.97391800E+00  0.14215670E+00  0.15851270E-01 -0.58614150E+00  0.99303100E+00  0.30752100E+00  0.00000000E+00  0.00000000E+00
  57.000    26021900  ELONGATION                   1  0.52916560E+01  0.97433270E+00  0.14374510E+00  0.15897320E-01 -0.38473900E+00  0.99335130E+00  0.24886430E+00  0.00000000E+00  0.00000000E+00
  58.000    27021900  ELONGATION                   1  0.53737800E+01  0.97506230E+00  0.14603120E+00  0.16016410E-01 -0.60822470E+00  0.99334850E+00  0.21535680E+00  0.00000000E+00  0.00000000E+00
  59.000    28021900  ELONGATION                   1  0.54535660E+01  0.97568410E+00  0.14822640E+00  0.16121850E-01 -0.36735940E+00  0.99246940E+00  0.35262730E+00  0.00000000E+00  0.00000000E+00
  60.000    29021900  ELONGATION                   1  0.55432850E+01  0.97717450E+00  0.15199400E+00  0.16409150E-01 -0.13081290E+00  0.99261660E+00  0.31385500E+00  0.00000000E+00  0.00000000E+00
  61.000    01031900  ELONGATION                   1  0.56211040E+01  0.97686240E+00  0.15304170E+00  0.16404280E-01 -0.32380960E+00  0.99302630E+00  0.24662070E+00  0.00000000E+00  0.00000000E+00
  62.000    02031900  ELONGATION                   1  0.56917240E+01  0.97701880E+00  0.15510940E+00  0.16523650E-01 -0.18869780E+00  0.99299500E+00  0.22047620E+00  0.00000000E+00  0.00000000E+00
  63.000    03031900  ELONGATION                   1  0.57687290E+01  0.97776690E+00  0.15789130E+00  0.16752260E-01 -0.39768790E+00  0.99244870E+00  0.30162760E+00  0.00000000E+00  0.00000000E+00
  64.000    04031900  ELONGATION                   1  0.58574670E+01  0.97842080E+00  0.15984310E+00  0.16934360E-01 -0.59863970E+00  0.99235780E+00  0.27795790E+00  0.00000000E+00  0.00000000E+00
  65.000    05031900  ELONGATION                   1  0.59617520E+01  0.97934240E+00  0.16209510E+00  0.17172770E-01 -0.69547340E+00  0.99148590E+00  0.35487060E+00  0.00000000E+00  0.00000000E+00
  66.000    06031900  ELONGATION                   1  0.60784840E+01  0.98027400E+00  0.16442530E+00  0.17433770E-01 -0.87476940E+00  0.99125620E+00  0.44000670E+00  0.00000000E+00  0.00000000E+00
  67.000    07031900  ELONGATION                   1  0.61988060E+01  0.98039380E+00  0.16538030E+00  0.17553100E-01 -0.60322810E+00  0.99117060E+00  0.37507300E+00  0.00000000E+00  0.00000000E+00
  68.000    08031900  ELONGATION                   1  0.63077560E+01  0.98054040E+00  0.16706580E+00  0.17757100E-01 -0.54324760E+00  0.99100550E+00  0.38891810E+00  0.00000000E+00  0.00000000E+00
  69.000    09031900  ELONGATION                   1  0.64109620E+01  0.98067310E+00  0.16894120E+00  0.17986330E-01 -0.40081950E+00  0.99102520E+00  0.37176000E+00  0.00000000E+00  0.00000000E+00
  70.000    10031900  ELONGATION                   1  0.65270350E+01  0.98179340E+00  0.17299940E+00  0.18451480E-01 -0.65323730E+00  0.98996210E+00  0.43569770E+00  0.00000000E+00  0.00000000E+00
  71.000    11031900  ELONGATION                   1  0.66541040E+01  0.98204860E+00  0.17510850E+00  0.18703700E-01 -0.73160290E+00  0.98943290E+00  0.54485900E+00  0.00000000E+00  0.00000000E+00
  72.000    12031900  ELONGATION                   1  0.67659810E+01  0.98325200E+00  0.18060290E+00  0.19281380E-01 -0.23607290E+00  0.99098310E+00  0.33999330E+00  0.00000000E+00  0.00000000E+00
  73.000    13031900  ELONGATION                   1  0.68586710E+01  0.98267700E+00  0.18208690E+00  0.19397790E-01 -0.23249760E+00  0.99077320E+00  0.27854870E+00  0.00000000E+00  0.00000000E+00
  74.000    14031900  ELONGATION                   1  0.69435150E+01  0.98228800E+00  0.18376550E+00  0.19556830E-01 -0.20958580E+00  0.99046640E+00  0.34358300E+00  0.00000000E+00  0.00000000E+00
  75.000    15031900  ELONGATION                   1  0.70330360E+01  0.98262560E+00  0.18743380E+00  0.19923210E-01 -0.23414830E+00  0.99060390E+00  0.26131380E+00  0.00000000E+00  0.00000000E+00
  76.000    16031900  ELONGATION                   1  0.71151480E+01  0.98270640E+00  0.19003520E+00  0.20201880E-01 -0.18058500E+00  0.99074650E+00  0.24097970E+00  0.00000000E+00  0.00000000E+00
  77.000    17031900  ELONGATION                   1  0.71984730E+01  0.98285210E+00  0.19244620E+00  0.20494300E-01 -0.33845540E+00  0.99023390E+00  0.33538170E+00  0.00000000E+00  0.00000000E+00
  78.000    18031900  ANTHESIS                     1  0.73053850E+01  0.98373500E+00  0.19691290E+00  0.21024400E-01 -0.66277350E+00  0.98920170E+00  0.44287090E+00  0.00000000E+00  0.00000000E+00
  79.000    19031900  ANTHESIS                     1  0.74010900E+01  0.98480930E+00  0.20262850E+00  0.21677800E-01 -0.73493630E-01  0.99176460E+00  0.38175010E+00  0.00000000E+00  0.00000000E+00
  80.000    20031900  ANTHESIS                     1  0.75248270E+01  0.98573960E+00  0.20810200E+00  0.22273970E-01 -0.19202920E+00  0.98832760E+00  0.52690940E+00  0.00000000E+00  0.00000000E+00
  81.000    21031900  ANTHESIS                     1  0.76322890E+01  0.98550220E+00  0.20981570E+00  0.22467860E-01 -0.28202920E+00  0.99410440E+00  0.28273640E+00  0.00000000E+00  0.00000000E+00
  82.000    22031900  ANTHESIS                     1  0.77232140E+01  0.98478480E+00  0.20957660E+00  0.22487090E-01 -0.42654500E+00  0.99387440E+00  0.33870890E+00  0.00000000E+00  0.00000000E+00
  83.000    23031900  ANTHESIS                     1  0.78161330E+01  0.98443610E+00  0.21027850E+00  0.22630200E-01 -0.39231150E+00  0.99409400E+00  0.26802140E+00  0.00000000E+00  0.00000000E+00
  84.000    24031900  ANTHESIS                     1  0.79054530E+01  0.98430370E+00  0.21161870E+00  0.22854550E-01 -0.45556450E+00  0.99408590E+00  0.26336650E+00  0.00000000E+00  0.00000000E+00
  85.000    25031900  SEED_FILL                    1  0.80104330E+01  0.98489500E+00  0.21574850E+00  0.23386310E-01 -0.70593220E+00  0.99391380E+00  0.32974400E+00  0.00000000E+00  0.00000000E+00
  86.000    26031900  SEED_FILL                    1  0.81421970E+01  0.98672850E+00  0.22359840E+00  0.24339160E-01 -0.87985940E+00  0.99363410E+00  0.38580340E+00  0.00000000E+00  0.00000000E+00
  87.000    27031900  SEED_FILL                    1  0.82858910E+01  0.98752890E+00  0.22740390E+00  0.24849850E-01 -0.93548030E+00  0.99341360E+00  0.44947540E+00  0.00000000E+00  0.00000000E+00
  88.000    28031900  SEED_FILL                    1  0.84463540E+01  0.98798650E+00  0.23038250E+00  0.25272600E-01 -0.10758100E+01  0.99326100E+00  0.46868400E+00  0.00000000E+00  0.00000000E+00
  89.000    29031900  SEED_FILL                    1  0.86049100E+01  0.98805770E+00  0.23210550E+00  0.25560580E-01 -0.10046120E+01  0.99313590E+00  0.53414390E+00  0.00000000E+00  0.00000000E+00
  90.000    30031900  SEED_FILL                    1  0.87391850E+01  0.98730220E+00  0.23072160E+00  0.25497670E-01 -0.84971870E+00  0.99375740E+00  0.41056260E+00  0.00000000E+00  0.00000000E+00
  91.000    31031900  SEED_NO._SET                 1  0.88588990E+01  0.98742450E+00  0.23351900E+00  0.25899000E-01 -0.76845500E+00  0.99374320E+00  0.40314320E+00  0.00000000E+00  0.00000000E+00
  92.000    01041900  SEED_NO._SET                 1  0.89723260E+01  0.98732160E+00  0.23499190E+00  0.26161900E-01 -0.57710700E+00  0.99395170E+00  0.33852030E+00  0.00000000E+00  0.00000000E+00
  93.000    02041900  SEED_NO._SET                 1  0.90833590E+01  0.98725700E+00  0.23630570E+00  0.26402720E-01 -0.62181980E+00  0.99392060E+00  0.34525580E+00  0.00000000E+00  0.00000000E+00
  94.000    03041900  SEED_NO._SET                 1  0.91932440E+01  0.98701300E+00  0.23641230E+00  0.26500150E-01 -0.55014440E+00  0.99395270E+00  0.39901000E+00  0.00000000E+00  0.00000000E+00
  95.000    04041900  SEED_NO._SET                 1  0.93053490E+01  0.98735640E+00  0.23924050E+00  0.26892800E-01 -0.56822720E+00  0.99357400E+00  0.44913650E+00  0.00000000E+00  0.00000000E+00
  96.000    05041900  SEED_NO._SET                 1  0.94304660E+01  0.98857450E+00  0.24749440E+00  0.27803940E-01 -0.55779420E-01  0.99283750E+00  0.58902730E+00  0.00000000E+00  0.00000000E+00
  97.000    06041900  SEED_NO._SET                 1  0.95686140E+01  0.98808970E+00  0.24671120E+00  0.27665010E-01 -0.47411740E+00  0.99361610E+00  0.41894800E+00  0.00000000E+00  0.00000000E+00
  98.000    07041900  SEED_MASS_SET                1  0.96905430E+01  0.98770240E+00  0.24622310E+00  0.27612720E-01 -0.65968550E+00  0.99374770E+00  0.34973840E+00  0.00000000E+00  0.00000000E+00
  99.000    08041900  SEED_MASS_SET                1  0.98359190E+01  0.98815610E+00  0.24952320E+00  0.28029080E-01 -0.97024080E+00  0.99310350E+00  0.63066460E+00  0.00000000E+00  0.00000000E+00
 100.000    09041900  SEED_MASS_SET                1  0.99622810E+01  0.98750650E+00  0.24686020E+00  0.27781050E-01 -0.50804330E+00  0.99370290E+00  0.39587810E+00  0.00000000E+00  0.00000000E+00
 101.000    10041900  SEED_MASS_SET                1  0.10065900E+02  0.98709980E+00  0.24564440E+00  0.27701710E-01 -0.50739420E+00  0.99395730E+00  0.32229240E+00  0.00000000E+00  0.00000000E+00
 102.000    11041900  SEED_MASS_SET                1  0.10165040E+02  0.98700150E+00  0.24599010E+00  0.27790820E-01 -0.54745240E+00  0.99401550E+00  0.31367400E+00  0.00000000E+00  0.00000000E+00
 103.000    12041900  SEED_MASS_SET                1  0.10276790E+02  0.98721260E+00  0.24779100E+00  0.28035250E-01 -0.81999050E+00  0.99372690E+00  0.38700490E+00  0.00000000E+00  0.00000000E+00
 104.000    13041900  SEED_MASS_SET                1  0.10405750E+02  0.98731780E+00  0.24887680E+00  0.28189390E-01 -0.82255340E+00  0.99383090E+00  0.40830840E+00  0.00000000E+00  0.00000000E+00
 105.000    14041900  SEED_MASS_SET                1  0.10517860E+02  0.98702600E+00  0.24823300E+00  0.28130140E-01 -0.67012480E+00  0.99399090E+00  0.34626890E+00  0.00000000E+00  0.00000000E+00
 106.000    15041900  SEED_MASS_SET                1  0.10597670E+02  0.98685260E+00  0.24879370E+00  0.28171330E-01 -0.25378660E+00  0.99414640E+00  0.25433720E+00  0.00000000E+00  0.00000000E+00
 107.000    16041900  SEED_MASS_SET                1  0.10692500E+02  0.98694410E+00  0.25037900E+00  0.28318810E-01 -0.63976060E+00  0.99404640E+00  0.29657840E+00  0.00000000E+00  0.00000000E+00
 108.000    17041900  SEED_MASS_SET                1  0.10783960E+02  0.98700960E+00  0.25177770E+00  0.28449350E-01 -0.44498930E+00  0.99404400E+00  0.29563930E+00  0.00000000E+00  0.00000000E+00
 109.000    18041900  SEED_MASS_SET                1  0.10888210E+02  0.98696860E+00  0.25214890E+00  0.28472630E-01 -0.55714570E+00  0.99386950E+00  0.33424310E+00  0.00000000E+00  0.00000000E+00
 110.000    19041900  SEED_MASS_SET                1  0.11006150E+02  0.98702140E+00  0.25313030E+00  0.28572490E-01 -0.72290470E+00  0.99384940E+00  0.35488380E+00  0.00000000E+00  0.00000000E+00
 111.000    20041900  SEED_MASS_SET                1  0.11158030E+02  0.98731320E+00  0.25520510E+00  0.28805670E-01 -0.11949480E+01  0.99370780E+00  0.33792070E+00  0.00000000E+00  0.00000000E+00
 112.000    21041900  SEED_MASS_SET                1  0.11314790E+02  0.98749780E+00  0.25694550E+00  0.28999470E-01 -0.12737130E+01  0.99360530E+00  0.37159670E+00  0.00000000E+00  0.00000000E+00
 113.000    22041900  SEED_MASS_SET                1  0.11472930E+02  0.98740680E+00  0.25718480E+00  0.29021270E-01 -0.13118470E+01  0.99372750E+00  0.34085430E+00  0.00000000E+00  0.00000000E+00
 114.000    23041900  SEED_MASS_SET                1  0.11607910E+02  0.98697390E+00  0.25551050E+00  0.28821630E-01 -0.91619490E+00  0.99384980E+00  0.28888320E+00  0.00000000E+00  0.00000000E+00
 115.000    24041900  SEED_MASS_SET                1  0.11738420E+02  0.98685360E+00  0.25567560E+00  0.28827120E-01 -0.91150560E+00  0.99383260E+00  0.32085690E+00  0.00000000E+00  0.00000000E+00
 116.000    25041900  SEED_MASS_SET                1  0.11862850E+02  0.98673460E+00  0.25576940E+00  0.28817770E-01 -0.83603520E+00  0.99388820E+00  0.35444510E+00  0.00000000E+00  0.00000000E+00
 117.000    26041900  SEED_MASS_SET                1  0.12002720E+02  0.98680200E+00  0.25668060E+00  0.28898420E-01 -0.10147210E+01  0.99360450E+00  0.36337490E+00  0.00000000E+00  0.00000000E+00
 118.000    27041900  SEED_MASS_SET                1  0.12122700E+02  0.98663280E+00  0.25630610E+00  0.28823800E-01 -0.67484400E+00  0.99370540E+00  0.34875830E+00  0.00000000E+00  0.00000000E+00
 119.000    28041900  SEED_MASS_SET                1  0.12253660E+02  0.98660770E+00  0.25655210E+00  0.28825610E-01 -0.82386790E+00  0.99371310E+00  0.32080660E+00  0.00000000E+00  0.00000000E+00
 120.000    29041900  SEED_MASS_SET                1  0.12374260E+02  0.98639850E+00  0.25567980E+00  0.28700000E-01 -0.84494590E+00  0.99389130E+00  0.23621260E+00  0.00000000E+00  0.00000000E+00
 121.000    30041900  SEED_MASS_SET                1  0.12500290E+02  0.98637080E+00  0.25592080E+00  0.28702610E-01 -0.96344390E+00  0.99382130E+00  0.27736110E+00  0.00000000E+00  0.00000000E+00
 122.000    01051900  SEED_MASS_SET                1  0.12637930E+02  0.98643440E+00  0.25671700E+00  0.28765780E-01 -0.97645670E+00  0.99375180E+00  0.29726230E+00  0.00000000E+00  0.00000000E+00
 123.000    02051900  SEED_MASS_SET                1  0.12758070E+02  0.98643560E+00  0.25745040E+00  0.28817080E-01 -0.76172260E+00  0.99380160E+00  0.29252160E+00  0.00000000E+00  0.00000000E+00
 124.000    03051900  SEED_MASS_SET                1  0.12904350E+02  0.98657110E+00  0.25873350E+00  0.28937050E-01 -0.10376280E+01  0.99368200E+00  0.32183690E+00  0.00000000E+00  0.00000000E+00
 125.000    04051900  SEED_MASS_SET                1  0.13027800E+02  0.98616940E+00  0.25662770E+00  0.28675270E-01 -0.69847330E+00  0.99381020E+00  0.33326100E+00  0.00000000E+00  0.00000000E+00
 126.000    05051900  SEED_MASS_SET                1  0.13153630E+02  0.98600150E+00  0.25585080E+00  0.28567070E-01 -0.79640640E+00  0.99375220E+00  0.32259360E+00  0.00000000E+00  0.00000000E+00
 127.000    06051900  SEED_MASS_SET                1  0.13308070E+02  0.98634670E+00  0.25844850E+00  0.28839550E-01 -0.12190370E+01  0.99355940E+00  0.35931500E+00  0.00000000E+00  0.00000000E+00
 128.000    07051900  SEED_MASS_SET                1  0.13455670E+02  0.98638650E+00  0.25910280E+00  0.28893520E-01 -0.89084870E+00  0.99349270E+00  0.39311210E+00  0.00000000E+00  0.00000000E+00
 129.000    08051900  SEED_MASS_SET                1  0.13600680E+02  0.98640810E+00  0.25980880E+00  0.28958920E-01 -0.83368130E+00  0.99356080E+00  0.38892310E+00  0.00000000E+00  0.00000000E+00
 130.000    09051900  SEED_MASS_SET                1  0.13745970E+02  0.98619820E+00  0.25865530E+00  0.28828260E-01 -0.93496470E+00  0.99367040E+00  0.32482740E+00  0.00000000E+00  0.00000000E+00
 131.000    10051900  SEED_MASS_SET                1  0.13911150E+02  0.98662130E+00  0.26199690E+00  0.29212580E-01 -0.12132670E+01  0.99308760E+00  0.57428160E+00  0.00000000E+00  0.00000000E+00
 132.000    11051900  SEED_MASS_SET                1  0.14085540E+02  0.98642700E+00  0.26086520E+00  0.29100440E-01 -0.12537520E+01  0.99351930E+00  0.36552630E+00  0.00000000E+00  0.00000000E+00
 133.000    12051900  SEED_MASS_SET                1  0.14239010E+02  0.98622900E+00  0.25991130E+00  0.29014680E-01 -0.95502500E+00  0.99355230E+00  0.38555660E+00  0.00000000E+00  0.00000000E+00
 134.000    13051900  SEED_MASS_SET                1  0.14377120E+02  0.98606050E+00  0.25908040E+00  0.28949200E-01 -0.79266610E+00  0.99358770E+00  0.38567060E+00  0.00000000E+00  0.00000000E+00
 135.000    14051900  SEED_MASS_SET                1  0.14519340E+02  0.98603390E+00  0.25905990E+00  0.28983020E-01 -0.89548430E+00  0.99361470E+00  0.38679160E+00  0.00000000E+00  0.00000000E+00
 136.000    15051900  SEED_MASS_SET                1  0.14660130E+02  0.98595670E+00  0.25848060E+00  0.28963050E-01 -0.76688430E+00  0.99345160E+00  0.34623580E+00  0.00000000E+00  0.00000000E+00
 137.000    16051900  SEED_MASS_SET                1  0.14799330E+02  0.98586510E+00  0.25777950E+00  0.28936450E-01 -0.79917000E+00  0.99348850E+00  0.36855190E+00  0.00000000E+00  0.00000000E+00
 138.000    17051900  SEED_MASS_SET                1  0.14930360E+02  0.98583360E+00  0.25763860E+00  0.28981970E-01 -0.69336150E+00  0.99352610E+00  0.36775150E+00  0.00000000E+00  0.00000000E+00
 139.000    18051900  SEED_MASS_SET                1  0.15055920E+02  0.98558960E+00  0.25584000E+00  0.28851080E-01 -0.69866310E+00  0.99360550E+00  0.37225640E+00  0.00000000E+00  0.00000000E+00
 140.000    19051900  SEED_MASS_SET                1  0.15176370E+02  0.98552150E+00  0.25526420E+00  0.28864460E-01 -0.67528100E+00  0.99364750E+00  0.31484570E+00  0.00000000E+00  0.00000000E+00
 141.000    20051900  SEED_MASS_SET                1  0.15321470E+02  0.98535720E+00  0.25364180E+00  0.28775060E-01 -0.86405050E+00  0.99356820E+00  0.37551610E+00  0.00000000E+00  0.00000000E+00
 142.000    21051900  SEED_MASS_SET                1  0.15451560E+02  0.98533690E+00  0.25337990E+00  0.28842610E-01 -0.69922650E+00  0.99352470E+00  0.39032800E+00  0.00000000E+00  0.00000000E+00
 143.000    22051900  SEED_MASS_SET                1  0.15583440E+02  0.98520820E+00  0.25213660E+00  0.28805490E-01 -0.52955480E+00  0.99361020E+00  0.36013480E+00  0.00000000E+00  0.00000000E+00
 144.000    23051900  SEED_MASS_SET                1  0.15699400E+02  0.98536710E+00  0.25324280E+00  0.29032250E-01 -0.50441300E+00  0.99363100E+00  0.39467900E+00  0.00000000E+00  0.00000000E+00
 145.000    24051900  SEED_MASS_SET                1  0.15839630E+02  0.98523180E+00  0.25175380E+00  0.28973690E-01 -0.61824080E+00  0.99347890E+00  0.41569160E+00  0.00000000E+00  0.00000000E+00
 146.000    25051900  SEED_MASS_SET                1  0.15980010E+02  0.98546290E+00  0.25325390E+00  0.29260370E-01 -0.74766210E+00  0.99355160E+00  0.38666730E+00  0.00000000E+00  0.00000000E+00
 147.000    26051900  SEED_MASS_SET                1  0.16153480E+02  0.98555790E+00  0.25371700E+00  0.29444470E-01 -0.10660710E+01  0.99303940E+00  0.48803290E+00  0.00000000E+00  0.00000000E+00
 148.000    27051900  SEED_MASS_SET                1  0.16338080E+02  0.98567940E+00  0.25518700E+00  0.29747340E-01 -0.13437720E+01  0.99287240E+00  0.52711880E+00  0.00000000E+00  0.00000000E+00
 149.000    28051900  SEED_MASS_SET                1  0.16516660E+02  0.98533670E+00  0.25297200E+00  0.29634020E-01 -0.10311430E+01  0.99344990E+00  0.38305070E+00  0.00000000E+00  0.00000000E+00
 150.000    29051900  SEED_MASS_SET                1  0.16652720E+02  0.98488790E+00  0.24981150E+00  0.29408660E-01 -0.67640730E+00  0.99365990E+00  0.37188280E+00  0.00000000E+00  0.00000000E+00
 151.000    30051900  SEED_MASS_SET                1  0.16791940E+02  0.98485120E+00  0.24929600E+00  0.29490980E-01 -0.76086070E+00  0.99365650E+00  0.30976520E+00  0.00000000E+00  0.00000000E+00
 152.000    31051900  SEED_MASS_SET                1  0.16949340E+02  0.98490360E+00  0.24930040E+00  0.29639330E-01 -0.10868220E+01  0.99346600E+00  0.39880190E+00  0.00000000E+00  0.00000000E+00
 153.000    01061900  SEED_MASS_SET                1  0.17127250E+02  0.98512980E+00  0.25107110E+00  0.29990970E-01 -0.13570690E+01  0.99289100E+00  0.45763600E+00  0.00000000E+00  0.00000000E+00
 154.000    02061900  SEED_MASS_SET                1  0.17307200E+02  0.98503080E+00  0.25038720E+00  0.30057460E-01 -0.10853120E+01  0.99313910E+00  0.41708590E+00  0.00000000E+00  0.00000000E+00
 155.000    03061900  SEED_MASS_SET                1  0.17473050E+02  0.98488360E+00  0.24926990E+00  0.30078210E-01 -0.83233560E+00  0.99328660E+00  0.42322360E+00  0.00000000E+00  0.00000000E+00
 156.000    04061900  SEED_MASS_SET                1  0.17630510E+02  0.98465090E+00  0.24742990E+00  0.30008840E-01 -0.81788720E+00  0.99342170E+00  0.38159430E+00  0.00000000E+00  0.00000000E+00
 157.000    05061900  SEED_MASS_SET                1  0.17779310E+02  0.98442340E+00  0.24559390E+00  0.29934340E-01 -0.73611620E+00  0.99333150E+00  0.44281650E+00  0.00000000E+00  0.00000000E+00
 158.000    06061900  SEED_MASS_SET                1  0.17937510E+02  0.98456410E+00  0.24638410E+00  0.30175100E-01 -0.80782780E+00  0.99332710E+00  0.40642800E+00  0.00000000E+00  0.00000000E+00
 159.000    07061900  SEED_MASS_SET                1  0.18110170E+02  0.98456390E+00  0.24617540E+00  0.30301270E-01 -0.83513040E+00  0.97743970E+00  0.47729250E+00  0.00000000E+00  0.00000000E+00
 160.000    08061900  SEED_MASS_SET                1  0.18274650E+02  0.98419740E+00  0.24335150E+00  0.30104540E-01 -0.78023890E+00  0.95191400E+00  0.38579590E+00  0.00000000E+00  0.00000000E+00
 161.000    09061900  SEED_MASS_SET                1  0.18429070E+02  0.98415740E+00  0.24259550E+00  0.30162410E-01 -0.84109770E+00  0.94986780E+00  0.40910350E+00  0.00000000E+00  0.00000000E+00
 162.000    10061900  SEED_MASS_SET                1  0.18599480E+02  0.98426330E+00  0.24270170E+00  0.30326300E-01 -0.93082720E+00  0.92356870E+00  0.47063970E+00  0.00000000E+00  0.00000000E+00
 163.000    11061900  SEED_MASS_SET                1  0.18780480E+02  0.98415290E+00  0.24152690E+00  0.30324250E-01 -0.10562510E+01  0.90988760E+00  0.48104030E+00  0.00000000E+00  0.00000000E+00
 164.000    12061900  SEED_MASS_SET                1  0.18952590E+02  0.98394000E+00  0.23956710E+00  0.30223330E-01 -0.99733510E+00  0.89928270E+00  0.44806050E+00  0.00000000E+00  0.00000000E+00
 165.000    13061900  SEED_MASS_SET                1  0.19121600E+02  0.98373920E+00  0.23761280E+00  0.30117690E-01 -0.85919910E+00  0.89245410E+00  0.42235690E+00  0.00000000E+00  0.00000000E+00
 166.000    14061900  SEED_MASS_SET                1  0.19283210E+02  0.98347400E+00  0.23524980E+00  0.29949630E-01 -0.75290960E+00  0.88432250E+00  0.38146110E+00  0.00000000E+00  0.00000000E+00
 167.000    15061900  SEED_MASS_SET                1  0.19450640E+02  0.98337440E+00  0.23403270E+00  0.29920520E-01 -0.84698560E+00  0.87938830E+00  0.42063190E+00  0.00000000E+00  0.00000000E+00
 168.000    16061900  SEED_MASS_SET                1  0.19619340E+02  0.98336410E+00  0.23349660E+00  0.29966470E-01 -0.81797770E+00  0.91134760E+00  0.44114640E+00  0.00000000E+00  0.00000000E+00
 169.000    17061900  SEED_MASS_SET                1  0.19786150E+02  0.98322600E+00  0.23206480E+00  0.29876680E-01 -0.79370920E+00  0.88539760E+00  0.38437630E+00  0.00000000E+00  0.00000000E+00
 170.000    18061900  SEED_MASS_SET                1  0.19936520E+02  0.98236410E+00  0.22312270E+00  0.28733760E-01 -0.64364960E+00  0.88692650E+00  0.35775780E+00  0.00000000E+00  0.00000000E+00
 171.000    19061900  SEED_MASS_SET                1  0.20083750E+02  0.98107980E+00  0.21109290E+00  0.27124980E-01 -0.63034400E+00  0.88713810E+00  0.36108860E+00  0.00000000E+00  0.00000000E+00
 172.000    20061900  SEED_MASS_SET                1  0.20242950E+02  0.97975110E+00  0.20023490E+00  0.25651060E-01 -0.71930490E+00  0.89298840E+00  0.41622410E+00  0.00000000E+00  0.00000000E+00
 173.000    21061900  SEED_MASS_SET                1  0.20420330E+02  0.97861450E+00  0.19261620E+00  0.24608490E-01 -0.10043390E+01  0.89648070E+00  0.51865770E+00  0.00000000E+00  0.00000000E+00
 174.000    22061900  SEED_MASS_SET                1  0.20605800E+02  0.97849110E+00  0.19331920E+00  0.24669350E-01 -0.10535590E+01  0.89914800E+00  0.64893370E+00  0.00000000E+00  0.00000000E+00
 175.000    23061900  SEED_MASS_SET                1  0.20796240E+02  0.97771140E+00  0.18926950E+00  0.24136030E-01 -0.76891110E+00  0.88482640E+00  0.55148330E+00  0.00000000E+00  0.00000000E+00
 176.000    24061900  END_SEED_FILL                1  0.20972900E+02  0.97691450E+00  0.18533920E+00  0.23628350E-01 -0.65486670E+00  0.99298280E+00  0.42860910E+00  0.00000000E+00  0.00000000E+00
 177.000    25061900  END_SEED_FILL                1  0.21142960E+02  0.97460030E+00  0.17392900E+00  0.22200090E-01 -0.56869270E+00  0.99305390E+00  0.39687550E+00  0.00000000E+00  0.00000000E+00
 178.000    26061900  END_SEED_FILL                1  0.21302800E+02  0.97320660E+00  0.16701910E+00  0.21356690E-01 -0.48996300E+00  0.99316630E+00  0.42208230E+00  0.00000000E+00  0.00000000E+00
 179.000    27061900  END_SEED_FILL                1  0.21467300E+02  0.97190250E+00  0.16043740E+00  0.20547620E-01 -0.49768250E+00  0.99321080E+00  0.38510580E+00  0.00000000E+00  0.00000000E+00
 180.000    28061900  END_SEED_FILL                1  0.21640950E+02  0.97071740E+00  0.15448400E+00  0.19809620E-01 -0.69601500E+00  0.99308340E+00  0.50133470E+00  0.00000000E+00  0.00000000E+00
 181.000    29061900  END_SEED_FILL                1  0.21824900E+02  0.96963980E+00  0.14918550E+00  0.19147760E-01 -0.70905650E+00  0.99302210E+00  0.48026310E+00  0.00000000E+00  0.00000000E+00
 182.000    30061900  END_SEED_FILL                1  0.22004000E+02  0.96864600E+00  0.14443870E+00  0.18551460E-01 -0.49233710E+00  0.99312950E+00  0.44219960E+00  0.00000000E+00  0.00000000E+00
 183.000    01071900  END_SEED_FILL                1  0.22174650E+02  0.96785940E+00  0.14086700E+00  0.18097040E-01 -0.40653910E+00  0.99313840E+00  0.45730840E+00  0.00000000E+00  0.00000000E+00
 184.000    02071900  END_SEED_FILL                1  0.22352470E+02  0.96710430E+00  0.13753260E+00  0.17664310E-01 -0.50033980E+00  0.99315400E+00  0.44432850E+00  0.00000000E+00  0.00000000E+00
 185.000    03071900  END_SEED_FILL                1  0.22526630E+02  0.96649210E+00  0.13493010E+00  0.17319840E-01 -0.47295630E+00  0.99302130E+00  0.41696400E+00  0.00000000E+00  0.00000000E+00
 186.000    04071900  END_SEED_FILL                1  0.22704550E+02  0.96597180E+00  0.13282600E+00  0.17042820E-01 -0.43277170E+00  0.99284180E+00  0.52528220E+00  0.00000000E+00  0.00000000E+00
 187.000    05071900  END_SEED_FILL                1  0.22889040E+02  0.96553800E+00  0.13116130E+00  0.16830670E-01 -0.51076910E+00  0.99271530E+00  0.56118810E+00  0.00000000E+00  0.00000000E+00
 188.000    06071900  END_SEED_FILL                1  0.23081720E+02  0.96515420E+00  0.12965680E+00  0.16643900E-01 -0.40010900E+00  0.99285330E+00  0.50139220E+00  0.00000000E+00  0.00000000E+00
 189.000    07071900  END_SEED_FILL                1  0.23262360E+02  0.96489640E+00  0.12869220E+00  0.16526440E-01 -0.35664010E+00  0.99289750E+00  0.48924080E+00  0.00000000E+00  0.00000000E+00
 190.000    08071900  END_SEED_FILL                1  0.23446580E+02  0.96471000E+00  0.12803410E+00  0.16447190E-01 -0.37194400E+00  0.99279280E+00  0.53107320E+00  0.00000000E+00  0.00000000E+00
 191.000    09071900  END_SEED_FILL                1  0.23628410E+02  0.96460530E+00  0.12772310E+00  0.16410690E-01 -0.33301130E+00  0.99292360E+00  0.46253710E+00  0.00000000E+00  0.00000000E+00
 192.000    10071900  END_SEED_FILL                1  0.23807590E+02  0.96456590E+00  0.12770750E+00  0.16409900E-01 -0.26354840E+00  0.99288010E+00  0.47787360E+00  0.00000000E+00  0.00000000E+00
 193.000    11071900  END_SEED_FILL                1  0.23990990E+02  0.96457030E+00  0.12787740E+00  0.16431160E-01 -0.21564510E+00  0.99284620E+00  0.54340140E+00  0.00000000E+00  0.00000000E+00
 194.000    12071900  END_SEED_FILL                1  0.24176750E+02  0.96463370E+00  0.12829400E+00  0.16482500E-01 -0.17585660E+00  0.99270580E+00  0.53981340E+00  0.00000000E+00  0.00000000E+00
 195.000    13071900  END_SEED_FILL                1  0.24355970E+02  0.96475700E+00  0.12897790E+00  0.16566640E-01 -0.11757360E+00  0.99285560E+00  0.47726680E+00  0.00000000E+00  0.00000000E+00
 196.000    14071900  END_SEED_FILL                1  0.24530940E+02  0.96493080E+00  0.12989650E+00  0.16681160E-01 -0.71676330E-01  0.99288600E+00  0.44190220E+00  0.00000000E+00  0.00000000E+00
 197.000    15071900  END_SEED_FILL                1  0.24706620E+02  0.96515850E+00  0.13105930E+00  0.16825190E-01 -0.76306320E-01  0.99287580E+00  0.44380420E+00  0.00000000E+00  0.00000000E+00
 198.000    16071900  END_SEED_FILL                1  0.24879970E+02  0.96536390E+00  0.13210240E+00  0.16952720E-01 -0.75122600E-01  0.99288780E+00  0.43606930E+00  0.00000000E+00  0.00000000E+00
 199.000    17071900  END_SEED_FILL                1  0.25055660E+02  0.96556870E+00  0.13306580E+00  0.17071210E-01 -0.73766600E-01  0.99280720E+00  0.44292940E+00  0.00000000E+00  0.00000000E+00
 200.000    18071900  END_SEED_FILL                1  0.25230600E+02  0.96580140E+00  0.13406650E+00  0.17196710E-01 -0.75609790E-01  0.99283410E+00  0.45295200E+00  0.00000000E+00  0.00000000E+00
 201.000    19071900  END_SEED_FILL                1  0.25410800E+02  0.96606800E+00  0.13514560E+00  0.17335300E-01 -0.89016600E-01  0.99272220E+00  0.51955280E+00  0.00000000E+00  0.00000000E+00
 202.000    20071900  END_SEED_FILL                1  0.25595230E+02  0.96637080E+00  0.13632860E+00  0.17487490E-01 -0.74756510E-01  0.99253180E+00  0.52643280E+00  0.00000000E+00  0.00000000E+00
 203.000    21071900  END_SEED_FILL                1  0.25779070E+02  0.96669330E+00  0.13757360E+00  0.17647460E-01 -0.73640570E-01  0.99259940E+00  0.50899120E+00  0.00000000E+00  0.00000000E+00
 204.000    22071900  END_SEED_FILL                1  0.25953650E+02  0.96703040E+00  0.13887330E+00  0.17817290E-01 -0.74239050E-01  0.99266420E+00  0.46978190E+00  0.00000000E+00  0.00000000E+00
 205.000    23071900  END_SEED_FILL                1  0.26130450E+02  0.96737780E+00  0.14022120E+00  0.17994360E-01 -0.76542060E-01  0.99263450E+00  0.48460450E+00  0.00000000E+00  0.00000000E+00
 206.000    24071900  END_SEED_FILL                1  0.26281760E+02  0.96773200E+00  0.14161060E+00  0.18177720E-01 -0.79547330E-01  0.99267930E+00  0.46217510E+00  0.00000000E+00  0.00000000E+00
 207.000    25071900  END_SEED_FILL                1  0.26281760E+02  0.99009900E+00  0.00000000E+00  0.00000000E+00 -0.88704270E+00  0.99267730E+00  0.52340290E+00  0.00000000E+00  0.00000000E+00
 208.000    26071900  PLANTING                     1  0.00000000E+00  0.99009900E+00  0.00000000E+00  0.00000000E+00 -0.12516060E-01  0.00000000E+00  0.49945110E+00  0.00000000E+00  0.00000000E+00
 209.000    27071900  PLANTING                     1  0.00000000E+00  0.99009900E+00  0.00000000E+00  0.00000000E+00 -0.13134580E-01  0.00000000E+00  0.49814960E+00  0.00000000E+00  0.00000000E+00
 210.000    28071900  PLANTING                     1  0.00000000E+00  0.99009900E+00  0.00000000E+00  0.00000000E+00 -0.10108790E-01  0.00000000E+00  0.50161510E+00  0.00000000E+00  0.00000000E+00
 211.000    29071900  PLANTING                     1  0.00000000E+00  0.99009900E+00  0.00000000E+00  0.00000000E+00 -0.10458320E-01  0.00000000E+00  0.51372360E+00  0.00000000E+00  0.00000000E+00
 212.000    30071900  PLANTING                     1  0.00000000E+00  0.99009900E+00  0.00000000E+00  0.00000000E+00 -0.10799690E-01  0.00000000E+00  0.49842150E+00  0.00000000E+00  0.00000000E+00
 213.000    31071900  PLANTING                     1  0.00000000E+00  0.99009900E+00  0.00000000E+00  0.00000000E+00 -0.11298650E-01  0.00000000E+00  0.48710050E+00  0.00000000E+00  0.00000000E+00
 214.000    01081900  PLANTING                     1  0.00000000E+00  0.99009900E+00  0.00000000E+00  0.00000000E+00 -0.11868890E-01  0.00000000E+00  0.50565970E+00  0.00000000E+00  0.00000000E+00
 215.000    02081900  PLANTING                     1  0.00000000E+00  0.99009900E+00  0.00000000E+00  0.00000000E+00 -0.12507010E-01  0.00000000E+00  0.61184910E+00  0.00000000E+00  0.00000000E+00
 216.000    03081900  PLANTING                     1  0.00000000E+00  0.99009900E+00  0.00000000E+00  0.00000000E+00 -0.13395580E-01  0.00000000E+00  0.55491010E+00  0.00000000E+00  0.00000000E+00
 217.000    04081900  PLANTING                     1  0.00000000E+00  0.99009900E+00  0.00000000E+00  0.00000000E+00 -0.96486860E-02  0.00000000E+00  0.56057090E+00  0.00000000E+00  0.00000000E+00
 218.000    05081900  PLANTING                     1  0.00000000E+00  0.99009900E+00  0.00000000E+00  0.00000000E+00 -0.10230560E-01  0.00000000E+00  0.56472660E+00  0.00000000E+00  0.00000000E+00
 219.000    06081900  PLANTING                     1  0.00000000E+00  0.99009900E+00  0.00000000E+00  0.00000000E+00 -0.10433670E-01  0.00000000E+00  0.50549640E+00  0.00000000E+00  0.00000000E+00
 220.000    07081900  PLANTING                     1  0.00000000E+00  0.99009900E+00  0.00000000E+00  0.00000000E+00 -0.10821290E-01  0.00000000E+00  0.53041570E+00  0.00000000E+00  0.00000000E+00
 221.000    08081900  PLANTING                     1  0.00000000E+00  0.99009900E+00  0.00000000E+00  0.00000000E+00 -0.11423260E-01  0.00000000E+00  0.58072240E+00  0.00000000E+00  0.00000000E+00
 222.000    09081900  PLANTING                     1  0.00000000E+00  0.99009900E+00  0.00000000E+00  0.00000000E+00 -0.11950970E-01  0.00000000E+00  0.63792930E+00  0.00000000E+00  0.00000000E+00
 223.000    10081900  PLANTING                     1  0.00000000E+00  0.99009900E+00  0.00000000E+00  0.00000000E+00 -0.12631050E-01  0.00000000E+00  0.58403370E+00  0.00000000E+00  0.00000000E+00
 224.000    11081900  PLANTING                     1  0.00000000E+00  0.99009900E+00  0.00000000E+00  0.00000000E+00 -0.13365050E-01  0.00000000E+00  0.54117370E+00  0.00000000E+00  0.00000000E+00
 225.000    12081900  PLANTING                     1  0.00000000E+00  0.99009900E+00  0.00000000E+00  0.00000000E+00 -0.94399200E-02  0.00000000E+00  0.50894200E+00  0.00000000E+00  0.00000000E+00
 226.000    13081900  PLANTING                     1  0.00000000E+00  0.99009900E+00  0.00000000E+00  0.00000000E+00 -0.99785530E-02  0.00000000E+00  0.55632180E+00  0.00000000E+00  0.00000000E+00
 227.000    14081900  PLANTING                     1  0.00000000E+00  0.99009900E+00  0.00000000E+00  0.00000000E+00 -0.10207920E-01  0.00000000E+00  0.57701510E+00  0.00000000E+00  0.00000000E+00
 228.000    15081900  PLANTING                     1  0.00000000E+00  0.99009900E+00  0.00000000E+00  0.00000000E+00 -0.10740020E-01  0.00000000E+00  0.55202200E+00  0.00000000E+00  0.00000000E+00
 229.000    16081900  PLANTING                     1  0.00000000E+00  0.99009900E+00  0.00000000E+00  0.00000000E+00 -0.11225240E-01  0.00000000E+00  0.56890810E+00  0.00000000E+00  0.00000000E+00
 230.000    17081900  PLANTING                     1  0.00000000E+00  0.99009900E+00  0.00000000E+00  0.00000000E+00 -0.11823280E-01  0.00000000E+00  0.54618770E+00  0.00000000E+00  0.00000000E+00
 231.000    18081900  PLANTING                     1  0.00000000E+00  0.99009900E+00  0.00000000E+00  0.00000000E+00 -0.12344600E-01  0.00000000E+00  0.50308260E+00  0.00000000E+00  0.00000000E+00
 232.000    19081900  PLANTING                     1  0.00000000E+00  0.99009900E+00  0.00000000E+00  0.00000000E+00 -0.12842390E-01  0.00000000E+00  0.51441150E+00  0.00000000E+00  0.00000000E+00
 233.000    20081900  PLANTING                     1  0.00000000E+00  0.99009900E+00  0.00000000E+00  0.00000000E+00 -0.12116010E-01  0.00000000E+00  0.57196320E+00  0.00000000E+00  0.00000000E+00
 234.000    21081900  PLANTING                     1  0.00000000E+00  0.99009900E+00  0.00000000E+00  0.00000000E+00 -0.10081210E-01  0.00000000E+00  0.56306030E+00  0.00000000E+00  0.00000000E+00
 235.000    22081900  PLANTING                     1  0.00000000E+00  0.99009900E+00  0.00000000E+00  0.00000000E+00 -0.10237530E-01  0.00000000E+00  0.52567720E+00  0.00000000E+00  0.00000000E+00
 236.000    23081900  PLANTING                     1  0.00000000E+00  0.99009900E+00  0.00000000E+00  0.00000000E+00 -0.10576470E-01  0.00000000E+00  0.50981490E+00  0.00000000E+00  0.00000000E+00
 237.000    24081900  PLANTING                     1  0.00000000E+00  0.99009900E+00  0.00000000E+00  0.00000000E+00 -0.11046720E-01  0.00000000E+00  0.47758800E+00  0.00000000E+00  0.00000000E+00
 238.000    25081900  PLANTING                     1  0.00000000E+00  0.99009900E+00  0.00000000E+00  0.00000000E+00 -0.11454790E-01  0.00000000E+00  0.53188510E+00  0.00000000E+00  0.00000000E+00
 239.000    26081900  PLANTING                     1  0.00000000E+00  0.99009900E+00  0.00000000E+00  0.00000000E+00 -0.11881790E-01  0.00000000E+00  0.52293460E+00  0.00000000E+00  0.00000000E+00
 240.000    27081900  PLANTING                     1  0.00000000E+00  0.99009900E+00  0.00000000E+00  0.00000000E+00 -0.12190420E-01  0.00000000E+00  0.52648470E+00  0.00000000E+00  0.00000000E+00
 241.000    28081900  PLANTING                     1  0.00000000E+00  0.99009900E+00  0.00000000E+00  0.00000000E+00 -0.13231000E-01  0.00000000E+00  0.58257030E+00  0.00000000E+00  0.00000000E+00
 242.000    29081900  PLANTING                     1  0.00000000E+00  0.99009900E+00  0.00000000E+00  0.00000000E+00 -0.10194120E-01  0.00000000E+00  0.54214480E+00  0.00000000E+00  0.00000000E+00
 243.000    30081900  PLANTING                     1  0.00000000E+00  0.99009900E+00  0.00000000E+00  0.00000000E+00 -0.10598190E-01  0.00000000E+00  0.51037350E+00  0.00000000E+00  0.00000000E+00
 244.000    31081900  PLANTING                     1  0.00000000E+00  0.99009900E+00  0.00000000E+00  0.00000000E+00 -0.10945560E-01  0.00000000E+00  0.50866320E+00  0.00000000E+00  0.00000000E+00
 245.000    01091900  PLANTING                     1  0.00000000E+00  0.99009900E+00  0.00000000E+00  0.00000000E+00 -0.11322560E-01  0.00000000E+00  0.48667230E+00  0.00000000E+00  0.00000000E+00
 246.000    02091900  PLANTING                     1  0.00000000E+00  0.99009900E+00  0.00000000E+00  0.00000000E+00 -0.11725330E-01  0.00000000E+00  0.52071880E+00  0.00000000E+00  0.00000000E+00
 247.000    03091900  PLANTING                     1  0.00000000E+00  0.99009900E+00  0.00000000E+00  0.00000000E+00 -0.12286970E-01  0.00000000E+00  0.51688570E+00  0.00000000E+00  0.00000000E+00
 248.000    04091900  PLANTING                     1  0.00000000E+00  0.99009900E+00  0.00000000E+00  0.00000000E+00 -0.12768820E-01  0.00000000E+00  0.48040210E+00  0.00000000E+00  0.00000000E+00
 249.000    05091900  PLANTING                     1  0.00000000E+00  0.99009900E+00  0.00000000E+00  0.00000000E+00 -0.12728840E-01  0.00000000E+00  0.48759550E+00  0.00000000E+00  0.00000000E+00
 250.000    06091900  PLANTING                     1  0.00000000E+00  0.99009900E+00  0.00000000E+00  0.00000000E+00 -0.95633330E-02  0.00000000E+00  0.51406000E+00  0.00000000E+00  0.00000000E+00
 251.000    07091900  PLANTING                     1  0.00000000E+00  0.99009900E+00  0.00000000E+00  0.00000000E+00 -0.10197180E-01  0.00000000E+00  0.50508540E+00  0.00000000E+00  0.00000000E+00
 252.000    08091900  PLANTING                     1  0.00000000E+00  0.99009900E+00  0.00000000E+00  0.00000000E+00 -0.10604510E-01  0.00000000E+00  0.48013120E+00  0.00000000E+00  0.00000000E+00
 253.000    09091900  PLANTING                     1  0.00000000E+00  0.99009900E+00  0.00000000E+00  0.00000000E+00 -0.10951230E-01  0.00000000E+00  0.48673300E+00  0.00000000E+00  0.00000000E+00
 254.000    10091900  PLANTING                     1  0.00000000E+00  0.99009900E+00  0.00000000E+00  0.00000000E+00 -0.11317800E-01  0.00000000E+00  0.43590500E+00  0.00000000E+00  0.00000000E+00
 255.000    11091900  PLANTING                     1  0.00000000E+00  0.99009900E+00  0.00000000E+00  0.00000000E+00 -0.11762510E-01  0.00000000E+00  0.44672360E+00  0.00000000E+00  0.00000000E+00
 256.000    12091900  PLANTING                     1  0.00000000E+00  0.99009900E+00  0.00000000E+00  0.00000000E+00 -0.12305310E-01  0.00000000E+00  0.44918860E+00  0.00000000E+00  0.00000000E+00
 257.000    13091900  PLANTING                     1  0.00000000E+00  0.99009900E+00  0.00000000E+00  0.00000000E+00 -0.12901040E-01  0.00000000E+00  0.42818020E+00  0.00000000E+00  0.00000000E+00
 258.000    14091900  PLANTING                     1  0.00000000E+00  0.99009900E+00  0.00000000E+00  0.00000000E+00 -0.12360960E-01  0.00000000E+00  0.43483700E+00  0.00000000E+00  0.00000000E+00
 259.000    15091900  PLANTING                     1  0.00000000E+00  0.99009900E+00  0.00000000E+00  0.00000000E+00 -0.97801310E-02  0.00000000E+00  0.47190210E+00  0.00000000E+00  0.00000000E+00
 260.000    16091900  PLANTING                     1  0.00000000E+00  0.99009900E+00  0.00000000E+00  0.00000000E+00 -0.10171930E-01  0.00000000E+00  0.41965520E+00  0.00000000E+00  0.00000000E+00
 261.000    17091900  PLANTING                     1  0.00000000E+00  0.99009900E+00  0.00000000E+00  0.00000000E+00 -0.10543880E-01  0.00000000E+00  0.39456100E+00  0.00000000E+00  0.00000000E+00
 262.000    18091900  PLANTING                     1  0.00000000E+00  0.99009900E+00  0.00000000E+00  0.00000000E+00 -0.10838760E-01  0.00000000E+00  0.49749460E+00  0.00000000E+00  0.00000000E+00
 263.000    19091900  PLANTING                     1  0.00000000E+00  0.99009900E+00  0.00000000E+00  0.00000000E+00 -0.11463470E-01  0.00000000E+00  0.54074540E+00  0.00000000E+00  0.00000000E+00
 264.000    20091900  PLANTING                     1  0.00000000E+00  0.99009900E+00  0.00000000E+00  0.00000000E+00 -0.11826360E-01  0.00000000E+00  0.42547200E+00  0.00000000E+00  0.00000000E+00
 265.000    21091900  PLANTING                     1  0.00000000E+00  0.99009900E+00  0.00000000E+00  0.00000000E+00 -0.12269810E-01  0.00000000E+00  0.44311700E+00  0.00000000E+00  0.00000000E+00
 266.000    22091900  PLANTING                     1  0.00000000E+00  0.99009900E+00  0.00000000E+00  0.00000000E+00 -0.12821820E-01  0.00000000E+00  0.40768370E+00  0.00000000E+00  0.00000000E+00
 267.000    23091900  PLANTING                     1  0.00000000E+00  0.99009900E+00  0.00000000E+00  0.00000000E+00 -0.12274980E-01  0.00000000E+00  0.42055550E+00  0.00000000E+00  0.00000000E+00
 268.000    24091900  PLANTING                     1  0.00000000E+00  0.99009900E+00  0.00000000E+00  0.00000000E+00 -0.96357400E-02  0.00000000E+00  0.42904620E+00  0.00000000E+00  0.00000000E+00
 269.000    25091900  PLANTING                     1  0.00000000E+00  0.99009900E+00  0.00000000E+00  0.00000000E+00 -0.10089880E-01  0.00000000E+00  0.40933420E+00  0.00000000E+00  0.00000000E+00
 270.000    26091900  PLANTING                     1  0.00000000E+00  0.99009900E+00  0.00000000E+00  0.00000000E+00 -0.10377200E-01  0.00000000E+00  0.39727290E+00  0.00000000E+00  0.00000000E+00
 271.000    27091900  PLANTING                     1  0.00000000E+00  0.99009900E+00  0.00000000E+00  0.00000000E+00 -0.10530740E-01  0.00000000E+00  0.40598160E+00  0.00000000E+00  0.00000000E+00
 272.000    28091900  PLANTING                     1  0.00000000E+00  0.99009900E+00  0.00000000E+00  0.00000000E+00 -0.11066310E-01  0.00000000E+00  0.50542660E+00  0.00000000E+00  0.00000000E+00
 273.000    29091900  PLANTING                     1  0.00000000E+00  0.99009900E+00  0.00000000E+00  0.00000000E+00 -0.11198090E-01  0.00000000E+00  0.50714420E+00  0.00000000E+00  0.00000000E+00
 274.000    30091900  PLANTING                     1  0.00000000E+00  0.99009900E+00  0.00000000E+00  0.00000000E+00 -0.11382640E-01  0.00000000E+00  0.53771870E+00  0.00000000E+00  0.00000000E+00
 275.000    01101900  PLANTING                     1  0.00000000E+00  0.99009900E+00  0.00000000E+00  0.00000000E+00 -0.11736460E-01  0.00000000E+00  0.59265050E+00  0.00000000E+00  0.00000000E+00
 276.000    02101900  PLANTING                     1  0.00000000E+00  0.99009900E+00  0.00000000E+00  0.00000000E+00 -0.12248680E-01  0.00000000E+00  0.55872870E+00  0.00000000E+00  0.00000000E+00
 277.000    03101900  PLANTING                     1  0.00000000E+00  0.99009900E+00  0.00000000E+00  0.00000000E+00 -0.12682670E-01  0.00000000E+00  0.41994200E+00  0.00000000E+00  0.00000000E+00
 278.000    04101900  PLANTING                     1  0.00000000E+00  0.99009900E+00  0.00000000E+00  0.00000000E+00 -0.11977320E-01  0.00000000E+00  0.46258320E+00  0.00000000E+00  0.00000000E+00
 279.000    05101900  PLANTING                     1  0.00000000E+00  0.99009900E+00  0.00000000E+00  0.00000000E+00 -0.10453490E-01  0.00000000E+00  0.50966710E+00  0.00000000E+00  0.00000000E+00
 280.000    06101900  PLANTING                     1  0.00000000E+00  0.99009900E+00  0.00000000E+00  0.00000000E+00 -0.10806990E-01  0.00000000E+00  0.46016030E+00  0.00000000E+00  0.00000000E+00
 281.000    07101900  PLANTING                     1  0.00000000E+00  0.99009900E+00  0.00000000E+00  0.00000000E+00 -0.11200020E-01  0.00000000E+00  0.52517700E+00  0.00000000E+00  0.00000000E+00
 282.000    08101900  PLANTING                     1  0.00000000E+00  0.99009900E+00  0.00000000E+00  0.00000000E+00 -0.11450610E-01  0.00000000E+00  0.43158230E+00  0.00000000E+00  0.00000000E+00
 283.000    09101900  PLANTING                     1  0.00000000E+00  0.99009900E+00  0.00000000E+00  0.00000000E+00 -0.11725740E-01  0.00000000E+00  0.38286480E+00  0.00000000E+00  0.00000000E+00
 284.000    10101900  PLANTING                     1  0.00000000E+00  0.99009900E+00  0.00000000E+00  0.00000000E+00 -0.12127560E-01  0.00000000E+00  0.40921490E+00  0.00000000E+00  0.00000000E+00
 285.000    11101900  PLANTING                     1  0.00000000E+00  0.99009900E+00  0.00000000E+00  0.00000000E+00 -0.12804880E-01  0.00000000E+00  0.44566220E+00  0.00000000E+00  0.00000000E+00
 286.000    12101900  PLANTING                     1  0.00000000E+00  0.99009900E+00  0.00000000E+00  0.00000000E+00 -0.11854930E-01  0.00000000E+00  0.37841160E+00  0.00000000E+00  0.00000000E+00
 287.000    13101900  PLANTING                     1  0.00000000E+00  0.99009900E+00  0.00000000E+00  0.00000000E+00 -0.10725100E-01  0.00000000E+00  0.39299560E+00  0.00000000E+00  0.00000000E+00
 288.000    14101900  PLANTING                     1  0.00000000E+00  0.99009900E+00  0.00000000E+00  0.00000000E+00 -0.11223800E-01  0.00000000E+00  0.34849330E+00  0.00000000E+00  0.00000000E+00
 289.000    15101900  PLANTING                     1  0.00000000E+00  0.99009900E+00  0.00000000E+00  0.00000000E+00 -0.11586740E-01  0.00000000E+00  0.37416650E+00  0.00000000E+00  0.00000000E+00
 290.000    16101900  PLANTING                     1  0.00000000E+00  0.99009900E+00  0.00000000E+00  0.00000000E+00 -0.11725470E-01  0.00000000E+00  0.35476030E+00  0.00000000E+00  0.00000000E+00
 291.000    17101900  PLANTING                     1  0.00000000E+00  0.99009900E+00  0.00000000E+00  0.00000000E+00 -0.12014740E-01  0.00000000E+00  0.40505990E+00  0.00000000E+00  0.00000000E+00
 292.000    18101900  PLANTING                     1  0.00000000E+00  0.99009900E+00  0.00000000E+00  0.00000000E+00 -0.12509860E-01  0.00000000E+00  0.45855710E+00  0.00000000E+00  0.00000000E+00
 293.000    19101900  PLANTING                     1  0.00000000E+00  0.99009900E+00  0.00000000E+00  0.00000000E+00 -0.12692630E-01  0.00000000E+00  0.36497390E+00  0.00000000E+00  0.00000000E+00
 294.000    20101900  PLANTING                     1  0.00000000E+00  0.99009900E+00  0.00000000E+00  0.00000000E+00 -0.98140980E-02  0.00000000E+00  0.36871820E+00  0.00000000E+00  0.00000000E+00
 295.000    21101900  PLANTING                     1  0.00000000E+00  0.99009900E+00  0.00000000E+00  0.00000000E+00 -0.99695160E-02  0.00000000E+00  0.33597450E+00  0.00000000E+00  0.00000000E+00
 296.000    22101900  PLANTING                     1  0.00000000E+00  0.99009900E+00  0.00000000E+00  0.00000000E+00 -0.10212180E-01  0.00000000E+00  0.34093190E+00  0.00000000E+00  0.00000000E+00
 297.000    23101900  PLANTING                     1  0.00000000E+00  0.99009900E+00  0.00000000E+00  0.00000000E+00 -0.10483260E-01  0.00000000E+00  0.42794590E+00  0.00000000E+00  0.00000000E+00
 298.000    24101900  PLANTING                     1  0.00000000E+00  0.99009900E+00  0.00000000E+00  0.00000000E+00 -0.10616390E-01  0.00000000E+00  0.42036850E+00  0.00000000E+00  0.00000000E+00
 299.000    25101900  PLANTING                     1  0.00000000E+00  0.99009900E+00  0.00000000E+00  0.00000000E+00 -0.10857120E-01  0.00000000E+00  0.45427720E+00  0.00000000E+00  0.00000000E+00
 300.000    26101900  PLANTING                     1  0.00000000E+00  0.99009900E+00  0.00000000E+00  0.00000000E+00 -0.11034990E-01  0.00000000E+00  0.46411160E+00  0.00000000E+00  0.00000000E+00
 301.000    27101900  PLANTING                     1  0.00000000E+00  0.99009900E+00  0.00000000E+00  0.00000000E+00 -0.11360820E-01  0.00000000E+00  0.41006290E+00  0.00000000E+00  0.00000000E+00
 302.000    28101900  PLANTING                     1  0.00000000E+00  0.99009900E+00  0.00000000E+00  0.00000000E+00 -0.11415520E-01  0.00000000E+00  0.34749710E+00  0.00000000E+00  0.00000000E+00
 303.000    29101900  PLANTING                     1  0.00000000E+00  0.99009900E+00  0.00000000E+00  0.00000000E+00 -0.11920770E-01  0.00000000E+00  0.29550470E+00  0.00000000E+00  0.00000000E+00
 304.000    30101900  PLANTING                     1  0.00000000E+00  0.99009900E+00  0.00000000E+00  0.00000000E+00 -0.12218940E-01  0.00000000E+00  0.36294670E+00  0.00000000E+00  0.00000000E+00
 305.000    31101900  PLANTING                     1  0.00000000E+00  0.99009900E+00  0.00000000E+00  0.00000000E+00 -0.12698090E-01  0.00000000E+00  0.47706130E+00  0.00000000E+00  0.00000000E+00
 306.000    01111900  PLANTING                     1  0.00000000E+00  0.99009900E+00  0.00000000E+00  0.00000000E+00 -0.11222000E-01  0.00000000E+00  0.45629610E+00  0.00000000E+00  0.00000000E+00
 307.000    02111900  PLANTING                     1  0.00000000E+00  0.99009900E+00  0.00000000E+00  0.00000000E+00 -0.11460080E-01  0.00000000E+00  0.39596460E+00  0.00000000E+00  0.00000000E+00
 308.000    03111900  PLANTING                     1  0.00000000E+00  0.99009900E+00  0.00000000E+00  0.00000000E+00 -0.11716670E-01  0.00000000E+00  0.40747550E+00  0.00000000E+00  0.00000000E+00
 309.000    04111900  PLANTING                     1  0.00000000E+00  0.99009900E+00  0.00000000E+00  0.00000000E+00 -0.11958460E-01  0.00000000E+00  0.32323650E+00  0.00000000E+00  0.00000000E+00
 310.000    05111900  PLANTING                     1  0.00000000E+00  0.99009900E+00  0.00000000E+00  0.00000000E+00 -0.12434530E-01  0.00000000E+00  0.26400430E+00  0.00000000E+00  0.00000000E+00
 311.000    06111900  PLANTING                     1  0.00000000E+00  0.99009900E+00  0.00000000E+00  0.00000000E+00 -0.12609710E-01  0.00000000E+00  0.32359550E+00  0.00000000E+00  0.00000000E+00
 312.000    07111900  PLANTING                     1  0.00000000E+00  0.99009900E+00  0.00000000E+00  0.00000000E+00 -0.97772760E-02  0.00000000E+00  0.17951890E+00  0.00000000E+00  0.00000000E+00
 313.000    08111900  PLANTING                     1  0.00000000E+00  0.99009900E+00  0.00000000E+00  0.00000000E+00 -0.99274070E-02  0.00000000E+00  0.14915240E+00  0.00000000E+00  0.00000000E+00
 314.000    09111900  PLANTING                     1  0.00000000E+00  0.99009900E+00  0.00000000E+00  0.00000000E+00 -0.99806690E-02  0.00000000E+00  0.14950190E+00  0.00000000E+00  0.00000000E+00
 315.000    10111900  PLANTING                     1  0.00000000E+00  0.99009900E+00  0.00000000E+00  0.00000000E+00 -0.10364530E-01  0.00000000E+00  0.16957350E+00  0.00000000E+00  0.00000000E+00
 316.000    11111900  PLANTING                     1  0.00000000E+00  0.99009900E+00  0.00000000E+00  0.00000000E+00 -0.10454300E-01  0.00000000E+00  0.16670080E+00  0.00000000E+00  0.00000000E+00
 317.000    12111900  PLANTING                     1  0.00000000E+00  0.99009900E+00  0.00000000E+00  0.00000000E+00 -0.10417720E-01  0.00000000E+00  0.18895000E+00  0.00000000E+00  0.00000000E+00
 318.000    13111900  PLANTING                     1  0.00000000E+00  0.99009900E+00  0.00000000E+00  0.00000000E+00 -0.10708110E-01  0.00000000E+00  0.14416180E+00  0.00000000E+00  0.00000000E+00
 319.000    14111900  PLANTING                     1  0.00000000E+00  0.99009900E+00  0.00000000E+00  0.00000000E+00 -0.10775430E-01  0.00000000E+00  0.15234600E+00  0.00000000E+00  0.00000000E+00
 320.000    15111900  PLANTING                     1  0.00000000E+00  0.99009900E+00  0.00000000E+00  0.00000000E+00 -0.11049800E-01  0.00000000E+00  0.17696310E+00  0.00000000E+00  0.00000000E+00
 321.000    16111900  PLANTING                     1  0.00000000E+00  0.99009900E+00  0.00000000E+00  0.00000000E+00 -0.11107920E-01  0.00000000E+00  0.20236050E+00  0.00000000E+00  0.00000000E+00
 322.000    17111900  PLANTING                     1  0.00000000E+00  0.99009900E+00  0.00000000E+00  0.00000000E+00 -0.11121320E-01  0.00000000E+00  0.19263380E+00  0.00000000E+00  0.00000000E+00
 323.000    18111900  PLANTING                     1  0.00000000E+00  0.99009900E+00  0.00000000E+00  0.00000000E+00 -0.11345400E-01  0.00000000E+00  0.17775560E+00  0.00000000E+00  0.00000000E+00
 324.000    19111900  PLANTING                     1  0.00000000E+00  0.99009900E+00  0.00000000E+00  0.00000000E+00 -0.11531790E-01  0.00000000E+00  0.25297300E+00  0.00000000E+00  0.00000000E+00
 325.000    20111900  PLANTING                     1  0.00000000E+00  0.99009900E+00  0.00000000E+00  0.00000000E+00 -0.11044860E-01  0.00000000E+00  0.33440850E+00  0.00000000E+00  0.00000000E+00
 326.000    21111900  PLANTING                     1  0.00000000E+00  0.99009900E+00  0.00000000E+00  0.00000000E+00 -0.10599320E-01  0.00000000E+00  0.34288360E+00  0.00000000E+00  0.00000000E+00
 327.000    22111900  PLANTING                     1  0.00000000E+00  0.99009900E+00  0.00000000E+00  0.00000000E+00 -0.98461060E-02  0.00000000E+00  0.41100810E+00  0.00000000E+00  0.00000000E+00
 328.000    23111900  PLANTING                     1  0.00000000E+00  0.99009900E+00  0.00000000E+00  0.00000000E+00 -0.10248050E-01  0.00000000E+00  0.28899900E+00  0.00000000E+00  0.00000000E+00
 329.000    24111900  PLANTING                     1  0.00000000E+00  0.99009900E+00  0.00000000E+00  0.00000000E+00 -0.10260600E-01  0.00000000E+00  0.26378810E+00  0.00000000E+00  0.00000000E+00
 330.000    25111900  PLANTING                     1  0.00000000E+00  0.99009900E+00  0.00000000E+00  0.00000000E+00 -0.10298310E-01  0.00000000E+00  0.32929290E+00  0.00000000E+00  0.00000000E+00
 331.000    26111900  PLANTING                     1  0.00000000E+00  0.99009900E+00  0.00000000E+00  0.00000000E+00 -0.10219060E-01  0.00000000E+00  0.37799510E+00  0.00000000E+00  0.00000000E+00
 332.000    27111900  PLANTING                     1  0.00000000E+00  0.99009900E+00  0.00000000E+00  0.00000000E+00 -0.10307680E-01  0.00000000E+00  0.38758390E+00  0.00000000E+00  0.00000000E+00
 333.000    28111900  PLANTING                     1  0.00000000E+00  0.99009900E+00  0.00000000E+00  0.00000000E+00 -0.10002980E-01  0.00000000E+00  0.29466060E+00  0.00000000E+00  0.00000000E+00
 334.000    29111900  PLANTING                     1  0.00000000E+00  0.99009900E+00  0.00000000E+00  0.00000000E+00 -0.10275850E-01  0.00000000E+00  0.22179880E+00  0.00000000E+00  0.00000000E+00
 335.000    30111900  PLANTING                     1  0.00000000E+00  0.99009900E+00  0.00000000E+00  0.00000000E+00 -0.10141680E-01  0.00000000E+00  0.19875940E+00  0.00000000E+00  0.00000000E+00
 336.000    01121900  PLANTING                     1  0.00000000E+00  0.99009900E+00  0.00000000E+00  0.00000000E+00 -0.10301740E-01  0.00000000E+00  0.15593920E+00  0.00000000E+00  0.00000000E+00
 337.000    02121900  PLANTING                     1  0.00000000E+00  0.99009900E+00  0.00000000E+00  0.00000000E+00 -0.10412490E-01  0.00000000E+00  0.18385330E+00  0.00000000E+00  0.00000000E+00
 338.000    03121900  PLANTING                     1  0.00000000E+00  0.99009900E+00  0.00000000E+00  0.00000000E+00 -0.10174170E-01  0.00000000E+00  0.20164480E+00  0.00000000E+00  0.00000000E+00
 339.000    04121900  PLANTING                     1  0.00000000E+00  0.99009900E+00  0.00000000E+00  0.00000000E+00 -0.10022480E-01  0.00000000E+00  0.22112380E+00  0.00000000E+00  0.00000000E+00
 340.000    05121900  PLANTING                     1  0.00000000E+00  0.99009900E+00  0.00000000E+00  0.00000000E+00 -0.10274570E-01  0.00000000E+00  0.20472100E+00  0.00000000E+00  0.00000000E+00
 341.000    06121900  PLANTING                     1  0.00000000E+00  0.99009900E+00  0.00000000E+00  0.00000000E+00 -0.10373950E-01  0.00000000E+00  0.19487290E+00  0.00000000E+00  0.00000000E+00
 342.000    07121900  PLANTING                     1  0.00000000E+00  0.99009900E+00  0.00000000E+00  0.00000000E+00 -0.10523260E-01  0.00000000E+00  0.21102580E+00  0.00000000E+00  0.00000000E+00
 343.000    08121900  PLANTING                     1  0.00000000E+00  0.99009900E+00  0.00000000E+00  0.00000000E+00 -0.10380410E-01  0.00000000E+00  0.17069020E+00  0.00000000E+00  0.00000000E+00
 344.000    09121900  PLANTING                     1  0.00000000E+00  0.99009900E+00  0.00000000E+00  0.00000000E+00 -0.10527550E-01  0.00000000E+00  0.18409510E+00  0.00000000E+00  0.00000000E+00
 345.000    10121900  PLANTING                     1  0.00000000E+00  0.99009900E+00  0.00000000E+00  0.00000000E+00 -0.10653020E-01  0.00000000E+00  0.19175550E+00  0.00000000E+00  0.00000000E+00
 346.000    11121900  PLANTING                     1  0.00000000E+00  0.99009900E+00  0.00000000E+00  0.00000000E+00 -0.10785560E-01  0.00000000E+00  0.19940950E+00  0.00000000E+00  0.00000000E+00
 347.000    12121900  PLANTING                     1  0.00000000E+00  0.99009900E+00  0.00000000E+00  0.00000000E+00 -0.11049230E-01  0.00000000E+00  0.20374850E+00  0.00000000E+00  0.00000000E+00
 348.000    13121900  PLANTING                     1  0.00000000E+00  0.99009900E+00  0.00000000E+00  0.00000000E+00 -0.10767460E-01  0.00000000E+00  0.29738620E+00  0.00000000E+00  0.00000000E+00
 349.000    14121900  PLANTING                     1  0.00000000E+00  0.99009900E+00  0.00000000E+00  0.00000000E+00 -0.10925300E-01  0.00000000E+00  0.28189540E+00  0.00000000E+00  0.00000000E+00
 350.000    15121900  PLANTING                     1  0.00000000E+00  0.99009900E+00  0.00000000E+00  0.00000000E+00 -0.10771910E-01  0.00000000E+00  0.32014650E+00  0.00000000E+00  0.00000000E+00
 351.000    16121900  PLANTING                     1  0.00000000E+00  0.99009900E+00  0.00000000E+00  0.00000000E+00 -0.10176690E-01  0.00000000E+00  0.25386830E+00  0.00000000E+00  0.00000000E+00
 352.000    17121900  PLANTING                     1  0.00000000E+00  0.99009900E+00  0.00000000E+00  0.00000000E+00 -0.10282410E-01  0.00000000E+00  0.27541720E+00  0.00000000E+00  0.00000000E+00
 353.000    18121900  PLANTING                     1  0.00000000E+00  0.99009900E+00  0.00000000E+00  0.00000000E+00 -0.10153950E-01  0.00000000E+00  0.23780830E+00  0.00000000E+00  0.00000000E+00
 354.000    19121900  PLANTING                     1  0.00000000E+00  0.99009900E+00  0.00000000E+00  0.00000000E+00 -0.10217360E-01  0.00000000E+00  0.25995980E+00  0.00000000E+00  0.00000000E+00
 355.000    20121900  PLANTING                     1  0.00000000E+00  0.99009900E+00  0.00000000E+00  0.00000000E+00 -0.10154020E-01  0.00000000E+00  0.23550010E+00  0.00000000E+00  0.00000000E+00
 356.000    21121900  PLANTING                     1  0.00000000E+00  0.99009900E+00  0.00000000E+00  0.00000000E+00 -0.10426770E-01  0.00000000E+00  0.19558290E+00  0.00000000E+00  0.00000000E+00
 357.000    22121900  PLANTING                     1  0.00000000E+00  0.99009900E+00  0.00000000E+00  0.00000000E+00 -0.10507050E-01  0.00000000E+00  0.23232750E+00  0.00000000E+00  0.00000000E+00
 358.000    23121900  PLANTING                     1  0.00000000E+00  0.99009900E+00  0.00000000E+00  0.00000000E+00 -0.10310620E-01  0.00000000E+00  0.26571600E+00  0.00000000E+00  0.00000000E+00
 359.000    24121900  PLANTING                     1  0.00000000E+00  0.99009900E+00  0.00000000E+00  0.00000000E+00 -0.10146430E-01  0.00000000E+00  0.18838800E+00  0.00000000E+00  0.00000000E+00
 360.000    25121900  PLANTING                     1  0.00000000E+00  0.99009900E+00  0.00000000E+00  0.00000000E+00 -0.10267380E-01  0.00000000E+00  0.20941170E+00  0.00000000E+00  0.00000000E+00
 361.000    26121900  PLANTING                     1  0.00000000E+00  0.99009900E+00  0.00000000E+00  0.00000000E+00 -0.10437960E-01  0.00000000E+00  0.11362760E+00  0.00000000E+00  0.00000000E+00
 362.000    27121900  PLANTING                     1  0.00000000E+00  0.99009900E+00  0.00000000E+00  0.00000000E+00 -0.10649700E-01  0.00000000E+00  0.73989530E-01  0.00000000E+00  0.00000000E+00
 363.000    28121900  PLANTING                     1  0.00000000E+00  0.99009900E+00  0.00000000E+00  0.00000000E+00 -0.10754340E-01  0.00000000E+00  0.10704200E+00  0.00000000E+00  0.00000000E+00
 364.000    29121900  PLANTING                     1  0.00000000E+00  0.99009900E+00  0.00000000E+00  0.00000000E+00 -0.10858440E-01  0.00000000E+00  0.21340480E+00  0.00000000E+00  0.00000000E+00
 365.000    30121900  PLANTING                     1  0.00000000E+00  0.99009900E+00  0.00000000E+00  0.00000000E+00 -0.10967120E-01  0.00000000E+00  0.15026950E+00  0.00000000E+00  0.00000000E+00
 366.000    31121900  PLANTING                     1  0.00000000E+00  0.99009900E+00  0.00000000E+00  0.00000000E+00 -0.11087610E-01  0.00000000E+00  0.14984570E+00  0.00000000E+00  0.00000000E+00
