    DOY     DATE    TRANSPN         WTR_STRESS      OXY_STRESS      
   1.000    01011901  0.00000000E+00  0.00000000E+00  0.46741230E+00
   2.000    02011901  0.00000000E+00  0.00000000E+00  0.33749060E+00
   3.000    03011901  0.00000000E+00  0.00000000E+00  0.35971570E+00
   4.000    04011901  0.00000000E+00  0.00000000E+00  0.30591440E+00
   5.000    05011901  0.93322060E-02  0.00000000E+00  0.25143040E+00
   6.000    06011901  0.25733670E-01  0.00000000E+00  0.46118740E-01
   7.000    07011901  0.25733670E-01  0.00000000E+00  0.43411500E-01
   8.000    08011901  0.25733670E-01  0.00000000E+00  0.59893150E-01
   9.000    09011901  0.48828910E-01  0.00000000E+00  0.69034720E-01
  10.000    10011901  0.79115960E-01  0.00000000E+00  0.83416140E-01
  11.000    11011901  0.99425180E-01  0.00000000E+00  0.90956210E-01
  12.000    12011901  0.14440670E+00  0.00000000E+00  0.99273150E-01
  13.000    13011901  0.17448530E+00  0.00000000E+00  0.10787210E+00
  14.000    14011901  0.20731390E+00  0.00000000E+00  0.20829110E+00
  15.000    15011901  0.22256020E+00  0.00000000E+00  0.20314790E+00
  16.000    16011901  0.24506320E+00  0.00000000E+00  0.18647460E+00
  17.000    17011901  0.27687680E+00  0.00000000E+00  0.20283880E+00
  18.000    18011901  0.32093170E+00  0.00000000E+00  0.20204080E+00
  19.000    19011901  0.36507120E+00  0.00000000E+00  0.18453770E+00
  20.000    20011901  0.39602360E+00  0.00000000E+00  0.21025410E+00
  21.000    21011901  0.44860630E+00  0.00000000E+00  0.21430620E+00
  22.000    22011901  0.50965210E+00  0.00000000E+00  0.22544780E+00
  23.000    23011901  0.55237200E+00  0.00000000E+00  0.21076490E+00
  24.000    24011901  0.61738570E+00  0.00000000E+00  0.29527880E+00
  25.000    25011901  0.67695320E+00  0.00000000E+00  0.49667970E+00
  26.000    26011901  0.73882390E+00  0.00000000E+00  0.23981530E+00
  27.000    27011901  0.80442230E+00  0.00000000E+00  0.21821080E+00
  28.000    28011901  0.85479040E+00  0.00000000E+00  0.20308700E+00
  29.000    29011901  0.88092850E+00  0.00000000E+00  0.21123670E+00
  30.000    30011901  0.92926940E+00  0.00000000E+00  0.19291180E+00
  31.000    31011901  0.96652350E+00  0.00000000E+00  0.18607290E+00
  32.000    01021901  0.10161020E+01  0.00000000E+00  0.19647220E+00
  33.000    02021901  0.10696350E+01  0.00000000E+00  0.26881630E+00
  34.000    03021901  0.11030370E+01  0.00000000E+00  0.26940980E+00
  35.000    04021901  0.11338180E+01  0.00000000E+00  0.33260690E+00
  36.000    05021901  0.11837340E+01  0.00000000E+00  0.32989940E+00
  37.000    06021901  0.12325090E+01  0.00000000E+00  0.31577320E+00
  38.000    07021901  0.12884990E+01  0.00000000E+00  0.45448180E+00
  39.000    08021901  0.13281940E+01  0.00000000E+00  0.63185660E+00
  40.000    09021901  0.13675850E+01  0.00000000E+00  0.24578870E+00
  41.000    10021901  0.14164940E+01  0.00000000E+00  0.27987170E+00
  42.000    11021901  0.14751670E+01  0.00000000E+00  0.27184640E+00
  43.000    12021901  0.15609650E+01  0.00000000E+00  0.25341810E+00
  44.000    13021901  0.16031400E+01  0.00000000E+00  0.19149030E+00
  45.000    14021901  0.16031400E+01  0.00000000E+00  0.19857300E+00
  46.000    15021901  0.16031400E+01  0.00000000E+00  0.26235370E+00
  47.000    16021901  0.16031400E+01  0.00000000E+00  0.23516910E+00
  48.000    17021901  0.16031400E+01  0.00000000E+00  0.23016010E+00
  49.000    18021901  0.16031400E+01  0.00000000E+00  0.24188330E+00
  50.000    19021901  0.16031400E+01  0.00000000E+00  0.23130510E+00
  51.000    20021901  0.17084380E+01  0.00000000E+00  0.26618860E+00
  52.000    21021901  0.18368530E+01  0.00000000E+00  0.32500640E+00
  53.000    22021901  0.19498230E+01  0.00000000E+00  0.53821590E+00
  54.000    23021901  0.20324010E+01  0.00000000E+00  0.31077540E+00
  55.000    24021901  0.21215160E+01  0.00000000E+00  0.33026020E+00
  56.000    25021901  0.21863660E+01  0.00000000E+00  0.30013310E+00
  57.000    26021901  0.24202310E+01  0.00000000E+00  0.27848700E+00
  58.000    27021901  0.24277760E+01  0.00000000E+00  0.27136260E+00
  59.000    28021901  0.24277760E+01  0.00000000E+00  0.23982930E+00
  60.000    01031901  0.24277760E+01  0.00000000E+00  0.26059610E+00
  61.000    02031901  0.24277760E+01  0.00000000E+00  0.22722690E+00
  62.000    03031901  0.24277760E+01  0.00000000E+00  0.25116740E+00
  63.000    04031901  0.24277760E+01  0.00000000E+00  0.28835080E+00
  64.000    05031901  0.24277760E+01  0.00000000E+00  0.34766320E+00
  65.000    06031901  0.25692370E+01  0.00000000E+00  0.37980520E+00
  66.000    07031901  0.28201350E+01  0.00000000E+00  0.47070050E+00
  67.000    08031901  0.29984140E+01  0.00000000E+00  0.48370940E+00
  68.000    09031901  0.32833700E+01  0.00000000E+00  0.40037180E+00
  69.000    10031901  0.34708450E+01  0.00000000E+00  0.35549640E+00
  70.000    11031901  0.34708450E+01  0.00000000E+00  0.28613740E+00
  71.000    12031901  0.34708450E+01  0.00000000E+00  0.26913930E+00
  72.000    13031901  0.34708450E+01  0.00000000E+00  0.26852770E+00
  73.000    14031901  0.34708450E+01  0.00000000E+00  0.28551360E+00
  74.000    15031901  0.34708450E+01  0.00000000E+00  0.30550490E+00
  75.000    16031901  0.34708450E+01  0.00000000E+00  0.33934040E+00
  76.000    17031901  0.34708450E+01  0.00000000E+00  0.40788630E+00
  77.000    18031901  0.34708450E+01  0.00000000E+00  0.48314770E+00
  78.000    19031901  0.34708450E+01  0.00000000E+00  0.59315660E+00
  79.000    20031901  0.36461530E+01  0.00000000E+00  0.59784180E+00
  80.000    21031901  0.38319850E+01  0.00000000E+00  0.51922710E+00
  81.000    22031901  0.41665390E+01  0.00000000E+00  0.47815480E+00
  82.000    23031901  0.45241480E+01  0.00000000E+00  0.43101730E+00
  83.000    24031901  0.47401420E+01  0.00000000E+00  0.41556650E+00
  84.000    25031901  0.49294870E+01  0.00000000E+00  0.41032690E+00
  85.000    26031901  0.49294870E+01  0.00000000E+00  0.34682300E+00
  86.000    27031901  0.49294870E+01  0.00000000E+00  0.35885210E+00
  87.000    28031901  0.49294870E+01  0.00000000E+00  0.37126260E+00
  88.000    29031901  0.49294870E+01  0.00000000E+00  0.38739650E+00
  89.000    30031901  0.49294870E+01  0.00000000E+00  0.41570120E+00
  90.000    31031901  0.49294870E+01  0.00000000E+00  0.45885080E+00
  91.000    01041901  0.49294870E+01  0.00000000E+00  0.50212720E+00
  92.000    02041901  0.49294870E+01  0.00000000E+00  0.54443420E+00
  93.000    03041901  0.51331700E+01  0.00000000E+00  0.53939300E+00
  94.000    04041901  0.53666480E+01  0.00000000E+00  0.51353260E+00
  95.000    05041901  0.56673580E+01  0.00000000E+00  0.47704440E+00
  96.000    06041901  0.60163880E+01  0.00000000E+00  0.43718910E+00
  97.000    07041901  0.63254800E+01  0.00000000E+00  0.40484170E+00
  98.000    08041901  0.65702260E+01  0.00000000E+00  0.38686150E+00
  99.000    09041901  0.69241460E+01  0.00000000E+00  0.38138180E+00
 100.000    10041901  0.73085650E+01  0.00000000E+00  0.37856850E+00
 101.000    11041901  0.75284680E+01  0.00000000E+00  0.38199420E+00
 102.000    12041901  0.78361620E+01  0.00000000E+00  0.37478760E+00
 103.000    13041901  0.82307320E+01  0.00000000E+00  0.37018590E+00
 104.000    14041901  0.84404770E+01  0.00000000E+00  0.37558800E+00
 105.000    15041901  0.87860160E+01  0.00000000E+00  0.39080230E+00
 106.000    16041901  0.92935210E+01  0.00000000E+00  0.37610360E+00
 107.000    17041901  0.96653180E+01  0.00000000E+00  0.37439370E+00
 108.000    18041901  0.10153630E+02  0.00000000E+00  0.62884620E+00
 109.000    19041901  0.10505220E+02  0.00000000E+00  0.55550240E+00
 110.000    20041901  0.10724260E+02  0.00000000E+00  0.53439100E+00
 111.000    21041901  0.11031030E+02  0.00000000E+00  0.44277490E+00
 112.000    22041901  0.11507870E+02  0.00000000E+00  0.43740770E+00
 113.000    23041901  0.12332780E+02  0.00000000E+00  0.41612100E+00
 114.000    24041901  0.12981510E+02  0.00000000E+00  0.42763870E+00
 115.000    25041901  0.13329720E+02  0.00000000E+00  0.44185440E+00
 116.000    26041901  0.13721340E+02  0.00000000E+00  0.44091850E+00
 117.000    27041901  0.14026450E+02  0.00000000E+00  0.45154070E+00
 118.000    28041901  0.14342850E+02  0.00000000E+00  0.45579400E+00
 119.000    29041901  0.14727130E+02  0.00000000E+00  0.45270210E+00
 120.000    30041901  0.15103830E+02  0.00000000E+00  0.45635900E+00
 121.000    01051901  0.15507210E+02  0.00000000E+00  0.45056380E+00
 122.000    02051901  0.16019750E+02  0.00000000E+00  0.66624500E+00
 123.000    03051901  0.16410470E+02  0.00000000E+00  0.79756620E+00
 124.000    04051901  0.16674820E+02  0.00000000E+00  0.42382980E+00
 125.000    05051901  0.16971370E+02  0.00000000E+00  0.38937470E+00
 126.000    06051901  0.17205020E+02  0.00000000E+00  0.36213860E+00
 127.000    07051901  0.17497230E+02  0.00000000E+00  0.34071140E+00
 128.000    08051901  0.17751760E+02  0.00000000E+00  0.33366090E+00
 129.000    09051901  0.18002210E+02  0.00000000E+00  0.33265220E+00
 130.000    10051901  0.18333210E+02  0.00000000E+00  0.33165670E+00
 131.000    11051901  0.18645550E+02  0.00000000E+00  0.34903110E+00
 132.000    12051901  0.18900510E+02  0.00000000E+00  0.38832290E+00
 133.000    13051901  0.19206680E+02  0.00000000E+00  0.43625020E+00
 134.000    14051901  0.19496440E+02  0.00000000E+00  0.45184710E+00
 135.000    15051901  0.20112140E+02  0.00000000E+00  0.48775340E+00
 136.000    16051901  0.20752390E+02  0.00000000E+00  0.42954080E+00
 137.000    17051901  0.21220730E+02  0.00000000E+00  0.76375770E+00
 138.000    18051901  0.21681940E+02  0.00000000E+00  0.71746150E+00
 139.000    19051901  0.21956590E+02  0.00000000E+00  0.45192240E+00
 140.000    20051901  0.21956590E+02  0.00000000E+00  0.44857910E+00
 141.000    21051901  0.21956590E+02  0.00000000E+00  0.38448970E+00
 142.000    22051901  0.21956590E+02  0.00000000E+00  0.38625690E+00
 143.000    23051901  0.21956590E+02  0.00000000E+00  0.35712210E+00
 144.000    24051901  0.21956590E+02  0.00000000E+00  0.35509260E+00
 145.000    25051901  0.21956590E+02  0.00000000E+00  0.36302000E+00
 146.000    26051901  0.21956590E+02  0.00000000E+00  0.46567070E+00
 147.000    27051901  0.21956590E+02  0.00000000E+00  0.56116240E+00
 148.000    28051901  0.21956590E+02  0.00000000E+00  0.64411750E+00
 149.000    29051901  0.22320840E+02  0.00000000E+00  0.63237950E+00
 150.000    30051901  0.22575250E+02  0.00000000E+00  0.49952180E+00
 151.000    31051901  0.22882990E+02  0.00000000E+00  0.54405660E+00
 152.000    01061901  0.23191010E+02  0.00000000E+00  0.50559300E+00
 153.000    02061901  0.23498730E+02  0.00000000E+00  0.38807300E+00
 154.000    03061901  0.23800370E+02  0.00000000E+00  0.37779550E+00
 155.000    04061901  0.24388600E+02  0.00000000E+00  0.36743240E+00
 156.000    05061901  0.24892720E+02  0.00000000E+00  0.37089160E+00
 157.000    06061901  0.25216740E+02  0.00000000E+00  0.38171340E+00
 158.000    07061901  0.25681170E+02  0.00000000E+00  0.38668730E+00
 159.000    08061901  0.26582670E+02  0.00000000E+00  0.37767620E+00
 160.000    09061901  0.27818700E+02  0.00000000E+00  0.36694420E+00
 161.000    10061901  0.29019520E+02  0.00000000E+00  0.35294770E+00
 162.000    11061901  0.30238210E+02  0.00000000E+00  0.34579330E+00
 163.000    12061901  0.31193350E+02  0.00000000E+00  0.37390890E+00
 164.000    13061901  0.31584640E+02  0.00000000E+00  0.61734820E+00
 165.000    14061901  0.31864780E+02  0.00000000E+00  0.73327810E+00
 166.000    15061901  0.32100460E+02  0.00000000E+00  0.44302750E+00
 167.000    16061901  0.32323430E+02  0.00000000E+00  0.36957710E+00
 168.000    17061901  0.32748050E+02  0.00000000E+00  0.33043860E+00
 169.000    18061901  0.33133930E+02  0.00000000E+00  0.32397060E+00
 170.000    19061901  0.33496870E+02  0.00000000E+00  0.32316340E+00
 171.000    20061901  0.33915790E+02  0.00000000E+00  0.35831980E+00
 172.000    21061901  0.34363420E+02  0.00000000E+00  0.38834110E+00
 173.000    22061901  0.35010070E+02  0.00000000E+00  0.38322750E+00
 174.000    23061901  0.35761220E+02  0.00000000E+00  0.38749360E+00
 175.000    24061901  0.36221930E+02  0.00000000E+00  0.40609310E+00
 176.000    25061901  0.36701780E+02  0.00000000E+00  0.42621120E+00
 177.000    26061901  0.37040300E+02  0.00000000E+00  0.45309150E+00
 178.000    27061901  0.37393930E+02  0.00000000E+00  0.71509510E+00
 179.000    28061901  0.37747710E+02  0.00000000E+00  0.67779170E+00
 180.000    29061901  0.38075350E+02  0.00000000E+00  0.39846140E+00
 181.000    30061901  0.38382570E+02  0.00000000E+00  0.44162050E+00
 182.000    01071901  0.38683930E+02  0.00000000E+00  0.47174540E+00
 183.000    02071901  0.38966900E+02  0.00000000E+00  0.43567700E+00
 184.000    03071901  0.39237110E+02  0.00000000E+00  0.40446950E+00
 185.000    04071901  0.39493320E+02  0.00000000E+00  0.55125360E+00
 186.000    05071901  0.39768740E+02  0.00000000E+00  0.49976930E+00
 187.000    06071901  0.40042670E+02  0.00000000E+00  0.40399330E+00
 188.000    07071901  0.40245230E+02  0.00000000E+00  0.59420210E+00
 189.000    08071901  0.40376600E+02  0.00000000E+00  0.53446780E+00
 190.000    09071901  0.40516490E+02  0.00000000E+00  0.43776840E+00
 191.000    10071901  0.40676040E+02  0.00000000E+00  0.39760070E+00
 192.000    11071901  0.40813600E+02  0.00000000E+00  0.62839360E+00
 193.000    12071901  0.40940040E+02  0.00000000E+00  0.57639530E+00
 194.000    13071901  0.41070990E+02  0.00000000E+00  0.52196820E+00
 195.000    14071901  0.41201450E+02  0.00000000E+00  0.44911700E+00
 196.000    15071901  0.41377690E+02  0.00000000E+00  0.63176050E+00
 197.000    16071901  0.41500750E+02  0.00000000E+00  0.49932420E+00
 198.000    17071901  0.41636920E+02  0.00000000E+00  0.31960610E+00
 199.000    18071901  0.41733250E+02  0.00000000E+00  0.62230340E+00
 200.000    19071901  0.41825970E+02  0.00000000E+00  0.31131000E+00
 201.000    20071901  0.41888470E+02  0.00000000E+00  0.60192510E+00
 202.000    21071901  0.41948450E+02  0.00000000E+00  0.31387890E+00
 203.000    22071901  0.42016750E+02  0.00000000E+00  0.61262040E+00
 204.000    23071901  0.42074570E+02  0.00000000E+00  0.32457410E+00
 205.000    24071901  0.42190160E+02  0.00000000E+00  0.63637730E+00
 206.000    25071901  0.42269790E+02  0.00000000E+00  0.49564770E+00
 207.000    26071901  0.42325450E+02  0.00000000E+00  0.56670330E+00
 208.000    27071901  0.42415230E+02  0.00000000E+00  0.56042690E+00
 209.000    28071901  0.42504600E+02  0.00000000E+00  0.37191220E+00
 210.000    29071901  0.42560140E+02  0.00000000E+00  0.60677010E+00
 211.000    30071901  0.42614440E+02  0.00000000E+00  0.39079930E+00
 212.000    31071901  0.42677170E+02  0.00000000E+00  0.61975750E+00
 213.000    01081901  0.42799460E+02  0.00000000E+00  0.38575200E+00
 214.000    02081901  0.42799460E+02  0.00000000E+00  0.00000000E+00
 215.000    03081901  0.42799460E+02  0.00000000E+00  0.00000000E+00
 216.000    04081901  0.42799460E+02  0.00000000E+00  0.00000000E+00
 217.000    05081901  0.42799460E+02  0.00000000E+00  0.00000000E+00
 218.000    06081901  0.42799460E+02  0.00000000E+00  0.00000000E+00
 219.000    07081901  0.42799460E+02  0.00000000E+00  0.00000000E+00
 220.000    08081901  0.42799460E+02  0.00000000E+00  0.00000000E+00
 221.000    09081901  0.42799460E+02  0.00000000E+00  0.00000000E+00
 222.000    10081901  0.42799460E+02  0.00000000E+00  0.00000000E+00
 223.000    11081901  0.42799460E+02  0.00000000E+00  0.00000000E+00
 224.000    12081901  0.42799460E+02  0.00000000E+00  0.00000000E+00
 225.000    13081901  0.42799460E+02  0.00000000E+00  0.00000000E+00
 226.000    14081901  0.42799460E+02  0.00000000E+00  0.00000000E+00
 227.000    15081901  0.42799460E+02  0.00000000E+00  0.00000000E+00
 228.000    16081901  0.42799460E+02  0.00000000E+00  0.00000000E+00
 229.000    17081901  0.42799460E+02  0.00000000E+00  0.00000000E+00
 230.000    18081901  0.42799460E+02  0.00000000E+00  0.00000000E+00
 231.000    19081901  0.42799460E+02  0.00000000E+00  0.00000000E+00
 232.000    20081901  0.42799460E+02  0.00000000E+00  0.00000000E+00
 233.000    21081901  0.42799460E+02  0.00000000E+00  0.00000000E+00
 234.000    22081901  0.42799460E+02  0.00000000E+00  0.00000000E+00
 235.000    23081901  0.42799460E+02  0.00000000E+00  0.00000000E+00
 236.000    24081901  0.42799460E+02  0.00000000E+00  0.00000000E+00
 237.000    25081901  0.42799460E+02  0.00000000E+00  0.00000000E+00
 238.000    26081901  0.42799460E+02  0.00000000E+00  0.00000000E+00
 239.000    27081901  0.42799460E+02  0.00000000E+00  0.00000000E+00
 240.000    28081901  0.42799460E+02  0.00000000E+00  0.00000000E+00
 241.000    29081901  0.42799460E+02  0.00000000E+00  0.00000000E+00
 242.000    30081901  0.42799460E+02  0.00000000E+00  0.00000000E+00
 243.000    31081901  0.42799460E+02  0.00000000E+00  0.00000000E+00
 244.000    01091901  0.42799460E+02  0.00000000E+00  0.00000000E+00
 245.000    02091901  0.42799460E+02  0.00000000E+00  0.00000000E+00
 246.000    03091901  0.42799460E+02  0.00000000E+00  0.00000000E+00
 247.000    04091901  0.42799460E+02  0.00000000E+00  0.00000000E+00
 248.000    05091901  0.42799460E+02  0.00000000E+00  0.00000000E+00
 249.000    06091901  0.42799460E+02  0.00000000E+00  0.00000000E+00
 250.000    07091901  0.42799460E+02  0.00000000E+00  0.00000000E+00
 251.000    08091901  0.42799460E+02  0.00000000E+00  0.00000000E+00
 252.000    09091901  0.42799460E+02  0.00000000E+00  0.00000000E+00
 253.000    10091901  0.42799460E+02  0.00000000E+00  0.00000000E+00
 254.000    11091901  0.42799460E+02  0.00000000E+00  0.00000000E+00
 255.000    12091901  0.42799460E+02  0.00000000E+00  0.00000000E+00
 256.000    13091901  0.42799460E+02  0.00000000E+00  0.00000000E+00
 257.000    14091901  0.42799460E+02  0.00000000E+00  0.00000000E+00
 258.000    15091901  0.42799460E+02  0.00000000E+00  0.00000000E+00
 259.000    16091901  0.42799460E+02  0.00000000E+00  0.00000000E+00
 260.000    17091901  0.42799460E+02  0.00000000E+00  0.00000000E+00
 261.000    18091901  0.42799460E+02  0.00000000E+00  0.00000000E+00
 262.000    19091901  0.42799460E+02  0.00000000E+00  0.00000000E+00
 263.000    20091901  0.42799460E+02  0.00000000E+00  0.00000000E+00
 264.000    21091901  0.42799460E+02  0.00000000E+00  0.00000000E+00
 265.000    22091901  0.42799460E+02  0.00000000E+00  0.00000000E+00
 266.000    23091901  0.42799460E+02  0.00000000E+00  0.00000000E+00
 267.000    24091901  0.42799460E+02  0.00000000E+00  0.00000000E+00
 268.000    25091901  0.42799460E+02  0.00000000E+00  0.00000000E+00
 269.000    26091901  0.42799460E+02  0.00000000E+00  0.00000000E+00
 270.000    27091901  0.42799460E+02  0.00000000E+00  0.00000000E+00
 271.000    28091901  0.42799460E+02  0.00000000E+00  0.00000000E+00
 272.000    29091901  0.42799460E+02  0.00000000E+00  0.00000000E+00
 273.000    30091901  0.42799460E+02  0.00000000E+00  0.00000000E+00
 274.000    01101901  0.42799460E+02  0.00000000E+00  0.00000000E+00
 275.000    02101901  0.42799460E+02  0.00000000E+00  0.00000000E+00
 276.000    03101901  0.42799460E+02  0.00000000E+00  0.00000000E+00
 277.000    04101901  0.42799460E+02  0.00000000E+00  0.00000000E+00
 278.000    05101901  0.42799460E+02  0.00000000E+00  0.00000000E+00
 279.000    06101901  0.42799460E+02  0.00000000E+00  0.00000000E+00
 280.000    07101901  0.42799460E+02  0.00000000E+00  0.00000000E+00
 281.000    08101901  0.42799460E+02  0.00000000E+00  0.00000000E+00
 282.000    09101901  0.42799460E+02  0.00000000E+00  0.00000000E+00
 283.000    10101901  0.42799460E+02  0.00000000E+00  0.00000000E+00
 284.000    11101901  0.42799460E+02  0.00000000E+00  0.00000000E+00
 285.000    12101901  0.42799460E+02  0.00000000E+00  0.00000000E+00
 286.000    13101901  0.42799460E+02  0.00000000E+00  0.00000000E+00
 287.000    14101901  0.42799460E+02  0.00000000E+00  0.00000000E+00
 288.000    15101901  0.42799460E+02  0.00000000E+00  0.00000000E+00
 289.000    16101901  0.42799460E+02  0.00000000E+00  0.00000000E+00
 290.000    17101901  0.42799460E+02  0.00000000E+00  0.00000000E+00
 291.000    18101901  0.42799460E+02  0.00000000E+00  0.00000000E+00
 292.000    19101901  0.42799460E+02  0.00000000E+00  0.00000000E+00
 293.000    20101901  0.42799460E+02  0.00000000E+00  0.00000000E+00
 294.000    21101901  0.42799460E+02  0.00000000E+00  0.00000000E+00
 295.000    22101901  0.42799460E+02  0.00000000E+00  0.00000000E+00
 296.000    23101901  0.42799460E+02  0.00000000E+00  0.00000000E+00
 297.000    24101901  0.42799460E+02  0.00000000E+00  0.00000000E+00
 298.000    25101901  0.42799460E+02  0.00000000E+00  0.00000000E+00
 299.000    26101901  0.42799460E+02  0.00000000E+00  0.00000000E+00
 300.000    27101901  0.42799460E+02  0.00000000E+00  0.00000000E+00
 301.000    28101901  0.42799460E+02  0.00000000E+00  0.00000000E+00
 302.000    29101901  0.42799460E+02  0.00000000E+00  0.00000000E+00
 303.000    30101901  0.42799460E+02  0.00000000E+00  0.00000000E+00
 304.000    31101901  0.42799460E+02  0.00000000E+00  0.00000000E+00
 305.000    01111901  0.42799460E+02  0.00000000E+00  0.00000000E+00
 306.000    02111901  0.42799460E+02  0.00000000E+00  0.00000000E+00
 307.000    03111901  0.42799460E+02  0.00000000E+00  0.00000000E+00
 308.000    04111901  0.42799460E+02  0.00000000E+00  0.00000000E+00
 309.000    05111901  0.42799460E+02  0.00000000E+00  0.00000000E+00
 310.000    06111901  0.42799460E+02  0.00000000E+00  0.00000000E+00
 311.000    07111901  0.42799460E+02  0.00000000E+00  0.00000000E+00
 312.000    08111901  0.42799460E+02  0.00000000E+00  0.00000000E+00
 313.000    09111901  0.42799460E+02  0.00000000E+00  0.00000000E+00
 314.000    10111901  0.42799460E+02  0.00000000E+00  0.00000000E+00
 315.000    11111901  0.42799460E+02  0.00000000E+00  0.00000000E+00
 316.000    12111901  0.42799460E+02  0.00000000E+00  0.00000000E+00
 317.000    13111901  0.42799460E+02  0.00000000E+00  0.00000000E+00
 318.000    14111901  0.42799460E+02  0.00000000E+00  0.00000000E+00
 319.000    15111901  0.42799460E+02  0.00000000E+00  0.00000000E+00
 320.000    16111901  0.42799460E+02  0.00000000E+00  0.00000000E+00
 321.000    17111901  0.42799460E+02  0.00000000E+00  0.00000000E+00
 322.000    18111901  0.42799460E+02  0.00000000E+00  0.00000000E+00
 323.000    19111901  0.42799460E+02  0.00000000E+00  0.00000000E+00
 324.000    20111901  0.42799460E+02  0.00000000E+00  0.00000000E+00
 325.000    21111901  0.42799460E+02  0.00000000E+00  0.00000000E+00
 326.000    22111901  0.42799460E+02  0.00000000E+00  0.00000000E+00
 327.000    23111901  0.42799460E+02  0.00000000E+00  0.00000000E+00
 328.000    24111901  0.42799460E+02  0.00000000E+00  0.00000000E+00
 329.000    25111901  0.42799460E+02  0.00000000E+00  0.00000000E+00
 330.000    26111901  0.42799460E+02  0.00000000E+00  0.00000000E+00
 331.000    27111901  0.42799460E+02  0.00000000E+00  0.00000000E+00
 332.000    28111901  0.42799460E+02  0.00000000E+00  0.00000000E+00
 333.000    29111901  0.42799460E+02  0.00000000E+00  0.00000000E+00
 334.000    30111901  0.42799460E+02  0.00000000E+00  0.00000000E+00
 335.000    01121901  0.42799460E+02  0.00000000E+00  0.00000000E+00
 336.000    02121901  0.42799460E+02  0.00000000E+00  0.00000000E+00
 337.000    03121901  0.42799460E+02  0.00000000E+00  0.00000000E+00
 338.000    04121901  0.42799460E+02  0.00000000E+00  0.00000000E+00
 339.000    05121901  0.42799460E+02  0.00000000E+00  0.00000000E+00
 340.000    06121901  0.42799460E+02  0.00000000E+00  0.00000000E+00
 341.000    07121901  0.42799460E+02  0.00000000E+00  0.00000000E+00
 342.000    08121901  0.42799460E+02  0.00000000E+00  0.00000000E+00
 343.000    09121901  0.42799460E+02  0.00000000E+00  0.00000000E+00
 344.000    10121901  0.42799460E+02  0.00000000E+00  0.00000000E+00
 345.000    11121901  0.42799460E+02  0.00000000E+00  0.00000000E+00
 346.000    12121901  0.42799460E+02  0.00000000E+00  0.00000000E+00
 347.000    13121901  0.42799460E+02  0.00000000E+00  0.00000000E+00
 348.000    14121901  0.42799460E+02  0.00000000E+00  0.00000000E+00
 349.000    15121901  0.42799460E+02  0.00000000E+00  0.00000000E+00
 350.000    16121901  0.42799460E+02  0.00000000E+00  0.00000000E+00
 351.000    17121901  0.42799460E+02  0.00000000E+00  0.00000000E+00
 352.000    18121901  0.42799460E+02  0.00000000E+00  0.00000000E+00
 353.000    19121901  0.42799460E+02  0.00000000E+00  0.00000000E+00
 354.000    20121901  0.42799460E+02  0.00000000E+00  0.00000000E+00
 355.000    21121901  0.42799460E+02  0.00000000E+00  0.00000000E+00
 356.000    22121901  0.42799460E+02  0.00000000E+00  0.00000000E+00
 357.000    23121901  0.42799460E+02  0.00000000E+00  0.00000000E+00
 358.000    24121901  0.42799460E+02  0.00000000E+00  0.00000000E+00
 359.000    25121901  0.42799460E+02  0.00000000E+00  0.00000000E+00
 360.000    26121901  0.42799460E+02  0.00000000E+00  0.00000000E+00
 361.000    27121901  0.42799460E+02  0.00000000E+00  0.00000000E+00
 362.000    28121901  0.42799460E+02  0.00000000E+00  0.00000000E+00
 363.000    29121901  0.42799460E+02  0.00000000E+00  0.00000000E+00
 364.000    30121901  0.42799460E+02  0.00000000E+00  0.00000000E+00
 365.000    31121901  0.42799460E+02  0.00000000E+00  0.00000000E+00
