    DOY     DATE    GROWTH_STG      BRANCH_NO.      NODE_NO.        RUB_ACTVN       LEAF_N/C        LEAF_P/C        MIN_LWP         O2_STRESS       TEMP_STRESS     
   1.000    01011901  EMERGENCE                    1  0.48121370E-01  0.96971100E+00  0.41660620E-01  0.41899760E-02 -0.11006510E-01  0.46741230E+00  0.20017110E+00  0.00000000E+00  0.00000000E+00
   2.000    02011901  EMERGENCE                    1  0.86953620E-01  0.95242080E+00  0.39761460E-01  0.40873250E-02 -0.15271310E-02  0.33749060E+00  0.16232610E+00  0.00000000E+00  0.00000000E+00
   3.000    03011901  EMERGENCE                    1  0.12136560E+00  0.94616820E+00  0.43654340E-01  0.45612870E-02 -0.15271310E-02  0.35971570E+00  0.17006900E+00  0.00000000E+00  0.00000000E+00
   4.000    04011901  EMERGENCE                    1  0.15934980E+00  0.94123950E+00  0.49041200E-01  0.52759020E-02 -0.15271310E-02  0.30591440E+00  0.27188020E+00  0.00000000E+00  0.00000000E+00
   5.000    05011901  EMERGENCE                    1  0.21355330E+00  0.93335010E+00  0.53125100E-01  0.58734580E-02 -0.45399480E+00  0.25143040E+00  0.24563620E+00  0.00000000E+00  0.00000000E+00
   6.000    06011901  EMERGENCE                    1  0.25812870E+00  0.93037500E+00  0.57434360E-01  0.65246940E-02 -0.25804340E-01  0.46118740E-01  0.39028390E+00  0.00000000E+00  0.00000000E+00
   7.000    07011901  EMERGENCE                    1  0.29856950E+00  0.92500970E+00  0.61368420E-01  0.70450780E-02 -0.15271310E-02  0.43411500E-01  0.33756030E+00  0.00000000E+00  0.00000000E+00
   8.000    08011901  EMERGENCE                    1  0.34597290E+00  0.92243080E+00  0.67408010E-01  0.78052700E-02 -0.15271310E-02  0.59893150E-01  0.47333140E+00  0.00000000E+00  0.00000000E+00
   9.000    09011901  EMERGENCE                    1  0.39676440E+00  0.92367880E+00  0.72581710E-01  0.84448760E-02 -0.35114640E+00  0.69034720E-01  0.32619490E+00  0.00000000E+00  0.00000000E+00
  10.000    10011901  EMERGENCE                    1  0.43515410E+00  0.92547130E+00  0.74881650E-01  0.87654980E-02 -0.35046560E+00  0.83416140E-01  0.26031120E+00  0.00000000E+00  0.00000000E+00
  11.000    11011901  EMERGENCE                    1  0.48057600E+00  0.92708440E+00  0.77063670E-01  0.90828980E-02 -0.36476810E+00  0.90956210E-01  0.38805640E+00  0.00000000E+00  0.00000000E+00
  12.000    12011901  EMERGENCE                    1  0.53302580E+00  0.92596490E+00  0.77252800E-01  0.91738130E-02 -0.88645550E+00  0.99273150E-01  0.34699420E+00  0.00000000E+00  0.00000000E+00
  13.000    13011901  EMERGENCE                    1  0.58139900E+00  0.92399890E+00  0.76627880E-01  0.91714740E-02 -0.72512150E+00  0.10787210E+00  0.33734510E+00  0.00000000E+00  0.00000000E+00
  14.000    14011901  EMERGENCE                    1  0.63551000E+00  0.92230560E+00  0.76158240E-01  0.91951290E-02 -0.59727410E+00  0.20829110E+00  0.31802190E+00  0.00000000E+00  0.00000000E+00
  15.000    15011901  EMERGENCE                    1  0.69263410E+00  0.92280750E+00  0.76670920E-01  0.93488420E-02 -0.15517900E+00  0.20314790E+00  0.38839210E+00  0.00000000E+00  0.00000000E+00
  16.000    16011901  EMERGENCE                    1  0.76259360E+00  0.92201930E+00  0.76518440E-01  0.94144740E-02 -0.33814090E+00  0.18647460E+00  0.45415840E+00  0.00000000E+00  0.00000000E+00
  17.000    17011901  EMERGENCE                    1  0.83016870E+00  0.91772870E+00  0.74945250E-01  0.93020520E-02 -0.36338160E+00  0.20283880E+00  0.36820230E+00  0.00000000E+00  0.00000000E+00
  18.000    18011901  EMERGENCE                    1  0.89680350E+00  0.91194930E+00  0.72958320E-01  0.91294230E-02 -0.72672690E+00  0.20204080E+00  0.43407260E+00  0.00000000E+00  0.00000000E+00
  19.000    19011901  EMERGENCE                    1  0.96882640E+00  0.90639790E+00  0.71268860E-01  0.89969270E-02 -0.63294540E+00  0.18453770E+00  0.43446200E+00  0.00000000E+00  0.00000000E+00
  20.000    20011901  EMERGENCE                    1  0.10333570E+01  0.90247350E+00  0.70151980E-01  0.89296780E-02 -0.35946260E+00  0.21025410E+00  0.31453530E+00  0.00000000E+00  0.00000000E+00
  21.000    21011901  EMERGENCE                    1  0.10867160E+01  0.89737860E+00  0.68605860E-01  0.88113900E-02 -0.60206550E+00  0.21430620E+00  0.24681100E+00  0.00000000E+00  0.00000000E+00
  22.000    22011901  EMERGENCE                    1  0.11326070E+01  0.89375150E+00  0.67466900E-01  0.87400760E-02 -0.69848500E+00  0.22544780E+00  0.20867270E+00  0.00000000E+00  0.00000000E+00
  23.000    23011901  EMERGENCE                    1  0.11783840E+01  0.88949090E+00  0.66190440E-01  0.86442640E-02 -0.53788610E+00  0.21076490E+00  0.24506240E+00  0.00000000E+00  0.00000000E+00
  24.000    24011901  EMERGENCE                    1  0.12338840E+01  0.88398340E+00  0.64714420E-01  0.85241300E-02 -0.58392150E+00  0.29527880E+00  0.24559510E+00  0.00000000E+00  0.00000000E+00
  25.000    25011901  EMERGENCE                    1  0.12978840E+01  0.87959400E+00  0.63488060E-01  0.84597640E-02 -0.64215960E+00  0.49667970E+00  0.26220630E+00  0.00000000E+00  0.00000000E+00
  26.000    26011901  EMERGENCE                    1  0.13703550E+01  0.87800020E+00  0.62780180E-01  0.84879190E-02 -0.68627870E+00  0.23981530E+00  0.35020990E+00  0.00000000E+00  0.00000000E+00
  27.000    27011901  EMERGENCE                    1  0.14362380E+01  0.87575270E+00  0.62029000E-01  0.84810090E-02 -0.49445000E+00  0.21821080E+00  0.38133650E+00  0.00000000E+00  0.00000000E+00
  28.000    28011901  EMERGENCE                    1  0.15055370E+01  0.87063480E+00  0.60768550E-01  0.83762890E-02 -0.56524130E+00  0.20308700E+00  0.37825410E+00  0.00000000E+00  0.00000000E+00
  29.000    29011901  EMERGENCE                    1  0.15685340E+01  0.86721720E+00  0.59774420E-01  0.82960110E-02 -0.27593150E+00  0.21123670E+00  0.34682350E+00  0.00000000E+00  0.00000000E+00
  30.000    30011901  EMERGENCE                    1  0.16326590E+01  0.86403990E+00  0.58930260E-01  0.82310970E-02 -0.40016380E+00  0.19291180E+00  0.41301420E+00  0.00000000E+00  0.00000000E+00
  31.000    31011901  EMERGENCE                    1  0.16997210E+01  0.86089090E+00  0.58186940E-01  0.81721710E-02 -0.36004950E+00  0.18607290E+00  0.42830670E+00  0.00000000E+00  0.00000000E+00
  32.000    01021901  EMERGENCE                    1  0.17654710E+01  0.85688770E+00  0.57149130E-01  0.80683980E-02 -0.29578070E+00  0.19647220E+00  0.42751090E+00  0.00000000E+00  0.00000000E+00
  33.000    02021901  EMERGENCE                    1  0.18282980E+01  0.85314380E+00  0.56055510E-01  0.79611430E-02 -0.35715380E+00  0.26881630E+00  0.32645630E+00  0.00000000E+00  0.00000000E+00
  34.000    03021901  EMERGENCE                    1  0.18901160E+01  0.85184070E+00  0.55318750E-01  0.79044830E-02 -0.26687320E+00  0.26940980E+00  0.32948030E+00  0.00000000E+00  0.00000000E+00
  35.000    04021901  EMERGENCE                    1  0.19359390E+01  0.85339770E+00  0.54880310E-01  0.78846100E-02 -0.25628160E+00  0.33260690E+00  0.16167890E+00  0.00000000E+00  0.00000000E+00
  36.000    05021901  EMERGENCE                    1  0.19701530E+01  0.85656590E+00  0.54739090E-01  0.79060650E-02 -0.23272780E+00  0.32989940E+00  0.12123110E+00  0.00000000E+00  0.00000000E+00
  37.000    06021901  EMERGENCE                    1  0.20073500E+01  0.85639660E+00  0.54189990E-01  0.78704010E-02 -0.32922260E+00  0.31577320E+00  0.13697860E+00  0.00000000E+00  0.00000000E+00
  38.000    07021901  EMERGENCE                    1  0.20464050E+01  0.85570820E+00  0.53607320E-01  0.78311350E-02 -0.37783270E+00  0.45448180E+00  0.22403780E+00  0.00000000E+00  0.00000000E+00
  39.000    08021901  EMERGENCE                    1  0.20980080E+01  0.85857270E+00  0.53656440E-01  0.78941390E-02 -0.21206290E+00  0.63185660E+00  0.20072820E+00  0.00000000E+00  0.00000000E+00
  40.000    09021901  EMERGENCE                    1  0.21525700E+01  0.86324460E+00  0.54008230E-01  0.80021110E-02 -0.25507090E+00  0.24578870E+00  0.21296530E+00  0.00000000E+00  0.00000000E+00
  41.000    10021901  EMERGENCE                    1  0.21917530E+01  0.86764380E+00  0.54464710E-01  0.81043500E-02 -0.25550980E+00  0.27987170E+00  0.14459900E+00  0.00000000E+00  0.00000000E+00
  42.000    11021901  EMERGENCE                    1  0.22306470E+01  0.86699010E+00  0.54136840E-01  0.80858970E-02 -0.30197090E+00  0.27184640E+00  0.16380440E+00  0.00000000E+00  0.00000000E+00
  43.000    12021901  EMERGENCE                    1  0.22711680E+01  0.86709400E+00  0.54065460E-01  0.81042940E-02 -0.21414170E+00  0.25341810E+00  0.25600340E+00  0.00000000E+00  0.00000000E+00
  44.000    13021901  EMERGENCE                    1  0.23360090E+01  0.87971520E+00  0.56993740E-01  0.85436760E-02 -0.27652030E-01  0.19149030E+00  0.53698260E+00  0.00000000E+00  0.00000000E+00
  45.000    14021901  EMERGENCE                    1  0.23992430E+01  0.89031990E+00  0.59066510E-01  0.88025050E-02 -0.15271310E-02  0.19857300E+00  0.29840850E+00  0.00000000E+00  0.00000000E+00
  46.000    15021901  FLORAL_INIT.                 1  0.24640220E+01  0.90043370E+00  0.60748980E-01  0.90006250E-02 -0.15271310E-02  0.26235370E+00  0.22820730E+00  0.00000000E+00  0.00000000E+00
  47.000    16021901  FLORAL_INIT.                 1  0.25276170E+01  0.91125390E+00  0.62520240E-01  0.92239330E-02 -0.15271310E-02  0.23516910E+00  0.25923880E+00  0.00000000E+00  0.00000000E+00
  48.000    17021901  FLORAL_INIT.                 1  0.25861350E+01  0.92185780E+00  0.64324510E-01  0.94601890E-02 -0.15271310E-02  0.23016010E+00  0.15090920E+00  0.00000000E+00  0.00000000E+00
  49.000    18021901  FLORAL_INIT.                 1  0.26393070E+01  0.93167710E+00  0.66189710E-01  0.97231810E-02 -0.15271310E-02  0.24188330E+00  0.15401500E+00  0.00000000E+00  0.00000000E+00
  50.000    19021901  FLORAL_INIT.                 1  0.26938130E+01  0.94145860E+00  0.68239830E-01  0.10019230E-01 -0.15271310E-02  0.23130510E+00  0.30606800E+00  0.00000000E+00  0.00000000E+00
  51.000    20021901  FLORAL_INIT.                 1  0.27695150E+01  0.93584890E+00  0.67939030E-01  0.10017260E-01 -0.23235050E+00  0.26618860E+00  0.22645420E+00  0.00000000E+00  0.00000000E+00
  52.000    21021901  FLORAL_INIT.                 1  0.28396530E+01  0.92770130E+00  0.67258460E-01  0.10048280E-01 -0.44673160E+00  0.32500640E+00  0.24963240E+00  0.00000000E+00  0.00000000E+00
  53.000    22021901  FLORAL_INIT.                 1  0.29041700E+01  0.92497650E+00  0.67341750E-01  0.10184780E-01 -0.37521440E+00  0.53821590E+00  0.15797790E+00  0.00000000E+00  0.00000000E+00
  54.000    23021901  FLORAL_INIT.                 1  0.29685400E+01  0.92338380E+00  0.67536580E-01  0.10313280E-01 -0.30366590E+00  0.31077540E+00  0.23752620E+00  0.00000000E+00  0.00000000E+00
  55.000    24021901  FLORAL_INIT.                 1  0.30478090E+01  0.92152300E+00  0.67449230E-01  0.10359330E-01 -0.33625990E+00  0.33026020E+00  0.28465380E+00  0.00000000E+00  0.00000000E+00
  56.000    25021901  FLORAL_INIT.                 1  0.31344220E+01  0.92088500E+00  0.67519280E-01  0.10398470E-01 -0.18325430E+00  0.30013310E+00  0.39941240E+00  0.00000000E+00  0.00000000E+00
  57.000    26021901  FLORAL_INIT.                 1  0.32298400E+01  0.92094650E+00  0.67668660E-01  0.10421200E-01 -0.13820610E+00  0.27848700E+00  0.34733810E+00  0.00000000E+00  0.00000000E+00
  58.000    27021901  FLORAL_INIT.                 1  0.33264900E+01  0.93782280E+00  0.71779550E-01  0.10979960E-01 -0.21668860E-02  0.27136260E+00  0.30956050E+00  0.00000000E+00  0.00000000E+00
  59.000    28021901  FLORAL_INIT.                 1  0.34105540E+01  0.94926060E+00  0.74383610E-01  0.11245880E-01 -0.15271310E-02  0.23982930E+00  0.29804540E+00  0.00000000E+00  0.00000000E+00
  60.000    01031901  FLORAL_INIT.                 1  0.34893000E+01  0.95868920E+00  0.76694020E-01  0.11467770E-01 -0.15271310E-02  0.26059610E+00  0.38842610E+00  0.00000000E+00  0.00000000E+00
  61.000    02031901  FLORAL_INIT.                 1  0.35896430E+01  0.96767290E+00  0.78924950E-01  0.11670790E-01 -0.15271310E-02  0.22722690E+00  0.44394990E+00  0.00000000E+00  0.00000000E+00
  62.000    03031901  JOINTING                     1  0.36868060E+01  0.97418400E+00  0.80894720E-01  0.11845960E-01 -0.15271310E-02  0.25116740E+00  0.36911690E+00  0.00000000E+00  0.00000000E+00
  63.000    04031901  JOINTING                     1  0.37713550E+01  0.97874410E+00  0.82821640E-01  0.12050330E-01 -0.15271310E-02  0.28835080E+00  0.36193710E+00  0.00000000E+00  0.00000000E+00
  64.000    05031901  JOINTING                     1  0.38669400E+01  0.98261320E+00  0.84906200E-01  0.12311970E-01 -0.15271310E-02  0.34766320E+00  0.50860050E+00  0.00000000E+00  0.00000000E+00
  65.000    06031901  JOINTING                     1  0.39706720E+01  0.97031110E+00  0.84283300E-01  0.12375510E-01 -0.23471780E+00  0.37980520E+00  0.32436210E+00  0.00000000E+00  0.00000000E+00
  66.000    07031901  JOINTING                     1  0.40498980E+01  0.96248770E+00  0.85407620E-01  0.12851880E-01 -0.14766870E+00  0.47070050E+00  0.27187910E+00  0.00000000E+00  0.00000000E+00
  67.000    08031901  JOINTING                     1  0.41281490E+01  0.95861890E+00  0.86253030E-01  0.13173680E-01 -0.27776440E+00  0.48370940E+00  0.22551520E+00  0.00000000E+00  0.00000000E+00
  68.000    09031901  JOINTING                     1  0.41979670E+01  0.95655320E+00  0.86715650E-01  0.13322010E-01 -0.15201810E+00  0.40037180E+00  0.23781850E+00  0.00000000E+00  0.00000000E+00
  69.000    10031901  JOINTING                     1  0.42751690E+01  0.96337120E+00  0.90558800E-01  0.13882090E-01 -0.23378570E+00  0.35549640E+00  0.22689730E+00  0.00000000E+00  0.00000000E+00
  70.000    11031901  JOINTING                     1  0.43541470E+01  0.97378390E+00  0.95372830E-01  0.14456710E-01 -0.15271310E-02  0.28613740E+00  0.28439760E+00  0.00000000E+00  0.00000000E+00
  71.000    12031901  JOINTING                     1  0.44377000E+01  0.98038560E+00  0.97948080E-01  0.14629960E-01 -0.15271310E-02  0.26913930E+00  0.30387110E+00  0.00000000E+00  0.00000000E+00
  72.000    13031901  JOINTING                     1  0.45223350E+01  0.98471210E+00  0.99725440E-01  0.14705770E-01 -0.15271310E-02  0.26852770E+00  0.25632770E+00  0.00000000E+00  0.00000000E+00
  73.000    14031901  JOINTING                     1  0.46127910E+01  0.98766990E+00  0.10146220E+00  0.14833630E-01 -0.15271310E-02  0.28551360E+00  0.27749440E+00  0.00000000E+00  0.00000000E+00
  74.000    15031901  JOINTING                     1  0.47060220E+01  0.98978240E+00  0.10355570E+00  0.15083950E-01 -0.15271310E-02  0.30550490E+00  0.35228070E+00  0.00000000E+00  0.00000000E+00
  75.000    16031901  ELONGATION                   1  0.48104610E+01  0.99178150E+00  0.10619350E+00  0.15473630E-01 -0.15271310E-02  0.33934040E+00  0.41253750E+00  0.00000000E+00  0.00000000E+00
  76.000    17031901  ELONGATION                   1  0.49314310E+01  0.99366770E+00  0.10928460E+00  0.15974720E-01 -0.15271310E-02  0.40788630E+00  0.49289850E+00  0.00000000E+00  0.00000000E+00
  77.000    18031901  ELONGATION                   1  0.50527410E+01  0.99516770E+00  0.11255250E+00  0.16533060E-01 -0.15271310E-02  0.48314770E+00  0.39007710E+00  0.00000000E+00  0.00000000E+00
  78.000    19031901  ELONGATION                   1  0.51673610E+01  0.99636100E+00  0.11657640E+00  0.17270090E-01 -0.15271310E-02  0.59315660E+00  0.46938940E+00  0.00000000E+00  0.00000000E+00
  79.000    20031901  ELONGATION                   1  0.52736610E+01  0.98692850E+00  0.11787110E+00  0.17911970E-01 -0.40236340E+00  0.59784180E+00  0.30687420E+00  0.00000000E+00  0.00000000E+00
  80.000    21031901  ELONGATION                   1  0.53724190E+01  0.97992750E+00  0.11885470E+00  0.18577480E-01 -0.40869130E+00  0.51922710E+00  0.37134010E+00  0.00000000E+00  0.00000000E+00
  81.000    22031901  ELONGATION                   1  0.54648260E+01  0.97802860E+00  0.11967540E+00  0.18977320E-01 -0.14168860E+00  0.47815480E+00  0.39654330E+00  0.00000000E+00  0.00000000E+00
  82.000    23031901  ELONGATION                   1  0.55750360E+01  0.97559910E+00  0.11756020E+00  0.18787830E-01 -0.35354050E+00  0.43101730E+00  0.30928500E+00  0.00000000E+00  0.00000000E+00
  83.000    24031901  ELONGATION                   1  0.56750610E+01  0.97318700E+00  0.11468310E+00  0.18440400E-01 -0.40084020E+00  0.41556650E+00  0.38776860E+00  0.00000000E+00  0.00000000E+00
  84.000    25031901  ELONGATION                   1  0.57800220E+01  0.97243000E+00  0.11287500E+00  0.18255360E-01 -0.36236360E+00  0.41032690E+00  0.36891630E+00  0.00000000E+00  0.00000000E+00
  85.000    26031901  ELONGATION                   1  0.58922960E+01  0.98316370E+00  0.12044870E+00  0.19436390E-01 -0.15271310E-02  0.34682300E+00  0.53672860E+00  0.00000000E+00  0.00000000E+00
  86.000    27031901  ELONGATION                   1  0.60089170E+01  0.98857430E+00  0.12184820E+00  0.19489030E-01 -0.15271310E-02  0.35885210E+00  0.36751590E+00  0.00000000E+00  0.00000000E+00
  87.000    28031901  ELONGATION                   1  0.61110730E+01  0.99088520E+00  0.12136010E+00  0.19279590E-01 -0.15271310E-02  0.37126260E+00  0.40342460E+00  0.00000000E+00  0.00000000E+00
  88.000    29031901  ELONGATION                   1  0.62069390E+01  0.99213040E+00  0.12112490E+00  0.19198750E-01 -0.15271310E-02  0.38739650E+00  0.37596700E+00  0.00000000E+00  0.00000000E+00
  89.000    30031901  ELONGATION                   1  0.63091810E+01  0.99338300E+00  0.12197760E+00  0.19381200E-01 -0.15271310E-02  0.41570120E+00  0.41660250E+00  0.00000000E+00  0.00000000E+00
  90.000    31031901  ELONGATION                   1  0.64285340E+01  0.99467210E+00  0.12361440E+00  0.19748550E-01 -0.15271310E-02  0.45885080E+00  0.50713680E+00  0.00000000E+00  0.00000000E+00
  91.000    01041901  ELONGATION                   1  0.65426350E+01  0.99574750E+00  0.12599890E+00  0.20309860E-01 -0.15271310E-02  0.50212720E+00  0.46042650E+00  0.00000000E+00  0.00000000E+00
  92.000    02041901  ELONGATION                   1  0.66525150E+01  0.99659950E+00  0.12853560E+00  0.20919250E-01 -0.15271310E-02  0.54443420E+00  0.44105550E+00  0.00000000E+00  0.00000000E+00
  93.000    03041901  ELONGATION                   1  0.67653350E+01  0.98689770E+00  0.12505580E+00  0.20802380E-01 -0.19538530E+00  0.53939300E+00  0.45032270E+00  0.00000000E+00  0.00000000E+00
  94.000    04041901  ELONGATION                   1  0.68858300E+01  0.97926630E+00  0.12256180E+00  0.20991710E-01 -0.36480090E+00  0.51353260E+00  0.42582760E+00  0.00000000E+00  0.00000000E+00
  95.000    05041901  ELONGATION                   1  0.69977080E+01  0.97711840E+00  0.12267130E+00  0.21474930E-01 -0.28462710E+00  0.47704440E+00  0.37342620E+00  0.00000000E+00  0.00000000E+00
  96.000    06041901  ELONGATION                   1  0.71365080E+01  0.97557960E+00  0.12163500E+00  0.21709160E-01 -0.60593950E+00  0.43718910E+00  0.48788660E+00  0.00000000E+00  0.00000000E+00
  97.000    07041901  ANTHESIS                     1  0.72833540E+01  0.97455690E+00  0.12026330E+00  0.21837500E-01 -0.53842470E+00  0.40484170E+00  0.49111390E+00  0.00000000E+00  0.00000000E+00
  98.000    08041901  ANTHESIS                     1  0.74304800E+01  0.97315130E+00  0.11810520E+00  0.21782550E-01 -0.45805270E+00  0.38686150E+00  0.44982820E+00  0.00000000E+00  0.00000000E+00
  99.000    09041901  ANTHESIS                     1  0.75630500E+01  0.97170330E+00  0.11594450E+00  0.21680420E-01 -0.54968150E+00  0.38138180E+00  0.41283060E+00  0.00000000E+00  0.00000000E+00
 100.000    10041901  ANTHESIS                     1  0.76906530E+01  0.97018490E+00  0.11369390E+00  0.21544160E-01 -0.59288510E+00  0.37856850E+00  0.43278610E+00  0.00000000E+00  0.00000000E+00
 101.000    11041901  ANTHESIS                     1  0.78020990E+01  0.96789570E+00  0.11083730E+00  0.21260540E-01 -0.28726790E+00  0.38199420E+00  0.38234710E+00  0.00000000E+00  0.00000000E+00
 102.000    12041901  ANTHESIS                     1  0.79258970E+01  0.96668360E+00  0.10896920E+00  0.21183640E-01 -0.44852920E+00  0.37478760E+00  0.40304560E+00  0.00000000E+00  0.00000000E+00
 103.000    13041901  SEED_FILL                    1  0.80596660E+01  0.96593720E+00  0.10697010E+00  0.21179740E-01 -0.69184290E+00  0.37018590E+00  0.36946330E+00  0.00000000E+00  0.00000000E+00
 104.000    14041901  SEED_FILL                    1  0.81711730E+01  0.96421610E+00  0.10413720E+00  0.21002560E-01 -0.26809690E+00  0.37558800E+00  0.37927760E+00  0.00000000E+00  0.00000000E+00
 105.000    15041901  SEED_FILL                    1  0.82696590E+01  0.96249990E+00  0.10178210E+00  0.20858770E-01 -0.26294880E+00  0.39080230E+00  0.39846620E+00  0.00000000E+00  0.00000000E+00
 106.000    16041901  SEED_FILL                    1  0.83903050E+01  0.96114880E+00  0.99620020E-01  0.20796820E-01 -0.30989030E+00  0.37610360E+00  0.40267070E+00  0.00000000E+00  0.00000000E+00
 107.000    17041901  SEED_FILL                    1  0.85237750E+01  0.95957440E+00  0.97272020E-01  0.20747590E-01 -0.49945430E+00  0.37439370E+00  0.46814410E+00  0.00000000E+00  0.00000000E+00
 108.000    18041901  SEED_FILL                    1  0.86848730E+01  0.95800300E+00  0.94822450E-01  0.20742580E-01 -0.69372460E+00  0.62884620E+00  0.57216930E+00  0.00000000E+00  0.00000000E+00
 109.000    19041901  SEED_NO._SET                 1  0.88281980E+01  0.95274800E+00  0.90934130E-01  0.20341240E-01 -0.47469840E+00  0.55550240E+00  0.43982520E+00  0.00000000E+00  0.00000000E+00
 110.000    20041901  SEED_NO._SET                 1  0.89453530E+01  0.95086370E+00  0.89487100E-01  0.20446760E-01 -0.27826960E+00  0.53439100E+00  0.34788400E+00  0.00000000E+00  0.00000000E+00
 111.000    21041901  SEED_NO._SET                 1  0.90661760E+01  0.94799190E+00  0.87440630E-01  0.20381170E-01 -0.34398720E+00  0.44277490E+00  0.37659250E+00  0.00000000E+00  0.00000000E+00
 112.000    22041901  SEED_NO._SET                 1  0.92155750E+01  0.94530950E+00  0.85323790E-01  0.20328140E-01 -0.58328980E+00  0.43740770E+00  0.53787690E+00  0.00000000E+00  0.00000000E+00
 113.000    23041901  SEED_NO._SET                 1  0.94104820E+01  0.94339660E+00  0.83413880E-01  0.20378530E-01 -0.85843130E+00  0.41612100E+00  0.69732250E+00  0.00000000E+00  0.00000000E+00
 114.000    24041901  SEED_NO._SET                 1  0.95994350E+01  0.93489230E+00  0.79289010E-01  0.19732770E-01 -0.69963530E+00  0.42763870E+00  0.47912460E+00  0.00000000E+00  0.00000000E+00
 115.000    25041901  SEED_MASS_SET                1  0.97411580E+01  0.92566800E+00  0.75596570E-01  0.19070990E-01 -0.35716010E+00  0.44185440E+00  0.38624090E+00  0.00000000E+00  0.00000000E+00
 116.000    26041901  SEED_MASS_SET                1  0.98897210E+01  0.91779420E+00  0.72771140E-01  0.18646380E-01 -0.44296120E+00  0.44091850E+00  0.44394990E+00  0.00000000E+00  0.00000000E+00
 117.000    27041901  SEED_MASS_SET                1  0.10022590E+02  0.90888180E+00  0.69898810E-01  0.18147750E-01 -0.31967390E+00  0.45154070E+00  0.42377380E+00  0.00000000E+00  0.00000000E+00
 118.000    28041901  SEED_MASS_SET                1  0.10151040E+02  0.90117660E+00  0.67621970E-01  0.17823450E-01 -0.29462200E+00  0.45579400E+00  0.38894450E+00  0.00000000E+00  0.00000000E+00
 119.000    29041901  SEED_MASS_SET                1  0.10288660E+02  0.89256030E+00  0.65250130E-01  0.17500600E-01 -0.35807910E+00  0.45270210E+00  0.47268020E+00  0.00000000E+00  0.00000000E+00
 120.000    30041901  SEED_MASS_SET                1  0.10422950E+02  0.88412110E+00  0.62950050E-01  0.17170680E-01 -0.31940420E+00  0.45635900E+00  0.41514120E+00  0.00000000E+00  0.00000000E+00
 121.000    01051901  SEED_MASS_SET                1  0.10563980E+02  0.87639400E+00  0.60902390E-01  0.16926400E-01 -0.37221160E+00  0.45056380E+00  0.50096140E+00  0.00000000E+00  0.00000000E+00
 122.000    02051901  SEED_MASS_SET                1  0.10711690E+02  0.86828080E+00  0.58731490E-01  0.16638900E-01 -0.49367970E+00  0.66624500E+00  0.44935740E+00  0.00000000E+00  0.00000000E+00
 123.000    03051901  SEED_MASS_SET                1  0.10849980E+02  0.86563020E+00  0.57412000E-01  0.16510840E-01 -0.42697500E+00  0.79756620E+00  0.38747210E+00  0.00000000E+00  0.00000000E+00
 124.000    04051901  SEED_MASS_SET                1  0.10969760E+02  0.88311820E+00  0.59784870E-01  0.16722700E-01 -0.23480040E+00  0.42382980E+00  0.38970650E+00  0.00000000E+00  0.00000000E+00
 125.000    05051901  SEED_MASS_SET                1  0.11091730E+02  0.89857530E+00  0.63121990E-01  0.16946730E-01 -0.23834510E+00  0.38937470E+00  0.42294470E+00  0.00000000E+00  0.00000000E+00
 126.000    06051901  SEED_MASS_SET                1  0.11215720E+02  0.90940020E+00  0.66202700E-01  0.17079760E-01 -0.16833360E+00  0.36213860E+00  0.44625760E+00  0.00000000E+00  0.00000000E+00
 127.000    07051901  SEED_MASS_SET                1  0.11348070E+02  0.91755260E+00  0.68991690E-01  0.17198590E-01 -0.23116320E+00  0.34071140E+00  0.43296980E+00  0.00000000E+00  0.00000000E+00
 128.000    08051901  SEED_MASS_SET                1  0.11477830E+02  0.92321130E+00  0.71192620E-01  0.17228640E-01 -0.24488460E+00  0.33366090E+00  0.42993990E+00  0.00000000E+00  0.00000000E+00
 129.000    09051901  SEED_MASS_SET                1  0.11609180E+02  0.92722810E+00  0.72927450E-01  0.17218400E-01 -0.20932630E+00  0.33265220E+00  0.46308810E+00  0.00000000E+00  0.00000000E+00
 130.000    10051901  SEED_MASS_SET                1  0.11752030E+02  0.93000060E+00  0.74208740E-01  0.17193480E-01 -0.25623390E+00  0.33165670E+00  0.46458250E+00  0.00000000E+00  0.00000000E+00
 131.000    11051901  SEED_MASS_SET                1  0.11892740E+02  0.93153570E+00  0.74994310E-01  0.17101300E-01 -0.25446000E+00  0.34903110E+00  0.42998130E+00  0.00000000E+00  0.00000000E+00
 132.000    12051901  SEED_MASS_SET                1  0.12023020E+02  0.93295010E+00  0.75760290E-01  0.17041870E-01 -0.19469110E+00  0.38832290E+00  0.44934640E+00  0.00000000E+00  0.00000000E+00
 133.000    13051901  SEED_MASS_SET                1  0.12158610E+02  0.93304430E+00  0.75889550E-01  0.16919990E-01 -0.23838840E+00  0.43625020E+00  0.45256590E+00  0.00000000E+00  0.00000000E+00
 134.000    14051901  SEED_MASS_SET                1  0.12293360E+02  0.93323660E+00  0.76036130E-01  0.16879850E-01 -0.20349200E+00  0.45184710E+00  0.52796310E+00  0.00000000E+00  0.00000000E+00
 135.000    15051901  SEED_MASS_SET                1  0.12424430E+02  0.93755170E+00  0.78095150E-01  0.17282630E-01 -0.13844490E+00  0.48775340E+00  0.41425440E+00  0.00000000E+00  0.00000000E+00
 136.000    16051901  SEED_MASS_SET                1  0.12540120E+02  0.93588550E+00  0.77386090E-01  0.17080230E-01 -0.12447460E+00  0.42954080E+00  0.42299360E+00  0.00000000E+00  0.00000000E+00
 137.000    17051901  SEED_MASS_SET                1  0.12672370E+02  0.93397180E+00  0.76485680E-01  0.16930140E-01 -0.25744530E+00  0.76375770E+00  0.46190270E+00  0.00000000E+00  0.00000000E+00
 138.000    18051901  SEED_MASS_SET                1  0.12776690E+02  0.93589130E+00  0.77527010E-01  0.17149650E-01 -0.89566510E-01  0.71746150E+00  0.44281790E+00  0.00000000E+00  0.00000000E+00
 139.000    19051901  SEED_MASS_SET                1  0.12887220E+02  0.94672200E+00  0.83077880E-01  0.18310470E-01 -0.63883000E-01  0.45192240E+00  0.43398130E+00  0.00000000E+00  0.00000000E+00
 140.000    20051901  SEED_MASS_SET                1  0.12997270E+02  0.96020780E+00  0.90477850E-01  0.19710160E-01 -0.15271310E-02  0.44857910E+00  0.46754130E+00  0.00000000E+00  0.00000000E+00
 141.000    21051901  SEED_MASS_SET                1  0.13108070E+02  0.96937520E+00  0.96619710E-01  0.20708960E-01 -0.15271310E-02  0.38448970E+00  0.42937690E+00  0.00000000E+00  0.00000000E+00
 142.000    22051901  SEED_MASS_SET                1  0.13231020E+02  0.97705160E+00  0.10299020E+00  0.21768010E-01 -0.15271310E-02  0.38625690E+00  0.49553170E+00  0.00000000E+00  0.00000000E+00
 143.000    23051901  SEED_MASS_SET                1  0.13365590E+02  0.98329860E+00  0.10986720E+00  0.22941920E-01 -0.15271310E-02  0.35712210E+00  0.52890490E+00  0.00000000E+00  0.00000000E+00
 144.000    24051901  SEED_MASS_SET                1  0.13495580E+02  0.98787030E+00  0.11673340E+00  0.24137930E-01 -0.15271310E-02  0.35509260E+00  0.47309870E+00  0.00000000E+00  0.00000000E+00
 145.000    25051901  SEED_MASS_SET                1  0.13617960E+02  0.99115050E+00  0.12355160E+00  0.25369080E-01 -0.15271310E-02  0.36302000E+00  0.47054640E+00  0.00000000E+00  0.00000000E+00
 146.000    26051901  SEED_MASS_SET                1  0.13719930E+02  0.99339380E+00  0.12993300E+00  0.26573150E-01 -0.15271310E-02  0.46567070E+00  0.41147070E+00  0.00000000E+00  0.00000000E+00
 147.000    27051901  SEED_MASS_SET                1  0.13825390E+02  0.99515720E+00  0.13719090E+00  0.28072660E-01 -0.15271310E-02  0.56116240E+00  0.42806710E+00  0.00000000E+00  0.00000000E+00
 148.000    28051901  SEED_MASS_SET                1  0.13941020E+02  0.99653360E+00  0.14564980E+00  0.29924890E-01 -0.15271310E-02  0.64411750E+00  0.47752950E+00  0.00000000E+00  0.00000000E+00
 149.000    29051901  SEED_MASS_SET                1  0.14075710E+02  0.98580910E+00  0.14180390E+00  0.29590600E-01 -0.27386510E+00  0.63237950E+00  0.42004860E+00  0.00000000E+00  0.00000000E+00
 150.000    30051901  SEED_MASS_SET                1  0.14202850E+02  0.97677410E+00  0.13426780E+00  0.28591810E-01 -0.25269000E+00  0.49952180E+00  0.43285180E+00  0.00000000E+00  0.00000000E+00
 151.000    31051901  SEED_MASS_SET                1  0.14352080E+02  0.97382020E+00  0.13123750E+00  0.28528120E-01 -0.47463700E+00  0.54405660E+00  0.45019760E+00  0.00000000E+00  0.00000000E+00
 152.000    01061901  SEED_MASS_SET                1  0.14503440E+02  0.97279360E+00  0.12991210E+00  0.28825460E-01 -0.42588360E+00  0.50559300E+00  0.49612490E+00  0.00000000E+00  0.00000000E+00
 153.000    02061901  SEED_MASS_SET                1  0.14658560E+02  0.97209490E+00  0.12838160E+00  0.29022370E-01 -0.37894940E+00  0.38807300E+00  0.51334100E+00  0.00000000E+00  0.00000000E+00
 154.000    03061901  SEED_MASS_SET                1  0.14816980E+02  0.97132820E+00  0.12623810E+00  0.29017810E-01 -0.36701130E+00  0.37779550E+00  0.52839780E+00  0.00000000E+00  0.00000000E+00
 155.000    04061901  SEED_MASS_SET                1  0.15009370E+02  0.97090670E+00  0.12419760E+00  0.29066220E-01 -0.67122750E+00  0.36743240E+00  0.68886680E+00  0.00000000E+00  0.00000000E+00
 156.000    05061901  SEED_MASS_SET                1  0.15196490E+02  0.96882300E+00  0.11986790E+00  0.28486900E-01 -0.51829590E+00  0.37089160E+00  0.53761800E+00  0.00000000E+00  0.00000000E+00
 157.000    06061901  SEED_MASS_SET                1  0.15344910E+02  0.96680550E+00  0.11609670E+00  0.27958420E-01 -0.33294190E+00  0.38171340E+00  0.43264810E+00  0.00000000E+00  0.00000000E+00
 158.000    07061901  SEED_MASS_SET                1  0.15502290E+02  0.96555990E+00  0.11345040E+00  0.27718490E-01 -0.47852900E+00  0.38668730E+00  0.57431740E+00  0.00000000E+00  0.00000000E+00
 159.000    08061901  SEED_MASS_SET                1  0.15702230E+02  0.96499680E+00  0.11155620E+00  0.27711660E-01 -0.87128230E+00  0.37767620E+00  0.76203250E+00  0.00000000E+00  0.00000000E+00
 160.000    09061901  SEED_MASS_SET                1  0.15920360E+02  0.96451740E+00  0.11005500E+00  0.27724730E-01 -0.99041690E+00  0.36694420E+00  0.10645550E+01  0.00000000E+00  0.00000000E+00
 161.000    10061901  SEED_MASS_SET                1  0.16150400E+02  0.96419420E+00  0.10959410E+00  0.27930330E-01 -0.92530020E+00  0.35294770E+00  0.11546120E+01  0.00000000E+00  0.00000000E+00
 162.000    11061901  SEED_MASS_SET                1  0.16379320E+02  0.96397040E+00  0.10957470E+00  0.28238260E-01 -0.89575310E+00  0.34579330E+00  0.11747600E+01  0.00000000E+00  0.00000000E+00
 163.000    12061901  SEED_MASS_SET                1  0.16607480E+02  0.96112640E+00  0.10573240E+00  0.27549120E-01 -0.72697280E+00  0.37390890E+00  0.59069390E+00  0.00000000E+00  0.00000000E+00
 164.000    13061901  SEED_MASS_SET                1  0.16783900E+02  0.95899440E+00  0.10287700E+00  0.27152250E-01 -0.38428970E+00  0.61734820E+00  0.55596420E+00  0.00000000E+00  0.00000000E+00
 165.000    14061901  SEED_MASS_SET                1  0.16937470E+02  0.95751680E+00  0.10112410E+00  0.26973100E-01 -0.32084250E+00  0.73327810E+00  0.50788540E+00  0.00000000E+00  0.00000000E+00
 166.000    15061901  SEED_MASS_SET                1  0.17078870E+02  0.95866190E+00  0.10308110E+00  0.27139910E-01 -0.21950680E+00  0.44302750E+00  0.49439070E+00  0.00000000E+00  0.00000000E+00
 167.000    16061901  SEED_MASS_SET                1  0.17219700E+02  0.96025060E+00  0.10570370E+00  0.27211730E-01 -0.21414020E+00  0.36957710E+00  0.50036430E+00  0.00000000E+00  0.00000000E+00
 168.000    17061901  SEED_MASS_SET                1  0.17394230E+02  0.96155130E+00  0.10775030E+00  0.27204630E-01 -0.36770480E+00  0.33043860E+00  0.56019540E+00  0.00000000E+00  0.00000000E+00
 169.000    18061901  SEED_MASS_SET                1  0.17569490E+02  0.96191390E+00  0.10857610E+00  0.26914550E-01 -0.33366800E+00  0.32397060E+00  0.56401500E+00  0.00000000E+00  0.00000000E+00
 170.000    19061901  SEED_MASS_SET                1  0.17747380E+02  0.96227650E+00  0.10931460E+00  0.26669810E-01 -0.33358760E+00  0.32316340E+00  0.63434250E+00  0.00000000E+00  0.00000000E+00
 171.000    20061901  SEED_MASS_SET                1  0.17926950E+02  0.96261740E+00  0.10993060E+00  0.26458520E-01 -0.32342880E+00  0.35831980E+00  0.50348650E+00  0.00000000E+00  0.00000000E+00
 172.000    21061901  SEED_MASS_SET                1  0.18102210E+02  0.96306540E+00  0.11065820E+00  0.26353970E-01 -0.38437460E+00  0.38834110E+00  0.58879020E+00  0.00000000E+00  0.00000000E+00
 173.000    22061901  SEED_MASS_SET                1  0.18297810E+02  0.96339910E+00  0.11107190E+00  0.26299640E-01 -0.52809800E+00  0.38322750E+00  0.68414340E+00  0.00000000E+00  0.00000000E+00
 174.000    23061901  SEED_MASS_SET                1  0.18502470E+02  0.96314410E+00  0.11065780E+00  0.26124660E-01 -0.54983510E+00  0.38749360E+00  0.58010570E+00  0.00000000E+00  0.00000000E+00
 175.000    24061901  SEED_MASS_SET                1  0.18683410E+02  0.96218250E+00  0.10934240E+00  0.25798770E-01 -0.36499590E+00  0.40609310E+00  0.59579870E+00  0.00000000E+00  0.00000000E+00
 176.000    25061901  SEED_MASS_SET                1  0.18862230E+02  0.96033310E+00  0.10636190E+00  0.24811130E-01 -0.33317480E+00  0.42621120E+00  0.57431090E+00  0.00000000E+00  0.00000000E+00
 177.000    26061901  SEED_MASS_SET                1  0.19029690E+02  0.95691550E+00  0.10142210E+00  0.23049560E-01 -0.22574230E+00  0.45309150E+00  0.56861570E+00  0.00000000E+00  0.00000000E+00
 178.000    27061901  SEED_MASS_SET                1  0.19194140E+02  0.95296430E+00  0.96479570E-01  0.21404100E-01 -0.26479550E+00  0.71509510E+00  0.57783030E+00  0.00000000E+00  0.00000000E+00
 179.000    28061901  SEED_MASS_SET                1  0.19361260E+02  0.94979600E+00  0.92989420E-01  0.20207630E-01 -0.30704030E+00  0.67779170E+00  0.55520050E+00  0.00000000E+00  0.00000000E+00
 180.000    29061901  SEED_MASS_SET                1  0.19523200E+02  0.94775150E+00  0.90969880E-01  0.19352300E-01 -0.23713180E+00  0.39846140E+00  0.56272530E+00  0.00000000E+00  0.00000000E+00
 181.000    30061901  SEED_MASS_SET                1  0.19686510E+02  0.94659980E+00  0.89883850E-01  0.18616190E-01 -0.21630880E+00  0.44162050E+00  0.56338910E+00  0.00000000E+00  0.00000000E+00
 182.000    01071901  SEED_MASS_SET                1  0.19851890E+02  0.94538130E+00  0.88707550E-01  0.17994040E-01 -0.19720260E+00  0.47174540E+00  0.56571230E+00  0.00000000E+00  0.00000000E+00
 183.000    02071901  END_SEED_FILL                1  0.20016580E+02  0.94053800E+00  0.83920460E-01  0.16838840E-01 -0.18824850E+00  0.43567700E+00  0.54161460E+00  0.00000000E+00  0.00000000E+00
 184.000    03071901  END_SEED_FILL                1  0.20177460E+02  0.93768240E+00  0.80764290E-01  0.16200520E-01 -0.19814710E+00  0.40446950E+00  0.54704440E+00  0.00000000E+00  0.00000000E+00
 185.000    04071901  END_SEED_FILL                1  0.20342200E+02  0.93546780E+00  0.78155500E-01  0.15691030E-01 -0.19452970E+00  0.55125360E+00  0.53139290E+00  0.00000000E+00  0.00000000E+00
 186.000    05071901  END_SEED_FILL                1  0.20514210E+02  0.93335360E+00  0.75702130E-01  0.15197260E-01 -0.21601520E+00  0.49976930E+00  0.54603250E+00  0.00000000E+00  0.00000000E+00
 187.000    06071901  END_SEED_FILL                1  0.20685010E+02  0.93133760E+00  0.73439960E-01  0.14726550E-01 -0.22626900E+00  0.40399330E+00  0.55515130E+00  0.00000000E+00  0.00000000E+00
 188.000    07071901  END_SEED_FILL                1  0.20848090E+02  0.92976110E+00  0.71777420E-01  0.14362030E-01 -0.13390490E+00  0.59420210E+00  0.54256290E+00  0.00000000E+00  0.00000000E+00
 189.000    08071901  END_SEED_FILL                1  0.20997720E+02  0.92837530E+00  0.70455670E-01  0.14057810E-01 -0.12931430E+00  0.53446780E+00  0.52793560E+00  0.00000000E+00  0.00000000E+00
 190.000    09071901  END_SEED_FILL                1  0.21163080E+02  0.92684670E+00  0.69059580E-01  0.13738450E-01 -0.11814760E+00  0.43776840E+00  0.67539860E+00  0.00000000E+00  0.00000000E+00
 191.000    10071901  END_SEED_FILL                1  0.21348480E+02  0.92554700E+00  0.67815770E-01  0.13453510E-01 -0.14211950E+00  0.39760070E+00  0.65109510E+00  0.00000000E+00  0.00000000E+00
 192.000    11071901  END_SEED_FILL                1  0.21525570E+02  0.92454520E+00  0.66756580E-01  0.13215790E-01 -0.11757200E+00  0.62839360E+00  0.55719640E+00  0.00000000E+00  0.00000000E+00
 193.000    12071901  END_SEED_FILL                1  0.21691210E+02  0.92385050E+00  0.65962610E-01  0.13037860E-01 -0.14315160E+00  0.57639530E+00  0.52775810E+00  0.00000000E+00  0.00000000E+00
 194.000    13071901  END_SEED_FILL                1  0.21861520E+02  0.92326290E+00  0.65267180E-01  0.12884610E-01 -0.11262410E+00  0.52196820E+00  0.59227250E+00  0.00000000E+00  0.00000000E+00
 195.000    14071901  END_SEED_FILL                1  0.22038450E+02  0.92283390E+00  0.64693940E-01  0.12764500E-01 -0.90178880E-01  0.44911700E+00  0.71409140E+00  0.00000000E+00  0.00000000E+00
 196.000    15071901  END_SEED_FILL                1  0.22235830E+02  0.92252250E+00  0.64186720E-01  0.12662210E-01 -0.12107480E+00  0.63176050E+00  0.60214970E+00  0.00000000E+00  0.00000000E+00
 197.000    16071901  END_SEED_FILL                1  0.22420290E+02  0.92248110E+00  0.63939860E-01  0.12609240E-01 -0.10290350E+00  0.49932420E+00  0.61046790E+00  0.00000000E+00  0.00000000E+00
 198.000    17071901  END_SEED_FILL                1  0.22616080E+02  0.92251200E+00  0.63780060E-01  0.12571960E-01 -0.11630850E+00  0.31960610E+00  0.68473900E+00  0.00000000E+00  0.00000000E+00
 199.000    18071901  END_SEED_FILL                1  0.22806000E+02  0.92266790E+00  0.63770350E-01  0.12562720E-01 -0.82960020E-01  0.62230340E+00  0.63207010E+00  0.00000000E+00  0.00000000E+00
 200.000    19071901  END_SEED_FILL                1  0.23003310E+02  0.92289470E+00  0.63870920E-01  0.12572850E-01 -0.62278940E-01  0.31131000E+00  0.61288900E+00  0.00000000E+00  0.00000000E+00
 201.000    20071901  END_SEED_FILL                1  0.23183820E+02  0.92324770E+00  0.64181930E-01  0.12619970E-01 -0.45265470E-01  0.60192510E+00  0.57395620E+00  0.00000000E+00  0.00000000E+00
 202.000    21071901  END_SEED_FILL                1  0.23373180E+02  0.92358850E+00  0.64556170E-01  0.12676450E-01 -0.38637960E-01  0.31387890E+00  0.60682860E+00  0.00000000E+00  0.00000000E+00
 203.000    22071901  END_SEED_FILL                1  0.23563930E+02  0.92399610E+00  0.65056290E-01  0.12753790E-01 -0.49997130E-01  0.61262040E+00  0.61410150E+00  0.00000000E+00  0.00000000E+00
 204.000    23071901  END_SEED_FILL                1  0.23747600E+02  0.92442890E+00  0.65614560E-01  0.12839200E-01 -0.33280450E-01  0.32457410E+00  0.65997950E+00  0.00000000E+00  0.00000000E+00
 205.000    24071901  END_SEED_FILL                1  0.23947720E+02  0.92480900E+00  0.66092180E-01  0.12911040E-01 -0.81826820E-01  0.63637730E+00  0.71138450E+00  0.00000000E+00  0.00000000E+00
 206.000    25071901  END_SEED_FILL                1  0.24146330E+02  0.92525200E+00  0.66563330E-01  0.12986350E-01 -0.53774470E-01  0.49564770E+00  0.57639480E+00  0.00000000E+00  0.00000000E+00
 207.000    26071901  END_SEED_FILL                1  0.24324960E+02  0.92570000E+00  0.67002310E-01  0.13061780E-01 -0.57661130E-01  0.56670330E+00  0.53857820E+00  0.00000000E+00  0.00000000E+00
 208.000    27071901  END_SEED_FILL                1  0.24527070E+02  0.92614100E+00  0.67410850E-01  0.13137750E-01 -0.82725640E-01  0.56042690E+00  0.91245300E+00  0.00000000E+00  0.00000000E+00
 209.000    28071901  END_SEED_FILL                1  0.24734570E+02  0.92667550E+00  0.67857480E-01  0.13228180E-01 -0.56076630E-01  0.37191220E+00  0.63405650E+00  0.00000000E+00  0.00000000E+00
 210.000    29071901  END_SEED_FILL                1  0.24910240E+02  0.92728160E+00  0.68334490E-01  0.13327030E-01 -0.39752980E-01  0.60677010E+00  0.58599030E+00  0.00000000E+00  0.00000000E+00
 211.000    30071901  END_SEED_FILL                1  0.25080230E+02  0.92791180E+00  0.68817980E-01  0.13429840E-01 -0.39105200E-01  0.39079930E+00  0.59048120E+00  0.00000000E+00  0.00000000E+00
 212.000    31071901  END_SEED_FILL                1  0.25262650E+02  0.92855550E+00  0.69305130E-01  0.13536000E-01 -0.46886160E-01  0.61975750E+00  0.63051790E+00  0.00000000E+00  0.00000000E+00
 213.000    01081901  END_SEED_FILL                1  0.25285450E+02  0.99009900E+00  0.00000000E+00  0.00000000E+00 -0.10603020E+01  0.38575200E+00  0.66320210E+00  0.00000000E+00  0.00000000E+00
 214.000    02081901  PLANTING                     1  0.00000000E+00  0.99009900E+00  0.00000000E+00  0.00000000E+00 -0.15271310E-02  0.00000000E+00  0.64995560E+00  0.00000000E+00  0.00000000E+00
 215.000    03081901  PLANTING                     1  0.00000000E+00  0.99009900E+00  0.00000000E+00  0.00000000E+00 -0.15271310E-02  0.00000000E+00  0.67413230E+00  0.00000000E+00  0.00000000E+00
 216.000    04081901  PLANTING                     1  0.00000000E+00  0.99009900E+00  0.00000000E+00  0.00000000E+00 -0.15271310E-02  0.00000000E+00  0.65258940E+00  0.00000000E+00  0.00000000E+00
 217.000    05081901  PLANTING                     1  0.00000000E+00  0.99009900E+00  0.00000000E+00  0.00000000E+00 -0.15271310E-02  0.00000000E+00  0.65632230E+00  0.00000000E+00  0.00000000E+00
 218.000    06081901  PLANTING                     1  0.00000000E+00  0.99009900E+00  0.00000000E+00  0.00000000E+00 -0.15271310E-02  0.00000000E+00  0.64222570E+00  0.00000000E+00  0.00000000E+00
 219.000    07081901  PLANTING                     1  0.00000000E+00  0.99009900E+00  0.00000000E+00  0.00000000E+00 -0.15271310E-02  0.00000000E+00  0.62365590E+00  0.00000000E+00  0.00000000E+00
 220.000    08081901  PLANTING                     1  0.00000000E+00  0.99009900E+00  0.00000000E+00  0.00000000E+00 -0.22739400E-02  0.00000000E+00  0.59025200E+00  0.00000000E+00  0.00000000E+00
 221.000    09081901  PLANTING                     1  0.00000000E+00  0.99009900E+00  0.00000000E+00  0.00000000E+00 -0.34191870E-02  0.00000000E+00  0.72367710E+00  0.00000000E+00  0.00000000E+00
 222.000    10081901  PLANTING                     1  0.00000000E+00  0.99009900E+00  0.00000000E+00  0.00000000E+00 -0.22146280E-02  0.00000000E+00  0.68849460E+00  0.00000000E+00  0.00000000E+00
 223.000    11081901  PLANTING                     1  0.00000000E+00  0.99009900E+00  0.00000000E+00  0.00000000E+00 -0.15271310E-02  0.00000000E+00  0.70617410E+00  0.00000000E+00  0.00000000E+00
 224.000    12081901  PLANTING                     1  0.00000000E+00  0.99009900E+00  0.00000000E+00  0.00000000E+00 -0.15271310E-02  0.00000000E+00  0.71668100E+00  0.00000000E+00  0.00000000E+00
 225.000    13081901  PLANTING                     1  0.00000000E+00  0.99009900E+00  0.00000000E+00  0.00000000E+00 -0.15271310E-02  0.00000000E+00  0.78067320E+00  0.00000000E+00  0.00000000E+00
 226.000    14081901  PLANTING                     1  0.00000000E+00  0.99009900E+00  0.00000000E+00  0.00000000E+00 -0.15271310E-02  0.00000000E+00  0.94341290E+00  0.00000000E+00  0.00000000E+00
 227.000    15081901  PLANTING                     1  0.00000000E+00  0.99009900E+00  0.00000000E+00  0.00000000E+00 -0.15271310E-02  0.00000000E+00  0.93044280E+00  0.00000000E+00  0.00000000E+00
 228.000    16081901  PLANTING                     1  0.00000000E+00  0.99009900E+00  0.00000000E+00  0.00000000E+00 -0.15271310E-02  0.00000000E+00  0.69614300E+00  0.00000000E+00  0.00000000E+00
 229.000    17081901  PLANTING                     1  0.00000000E+00  0.99009900E+00  0.00000000E+00  0.00000000E+00 -0.15271310E-02  0.00000000E+00  0.63453020E+00  0.00000000E+00  0.00000000E+00
 230.000    18081901  PLANTING                     1  0.00000000E+00  0.99009900E+00  0.00000000E+00  0.00000000E+00 -0.15271310E-02  0.00000000E+00  0.66461780E+00  0.00000000E+00  0.00000000E+00
 231.000    19081901  PLANTING                     1  0.00000000E+00  0.99009900E+00  0.00000000E+00  0.00000000E+00 -0.15271310E-02  0.00000000E+00  0.65230430E+00  0.00000000E+00  0.00000000E+00
 232.000    20081901  PLANTING                     1  0.00000000E+00  0.99009900E+00  0.00000000E+00  0.00000000E+00 -0.15271310E-02  0.00000000E+00  0.68013770E+00  0.00000000E+00  0.00000000E+00
 233.000    21081901  PLANTING                     1  0.00000000E+00  0.99009900E+00  0.00000000E+00  0.00000000E+00 -0.15271310E-02  0.00000000E+00  0.86386750E+00  0.00000000E+00  0.00000000E+00
 234.000    22081901  PLANTING                     1  0.00000000E+00  0.99009900E+00  0.00000000E+00  0.00000000E+00 -0.22768750E-02  0.00000000E+00  0.69383390E+00  0.00000000E+00  0.00000000E+00
 235.000    23081901  PLANTING                     1  0.00000000E+00  0.99009900E+00  0.00000000E+00  0.00000000E+00 -0.33834970E-02  0.00000000E+00  0.67590710E+00  0.00000000E+00  0.00000000E+00
 236.000    24081901  PLANTING                     1  0.00000000E+00  0.99009900E+00  0.00000000E+00  0.00000000E+00 -0.22184880E-02  0.00000000E+00  0.70829170E+00  0.00000000E+00  0.00000000E+00
 237.000    25081901  PLANTING                     1  0.00000000E+00  0.99009900E+00  0.00000000E+00  0.00000000E+00 -0.15271310E-02  0.00000000E+00  0.70706330E+00  0.00000000E+00  0.00000000E+00
 238.000    26081901  PLANTING                     1  0.00000000E+00  0.99009900E+00  0.00000000E+00  0.00000000E+00 -0.15271310E-02  0.00000000E+00  0.72385400E+00  0.00000000E+00  0.00000000E+00
 239.000    27081901  PLANTING                     1  0.00000000E+00  0.99009900E+00  0.00000000E+00  0.00000000E+00 -0.15271310E-02  0.00000000E+00  0.68055640E+00  0.00000000E+00  0.00000000E+00
 240.000    28081901  PLANTING                     1  0.00000000E+00  0.99009900E+00  0.00000000E+00  0.00000000E+00 -0.15271310E-02  0.00000000E+00  0.74512160E+00  0.00000000E+00  0.00000000E+00
 241.000    29081901  PLANTING                     1  0.00000000E+00  0.99009900E+00  0.00000000E+00  0.00000000E+00 -0.15271310E-02  0.00000000E+00  0.77786210E+00  0.00000000E+00  0.00000000E+00
 242.000    30081901  PLANTING                     1  0.00000000E+00  0.99009900E+00  0.00000000E+00  0.00000000E+00 -0.15271310E-02  0.00000000E+00  0.74004410E+00  0.00000000E+00  0.00000000E+00
 243.000    31081901  PLANTING                     1  0.00000000E+00  0.99009900E+00  0.00000000E+00  0.00000000E+00 -0.15271310E-02  0.00000000E+00  0.82015470E+00  0.00000000E+00  0.00000000E+00
 244.000    01091901  PLANTING                     1  0.00000000E+00  0.99009900E+00  0.00000000E+00  0.00000000E+00 -0.15271310E-02  0.00000000E+00  0.77395750E+00  0.00000000E+00  0.00000000E+00
 245.000    02091901  PLANTING                     1  0.00000000E+00  0.99009900E+00  0.00000000E+00  0.00000000E+00 -0.15271310E-02  0.00000000E+00  0.69921300E+00  0.00000000E+00  0.00000000E+00
 246.000    03091901  PLANTING                     1  0.00000000E+00  0.99009900E+00  0.00000000E+00  0.00000000E+00 -0.15271310E-02  0.00000000E+00  0.69129060E+00  0.00000000E+00  0.00000000E+00
 247.000    04091901  PLANTING                     1  0.00000000E+00  0.99009900E+00  0.00000000E+00  0.00000000E+00 -0.15271310E-02  0.00000000E+00  0.66268650E+00  0.00000000E+00  0.00000000E+00
 248.000    05091901  PLANTING                     1  0.00000000E+00  0.99009900E+00  0.00000000E+00  0.00000000E+00 -0.21393900E-02  0.00000000E+00  0.67848180E+00  0.00000000E+00  0.00000000E+00
 249.000    06091901  PLANTING                     1  0.00000000E+00  0.99009900E+00  0.00000000E+00  0.00000000E+00 -0.46234170E-02  0.00000000E+00  0.63936840E+00  0.00000000E+00  0.00000000E+00
 250.000    07091901  PLANTING                     1  0.00000000E+00  0.99009900E+00  0.00000000E+00  0.00000000E+00 -0.53388930E-02  0.00000000E+00  0.59778820E+00  0.00000000E+00  0.00000000E+00
 251.000    08091901  PLANTING                     1  0.00000000E+00  0.99009900E+00  0.00000000E+00  0.00000000E+00 -0.15271310E-02  0.00000000E+00  0.65774650E+00  0.00000000E+00  0.00000000E+00
 252.000    09091901  PLANTING                     1  0.00000000E+00  0.99009900E+00  0.00000000E+00  0.00000000E+00 -0.15271310E-02  0.00000000E+00  0.62158230E+00  0.00000000E+00  0.00000000E+00
 253.000    10091901  PLANTING                     1  0.00000000E+00  0.99009900E+00  0.00000000E+00  0.00000000E+00 -0.15271310E-02  0.00000000E+00  0.62421020E+00  0.00000000E+00  0.00000000E+00
 254.000    11091901  PLANTING                     1  0.00000000E+00  0.99009900E+00  0.00000000E+00  0.00000000E+00 -0.15271310E-02  0.00000000E+00  0.69927930E+00  0.00000000E+00  0.00000000E+00
 255.000    12091901  PLANTING                     1  0.00000000E+00  0.99009900E+00  0.00000000E+00  0.00000000E+00 -0.15271310E-02  0.00000000E+00  0.80917290E+00  0.00000000E+00  0.00000000E+00
 256.000    13091901  PLANTING                     1  0.00000000E+00  0.99009900E+00  0.00000000E+00  0.00000000E+00 -0.15271310E-02  0.00000000E+00  0.85564000E+00  0.00000000E+00  0.00000000E+00
 257.000    14091901  PLANTING                     1  0.00000000E+00  0.99009900E+00  0.00000000E+00  0.00000000E+00 -0.15271310E-02  0.00000000E+00  0.62149760E+00  0.00000000E+00  0.00000000E+00
 258.000    15091901  PLANTING                     1  0.00000000E+00  0.99009900E+00  0.00000000E+00  0.00000000E+00 -0.15271310E-02  0.00000000E+00  0.75273010E+00  0.00000000E+00  0.00000000E+00
 259.000    16091901  PLANTING                     1  0.00000000E+00  0.99009900E+00  0.00000000E+00  0.00000000E+00 -0.15271310E-02  0.00000000E+00  0.65769420E+00  0.00000000E+00  0.00000000E+00
 260.000    17091901  PLANTING                     1  0.00000000E+00  0.99009900E+00  0.00000000E+00  0.00000000E+00 -0.15271310E-02  0.00000000E+00  0.66025450E+00  0.00000000E+00  0.00000000E+00
 261.000    18091901  PLANTING                     1  0.00000000E+00  0.99009900E+00  0.00000000E+00  0.00000000E+00 -0.15271310E-02  0.00000000E+00  0.60299490E+00  0.00000000E+00  0.00000000E+00
 262.000    19091901  PLANTING                     1  0.00000000E+00  0.99009900E+00  0.00000000E+00  0.00000000E+00 -0.21556260E-02  0.00000000E+00  0.57691060E+00  0.00000000E+00  0.00000000E+00
 263.000    20091901  PLANTING                     1  0.00000000E+00  0.99009900E+00  0.00000000E+00  0.00000000E+00 -0.45670740E-02  0.00000000E+00  0.64460610E+00  0.00000000E+00  0.00000000E+00
 264.000    21091901  PLANTING                     1  0.00000000E+00  0.99009900E+00  0.00000000E+00  0.00000000E+00 -0.22180800E-02  0.00000000E+00  0.69164330E+00  0.00000000E+00  0.00000000E+00
 265.000    22091901  PLANTING                     1  0.00000000E+00  0.99009900E+00  0.00000000E+00  0.00000000E+00 -0.15271310E-02  0.00000000E+00  0.65867080E+00  0.00000000E+00  0.00000000E+00
 266.000    23091901  PLANTING                     1  0.00000000E+00  0.99009900E+00  0.00000000E+00  0.00000000E+00 -0.15271310E-02  0.00000000E+00  0.76541200E+00  0.00000000E+00  0.00000000E+00
 267.000    24091901  PLANTING                     1  0.00000000E+00  0.99009900E+00  0.00000000E+00  0.00000000E+00 -0.15271310E-02  0.00000000E+00  0.74645950E+00  0.00000000E+00  0.00000000E+00
 268.000    25091901  PLANTING                     1  0.00000000E+00  0.99009900E+00  0.00000000E+00  0.00000000E+00 -0.15271310E-02  0.00000000E+00  0.94346540E+00  0.00000000E+00  0.00000000E+00
 269.000    26091901  PLANTING                     1  0.00000000E+00  0.99009900E+00  0.00000000E+00  0.00000000E+00 -0.15271310E-02  0.00000000E+00  0.75340220E+00  0.00000000E+00  0.00000000E+00
 270.000    27091901  PLANTING                     1  0.00000000E+00  0.99009900E+00  0.00000000E+00  0.00000000E+00 -0.15271310E-02  0.00000000E+00  0.51152040E+00  0.00000000E+00  0.00000000E+00
 271.000    28091901  PLANTING                     1  0.00000000E+00  0.99009900E+00  0.00000000E+00  0.00000000E+00 -0.15271310E-02  0.00000000E+00  0.41108990E+00  0.00000000E+00  0.00000000E+00
 272.000    29091901  PLANTING                     1  0.00000000E+00  0.99009900E+00  0.00000000E+00  0.00000000E+00 -0.15271310E-02  0.00000000E+00  0.44982000E+00  0.00000000E+00  0.00000000E+00
 273.000    30091901  PLANTING                     1  0.00000000E+00  0.99009900E+00  0.00000000E+00  0.00000000E+00 -0.15271310E-02  0.00000000E+00  0.39697230E+00  0.00000000E+00  0.00000000E+00
 274.000    01101901  PLANTING                     1  0.00000000E+00  0.99009900E+00  0.00000000E+00  0.00000000E+00 -0.15271310E-02  0.00000000E+00  0.42290900E+00  0.00000000E+00  0.00000000E+00
 275.000    02101901  PLANTING                     1  0.00000000E+00  0.99009900E+00  0.00000000E+00  0.00000000E+00 -0.15271310E-02  0.00000000E+00  0.45896170E+00  0.00000000E+00  0.00000000E+00
 276.000    03101901  PLANTING                     1  0.00000000E+00  0.99009900E+00  0.00000000E+00  0.00000000E+00 -0.19875980E-02  0.00000000E+00  0.44185330E+00  0.00000000E+00  0.00000000E+00
 277.000    04101901  PLANTING                     1  0.00000000E+00  0.99009900E+00  0.00000000E+00  0.00000000E+00 -0.35911230E-02  0.00000000E+00  0.42894360E+00  0.00000000E+00  0.00000000E+00
 278.000    05101901  PLANTING                     1  0.00000000E+00  0.99009900E+00  0.00000000E+00  0.00000000E+00 -0.45123640E-02  0.00000000E+00  0.49687840E+00  0.00000000E+00  0.00000000E+00
 279.000    06101901  PLANTING                     1  0.00000000E+00  0.99009900E+00  0.00000000E+00  0.00000000E+00 -0.15271310E-02  0.00000000E+00  0.59647470E+00  0.00000000E+00  0.00000000E+00
 280.000    07101901  PLANTING                     1  0.00000000E+00  0.99009900E+00  0.00000000E+00  0.00000000E+00 -0.15271310E-02  0.00000000E+00  0.56090820E+00  0.00000000E+00  0.00000000E+00
 281.000    08101901  PLANTING                     1  0.00000000E+00  0.99009900E+00  0.00000000E+00  0.00000000E+00 -0.15271310E-02  0.00000000E+00  0.53401280E+00  0.00000000E+00  0.00000000E+00
 282.000    09101901  PLANTING                     1  0.00000000E+00  0.99009900E+00  0.00000000E+00  0.00000000E+00 -0.15271310E-02  0.00000000E+00  0.41639560E+00  0.00000000E+00  0.00000000E+00
 283.000    10101901  PLANTING                     1  0.00000000E+00  0.99009900E+00  0.00000000E+00  0.00000000E+00 -0.15271310E-02  0.00000000E+00  0.43257570E+00  0.00000000E+00  0.00000000E+00
 284.000    11101901  PLANTING                     1  0.00000000E+00  0.99009900E+00  0.00000000E+00  0.00000000E+00 -0.15271310E-02  0.00000000E+00  0.41596110E+00  0.00000000E+00  0.00000000E+00
 285.000    12101901  PLANTING                     1  0.00000000E+00  0.99009900E+00  0.00000000E+00  0.00000000E+00 -0.15271310E-02  0.00000000E+00  0.44555850E+00  0.00000000E+00  0.00000000E+00
 286.000    13101901  PLANTING                     1  0.00000000E+00  0.99009900E+00  0.00000000E+00  0.00000000E+00 -0.15271310E-02  0.00000000E+00  0.38199050E+00  0.00000000E+00  0.00000000E+00
 287.000    14101901  PLANTING                     1  0.00000000E+00  0.99009900E+00  0.00000000E+00  0.00000000E+00 -0.15271310E-02  0.00000000E+00  0.41477270E+00  0.00000000E+00  0.00000000E+00
 288.000    15101901  PLANTING                     1  0.00000000E+00  0.99009900E+00  0.00000000E+00  0.00000000E+00 -0.15271310E-02  0.00000000E+00  0.42988390E+00  0.00000000E+00  0.00000000E+00
 289.000    16101901  PLANTING                     1  0.00000000E+00  0.99009900E+00  0.00000000E+00  0.00000000E+00 -0.15271310E-02  0.00000000E+00  0.46981440E+00  0.00000000E+00  0.00000000E+00
 290.000    17101901  PLANTING                     1  0.00000000E+00  0.99009900E+00  0.00000000E+00  0.00000000E+00 -0.19084080E-02  0.00000000E+00  0.41689060E+00  0.00000000E+00  0.00000000E+00
 291.000    18101901  PLANTING                     1  0.00000000E+00  0.99009900E+00  0.00000000E+00  0.00000000E+00 -0.26150680E-02  0.00000000E+00  0.41754990E+00  0.00000000E+00  0.00000000E+00
 292.000    19101901  PLANTING                     1  0.00000000E+00  0.99009900E+00  0.00000000E+00  0.00000000E+00 -0.29552990E-02  0.00000000E+00  0.45751380E+00  0.00000000E+00  0.00000000E+00
 293.000    20101901  PLANTING                     1  0.00000000E+00  0.99009900E+00  0.00000000E+00  0.00000000E+00 -0.15271310E-02  0.00000000E+00  0.47339250E+00  0.00000000E+00  0.00000000E+00
 294.000    21101901  PLANTING                     1  0.00000000E+00  0.99009900E+00  0.00000000E+00  0.00000000E+00 -0.15271310E-02  0.00000000E+00  0.52244990E+00  0.00000000E+00  0.00000000E+00
 295.000    22101901  PLANTING                     1  0.00000000E+00  0.99009900E+00  0.00000000E+00  0.00000000E+00 -0.15271310E-02  0.00000000E+00  0.55239820E+00  0.00000000E+00  0.00000000E+00
 296.000    23101901  PLANTING                     1  0.00000000E+00  0.99009900E+00  0.00000000E+00  0.00000000E+00 -0.15271310E-02  0.00000000E+00  0.58125250E+00  0.00000000E+00  0.00000000E+00
 297.000    24101901  PLANTING                     1  0.00000000E+00  0.99009900E+00  0.00000000E+00  0.00000000E+00 -0.15271310E-02  0.00000000E+00  0.58684150E+00  0.00000000E+00  0.00000000E+00
 298.000    25101901  PLANTING                     1  0.00000000E+00  0.99009900E+00  0.00000000E+00  0.00000000E+00 -0.15271310E-02  0.00000000E+00  0.53035430E+00  0.00000000E+00  0.00000000E+00
 299.000    26101901  PLANTING                     1  0.00000000E+00  0.99009900E+00  0.00000000E+00  0.00000000E+00 -0.15271310E-02  0.00000000E+00  0.45202300E+00  0.00000000E+00  0.00000000E+00
 300.000    27101901  PLANTING                     1  0.00000000E+00  0.99009900E+00  0.00000000E+00  0.00000000E+00 -0.15271310E-02  0.00000000E+00  0.26165950E+00  0.00000000E+00  0.00000000E+00
 301.000    28101901  PLANTING                     1  0.00000000E+00  0.99009900E+00  0.00000000E+00  0.00000000E+00 -0.15271310E-02  0.00000000E+00  0.28753420E+00  0.00000000E+00  0.00000000E+00
 302.000    29101901  PLANTING                     1  0.00000000E+00  0.99009900E+00  0.00000000E+00  0.00000000E+00 -0.15271310E-02  0.00000000E+00  0.23481260E+00  0.00000000E+00  0.00000000E+00
 303.000    30101901  PLANTING                     1  0.00000000E+00  0.99009900E+00  0.00000000E+00  0.00000000E+00 -0.15271310E-02  0.00000000E+00  0.26459830E+00  0.00000000E+00  0.00000000E+00
 304.000    31101901  PLANTING                     1  0.00000000E+00  0.99009900E+00  0.00000000E+00  0.00000000E+00 -0.18840750E-02  0.00000000E+00  0.25001580E+00  0.00000000E+00  0.00000000E+00
 305.000    01111901  PLANTING                     1  0.00000000E+00  0.99009900E+00  0.00000000E+00  0.00000000E+00 -0.27355020E-02  0.00000000E+00  0.26313900E+00  0.00000000E+00  0.00000000E+00
 306.000    02111901  PLANTING                     1  0.00000000E+00  0.99009900E+00  0.00000000E+00  0.00000000E+00 -0.32064030E-02  0.00000000E+00  0.29185650E+00  0.00000000E+00  0.00000000E+00
 307.000    03111901  PLANTING                     1  0.00000000E+00  0.99009900E+00  0.00000000E+00  0.00000000E+00 -0.15271310E-02  0.00000000E+00  0.35593980E+00  0.00000000E+00  0.00000000E+00
 308.000    04111901  PLANTING                     1  0.00000000E+00  0.99009900E+00  0.00000000E+00  0.00000000E+00 -0.15271310E-02  0.00000000E+00  0.37275430E+00  0.00000000E+00  0.00000000E+00
 309.000    05111901  PLANTING                     1  0.00000000E+00  0.99009900E+00  0.00000000E+00  0.00000000E+00 -0.15271310E-02  0.00000000E+00  0.38342280E+00  0.00000000E+00  0.00000000E+00
 310.000    06111901  PLANTING                     1  0.00000000E+00  0.99009900E+00  0.00000000E+00  0.00000000E+00 -0.15271310E-02  0.00000000E+00  0.35618360E+00  0.00000000E+00  0.00000000E+00
 311.000    07111901  PLANTING                     1  0.00000000E+00  0.99009900E+00  0.00000000E+00  0.00000000E+00 -0.15271310E-02  0.00000000E+00  0.33442480E+00  0.00000000E+00  0.00000000E+00
 312.000    08111901  PLANTING                     1  0.00000000E+00  0.99009900E+00  0.00000000E+00  0.00000000E+00 -0.15271310E-02  0.00000000E+00  0.31676540E+00  0.00000000E+00  0.00000000E+00
 313.000    09111901  PLANTING                     1  0.00000000E+00  0.99009900E+00  0.00000000E+00  0.00000000E+00 -0.15271310E-02  0.00000000E+00  0.31183930E+00  0.00000000E+00  0.00000000E+00
 314.000    10111901  PLANTING                     1  0.00000000E+00  0.99009900E+00  0.00000000E+00  0.00000000E+00 -0.15271310E-02  0.00000000E+00  0.32841000E+00  0.00000000E+00  0.00000000E+00
 315.000    11111901  PLANTING                     1  0.00000000E+00  0.99009900E+00  0.00000000E+00  0.00000000E+00 -0.15271310E-02  0.00000000E+00  0.38716310E+00  0.00000000E+00  0.00000000E+00
 316.000    12111901  PLANTING                     1  0.00000000E+00  0.99009900E+00  0.00000000E+00  0.00000000E+00 -0.15271310E-02  0.00000000E+00  0.36083340E+00  0.00000000E+00  0.00000000E+00
 317.000    13111901  PLANTING                     1  0.00000000E+00  0.99009900E+00  0.00000000E+00  0.00000000E+00 -0.15271310E-02  0.00000000E+00  0.35996930E+00  0.00000000E+00  0.00000000E+00
 318.000    14111901  PLANTING                     1  0.00000000E+00  0.99009900E+00  0.00000000E+00  0.00000000E+00 -0.16891270E-02  0.00000000E+00  0.36383380E+00  0.00000000E+00  0.00000000E+00
 319.000    15111901  PLANTING                     1  0.00000000E+00  0.99009900E+00  0.00000000E+00  0.00000000E+00 -0.20216650E-02  0.00000000E+00  0.34535630E+00  0.00000000E+00  0.00000000E+00
 320.000    16111901  PLANTING                     1  0.00000000E+00  0.99009900E+00  0.00000000E+00  0.00000000E+00 -0.21129700E-02  0.00000000E+00  0.35767230E+00  0.00000000E+00  0.00000000E+00
 321.000    17111901  PLANTING                     1  0.00000000E+00  0.99009900E+00  0.00000000E+00  0.00000000E+00 -0.15271310E-02  0.00000000E+00  0.36355940E+00  0.00000000E+00  0.00000000E+00
 322.000    18111901  PLANTING                     1  0.00000000E+00  0.99009900E+00  0.00000000E+00  0.00000000E+00 -0.15271310E-02  0.00000000E+00  0.35927880E+00  0.00000000E+00  0.00000000E+00
 323.000    19111901  PLANTING                     1  0.00000000E+00  0.99009900E+00  0.00000000E+00  0.00000000E+00 -0.15271310E-02  0.00000000E+00  0.33492120E+00  0.00000000E+00  0.00000000E+00
 324.000    20111901  PLANTING                     1  0.00000000E+00  0.99009900E+00  0.00000000E+00  0.00000000E+00 -0.15271310E-02  0.00000000E+00  0.30180780E+00  0.00000000E+00  0.00000000E+00
 325.000    21111901  PLANTING                     1  0.00000000E+00  0.99009900E+00  0.00000000E+00  0.00000000E+00 -0.15271310E-02  0.00000000E+00  0.31571410E+00  0.00000000E+00  0.00000000E+00
 326.000    22111901  PLANTING                     1  0.00000000E+00  0.99009900E+00  0.00000000E+00  0.00000000E+00 -0.15271310E-02  0.00000000E+00  0.33191340E+00  0.00000000E+00  0.00000000E+00
 327.000    23111901  PLANTING                     1  0.00000000E+00  0.99009900E+00  0.00000000E+00  0.00000000E+00 -0.15271310E-02  0.00000000E+00  0.30259480E+00  0.00000000E+00  0.00000000E+00
 328.000    24111901  PLANTING                     1  0.00000000E+00  0.99009900E+00  0.00000000E+00  0.00000000E+00 -0.15271310E-02  0.00000000E+00  0.27442850E+00  0.00000000E+00  0.00000000E+00
 329.000    25111901  PLANTING                     1  0.00000000E+00  0.99009900E+00  0.00000000E+00  0.00000000E+00 -0.15271310E-02  0.00000000E+00  0.25119710E+00  0.00000000E+00  0.00000000E+00
 330.000    26111901  PLANTING                     1  0.00000000E+00  0.99009900E+00  0.00000000E+00  0.00000000E+00 -0.15271310E-02  0.00000000E+00  0.25673880E+00  0.00000000E+00  0.00000000E+00
 331.000    27111901  PLANTING                     1  0.00000000E+00  0.99009900E+00  0.00000000E+00  0.00000000E+00 -0.15271310E-02  0.00000000E+00  0.25967570E+00  0.00000000E+00  0.00000000E+00
 332.000    28111901  PLANTING                     1  0.00000000E+00  0.99009900E+00  0.00000000E+00  0.00000000E+00 -0.15271310E-02  0.00000000E+00  0.22963830E+00  0.00000000E+00  0.00000000E+00
 333.000    29111901  PLANTING                     1  0.00000000E+00  0.99009900E+00  0.00000000E+00  0.00000000E+00 -0.15271310E-02  0.00000000E+00  0.20270860E+00  0.00000000E+00  0.00000000E+00
 334.000    30111901  PLANTING                     1  0.00000000E+00  0.99009900E+00  0.00000000E+00  0.00000000E+00 -0.15271310E-02  0.00000000E+00  0.26858060E+00  0.00000000E+00  0.00000000E+00
 335.000    01121901  PLANTING                     1  0.00000000E+00  0.99009900E+00  0.00000000E+00  0.00000000E+00 -0.15271310E-02  0.00000000E+00  0.31799800E+00  0.00000000E+00  0.00000000E+00
 336.000    02121901  PLANTING                     1  0.00000000E+00  0.99009900E+00  0.00000000E+00  0.00000000E+00 -0.15271310E-02  0.00000000E+00  0.37934590E+00  0.00000000E+00  0.00000000E+00
 337.000    03121901  PLANTING                     1  0.00000000E+00  0.99009900E+00  0.00000000E+00  0.00000000E+00 -0.15271310E-02  0.00000000E+00  0.42412710E+00  0.00000000E+00  0.00000000E+00
 338.000    04121901  PLANTING                     1  0.00000000E+00  0.99009900E+00  0.00000000E+00  0.00000000E+00 -0.15271310E-02  0.00000000E+00  0.36722290E+00  0.00000000E+00  0.00000000E+00
 339.000    05121901  PLANTING                     1  0.00000000E+00  0.99009900E+00  0.00000000E+00  0.00000000E+00 -0.15271310E-02  0.00000000E+00  0.39594420E+00  0.00000000E+00  0.00000000E+00
 340.000    06121901  PLANTING                     1  0.00000000E+00  0.99009900E+00  0.00000000E+00  0.00000000E+00 -0.15271310E-02  0.00000000E+00  0.47883420E+00  0.00000000E+00  0.00000000E+00
 341.000    07121901  PLANTING                     1  0.00000000E+00  0.99009900E+00  0.00000000E+00  0.00000000E+00 -0.15271310E-02  0.00000000E+00  0.46469890E+00  0.00000000E+00  0.00000000E+00
 342.000    08121901  PLANTING                     1  0.00000000E+00  0.99009900E+00  0.00000000E+00  0.00000000E+00 -0.15271310E-02  0.00000000E+00  0.43017090E+00  0.00000000E+00  0.00000000E+00
 343.000    09121901  PLANTING                     1  0.00000000E+00  0.99009900E+00  0.00000000E+00  0.00000000E+00 -0.15271310E-02  0.00000000E+00  0.42821350E+00  0.00000000E+00  0.00000000E+00
 344.000    10121901  PLANTING                     1  0.00000000E+00  0.99009900E+00  0.00000000E+00  0.00000000E+00 -0.15271310E-02  0.00000000E+00  0.44860040E+00  0.00000000E+00  0.00000000E+00
 345.000    11121901  PLANTING                     1  0.00000000E+00  0.99009900E+00  0.00000000E+00  0.00000000E+00 -0.15271310E-02  0.00000000E+00  0.40226380E+00  0.00000000E+00  0.00000000E+00
 346.000    12121901  PLANTING                     1  0.00000000E+00  0.99009900E+00  0.00000000E+00  0.00000000E+00 -0.15271310E-02  0.00000000E+00  0.44019760E+00  0.00000000E+00  0.00000000E+00
 347.000    13121901  PLANTING                     1  0.00000000E+00  0.99009900E+00  0.00000000E+00  0.00000000E+00 -0.15271310E-02  0.00000000E+00  0.37053650E+00  0.00000000E+00  0.00000000E+00
 348.000    14121901  PLANTING                     1  0.00000000E+00  0.99009900E+00  0.00000000E+00  0.00000000E+00 -0.15271310E-02  0.00000000E+00  0.28118070E+00  0.00000000E+00  0.00000000E+00
 349.000    15121901  PLANTING                     1  0.00000000E+00  0.99009900E+00  0.00000000E+00  0.00000000E+00 -0.15271310E-02  0.00000000E+00  0.25585530E+00  0.00000000E+00  0.00000000E+00
 350.000    16121901  PLANTING                     1  0.00000000E+00  0.99009900E+00  0.00000000E+00  0.00000000E+00 -0.15271310E-02  0.00000000E+00  0.21173950E+00  0.00000000E+00  0.00000000E+00
 351.000    17121901  PLANTING                     1  0.00000000E+00  0.99009900E+00  0.00000000E+00  0.00000000E+00 -0.15271310E-02  0.00000000E+00  0.22442650E+00  0.00000000E+00  0.00000000E+00
 352.000    18121901  PLANTING                     1  0.00000000E+00  0.99009900E+00  0.00000000E+00  0.00000000E+00 -0.15271310E-02  0.00000000E+00  0.32667400E+00  0.00000000E+00  0.00000000E+00
 353.000    19121901  PLANTING                     1  0.00000000E+00  0.99009900E+00  0.00000000E+00  0.00000000E+00 -0.15271310E-02  0.00000000E+00  0.40934190E+00  0.00000000E+00  0.00000000E+00
 354.000    20121901  PLANTING                     1  0.00000000E+00  0.99009900E+00  0.00000000E+00  0.00000000E+00 -0.15271310E-02  0.00000000E+00  0.40341310E+00  0.00000000E+00  0.00000000E+00
 355.000    21121901  PLANTING                     1  0.00000000E+00  0.99009900E+00  0.00000000E+00  0.00000000E+00 -0.15271310E-02  0.00000000E+00  0.36294420E+00  0.00000000E+00  0.00000000E+00
 356.000    22121901  PLANTING                     1  0.00000000E+00  0.99009900E+00  0.00000000E+00  0.00000000E+00 -0.15271310E-02  0.00000000E+00  0.33259970E+00  0.00000000E+00  0.00000000E+00
 357.000    23121901  PLANTING                     1  0.00000000E+00  0.99009900E+00  0.00000000E+00  0.00000000E+00 -0.15271310E-02  0.00000000E+00  0.32241270E+00  0.00000000E+00  0.00000000E+00
 358.000    24121901  PLANTING                     1  0.00000000E+00  0.99009900E+00  0.00000000E+00  0.00000000E+00 -0.15271310E-02  0.00000000E+00  0.32449650E+00  0.00000000E+00  0.00000000E+00
 359.000    25121901  PLANTING                     1  0.00000000E+00  0.99009900E+00  0.00000000E+00  0.00000000E+00 -0.15271310E-02  0.00000000E+00  0.30018660E+00  0.00000000E+00  0.00000000E+00
 360.000    26121901  PLANTING                     1  0.00000000E+00  0.99009900E+00  0.00000000E+00  0.00000000E+00 -0.15271310E-02  0.00000000E+00  0.24876320E+00  0.00000000E+00  0.00000000E+00
 361.000    27121901  PLANTING                     1  0.00000000E+00  0.99009900E+00  0.00000000E+00  0.00000000E+00 -0.15645880E-02  0.00000000E+00  0.20827550E+00  0.00000000E+00  0.00000000E+00
 362.000    28121901  PLANTING                     1  0.00000000E+00  0.99009900E+00  0.00000000E+00  0.00000000E+00 -0.16013260E-02  0.00000000E+00  0.22793930E+00  0.00000000E+00  0.00000000E+00
 363.000    29121901  PLANTING                     1  0.00000000E+00  0.99009900E+00  0.00000000E+00  0.00000000E+00 -0.15271310E-02  0.00000000E+00  0.27994120E+00  0.00000000E+00  0.00000000E+00
 364.000    30121901  PLANTING                     1  0.00000000E+00  0.99009900E+00  0.00000000E+00  0.00000000E+00 -0.15271310E-02  0.00000000E+00  0.24953530E+00  0.00000000E+00  0.00000000E+00
 365.000    31121901  PLANTING                     1  0.00000000E+00  0.99009900E+00  0.00000000E+00  0.00000000E+00 -0.15271310E-02  0.00000000E+00  0.25590850E+00  0.00000000E+00  0.00000000E+00
