    DOY     DATE    TRANSPN         WTR_STRESS      OXY_STRESS      
010111901dw        1.000    01011901  0.0000000E+000  0.0000000E+000  0.4674123E+000
010111901dw        2.000    02011901  0.0000000E+000  0.0000000E+000  0.3374906E+000
010111901dw        3.000    03011901  0.0000000E+000  0.0000000E+000  0.3597157E+000
010111901dw        4.000    04011901  0.0000000E+000  0.0000000E+000  0.3059144E+000
010111901dw        5.000    05011901  0.9332206E-002  0.0000000E+000  0.2514304E+000
010111901dw        6.000    06011901  0.2573367E-001  0.0000000E+000  0.4611874E-001
010111901dw        7.000    07011901  0.2573367E-001  0.0000000E+000  0.4341150E-001
010111901dw        8.000    08011901  0.2573367E-001  0.0000000E+000  0.5989315E-001
010111901dw        9.000    09011901  0.4882891E-001  0.0000000E+000  0.6903472E-001
010111901dw       10.000    10011901  0.7911596E-001  0.0000000E+000  0.8341614E-001
010111901dw       11.000    11011901  0.9942518E-001  0.0000000E+000  0.9095621E-001
010111901dw       12.000    12011901  0.1444067E+000  0.0000000E+000  0.9927315E-001
010111901dw       13.000    13011901  0.1744853E+000  0.0000000E+000  0.1078721E+000
010111901dw       14.000    14011901  0.2073139E+000  0.0000000E+000  0.2082911E+000
010111901dw       15.000    15011901  0.2225602E+000  0.0000000E+000  0.2031479E+000
010111901dw       16.000    16011901  0.2450632E+000  0.0000000E+000  0.1864746E+000
010111901dw       17.000    17011901  0.2768768E+000  0.0000000E+000  0.2028388E+000
010111901dw       18.000    18011901  0.3209317E+000  0.0000000E+000  0.2020408E+000
010111901dw       19.000    19011901  0.3650712E+000  0.0000000E+000  0.1845377E+000
010111901dw       20.000    20011901  0.3960236E+000  0.0000000E+000  0.2102541E+000
010111901dw       21.000    21011901  0.4486063E+000  0.0000000E+000  0.2143062E+000
010111901dw       22.000    22011901  0.5096521E+000  0.0000000E+000  0.2254478E+000
010111901dw       23.000    23011901  0.5523720E+000  0.0000000E+000  0.2107649E+000
010111901dw       24.000    24011901  0.6173857E+000  0.0000000E+000  0.2952788E+000
010111901dw       25.000    25011901  0.6769532E+000  0.0000000E+000  0.4966797E+000
010111901dw       26.000    26011901  0.7388239E+000  0.0000000E+000  0.2398153E+000
010111901dw       27.000    27011901  0.8044223E+000  0.0000000E+000  0.2182108E+000
010111901dw       28.000    28011901  0.8547904E+000  0.0000000E+000  0.2030870E+000
010111901dw       29.000    29011901  0.8809285E+000  0.0000000E+000  0.2112367E+000
010111901dw       30.000    30011901  0.9292694E+000  0.0000000E+000  0.1929118E+000
010111901dw       31.000    31011901  0.9665235E+000  0.0000000E+000  0.1860729E+000
010111901dw       32.000    01021901  0.1016102E+001  0.0000000E+000  0.1964722E+000
010111901dw       33.000    02021901  0.1069635E+001  0.0000000E+000  0.2688163E+000
010111901dw       34.000    03021901  0.1103037E+001  0.0000000E+000  0.2694098E+000
010111901dw       35.000    04021901  0.1133818E+001  0.0000000E+000  0.3326069E+000
010111901dw       36.000    05021901  0.1183734E+001  0.0000000E+000  0.3298994E+000
010111901dw       37.000    06021901  0.1232509E+001  0.0000000E+000  0.3157732E+000
010111901dw       38.000    07021901  0.1288499E+001  0.0000000E+000  0.4544818E+000
010111901dw       39.000    08021901  0.1328194E+001  0.0000000E+000  0.6318566E+000
010111901dw       40.000    09021901  0.1367585E+001  0.0000000E+000  0.2457887E+000
010111901dw       41.000    10021901  0.1416494E+001  0.0000000E+000  0.2798717E+000
010111901dw       42.000    11021901  0.1475167E+001  0.0000000E+000  0.2718464E+000
010111901dw       43.000    12021901  0.1560965E+001  0.0000000E+000  0.2534181E+000
010111901dw       44.000    13021901  0.1603140E+001  0.0000000E+000  0.1914903E+000
010111901dw       45.000    14021901  0.1603140E+001  0.0000000E+000  0.1985730E+000
010111901dw       46.000    15021901  0.1603140E+001  0.0000000E+000  0.2623537E+000
010111901dw       47.000    16021901  0.1603140E+001  0.0000000E+000  0.2351691E+000
010111901dw       48.000    17021901  0.1603140E+001  0.0000000E+000  0.2301601E+000
010111901dw       49.000    18021901  0.1603140E+001  0.0000000E+000  0.2418833E+000
010111901dw       50.000    19021901  0.1603140E+001  0.0000000E+000  0.2313051E+000
010111901dw       51.000    20021901  0.1708438E+001  0.0000000E+000  0.2661886E+000
010111901dw       52.000    21021901  0.1836853E+001  0.0000000E+000  0.3250064E+000
010111901dw       53.000    22021901  0.1949823E+001  0.0000000E+000  0.5382159E+000
010111901dw       54.000    23021901  0.2032401E+001  0.0000000E+000  0.3107754E+000
010111901dw       55.000    24021901  0.2121516E+001  0.0000000E+000  0.3302602E+000
010111901dw       56.000    25021901  0.2186366E+001  0.0000000E+000  0.3001331E+000
010111901dw       57.000    26021901  0.2420231E+001  0.0000000E+000  0.2784870E+000
010111901dw       58.000    27021901  0.2427776E+001  0.0000000E+000  0.2713626E+000
010111901dw       59.000    28021901  0.2427776E+001  0.0000000E+000  0.2398293E+000
010111901dw       60.000    01031901  0.2427776E+001  0.0000000E+000  0.2605961E+000
010111901dw       61.000    02031901  0.2427776E+001  0.0000000E+000  0.2272269E+000
010111901dw       62.000    03031901  0.2427776E+001  0.0000000E+000  0.2511674E+000
010111901dw       63.000    04031901  0.2427776E+001  0.0000000E+000  0.2883508E+000
010111901dw       64.000    05031901  0.2427776E+001  0.0000000E+000  0.3476632E+000
010111901dw       65.000    06031901  0.2569237E+001  0.0000000E+000  0.3798052E+000
010111901dw       66.000    07031901  0.2820135E+001  0.0000000E+000  0.4707005E+000
010111901dw       67.000    08031901  0.2998414E+001  0.0000000E+000  0.4837094E+000
010111901dw       68.000    09031901  0.3283370E+001  0.0000000E+000  0.4003718E+000
010111901dw       69.000    10031901  0.3470845E+001  0.0000000E+000  0.3554964E+000
010111901dw       70.000    11031901  0.3470845E+001  0.0000000E+000  0.2861374E+000
010111901dw       71.000    12031901  0.3470845E+001  0.0000000E+000  0.2691393E+000
010111901dw       72.000    13031901  0.3470845E+001  0.0000000E+000  0.2685277E+000
010111901dw       73.000    14031901  0.3470845E+001  0.0000000E+000  0.2855136E+000
010111901dw       74.000    15031901  0.3470845E+001  0.0000000E+000  0.3055049E+000
010111901dw       75.000    16031901  0.3470845E+001  0.0000000E+000  0.3393404E+000
010111901dw       76.000    17031901  0.3470845E+001  0.0000000E+000  0.4078863E+000
010111901dw       77.000    18031901  0.3470845E+001  0.0000000E+000  0.4831477E+000
010111901dw       78.000    19031901  0.3470845E+001  0.0000000E+000  0.5931566E+000
010111901dw       79.000    20031901  0.3646153E+001  0.0000000E+000  0.5978418E+000
010111901dw       80.000    21031901  0.3831985E+001  0.0000000E+000  0.5192271E+000
010111901dw       81.000    22031901  0.4166539E+001  0.0000000E+000  0.4781548E+000
010111901dw       82.000    23031901  0.4524148E+001  0.0000000E+000  0.4310173E+000
010111901dw       83.000    24031901  0.4740142E+001  0.0000000E+000  0.4155665E+000
010111901dw       84.000    25031901  0.4929487E+001  0.0000000E+000  0.4103269E+000
010111901dw       85.000    26031901  0.4929487E+001  0.0000000E+000  0.3468230E+000
010111901dw       86.000    27031901  0.4929487E+001  0.0000000E+000  0.3588521E+000
010111901dw       87.000    28031901  0.4929487E+001  0.0000000E+000  0.3712626E+000
010111901dw       88.000    29031901  0.4929487E+001  0.0000000E+000  0.3873965E+000
010111901dw       89.000    30031901  0.4929487E+001  0.0000000E+000  0.4157012E+000
010111901dw       90.000    31031901  0.4929487E+001  0.0000000E+000  0.4588508E+000
010111901dw       91.000    01041901  0.4929487E+001  0.0000000E+000  0.5021272E+000
010111901dw       92.000    02041901  0.4929487E+001  0.0000000E+000  0.5444342E+000
010111901dw       93.000    03041901  0.5133170E+001  0.0000000E+000  0.5393930E+000
010111901dw       94.000    04041901  0.5366648E+001  0.0000000E+000  0.5135326E+000
010111901dw       95.000    05041901  0.5667358E+001  0.0000000E+000  0.4770444E+000
010111901dw       96.000    06041901  0.6016388E+001  0.0000000E+000  0.4371891E+000
010111901dw       97.000    07041901  0.6325480E+001  0.0000000E+000  0.4048417E+000
010111901dw       98.000    08041901  0.6570226E+001  0.0000000E+000  0.3868615E+000
010111901dw       99.000    09041901  0.6924146E+001  0.0000000E+000  0.3813818E+000
010111901dw      100.000    10041901  0.7308565E+001  0.0000000E+000  0.3785685E+000
010111901dw      101.000    11041901  0.7528468E+001  0.0000000E+000  0.3819942E+000
010111901dw      102.000    12041901  0.7836162E+001  0.0000000E+000  0.3747876E+000
010111901dw      103.000    13041901  0.8230732E+001  0.0000000E+000  0.3701859E+000
010111901dw      104.000    14041901  0.8440477E+001  0.0000000E+000  0.3755880E+000
010111901dw      105.000    15041901  0.8786016E+001  0.0000000E+000  0.3908023E+000
010111901dw      106.000    16041901  0.9293521E+001  0.0000000E+000  0.3761036E+000
010111901dw      107.000    17041901  0.9665318E+001  0.0000000E+000  0.3743937E+000
010111901dw      108.000    18041901  0.1015363E+002  0.0000000E+000  0.6288462E+000
010111901dw      109.000    19041901  0.1050522E+002  0.0000000E+000  0.5555024E+000
010111901dw      110.000    20041901  0.1072426E+002  0.0000000E+000  0.5343910E+000
010111901dw      111.000    21041901  0.1103103E+002  0.0000000E+000  0.4427749E+000
010111901dw      112.000    22041901  0.1150787E+002  0.0000000E+000  0.4374077E+000
010111901dw      113.000    23041901  0.1233278E+002  0.0000000E+000  0.4161210E+000
010111901dw      114.000    24041901  0.1298151E+002  0.0000000E+000  0.4276387E+000
010111901dw      115.000    25041901  0.1332972E+002  0.0000000E+000  0.4418544E+000
010111901dw      116.000    26041901  0.1372134E+002  0.0000000E+000  0.4409185E+000
010111901dw      117.000    27041901  0.1402645E+002  0.0000000E+000  0.4515407E+000
010111901dw      118.000    28041901  0.1434285E+002  0.0000000E+000  0.4557940E+000
010111901dw      119.000    29041901  0.1472713E+002  0.0000000E+000  0.4527021E+000
010111901dw      120.000    30041901  0.1510383E+002  0.0000000E+000  0.4563590E+000
010111901dw      121.000    01051901  0.1550721E+002  0.0000000E+000  0.4505638E+000
010111901dw      122.000    02051901  0.1601975E+002  0.0000000E+000  0.6662450E+000
010111901dw      123.000    03051901  0.1641047E+002  0.0000000E+000  0.7975662E+000
010111901dw      124.000    04051901  0.1667482E+002  0.0000000E+000  0.4238298E+000
010111901dw      125.000    05051901  0.1697137E+002  0.0000000E+000  0.3893747E+000
010111901dw      126.000    06051901  0.1720502E+002  0.0000000E+000  0.3621386E+000
010111901dw      127.000    07051901  0.1749723E+002  0.0000000E+000  0.3407114E+000
010111901dw      128.000    08051901  0.1775176E+002  0.0000000E+000  0.3336609E+000
010111901dw      129.000    09051901  0.1800221E+002  0.0000000E+000  0.3326522E+000
010111901dw      130.000    10051901  0.1833321E+002  0.0000000E+000  0.3316567E+000
010111901dw      131.000    11051901  0.1864555E+002  0.0000000E+000  0.3490311E+000
010111901dw      132.000    12051901  0.1890051E+002  0.0000000E+000  0.3883229E+000
010111901dw      133.000    13051901  0.1920668E+002  0.0000000E+000  0.4362502E+000
010111901dw      134.000    14051901  0.1949644E+002  0.0000000E+000  0.4518471E+000
010111901dw      135.000    15051901  0.2011214E+002  0.0000000E+000  0.4877534E+000
010111901dw      136.000    16051901  0.2075239E+002  0.0000000E+000  0.4295408E+000
010111901dw      137.000    17051901  0.2122073E+002  0.0000000E+000  0.7637577E+000
010111901dw      138.000    18051901  0.2168194E+002  0.0000000E+000  0.7174615E+000
010111901dw      139.000    19051901  0.2195659E+002  0.0000000E+000  0.4519224E+000
010111901dw      140.000    20051901  0.2195659E+002  0.0000000E+000  0.4485791E+000
010111901dw      141.000    21051901  0.2195659E+002  0.0000000E+000  0.3844897E+000
010111901dw      142.000    22051901  0.2195659E+002  0.0000000E+000  0.3862569E+000
010111901dw      143.000    23051901  0.2195659E+002  0.0000000E+000  0.3571221E+000
010111901dw      144.000    24051901  0.2195659E+002  0.0000000E+000  0.3550926E+000
010111901dw      145.000    25051901  0.2195659E+002  0.0000000E+000  0.3630200E+000
010111901dw      146.000    26051901  0.2195659E+002  0.0000000E+000  0.4656707E+000
010111901dw      147.000    27051901  0.2195659E+002  0.0000000E+000  0.5611624E+000
010111901dw      148.000    28051901  0.2195659E+002  0.0000000E+000  0.6441175E+000
010111901dw      149.000    29051901  0.2232084E+002  0.0000000E+000  0.6323795E+000
010111901dw      150.000    30051901  0.2257525E+002  0.0000000E+000  0.4995218E+000
010111901dw      151.000    31051901  0.2288299E+002  0.0000000E+000  0.5440566E+000
010111901dw      152.000    01061901  0.2319101E+002  0.0000000E+000  0.5055930E+000
010111901dw      153.000    02061901  0.2349873E+002  0.0000000E+000  0.3880730E+000
010111901dw      154.000    03061901  0.2380037E+002  0.0000000E+000  0.3777955E+000
010111901dw      155.000    04061901  0.2438860E+002  0.0000000E+000  0.3674324E+000
010111901dw      156.000    05061901  0.2489272E+002  0.0000000E+000  0.3708916E+000
010111901dw      157.000    06061901  0.2521674E+002  0.0000000E+000  0.3817134E+000
010111901dw      158.000    07061901  0.2568117E+002  0.0000000E+000  0.3866873E+000
010111901dw      159.000    08061901  0.2658267E+002  0.0000000E+000  0.3776762E+000
010111901dw      160.000    09061901  0.2781870E+002  0.0000000E+000  0.3669442E+000
010111901dw      161.000    10061901  0.2901952E+002  0.0000000E+000  0.3529477E+000
010111901dw      162.000    11061901  0.3023821E+002  0.0000000E+000  0.3457933E+000
010111901dw      163.000    12061901  0.3119335E+002  0.0000000E+000  0.3739089E+000
010111901dw      164.000    13061901  0.3158464E+002  0.0000000E+000  0.6173482E+000
010111901dw      165.000    14061901  0.3186478E+002  0.0000000E+000  0.7332781E+000
010111901dw      166.000    15061901  0.3210046E+002  0.0000000E+000  0.4430275E+000
010111901dw      167.000    16061901  0.3232343E+002  0.0000000E+000  0.3695771E+000
010111901dw      168.000    17061901  0.3274805E+002  0.0000000E+000  0.3304386E+000
010111901dw      169.000    18061901  0.3313393E+002  0.0000000E+000  0.3239706E+000
010111901dw      170.000    19061901  0.3349687E+002  0.0000000E+000  0.3231634E+000
010111901dw      171.000    20061901  0.3391579E+002  0.0000000E+000  0.3583198E+000
010111901dw      172.000    21061901  0.3436342E+002  0.0000000E+000  0.3883411E+000
010111901dw      173.000    22061901  0.3501007E+002  0.0000000E+000  0.3832275E+000
010111901dw      174.000    23061901  0.3576122E+002  0.0000000E+000  0.3874936E+000
010111901dw      175.000    24061901  0.3622193E+002  0.0000000E+000  0.4060931E+000
010111901dw      176.000    25061901  0.3670178E+002  0.0000000E+000  0.4262112E+000
010111901dw      177.000    26061901  0.3704030E+002  0.0000000E+000  0.4530915E+000
010111901dw      178.000    27061901  0.3739393E+002  0.0000000E+000  0.7150951E+000
010111901dw      179.000    28061901  0.3774771E+002  0.0000000E+000  0.6777917E+000
010111901dw      180.000    29061901  0.3807535E+002  0.0000000E+000  0.3984614E+000
010111901dw      181.000    30061901  0.3838257E+002  0.0000000E+000  0.4416205E+000
010111901dw      182.000    01071901  0.3868393E+002  0.0000000E+000  0.4717454E+000
010111901dw      183.000    02071901  0.3896690E+002  0.0000000E+000  0.4356770E+000
010111901dw      184.000    03071901  0.3923711E+002  0.0000000E+000  0.4044695E+000
010111901dw      185.000    04071901  0.3949332E+002  0.0000000E+000  0.5512536E+000
010111901dw      186.000    05071901  0.3976874E+002  0.0000000E+000  0.4997693E+000
010111901dw      187.000    06071901  0.4004267E+002  0.0000000E+000  0.4039933E+000
010111901dw      188.000    07071901  0.4024523E+002  0.0000000E+000  0.5942021E+000
010111901dw      189.000    08071901  0.4037660E+002  0.0000000E+000  0.5344678E+000
010111901dw      190.000    09071901  0.4051649E+002  0.0000000E+000  0.4377684E+000
010111901dw      191.000    10071901  0.4067604E+002  0.0000000E+000  0.3976007E+000
010111901dw      192.000    11071901  0.4081360E+002  0.0000000E+000  0.6283936E+000
010111901dw      193.000    12071901  0.4094004E+002  0.0000000E+000  0.5763953E+000
010111901dw      194.000    13071901  0.4107099E+002  0.0000000E+000  0.5219682E+000
010111901dw      195.000    14071901  0.4120145E+002  0.0000000E+000  0.4491170E+000
010111901dw      196.000    15071901  0.4137769E+002  0.0000000E+000  0.6317605E+000
010111901dw      197.000    16071901  0.4150075E+002  0.0000000E+000  0.4993242E+000
010111901dw      198.000    17071901  0.4163692E+002  0.0000000E+000  0.3196061E+000
010111901dw      199.000    18071901  0.4173325E+002  0.0000000E+000  0.6223034E+000
010111901dw      200.000    19071901  0.4182597E+002  0.0000000E+000  0.3113100E+000
010111901dw      201.000    20071901  0.4188847E+002  0.0000000E+000  0.6019251E+000
010111901dw      202.000    21071901  0.4194845E+002  0.0000000E+000  0.3138789E+000
010111901dw      203.000    22071901  0.4201675E+002  0.0000000E+000  0.6126204E+000
010111901dw      204.000    23071901  0.4207457E+002  0.0000000E+000  0.3245741E+000
010111901dw      205.000    24071901  0.4219016E+002  0.0000000E+000  0.6363773E+000
010111901dw      206.000    25071901  0.4226979E+002  0.0000000E+000  0.4956477E+000
010111901dw      207.000    26071901  0.4232545E+002  0.0000000E+000  0.5667033E+000
010111901dw      208.000    27071901  0.4241523E+002  0.0000000E+000  0.5604269E+000
010111901dw      209.000    28071901  0.4250460E+002  0.0000000E+000  0.3719122E+000
010111901dw      210.000    29071901  0.4256014E+002  0.0000000E+000  0.6067701E+000
010111901dw      211.000    30071901  0.4261444E+002  0.0000000E+000  0.3907993E+000
010111901dw      212.000    31071901  0.4267717E+002  0.0000000E+000  0.6197575E+000
010111901dw      213.000    01081901  0.4279946E+002  0.0000000E+000  0.3857520E+000
010111901dw      214.000    02081901  0.4279946E+002  0.0000000E+000  0.0000000E+000
010111901dw      215.000    03081901  0.4279946E+002  0.0000000E+000  0.0000000E+000
010111901dw      216.000    04081901  0.4279946E+002  0.0000000E+000  0.0000000E+000
010111901dw      217.000    05081901  0.4279946E+002  0.0000000E+000  0.0000000E+000
010111901dw      218.000    06081901  0.4279946E+002  0.0000000E+000  0.0000000E+000
010111901dw      219.000    07081901  0.4279946E+002  0.0000000E+000  0.0000000E+000
010111901dw      220.000    08081901  0.4279946E+002  0.0000000E+000  0.0000000E+000
010111901dw      221.000    09081901  0.4279946E+002  0.0000000E+000  0.0000000E+000
010111901dw      222.000    10081901  0.4279946E+002  0.0000000E+000  0.0000000E+000
010111901dw      223.000    11081901  0.4279946E+002  0.0000000E+000  0.0000000E+000
010111901dw      224.000    12081901  0.4279946E+002  0.0000000E+000  0.0000000E+000
010111901dw      225.000    13081901  0.4279946E+002  0.0000000E+000  0.0000000E+000
010111901dw      226.000    14081901  0.4279946E+002  0.0000000E+000  0.0000000E+000
010111901dw      227.000    15081901  0.4279946E+002  0.0000000E+000  0.0000000E+000
010111901dw      228.000    16081901  0.4279946E+002  0.0000000E+000  0.0000000E+000
010111901dw      229.000    17081901  0.4279946E+002  0.0000000E+000  0.0000000E+000
010111901dw      230.000    18081901  0.4279946E+002  0.0000000E+000  0.0000000E+000
010111901dw      231.000    19081901  0.4279946E+002  0.0000000E+000  0.0000000E+000
010111901dw      232.000    20081901  0.4279946E+002  0.0000000E+000  0.0000000E+000
010111901dw      233.000    21081901  0.4279946E+002  0.0000000E+000  0.0000000E+000
010111901dw      234.000    22081901  0.4279946E+002  0.0000000E+000  0.0000000E+000
010111901dw      235.000    23081901  0.4279946E+002  0.0000000E+000  0.0000000E+000
010111901dw      236.000    24081901  0.4279946E+002  0.0000000E+000  0.0000000E+000
010111901dw      237.000    25081901  0.4279946E+002  0.0000000E+000  0.0000000E+000
010111901dw      238.000    26081901  0.4279946E+002  0.0000000E+000  0.0000000E+000
010111901dw      239.000    27081901  0.4279946E+002  0.0000000E+000  0.0000000E+000
010111901dw      240.000    28081901  0.4279946E+002  0.0000000E+000  0.0000000E+000
010111901dw      241.000    29081901  0.4279946E+002  0.0000000E+000  0.0000000E+000
010111901dw      242.000    30081901  0.4279946E+002  0.0000000E+000  0.0000000E+000
010111901dw      243.000    31081901  0.4279946E+002  0.0000000E+000  0.0000000E+000
010111901dw      244.000    01091901  0.4279946E+002  0.0000000E+000  0.0000000E+000
010111901dw      245.000    02091901  0.4279946E+002  0.0000000E+000  0.0000000E+000
010111901dw      246.000    03091901  0.4279946E+002  0.0000000E+000  0.0000000E+000
010111901dw      247.000    04091901  0.4279946E+002  0.0000000E+000  0.0000000E+000
010111901dw      248.000    05091901  0.4279946E+002  0.0000000E+000  0.0000000E+000
010111901dw      249.000    06091901  0.4279946E+002  0.0000000E+000  0.0000000E+000
010111901dw      250.000    07091901  0.4279946E+002  0.0000000E+000  0.0000000E+000
010111901dw      251.000    08091901  0.4279946E+002  0.0000000E+000  0.0000000E+000
010111901dw      252.000    09091901  0.4279946E+002  0.0000000E+000  0.0000000E+000
010111901dw      253.000    10091901  0.4279946E+002  0.0000000E+000  0.0000000E+000
010111901dw      254.000    11091901  0.4279946E+002  0.0000000E+000  0.0000000E+000
010111901dw      255.000    12091901  0.4279946E+002  0.0000000E+000  0.0000000E+000
010111901dw      256.000    13091901  0.4279946E+002  0.0000000E+000  0.0000000E+000
010111901dw      257.000    14091901  0.4279946E+002  0.0000000E+000  0.0000000E+000
010111901dw      258.000    15091901  0.4279946E+002  0.0000000E+000  0.0000000E+000
010111901dw      259.000    16091901  0.4279946E+002  0.0000000E+000  0.0000000E+000
010111901dw      260.000    17091901  0.4279946E+002  0.0000000E+000  0.0000000E+000
010111901dw      261.000    18091901  0.4279946E+002  0.0000000E+000  0.0000000E+000
010111901dw      262.000    19091901  0.4279946E+002  0.0000000E+000  0.0000000E+000
010111901dw      263.000    20091901  0.4279946E+002  0.0000000E+000  0.0000000E+000
010111901dw      264.000    21091901  0.4279946E+002  0.0000000E+000  0.0000000E+000
010111901dw      265.000    22091901  0.4279946E+002  0.0000000E+000  0.0000000E+000
010111901dw      266.000    23091901  0.4279946E+002  0.0000000E+000  0.0000000E+000
010111901dw      267.000    24091901  0.4279946E+002  0.0000000E+000  0.0000000E+000
010111901dw      268.000    25091901  0.4279946E+002  0.0000000E+000  0.0000000E+000
010111901dw      269.000    26091901  0.4279946E+002  0.0000000E+000  0.0000000E+000
010111901dw      270.000    27091901  0.4279946E+002  0.0000000E+000  0.0000000E+000
010111901dw      271.000    28091901  0.4279946E+002  0.0000000E+000  0.0000000E+000
010111901dw      272.000    29091901  0.4279946E+002  0.0000000E+000  0.0000000E+000
010111901dw      273.000    30091901  0.4279946E+002  0.0000000E+000  0.0000000E+000
010111901dw      274.000    01101901  0.4279946E+002  0.0000000E+000  0.0000000E+000
010111901dw      275.000    02101901  0.4279946E+002  0.0000000E+000  0.0000000E+000
010111901dw      276.000    03101901  0.4279946E+002  0.0000000E+000  0.0000000E+000
010111901dw      277.000    04101901  0.4279946E+002  0.0000000E+000  0.0000000E+000
010111901dw      278.000    05101901  0.4279946E+002  0.0000000E+000  0.0000000E+000
010111901dw      279.000    06101901  0.4279946E+002  0.0000000E+000  0.0000000E+000
010111901dw      280.000    07101901  0.4279946E+002  0.0000000E+000  0.0000000E+000
010111901dw      281.000    08101901  0.4279946E+002  0.0000000E+000  0.0000000E+000
010111901dw      282.000    09101901  0.4279946E+002  0.0000000E+000  0.0000000E+000
010111901dw      283.000    10101901  0.4279946E+002  0.0000000E+000  0.0000000E+000
010111901dw      284.000    11101901  0.4279946E+002  0.0000000E+000  0.0000000E+000
010111901dw      285.000    12101901  0.4279946E+002  0.0000000E+000  0.0000000E+000
010111901dw      286.000    13101901  0.4279946E+002  0.0000000E+000  0.0000000E+000
010111901dw      287.000    14101901  0.4279946E+002  0.0000000E+000  0.0000000E+000
010111901dw      288.000    15101901  0.4279946E+002  0.0000000E+000  0.0000000E+000
010111901dw      289.000    16101901  0.4279946E+002  0.0000000E+000  0.0000000E+000
010111901dw      290.000    17101901  0.4279946E+002  0.0000000E+000  0.0000000E+000
010111901dw      291.000    18101901  0.4279946E+002  0.0000000E+000  0.0000000E+000
010111901dw      292.000    19101901  0.4279946E+002  0.0000000E+000  0.0000000E+000
010111901dw      293.000    20101901  0.4279946E+002  0.0000000E+000  0.0000000E+000
010111901dw      294.000    21101901  0.4279946E+002  0.0000000E+000  0.0000000E+000
010111901dw      295.000    22101901  0.4279946E+002  0.0000000E+000  0.0000000E+000
010111901dw      296.000    23101901  0.4279946E+002  0.0000000E+000  0.0000000E+000
010111901dw      297.000    24101901  0.4279946E+002  0.0000000E+000  0.0000000E+000
010111901dw      298.000    25101901  0.4279946E+002  0.0000000E+000  0.0000000E+000
010111901dw      299.000    26101901  0.4279946E+002  0.0000000E+000  0.0000000E+000
010111901dw      300.000    27101901  0.4279946E+002  0.0000000E+000  0.0000000E+000
010111901dw      301.000    28101901  0.4279946E+002  0.0000000E+000  0.0000000E+000
010111901dw      302.000    29101901  0.4279946E+002  0.0000000E+000  0.0000000E+000
010111901dw      303.000    30101901  0.4279946E+002  0.0000000E+000  0.0000000E+000
010111901dw      304.000    31101901  0.4279946E+002  0.0000000E+000  0.0000000E+000
010111901dw      305.000    01111901  0.4279946E+002  0.0000000E+000  0.0000000E+000
010111901dw      306.000    02111901  0.4279946E+002  0.0000000E+000  0.0000000E+000
010111901dw      307.000    03111901  0.4279946E+002  0.0000000E+000  0.0000000E+000
010111901dw      308.000    04111901  0.4279946E+002  0.0000000E+000  0.0000000E+000
010111901dw      309.000    05111901  0.4279946E+002  0.0000000E+000  0.0000000E+000
010111901dw      310.000    06111901  0.4279946E+002  0.0000000E+000  0.0000000E+000
010111901dw      311.000    07111901  0.4279946E+002  0.0000000E+000  0.0000000E+000
010111901dw      312.000    08111901  0.4279946E+002  0.0000000E+000  0.0000000E+000
010111901dw      313.000    09111901  0.4279946E+002  0.0000000E+000  0.0000000E+000
010111901dw      314.000    10111901  0.4279946E+002  0.0000000E+000  0.0000000E+000
010111901dw      315.000    11111901  0.4279946E+002  0.0000000E+000  0.0000000E+000
010111901dw      316.000    12111901  0.4279946E+002  0.0000000E+000  0.0000000E+000
010111901dw      317.000    13111901  0.4279946E+002  0.0000000E+000  0.0000000E+000
010111901dw      318.000    14111901  0.4279946E+002  0.0000000E+000  0.0000000E+000
010111901dw      319.000    15111901  0.4279946E+002  0.0000000E+000  0.0000000E+000
010111901dw      320.000    16111901  0.4279946E+002  0.0000000E+000  0.0000000E+000
010111901dw      321.000    17111901  0.4279946E+002  0.0000000E+000  0.0000000E+000
010111901dw      322.000    18111901  0.4279946E+002  0.0000000E+000  0.0000000E+000
010111901dw      323.000    19111901  0.4279946E+002  0.0000000E+000  0.0000000E+000
010111901dw      324.000    20111901  0.4279946E+002  0.0000000E+000  0.0000000E+000
010111901dw      325.000    21111901  0.4279946E+002  0.0000000E+000  0.0000000E+000
010111901dw      326.000    22111901  0.4279946E+002  0.0000000E+000  0.0000000E+000
010111901dw      327.000    23111901  0.4279946E+002  0.0000000E+000  0.0000000E+000
010111901dw      328.000    24111901  0.4279946E+002  0.0000000E+000  0.0000000E+000
010111901dw      329.000    25111901  0.4279946E+002  0.0000000E+000  0.0000000E+000
010111901dw      330.000    26111901  0.4279946E+002  0.0000000E+000  0.0000000E+000
010111901dw      331.000    27111901  0.4279946E+002  0.0000000E+000  0.0000000E+000
010111901dw      332.000    28111901  0.4279946E+002  0.0000000E+000  0.0000000E+000
010111901dw      333.000    29111901  0.4279946E+002  0.0000000E+000  0.0000000E+000
010111901dw      334.000    30111901  0.4279946E+002  0.0000000E+000  0.0000000E+000
010111901dw      335.000    01121901  0.4279946E+002  0.0000000E+000  0.0000000E+000
010111901dw      336.000    02121901  0.4279946E+002  0.0000000E+000  0.0000000E+000
010111901dw      337.000    03121901  0.4279946E+002  0.0000000E+000  0.0000000E+000
010111901dw      338.000    04121901  0.4279946E+002  0.0000000E+000  0.0000000E+000
010111901dw      339.000    05121901  0.4279946E+002  0.0000000E+000  0.0000000E+000
010111901dw      340.000    06121901  0.4279946E+002  0.0000000E+000  0.0000000E+000
010111901dw      341.000    07121901  0.4279946E+002  0.0000000E+000  0.0000000E+000
010111901dw      342.000    08121901  0.4279946E+002  0.0000000E+000  0.0000000E+000
010111901dw      343.000    09121901  0.4279946E+002  0.0000000E+000  0.0000000E+000
010111901dw      344.000    10121901  0.4279946E+002  0.0000000E+000  0.0000000E+000
010111901dw      345.000    11121901  0.4279946E+002  0.0000000E+000  0.0000000E+000
010111901dw      346.000    12121901  0.4279946E+002  0.0000000E+000  0.0000000E+000
010111901dw      347.000    13121901  0.4279946E+002  0.0000000E+000  0.0000000E+000
010111901dw      348.000    14121901  0.4279946E+002  0.0000000E+000  0.0000000E+000
010111901dw      349.000    15121901  0.4279946E+002  0.0000000E+000  0.0000000E+000
010111901dw      350.000    16121901  0.4279946E+002  0.0000000E+000  0.0000000E+000
010111901dw      351.000    17121901  0.4279946E+002  0.0000000E+000  0.0000000E+000
010111901dw      352.000    18121901  0.4279946E+002  0.0000000E+000  0.0000000E+000
010111901dw      353.000    19121901  0.4279946E+002  0.0000000E+000  0.0000000E+000
010111901dw      354.000    20121901  0.4279946E+002  0.0000000E+000  0.0000000E+000
010111901dw      355.000    21121901  0.4279946E+002  0.0000000E+000  0.0000000E+000
010111901dw      356.000    22121901  0.4279946E+002  0.0000000E+000  0.0000000E+000
010111901dw      357.000    23121901  0.4279946E+002  0.0000000E+000  0.0000000E+000
010111901dw      358.000    24121901  0.4279946E+002  0.0000000E+000  0.0000000E+000
010111901dw      359.000    25121901  0.4279946E+002  0.0000000E+000  0.0000000E+000
010111901dw      360.000    26121901  0.4279946E+002  0.0000000E+000  0.0000000E+000
010111901dw      361.000    27121901  0.4279946E+002  0.0000000E+000  0.0000000E+000
010111901dw      362.000    28121901  0.4279946E+002  0.0000000E+000  0.0000000E+000
010111901dw      363.000    29121901  0.4279946E+002  0.0000000E+000  0.0000000E+000
010111901dw      364.000    30121901  0.4279946E+002  0.0000000E+000  0.0000000E+000
010111901dw      365.000    31121901  0.4279946E+002  0.0000000E+000  0.0000000E+000
