    DOY     DATE    GROWTH_STG      BRANCH_NO.      NODE_NO.        RUB_ACTVN       LEAF_N/C        LEAF_P/C        MIN_LWP         O2_STRESS       TEMP_STRESS     
010111901dh        1.000    01011901  EMERGENCE                    1  0.4812137E-001  0.9697110E+000  0.4166062E-001  0.4189976E-002 -0.1100651E-001  0.4674123E+000  0.2001711E+000
010111901dh        2.000    02011901  EMERGENCE                    1  0.8695362E-001  0.9524208E+000  0.3976146E-001  0.4087325E-002 -0.1527131E-002  0.3374906E+000  0.1623261E+000
010111901dh        3.000    03011901  EMERGENCE                    1  0.1213656E+000  0.9461682E+000  0.4365434E-001  0.4561287E-002 -0.1527131E-002  0.3597157E+000  0.1700690E+000
010111901dh        4.000    04011901  EMERGENCE                    1  0.1593498E+000  0.9412395E+000  0.4904120E-001  0.5275902E-002 -0.1527131E-002  0.3059144E+000  0.2718802E+000
010111901dh        5.000    05011901  EMERGENCE                    1  0.2135533E+000  0.9333501E+000  0.5312510E-001  0.5873458E-002 -0.4539948E+000  0.2514304E+000  0.2456362E+000
010111901dh        6.000    06011901  EMERGENCE                    1  0.2581287E+000  0.9303750E+000  0.5743436E-001  0.6524694E-002 -0.2580434E-001  0.4611874E-001  0.3902839E+000
010111901dh        7.000    07011901  EMERGENCE                    1  0.2985695E+000  0.9250097E+000  0.6136842E-001  0.7045078E-002 -0.1527131E-002  0.4341150E-001  0.3375603E+000
010111901dh        8.000    08011901  EMERGENCE                    1  0.3459729E+000  0.9224308E+000  0.6740801E-001  0.7805270E-002 -0.1527131E-002  0.5989315E-001  0.4733314E+000
010111901dh        9.000    09011901  EMERGENCE                    1  0.3967644E+000  0.9236788E+000  0.7258171E-001  0.8444876E-002 -0.3511464E+000  0.6903472E-001  0.3261949E+000
010111901dh       10.000    10011901  EMERGENCE                    1  0.4351541E+000  0.9254713E+000  0.7488165E-001  0.8765498E-002 -0.3504656E+000  0.8341614E-001  0.2603112E+000
010111901dh       11.000    11011901  EMERGENCE                    1  0.4805760E+000  0.9270844E+000  0.7706367E-001  0.9082898E-002 -0.3647681E+000  0.9095621E-001  0.3880564E+000
010111901dh       12.000    12011901  EMERGENCE                    1  0.5330258E+000  0.9259649E+000  0.7725280E-001  0.9173813E-002 -0.8864555E+000  0.9927315E-001  0.3469942E+000
010111901dh       13.000    13011901  EMERGENCE                    1  0.5813990E+000  0.9239989E+000  0.7662788E-001  0.9171474E-002 -0.7251215E+000  0.1078721E+000  0.3373451E+000
010111901dh       14.000    14011901  EMERGENCE                    1  0.6355100E+000  0.9223056E+000  0.7615824E-001  0.9195129E-002 -0.5972741E+000  0.2082911E+000  0.3180219E+000
010111901dh       15.000    15011901  EMERGENCE                    1  0.6926341E+000  0.9228075E+000  0.7667092E-001  0.9348842E-002 -0.1551790E+000  0.2031479E+000  0.3883921E+000
010111901dh       16.000    16011901  EMERGENCE                    1  0.7625936E+000  0.9220193E+000  0.7651844E-001  0.9414474E-002 -0.3381409E+000  0.1864746E+000  0.4541584E+000
010111901dh       17.000    17011901  EMERGENCE                    1  0.8301687E+000  0.9177287E+000  0.7494525E-001  0.9302052E-002 -0.3633816E+000  0.2028388E+000  0.3682023E+000
010111901dh       18.000    18011901  EMERGENCE                    1  0.8968035E+000  0.9119493E+000  0.7295832E-001  0.9129423E-002 -0.7267269E+000  0.2020408E+000  0.4340726E+000
010111901dh       19.000    19011901  EMERGENCE                    1  0.9688264E+000  0.9063979E+000  0.7126886E-001  0.8996927E-002 -0.6329454E+000  0.1845377E+000  0.4344620E+000
010111901dh       20.000    20011901  EMERGENCE                    1  0.1033357E+001  0.9024735E+000  0.7015198E-001  0.8929678E-002 -0.3594626E+000  0.2102541E+000  0.3145353E+000
010111901dh       21.000    21011901  EMERGENCE                    1  0.1086716E+001  0.8973786E+000  0.6860586E-001  0.8811390E-002 -0.6020655E+000  0.2143062E+000  0.2468110E+000
010111901dh       22.000    22011901  EMERGENCE                    1  0.1132607E+001  0.8937515E+000  0.6746690E-001  0.8740076E-002 -0.6984850E+000  0.2254478E+000  0.2086727E+000
010111901dh       23.000    23011901  EMERGENCE                    1  0.1178384E+001  0.8894909E+000  0.6619044E-001  0.8644264E-002 -0.5378861E+000  0.2107649E+000  0.2450624E+000
010111901dh       24.000    24011901  EMERGENCE                    1  0.1233884E+001  0.8839834E+000  0.6471442E-001  0.8524130E-002 -0.5839215E+000  0.2952788E+000  0.2455951E+000
010111901dh       25.000    25011901  EMERGENCE                    1  0.1297884E+001  0.8795940E+000  0.6348806E-001  0.8459764E-002 -0.6421596E+000  0.4966797E+000  0.2622063E+000
010111901dh       26.000    26011901  EMERGENCE                    1  0.1370355E+001  0.8780002E+000  0.6278018E-001  0.8487919E-002 -0.6862787E+000  0.2398153E+000  0.3502099E+000
010111901dh       27.000    27011901  EMERGENCE                    1  0.1436238E+001  0.8757527E+000  0.6202900E-001  0.8481009E-002 -0.4944500E+000  0.2182108E+000  0.3813365E+000
010111901dh       28.000    28011901  EMERGENCE                    1  0.1505537E+001  0.8706348E+000  0.6076855E-001  0.8376289E-002 -0.5652413E+000  0.2030870E+000  0.3782541E+000
010111901dh       29.000    29011901  EMERGENCE                    1  0.1568534E+001  0.8672172E+000  0.5977442E-001  0.8296011E-002 -0.2759315E+000  0.2112367E+000  0.3468235E+000
010111901dh       30.000    30011901  EMERGENCE                    1  0.1632659E+001  0.8640399E+000  0.5893026E-001  0.8231097E-002 -0.4001638E+000  0.1929118E+000  0.4130142E+000
010111901dh       31.000    31011901  EMERGENCE                    1  0.1699721E+001  0.8608909E+000  0.5818694E-001  0.8172171E-002 -0.3600495E+000  0.1860729E+000  0.4283067E+000
010111901dh       32.000    01021901  EMERGENCE                    1  0.1765471E+001  0.8568877E+000  0.5714913E-001  0.8068398E-002 -0.2957807E+000  0.1964722E+000  0.4275109E+000
010111901dh       33.000    02021901  EMERGENCE                    1  0.1828298E+001  0.8531438E+000  0.5605551E-001  0.7961143E-002 -0.3571538E+000  0.2688163E+000  0.3264563E+000
010111901dh       34.000    03021901  EMERGENCE                    1  0.1890116E+001  0.8518407E+000  0.5531875E-001  0.7904483E-002 -0.2668732E+000  0.2694098E+000  0.3294803E+000
010111901dh       35.000    04021901  EMERGENCE                    1  0.1935939E+001  0.8533977E+000  0.5488031E-001  0.7884610E-002 -0.2562816E+000  0.3326069E+000  0.1616789E+000
010111901dh       36.000    05021901  EMERGENCE                    1  0.1970153E+001  0.8565659E+000  0.5473909E-001  0.7906065E-002 -0.2327278E+000  0.3298994E+000  0.1212311E+000
010111901dh       37.000    06021901  EMERGENCE                    1  0.2007350E+001  0.8563966E+000  0.5418999E-001  0.7870401E-002 -0.3292226E+000  0.3157732E+000  0.1369786E+000
010111901dh       38.000    07021901  EMERGENCE                    1  0.2046405E+001  0.8557082E+000  0.5360732E-001  0.7831135E-002 -0.3778327E+000  0.4544818E+000  0.2240378E+000
010111901dh       39.000    08021901  EMERGENCE                    1  0.2098008E+001  0.8585727E+000  0.5365644E-001  0.7894139E-002 -0.2120629E+000  0.6318566E+000  0.2007282E+000
010111901dh       40.000    09021901  EMERGENCE                    1  0.2152570E+001  0.8632446E+000  0.5400823E-001  0.8002111E-002 -0.2550709E+000  0.2457887E+000  0.2129653E+000
010111901dh       41.000    10021901  EMERGENCE                    1  0.2191753E+001  0.8676438E+000  0.5446471E-001  0.8104350E-002 -0.2555098E+000  0.2798717E+000  0.1445990E+000
010111901dh       42.000    11021901  EMERGENCE                    1  0.2230647E+001  0.8669901E+000  0.5413684E-001  0.8085897E-002 -0.3019709E+000  0.2718464E+000  0.1638044E+000
010111901dh       43.000    12021901  EMERGENCE                    1  0.2271168E+001  0.8670940E+000  0.5406546E-001  0.8104294E-002 -0.2141417E+000  0.2534181E+000  0.2560034E+000
010111901dh       44.000    13021901  EMERGENCE                    1  0.2336009E+001  0.8797152E+000  0.5699374E-001  0.8543676E-002 -0.2765203E-001  0.1914903E+000  0.5369826E+000
010111901dh       45.000    14021901  EMERGENCE                    1  0.2399243E+001  0.8903199E+000  0.5906651E-001  0.8802505E-002 -0.1527131E-002  0.1985730E+000  0.2984085E+000
010111901dh       46.000    15021901  FLORAL_INIT.                 1  0.2464022E+001  0.9004337E+000  0.6074898E-001  0.9000625E-002 -0.1527131E-002  0.2623537E+000  0.2282073E+000
010111901dh       47.000    16021901  FLORAL_INIT.                 1  0.2527617E+001  0.9112539E+000  0.6252024E-001  0.9223933E-002 -0.1527131E-002  0.2351691E+000  0.2592388E+000
010111901dh       48.000    17021901  FLORAL_INIT.                 1  0.2586135E+001  0.9218578E+000  0.6432451E-001  0.9460189E-002 -0.1527131E-002  0.2301601E+000  0.1509092E+000
010111901dh       49.000    18021901  FLORAL_INIT.                 1  0.2639307E+001  0.9316771E+000  0.6618971E-001  0.9723181E-002 -0.1527131E-002  0.2418833E+000  0.1540150E+000
010111901dh       50.000    19021901  FLORAL_INIT.                 1  0.2693813E+001  0.9414586E+000  0.6823983E-001  0.1001923E-001 -0.1527131E-002  0.2313051E+000  0.3060680E+000
010111901dh       51.000    20021901  FLORAL_INIT.                 1  0.2769515E+001  0.9358489E+000  0.6793903E-001  0.1001726E-001 -0.2323505E+000  0.2661886E+000  0.2264542E+000
010111901dh       52.000    21021901  FLORAL_INIT.                 1  0.2839653E+001  0.9277013E+000  0.6725846E-001  0.1004828E-001 -0.4467316E+000  0.3250064E+000  0.2496324E+000
010111901dh       53.000    22021901  FLORAL_INIT.                 1  0.2904170E+001  0.9249765E+000  0.6734175E-001  0.1018478E-001 -0.3752144E+000  0.5382159E+000  0.1579779E+000
010111901dh       54.000    23021901  FLORAL_INIT.                 1  0.2968540E+001  0.9233838E+000  0.6753658E-001  0.1031328E-001 -0.3036659E+000  0.3107754E+000  0.2375262E+000
010111901dh       55.000    24021901  FLORAL_INIT.                 1  0.3047809E+001  0.9215230E+000  0.6744923E-001  0.1035933E-001 -0.3362599E+000  0.3302602E+000  0.2846538E+000
010111901dh       56.000    25021901  FLORAL_INIT.                 1  0.3134422E+001  0.9208850E+000  0.6751928E-001  0.1039847E-001 -0.1832543E+000  0.3001331E+000  0.3994124E+000
010111901dh       57.000    26021901  FLORAL_INIT.                 1  0.3229840E+001  0.9209465E+000  0.6766866E-001  0.1042120E-001 -0.1382061E+000  0.2784870E+000  0.3473381E+000
010111901dh       58.000    27021901  FLORAL_INIT.                 1  0.3326490E+001  0.9378228E+000  0.7177955E-001  0.1097996E-001 -0.2166886E-002  0.2713626E+000  0.3095605E+000
010111901dh       59.000    28021901  FLORAL_INIT.                 1  0.3410554E+001  0.9492606E+000  0.7438361E-001  0.1124588E-001 -0.1527131E-002  0.2398293E+000  0.2980454E+000
010111901dh       60.000    01031901  FLORAL_INIT.                 1  0.3489300E+001  0.9586892E+000  0.7669402E-001  0.1146777E-001 -0.1527131E-002  0.2605961E+000  0.3884261E+000
010111901dh       61.000    02031901  FLORAL_INIT.                 1  0.3589643E+001  0.9676729E+000  0.7892495E-001  0.1167079E-001 -0.1527131E-002  0.2272269E+000  0.4439499E+000
010111901dh       62.000    03031901  JOINTING                     1  0.3686806E+001  0.9741840E+000  0.8089472E-001  0.1184596E-001 -0.1527131E-002  0.2511674E+000  0.3691169E+000
010111901dh       63.000    04031901  JOINTING                     1  0.3771355E+001  0.9787441E+000  0.8282164E-001  0.1205033E-001 -0.1527131E-002  0.2883508E+000  0.3619371E+000
010111901dh       64.000    05031901  JOINTING                     1  0.3866940E+001  0.9826132E+000  0.8490620E-001  0.1231197E-001 -0.1527131E-002  0.3476632E+000  0.5086005E+000
010111901dh       65.000    06031901  JOINTING                     1  0.3970672E+001  0.9703111E+000  0.8428330E-001  0.1237551E-001 -0.2347178E+000  0.3798052E+000  0.3243621E+000
010111901dh       66.000    07031901  JOINTING                     1  0.4049898E+001  0.9624877E+000  0.8540762E-001  0.1285188E-001 -0.1476687E+000  0.4707005E+000  0.2718791E+000
010111901dh       67.000    08031901  JOINTING                     1  0.4128149E+001  0.9586189E+000  0.8625303E-001  0.1317368E-001 -0.2777644E+000  0.4837094E+000  0.2255152E+000
010111901dh       68.000    09031901  JOINTING                     1  0.4197967E+001  0.9565532E+000  0.8671565E-001  0.1332201E-001 -0.1520181E+000  0.4003718E+000  0.2378185E+000
010111901dh       69.000    10031901  JOINTING                     1  0.4275169E+001  0.9633712E+000  0.9055880E-001  0.1388209E-001 -0.2337857E+000  0.3554964E+000  0.2268973E+000
010111901dh       70.000    11031901  JOINTING                     1  0.4354147E+001  0.9737839E+000  0.9537283E-001  0.1445671E-001 -0.1527131E-002  0.2861374E+000  0.2843976E+000
010111901dh       71.000    12031901  JOINTING                     1  0.4437700E+001  0.9803856E+000  0.9794808E-001  0.1462996E-001 -0.1527131E-002  0.2691393E+000  0.3038711E+000
010111901dh       72.000    13031901  JOINTING                     1  0.4522335E+001  0.9847121E+000  0.9972544E-001  0.1470577E-001 -0.1527131E-002  0.2685277E+000  0.2563277E+000
010111901dh       73.000    14031901  JOINTING                     1  0.4612791E+001  0.9876699E+000  0.1014622E+000  0.1483363E-001 -0.1527131E-002  0.2855136E+000  0.2774944E+000
010111901dh       74.000    15031901  JOINTING                     1  0.4706022E+001  0.9897824E+000  0.1035557E+000  0.1508395E-001 -0.1527131E-002  0.3055049E+000  0.3522807E+000
010111901dh       75.000    16031901  ELONGATION                   1  0.4810461E+001  0.9917815E+000  0.1061935E+000  0.1547363E-001 -0.1527131E-002  0.3393404E+000  0.4125375E+000
010111901dh       76.000    17031901  ELONGATION                   1  0.4931431E+001  0.9936677E+000  0.1092846E+000  0.1597472E-001 -0.1527131E-002  0.4078863E+000  0.4928985E+000
010111901dh       77.000    18031901  ELONGATION                   1  0.5052741E+001  0.9951677E+000  0.1125525E+000  0.1653306E-001 -0.1527131E-002  0.4831477E+000  0.3900771E+000
010111901dh       78.000    19031901  ELONGATION                   1  0.5167361E+001  0.9963610E+000  0.1165764E+000  0.1727009E-001 -0.1527131E-002  0.5931566E+000  0.4693894E+000
010111901dh       79.000    20031901  ELONGATION                   1  0.5273661E+001  0.9869285E+000  0.1178711E+000  0.1791197E-001 -0.4023634E+000  0.5978418E+000  0.3068742E+000
010111901dh       80.000    21031901  ELONGATION                   1  0.5372419E+001  0.9799275E+000  0.1188547E+000  0.1857748E-001 -0.4086913E+000  0.5192271E+000  0.3713401E+000
010111901dh       81.000    22031901  ELONGATION                   1  0.5464826E+001  0.9780286E+000  0.1196754E+000  0.1897732E-001 -0.1416886E+000  0.4781548E+000  0.3965433E+000
010111901dh       82.000    23031901  ELONGATION                   1  0.5575036E+001  0.9755991E+000  0.1175602E+000  0.1878783E-001 -0.3535405E+000  0.4310173E+000  0.3092850E+000
010111901dh       83.000    24031901  ELONGATION                   1  0.5675061E+001  0.9731870E+000  0.1146831E+000  0.1844040E-001 -0.4008402E+000  0.4155665E+000  0.3877686E+000
010111901dh       84.000    25031901  ELONGATION                   1  0.5780022E+001  0.9724300E+000  0.1128750E+000  0.1825536E-001 -0.3623636E+000  0.4103269E+000  0.3689163E+000
010111901dh       85.000    26031901  ELONGATION                   1  0.5892296E+001  0.9831637E+000  0.1204487E+000  0.1943639E-001 -0.1527131E-002  0.3468230E+000  0.5367286E+000
010111901dh       86.000    27031901  ELONGATION                   1  0.6008917E+001  0.9885743E+000  0.1218482E+000  0.1948903E-001 -0.1527131E-002  0.3588521E+000  0.3675159E+000
010111901dh       87.000    28031901  ELONGATION                   1  0.6111073E+001  0.9908852E+000  0.1213601E+000  0.1927959E-001 -0.1527131E-002  0.3712626E+000  0.4034246E+000
010111901dh       88.000    29031901  ELONGATION                   1  0.6206939E+001  0.9921304E+000  0.1211249E+000  0.1919875E-001 -0.1527131E-002  0.3873965E+000  0.3759670E+000
010111901dh       89.000    30031901  ELONGATION                   1  0.6309181E+001  0.9933830E+000  0.1219776E+000  0.1938120E-001 -0.1527131E-002  0.4157012E+000  0.4166025E+000
010111901dh       90.000    31031901  ELONGATION                   1  0.6428534E+001  0.9946721E+000  0.1236144E+000  0.1974855E-001 -0.1527131E-002  0.4588508E+000  0.5071368E+000
010111901dh       91.000    01041901  ELONGATION                   1  0.6542635E+001  0.9957475E+000  0.1259989E+000  0.2030986E-001 -0.1527131E-002  0.5021272E+000  0.4604265E+000
010111901dh       92.000    02041901  ELONGATION                   1  0.6652515E+001  0.9965995E+000  0.1285356E+000  0.2091925E-001 -0.1527131E-002  0.5444342E+000  0.4410555E+000
010111901dh       93.000    03041901  ELONGATION                   1  0.6765335E+001  0.9868977E+000  0.1250558E+000  0.2080238E-001 -0.1953853E+000  0.5393930E+000  0.4503227E+000
010111901dh       94.000    04041901  ELONGATION                   1  0.6885830E+001  0.9792663E+000  0.1225618E+000  0.2099171E-001 -0.3648009E+000  0.5135326E+000  0.4258276E+000
010111901dh       95.000    05041901  ELONGATION                   1  0.6997708E+001  0.9771184E+000  0.1226713E+000  0.2147493E-001 -0.2846271E+000  0.4770444E+000  0.3734262E+000
010111901dh       96.000    06041901  ELONGATION                   1  0.7136508E+001  0.9755796E+000  0.1216350E+000  0.2170916E-001 -0.6059395E+000  0.4371891E+000  0.4878866E+000
010111901dh       97.000    07041901  ANTHESIS                     1  0.7283354E+001  0.9745569E+000  0.1202633E+000  0.2183750E-001 -0.5384247E+000  0.4048417E+000  0.4911139E+000
010111901dh       98.000    08041901  ANTHESIS                     1  0.7430480E+001  0.9731513E+000  0.1181052E+000  0.2178255E-001 -0.4580527E+000  0.3868615E+000  0.4498282E+000
010111901dh       99.000    09041901  ANTHESIS                     1  0.7563050E+001  0.9717033E+000  0.1159445E+000  0.2168042E-001 -0.5496815E+000  0.3813818E+000  0.4128306E+000
010111901dh      100.000    10041901  ANTHESIS                     1  0.7690653E+001  0.9701849E+000  0.1136939E+000  0.2154416E-001 -0.5928851E+000  0.3785685E+000  0.4327861E+000
010111901dh      101.000    11041901  ANTHESIS                     1  0.7802099E+001  0.9678957E+000  0.1108373E+000  0.2126054E-001 -0.2872679E+000  0.3819942E+000  0.3823471E+000
010111901dh      102.000    12041901  ANTHESIS                     1  0.7925897E+001  0.9666836E+000  0.1089692E+000  0.2118364E-001 -0.4485292E+000  0.3747876E+000  0.4030456E+000
010111901dh      103.000    13041901  SEED_FILL                    1  0.8059666E+001  0.9659372E+000  0.1069701E+000  0.2117974E-001 -0.6918429E+000  0.3701859E+000  0.3694633E+000
010111901dh      104.000    14041901  SEED_FILL                    1  0.8171173E+001  0.9642161E+000  0.1041372E+000  0.2100256E-001 -0.2680969E+000  0.3755880E+000  0.3792776E+000
010111901dh      105.000    15041901  SEED_FILL                    1  0.8269659E+001  0.9624999E+000  0.1017821E+000  0.2085877E-001 -0.2629488E+000  0.3908023E+000  0.3984662E+000
010111901dh      106.000    16041901  SEED_FILL                    1  0.8390305E+001  0.9611488E+000  0.9962002E-001  0.2079682E-001 -0.3098903E+000  0.3761036E+000  0.4026707E+000
010111901dh      107.000    17041901  SEED_FILL                    1  0.8523775E+001  0.9595744E+000  0.9727202E-001  0.2074759E-001 -0.4994543E+000  0.3743937E+000  0.4681441E+000
010111901dh      108.000    18041901  SEED_FILL                    1  0.8684873E+001  0.9580030E+000  0.9482245E-001  0.2074258E-001 -0.6937246E+000  0.6288462E+000  0.5721693E+000
010111901dh      109.000    19041901  SEED_NO._SET                 1  0.8828198E+001  0.9527480E+000  0.9093413E-001  0.2034124E-001 -0.4746984E+000  0.5555024E+000  0.4398252E+000
010111901dh      110.000    20041901  SEED_NO._SET                 1  0.8945353E+001  0.9508637E+000  0.8948710E-001  0.2044676E-001 -0.2782696E+000  0.5343910E+000  0.3478840E+000
010111901dh      111.000    21041901  SEED_NO._SET                 1  0.9066176E+001  0.9479919E+000  0.8744063E-001  0.2038117E-001 -0.3439872E+000  0.4427749E+000  0.3765925E+000
010111901dh      112.000    22041901  SEED_NO._SET                 1  0.9215575E+001  0.9453095E+000  0.8532379E-001  0.2032814E-001 -0.5832898E+000  0.4374077E+000  0.5378769E+000
010111901dh      113.000    23041901  SEED_NO._SET                 1  0.9410482E+001  0.9433966E+000  0.8341388E-001  0.2037853E-001 -0.8584313E+000  0.4161210E+000  0.6973225E+000
010111901dh      114.000    24041901  SEED_NO._SET                 1  0.9599435E+001  0.9348923E+000  0.7928901E-001  0.1973277E-001 -0.6996353E+000  0.4276387E+000  0.4791246E+000
010111901dh      115.000    25041901  SEED_MASS_SET                1  0.9741158E+001  0.9256680E+000  0.7559657E-001  0.1907099E-001 -0.3571601E+000  0.4418544E+000  0.3862409E+000
010111901dh      116.000    26041901  SEED_MASS_SET                1  0.9889721E+001  0.9177942E+000  0.7277114E-001  0.1864638E-001 -0.4429612E+000  0.4409185E+000  0.4439499E+000
010111901dh      117.000    27041901  SEED_MASS_SET                1  0.1002259E+002  0.9088818E+000  0.6989881E-001  0.1814775E-001 -0.3196739E+000  0.4515407E+000  0.4237738E+000
010111901dh      118.000    28041901  SEED_MASS_SET                1  0.1015104E+002  0.9011766E+000  0.6762197E-001  0.1782345E-001 -0.2946220E+000  0.4557940E+000  0.3889445E+000
010111901dh      119.000    29041901  SEED_MASS_SET                1  0.1028866E+002  0.8925603E+000  0.6525013E-001  0.1750060E-001 -0.3580791E+000  0.4527021E+000  0.4726802E+000
010111901dh      120.000    30041901  SEED_MASS_SET                1  0.1042295E+002  0.8841211E+000  0.6295005E-001  0.1717068E-001 -0.3194042E+000  0.4563590E+000  0.4151412E+000
010111901dh      121.000    01051901  SEED_MASS_SET                1  0.1056398E+002  0.8763940E+000  0.6090239E-001  0.1692640E-001 -0.3722116E+000  0.4505638E+000  0.5009614E+000
010111901dh      122.000    02051901  SEED_MASS_SET                1  0.1071169E+002  0.8682808E+000  0.5873149E-001  0.1663890E-001 -0.4936797E+000  0.6662450E+000  0.4493574E+000
010111901dh      123.000    03051901  SEED_MASS_SET                1  0.1084998E+002  0.8656302E+000  0.5741200E-001  0.1651084E-001 -0.4269750E+000  0.7975662E+000  0.3874721E+000
010111901dh      124.000    04051901  SEED_MASS_SET                1  0.1096976E+002  0.8831182E+000  0.5978487E-001  0.1672270E-001 -0.2348004E+000  0.4238298E+000  0.3897065E+000
010111901dh      125.000    05051901  SEED_MASS_SET                1  0.1109173E+002  0.8985753E+000  0.6312199E-001  0.1694673E-001 -0.2383451E+000  0.3893747E+000  0.4229447E+000
010111901dh      126.000    06051901  SEED_MASS_SET                1  0.1121572E+002  0.9094002E+000  0.6620270E-001  0.1707976E-001 -0.1683336E+000  0.3621386E+000  0.4462576E+000
010111901dh      127.000    07051901  SEED_MASS_SET                1  0.1134807E+002  0.9175526E+000  0.6899169E-001  0.1719859E-001 -0.2311632E+000  0.3407114E+000  0.4329698E+000
010111901dh      128.000    08051901  SEED_MASS_SET                1  0.1147783E+002  0.9232113E+000  0.7119262E-001  0.1722864E-001 -0.2448846E+000  0.3336609E+000  0.4299399E+000
010111901dh      129.000    09051901  SEED_MASS_SET                1  0.1160918E+002  0.9272281E+000  0.7292745E-001  0.1721840E-001 -0.2093263E+000  0.3326522E+000  0.4630881E+000
010111901dh      130.000    10051901  SEED_MASS_SET                1  0.1175203E+002  0.9300006E+000  0.7420874E-001  0.1719348E-001 -0.2562339E+000  0.3316567E+000  0.4645825E+000
010111901dh      131.000    11051901  SEED_MASS_SET                1  0.1189274E+002  0.9315357E+000  0.7499431E-001  0.1710130E-001 -0.2544600E+000  0.3490311E+000  0.4299813E+000
010111901dh      132.000    12051901  SEED_MASS_SET                1  0.1202302E+002  0.9329501E+000  0.7576029E-001  0.1704187E-001 -0.1946911E+000  0.3883229E+000  0.4493464E+000
010111901dh      133.000    13051901  SEED_MASS_SET                1  0.1215861E+002  0.9330443E+000  0.7588955E-001  0.1691999E-001 -0.2383884E+000  0.4362502E+000  0.4525659E+000
010111901dh      134.000    14051901  SEED_MASS_SET                1  0.1229336E+002  0.9332366E+000  0.7603613E-001  0.1687985E-001 -0.2034920E+000  0.4518471E+000  0.5279631E+000
010111901dh      135.000    15051901  SEED_MASS_SET                1  0.1242443E+002  0.9375517E+000  0.7809515E-001  0.1728263E-001 -0.1384449E+000  0.4877534E+000  0.4142544E+000
010111901dh      136.000    16051901  SEED_MASS_SET                1  0.1254012E+002  0.9358855E+000  0.7738609E-001  0.1708023E-001 -0.1244746E+000  0.4295408E+000  0.4229936E+000
010111901dh      137.000    17051901  SEED_MASS_SET                1  0.1267237E+002  0.9339718E+000  0.7648568E-001  0.1693014E-001 -0.2574453E+000  0.7637577E+000  0.4619027E+000
010111901dh      138.000    18051901  SEED_MASS_SET                1  0.1277669E+002  0.9358913E+000  0.7752701E-001  0.1714965E-001 -0.8956651E-001  0.7174615E+000  0.4428179E+000
010111901dh      139.000    19051901  SEED_MASS_SET                1  0.1288722E+002  0.9467220E+000  0.8307788E-001  0.1831047E-001 -0.6388300E-001  0.4519224E+000  0.4339813E+000
010111901dh      140.000    20051901  SEED_MASS_SET                1  0.1299727E+002  0.9602078E+000  0.9047785E-001  0.1971016E-001 -0.1527131E-002  0.4485791E+000  0.4675413E+000
010111901dh      141.000    21051901  SEED_MASS_SET                1  0.1310807E+002  0.9693752E+000  0.9661971E-001  0.2070896E-001 -0.1527131E-002  0.3844897E+000  0.4293769E+000
010111901dh      142.000    22051901  SEED_MASS_SET                1  0.1323102E+002  0.9770516E+000  0.1029902E+000  0.2176801E-001 -0.1527131E-002  0.3862569E+000  0.4955317E+000
010111901dh      143.000    23051901  SEED_MASS_SET                1  0.1336559E+002  0.9832986E+000  0.1098672E+000  0.2294192E-001 -0.1527131E-002  0.3571221E+000  0.5289049E+000
010111901dh      144.000    24051901  SEED_MASS_SET                1  0.1349558E+002  0.9878703E+000  0.1167334E+000  0.2413793E-001 -0.1527131E-002  0.3550926E+000  0.4730987E+000
010111901dh      145.000    25051901  SEED_MASS_SET                1  0.1361796E+002  0.9911505E+000  0.1235516E+000  0.2536908E-001 -0.1527131E-002  0.3630200E+000  0.4705464E+000
010111901dh      146.000    26051901  SEED_MASS_SET                1  0.1371993E+002  0.9933938E+000  0.1299330E+000  0.2657315E-001 -0.1527131E-002  0.4656707E+000  0.4114707E+000
010111901dh      147.000    27051901  SEED_MASS_SET                1  0.1382539E+002  0.9951572E+000  0.1371909E+000  0.2807266E-001 -0.1527131E-002  0.5611624E+000  0.4280671E+000
010111901dh      148.000    28051901  SEED_MASS_SET                1  0.1394102E+002  0.9965336E+000  0.1456498E+000  0.2992489E-001 -0.1527131E-002  0.6441175E+000  0.4775295E+000
010111901dh      149.000    29051901  SEED_MASS_SET                1  0.1407571E+002  0.9858091E+000  0.1418039E+000  0.2959060E-001 -0.2738651E+000  0.6323795E+000  0.4200486E+000
010111901dh      150.000    30051901  SEED_MASS_SET                1  0.1420285E+002  0.9767741E+000  0.1342678E+000  0.2859181E-001 -0.2526900E+000  0.4995218E+000  0.4328518E+000
010111901dh      151.000    31051901  SEED_MASS_SET                1  0.1435208E+002  0.9738202E+000  0.1312375E+000  0.2852812E-001 -0.4746370E+000  0.5440566E+000  0.4501976E+000
010111901dh      152.000    01061901  SEED_MASS_SET                1  0.1450344E+002  0.9727936E+000  0.1299121E+000  0.2882546E-001 -0.4258836E+000  0.5055930E+000  0.4961249E+000
010111901dh      153.000    02061901  SEED_MASS_SET                1  0.1465856E+002  0.9720949E+000  0.1283816E+000  0.2902237E-001 -0.3789494E+000  0.3880730E+000  0.5133410E+000
010111901dh      154.000    03061901  SEED_MASS_SET                1  0.1481698E+002  0.9713282E+000  0.1262381E+000  0.2901781E-001 -0.3670113E+000  0.3777955E+000  0.5283978E+000
010111901dh      155.000    04061901  SEED_MASS_SET                1  0.1500937E+002  0.9709067E+000  0.1241976E+000  0.2906622E-001 -0.6712275E+000  0.3674324E+000  0.6888668E+000
010111901dh      156.000    05061901  SEED_MASS_SET                1  0.1519649E+002  0.9688230E+000  0.1198679E+000  0.2848690E-001 -0.5182959E+000  0.3708916E+000  0.5376180E+000
010111901dh      157.000    06061901  SEED_MASS_SET                1  0.1534491E+002  0.9668055E+000  0.1160967E+000  0.2795842E-001 -0.3329419E+000  0.3817134E+000  0.4326481E+000
010111901dh      158.000    07061901  SEED_MASS_SET                1  0.1550229E+002  0.9655599E+000  0.1134504E+000  0.2771849E-001 -0.4785290E+000  0.3866873E+000  0.5743174E+000
010111901dh      159.000    08061901  SEED_MASS_SET                1  0.1570223E+002  0.9649968E+000  0.1115562E+000  0.2771166E-001 -0.8712823E+000  0.3776762E+000  0.7620325E+000
010111901dh      160.000    09061901  SEED_MASS_SET                1  0.1592036E+002  0.9645174E+000  0.1100550E+000  0.2772473E-001 -0.9904169E+000  0.3669442E+000  0.1064555E+001
010111901dh      161.000    10061901  SEED_MASS_SET                1  0.1615040E+002  0.9641942E+000  0.1095941E+000  0.2793033E-001 -0.9253002E+000  0.3529477E+000  0.1154612E+001
010111901dh      162.000    11061901  SEED_MASS_SET                1  0.1637932E+002  0.9639704E+000  0.1095747E+000  0.2823826E-001 -0.8957531E+000  0.3457933E+000  0.1174760E+001
010111901dh      163.000    12061901  SEED_MASS_SET                1  0.1660748E+002  0.9611264E+000  0.1057324E+000  0.2754912E-001 -0.7269728E+000  0.3739089E+000  0.5906939E+000
010111901dh      164.000    13061901  SEED_MASS_SET                1  0.1678390E+002  0.9589944E+000  0.1028770E+000  0.2715225E-001 -0.3842897E+000  0.6173482E+000  0.5559642E+000
010111901dh      165.000    14061901  SEED_MASS_SET                1  0.1693747E+002  0.9575168E+000  0.1011241E+000  0.2697310E-001 -0.3208425E+000  0.7332781E+000  0.5078854E+000
010111901dh      166.000    15061901  SEED_MASS_SET                1  0.1707887E+002  0.9586619E+000  0.1030811E+000  0.2713991E-001 -0.2195068E+000  0.4430275E+000  0.4943907E+000
010111901dh      167.000    16061901  SEED_MASS_SET                1  0.1721970E+002  0.9602506E+000  0.1057037E+000  0.2721173E-001 -0.2141402E+000  0.3695771E+000  0.5003643E+000
010111901dh      168.000    17061901  SEED_MASS_SET                1  0.1739423E+002  0.9615513E+000  0.1077503E+000  0.2720463E-001 -0.3677048E+000  0.3304386E+000  0.5601954E+000
010111901dh      169.000    18061901  SEED_MASS_SET                1  0.1756949E+002  0.9619139E+000  0.1085761E+000  0.2691455E-001 -0.3336680E+000  0.3239706E+000  0.5640150E+000
010111901dh      170.000    19061901  SEED_MASS_SET                1  0.1774738E+002  0.9622765E+000  0.1093146E+000  0.2666981E-001 -0.3335876E+000  0.3231634E+000  0.6343425E+000
010111901dh      171.000    20061901  SEED_MASS_SET                1  0.1792695E+002  0.9626174E+000  0.1099306E+000  0.2645852E-001 -0.3234288E+000  0.3583198E+000  0.5034865E+000
010111901dh      172.000    21061901  SEED_MASS_SET                1  0.1810221E+002  0.9630654E+000  0.1106582E+000  0.2635397E-001 -0.3843746E+000  0.3883411E+000  0.5887902E+000
010111901dh      173.000    22061901  SEED_MASS_SET                1  0.1829781E+002  0.9633991E+000  0.1110719E+000  0.2629964E-001 -0.5280980E+000  0.3832275E+000  0.6841434E+000
010111901dh      174.000    23061901  SEED_MASS_SET                1  0.1850247E+002  0.9631441E+000  0.1106578E+000  0.2612466E-001 -0.5498351E+000  0.3874936E+000  0.5801057E+000
010111901dh      175.000    24061901  SEED_MASS_SET                1  0.1868341E+002  0.9621825E+000  0.1093424E+000  0.2579877E-001 -0.3649959E+000  0.4060931E+000  0.5957987E+000
010111901dh      176.000    25061901  SEED_MASS_SET                1  0.1886223E+002  0.9603331E+000  0.1063619E+000  0.2481113E-001 -0.3331748E+000  0.4262112E+000  0.5743109E+000
010111901dh      177.000    26061901  SEED_MASS_SET                1  0.1902969E+002  0.9569155E+000  0.1014221E+000  0.2304956E-001 -0.2257423E+000  0.4530915E+000  0.5686157E+000
010111901dh      178.000    27061901  SEED_MASS_SET                1  0.1919414E+002  0.9529643E+000  0.9647957E-001  0.2140410E-001 -0.2647955E+000  0.7150951E+000  0.5778303E+000
010111901dh      179.000    28061901  SEED_MASS_SET                1  0.1936126E+002  0.9497960E+000  0.9298942E-001  0.2020763E-001 -0.3070403E+000  0.6777917E+000  0.5552005E+000
010111901dh      180.000    29061901  SEED_MASS_SET                1  0.1952320E+002  0.9477515E+000  0.9096988E-001  0.1935230E-001 -0.2371318E+000  0.3984614E+000  0.5627253E+000
010111901dh      181.000    30061901  SEED_MASS_SET                1  0.1968651E+002  0.9465998E+000  0.8988385E-001  0.1861619E-001 -0.2163088E+000  0.4416205E+000  0.5633891E+000
010111901dh      182.000    01071901  SEED_MASS_SET                1  0.1985189E+002  0.9453813E+000  0.8870755E-001  0.1799404E-001 -0.1972026E+000  0.4717454E+000  0.5657123E+000
010111901dh      183.000    02071901  END_SEED_FILL                1  0.2001658E+002  0.9405380E+000  0.8392046E-001  0.1683884E-001 -0.1882485E+000  0.4356770E+000  0.5416146E+000
010111901dh      184.000    03071901  END_SEED_FILL                1  0.2017746E+002  0.9376824E+000  0.8076429E-001  0.1620052E-001 -0.1981471E+000  0.4044695E+000  0.5470444E+000
010111901dh      185.000    04071901  END_SEED_FILL                1  0.2034220E+002  0.9354678E+000  0.7815550E-001  0.1569103E-001 -0.1945297E+000  0.5512536E+000  0.5313929E+000
010111901dh      186.000    05071901  END_SEED_FILL                1  0.2051421E+002  0.9333536E+000  0.7570213E-001  0.1519726E-001 -0.2160152E+000  0.4997693E+000  0.5460325E+000
010111901dh      187.000    06071901  END_SEED_FILL                1  0.2068501E+002  0.9313376E+000  0.7343996E-001  0.1472655E-001 -0.2262690E+000  0.4039933E+000  0.5551513E+000
010111901dh      188.000    07071901  END_SEED_FILL                1  0.2084809E+002  0.9297611E+000  0.7177742E-001  0.1436203E-001 -0.1339049E+000  0.5942021E+000  0.5425629E+000
010111901dh      189.000    08071901  END_SEED_FILL                1  0.2099772E+002  0.9283753E+000  0.7045567E-001  0.1405781E-001 -0.1293143E+000  0.5344678E+000  0.5279356E+000
010111901dh      190.000    09071901  END_SEED_FILL                1  0.2116308E+002  0.9268467E+000  0.6905958E-001  0.1373845E-001 -0.1181476E+000  0.4377684E+000  0.6753986E+000
010111901dh      191.000    10071901  END_SEED_FILL                1  0.2134848E+002  0.9255470E+000  0.6781577E-001  0.1345351E-001 -0.1421195E+000  0.3976007E+000  0.6510951E+000
010111901dh      192.000    11071901  END_SEED_FILL                1  0.2152557E+002  0.9245452E+000  0.6675658E-001  0.1321579E-001 -0.1175720E+000  0.6283936E+000  0.5571964E+000
010111901dh      193.000    12071901  END_SEED_FILL                1  0.2169121E+002  0.9238505E+000  0.6596261E-001  0.1303786E-001 -0.1431516E+000  0.5763953E+000  0.5277581E+000
010111901dh      194.000    13071901  END_SEED_FILL                1  0.2186152E+002  0.9232629E+000  0.6526718E-001  0.1288461E-001 -0.1126241E+000  0.5219682E+000  0.5922725E+000
010111901dh      195.000    14071901  END_SEED_FILL                1  0.2203845E+002  0.9228339E+000  0.6469394E-001  0.1276450E-001 -0.9017888E-001  0.4491170E+000  0.7140914E+000
010111901dh      196.000    15071901  END_SEED_FILL                1  0.2223583E+002  0.9225225E+000  0.6418672E-001  0.1266221E-001 -0.1210748E+000  0.6317605E+000  0.6021497E+000
010111901dh      197.000    16071901  END_SEED_FILL                1  0.2242029E+002  0.9224811E+000  0.6393986E-001  0.1260924E-001 -0.1029035E+000  0.4993242E+000  0.6104679E+000
010111901dh      198.000    17071901  END_SEED_FILL                1  0.2261608E+002  0.9225120E+000  0.6378006E-001  0.1257196E-001 -0.1163085E+000  0.3196061E+000  0.6847390E+000
010111901dh      199.000    18071901  END_SEED_FILL                1  0.2280600E+002  0.9226679E+000  0.6377035E-001  0.1256272E-001 -0.8296002E-001  0.6223034E+000  0.6320701E+000
010111901dh      200.000    19071901  END_SEED_FILL                1  0.2300331E+002  0.9228947E+000  0.6387092E-001  0.1257285E-001 -0.6227894E-001  0.3113100E+000  0.6128890E+000
010111901dh      201.000    20071901  END_SEED_FILL                1  0.2318382E+002  0.9232477E+000  0.6418193E-001  0.1261997E-001 -0.4526547E-001  0.6019251E+000  0.5739562E+000
010111901dh      202.000    21071901  END_SEED_FILL                1  0.2337318E+002  0.9235885E+000  0.6455617E-001  0.1267645E-001 -0.3863796E-001  0.3138789E+000  0.6068286E+000
010111901dh      203.000    22071901  END_SEED_FILL                1  0.2356393E+002  0.9239961E+000  0.6505629E-001  0.1275379E-001 -0.4999713E-001  0.6126204E+000  0.6141015E+000
010111901dh      204.000    23071901  END_SEED_FILL                1  0.2374760E+002  0.9244289E+000  0.6561456E-001  0.1283920E-001 -0.3328045E-001  0.3245741E+000  0.6599795E+000
010111901dh      205.000    24071901  END_SEED_FILL                1  0.2394772E+002  0.9248090E+000  0.6609218E-001  0.1291104E-001 -0.8182682E-001  0.6363773E+000  0.7113845E+000
010111901dh      206.000    25071901  END_SEED_FILL                1  0.2414633E+002  0.9252520E+000  0.6656333E-001  0.1298635E-001 -0.5377447E-001  0.4956477E+000  0.5763948E+000
010111901dh      207.000    26071901  END_SEED_FILL                1  0.2432496E+002  0.9257000E+000  0.6700231E-001  0.1306178E-001 -0.5766113E-001  0.5667033E+000  0.5385782E+000
010111901dh      208.000    27071901  END_SEED_FILL                1  0.2452707E+002  0.9261410E+000  0.6741085E-001  0.1313775E-001 -0.8272564E-001  0.5604269E+000  0.9124530E+000
010111901dh      209.000    28071901  END_SEED_FILL                1  0.2473457E+002  0.9266755E+000  0.6785748E-001  0.1322818E-001 -0.5607663E-001  0.3719122E+000  0.6340565E+000
010111901dh      210.000    29071901  END_SEED_FILL                1  0.2491024E+002  0.9272816E+000  0.6833449E-001  0.1332703E-001 -0.3975298E-001  0.6067701E+000  0.5859903E+000
010111901dh      211.000    30071901  END_SEED_FILL                1  0.2508023E+002  0.9279118E+000  0.6881798E-001  0.1342984E-001 -0.3910520E-001  0.3907993E+000  0.5904812E+000
010111901dh      212.000    31071901  END_SEED_FILL                1  0.2526265E+002  0.9285555E+000  0.6930513E-001  0.1353600E-001 -0.4688616E-001  0.6197575E+000  0.6305179E+000
010111901dh      213.000    01081901  END_SEED_FILL                1  0.2528545E+002  0.9900990E+000  0.0000000E+000  0.0000000E+000 -0.1060302E+001  0.3857520E+000  0.6632021E+000
010111901dh      214.000    02081901  PLANTING                     1  0.0000000E+000  0.9900990E+000  0.0000000E+000  0.0000000E+000 -0.1527131E-002  0.0000000E+000  0.6499556E+000
010111901dh      215.000    03081901  PLANTING                     1  0.0000000E+000  0.9900990E+000  0.0000000E+000  0.0000000E+000 -0.1527131E-002  0.0000000E+000  0.6741323E+000
010111901dh      216.000    04081901  PLANTING                     1  0.0000000E+000  0.9900990E+000  0.0000000E+000  0.0000000E+000 -0.1527131E-002  0.0000000E+000  0.6525894E+000
010111901dh      217.000    05081901  PLANTING                     1  0.0000000E+000  0.9900990E+000  0.0000000E+000  0.0000000E+000 -0.1527131E-002  0.0000000E+000  0.6563223E+000
010111901dh      218.000    06081901  PLANTING                     1  0.0000000E+000  0.9900990E+000  0.0000000E+000  0.0000000E+000 -0.1527131E-002  0.0000000E+000  0.6422257E+000
010111901dh      219.000    07081901  PLANTING                     1  0.0000000E+000  0.9900990E+000  0.0000000E+000  0.0000000E+000 -0.1527131E-002  0.0000000E+000  0.6236559E+000
010111901dh      220.000    08081901  PLANTING                     1  0.0000000E+000  0.9900990E+000  0.0000000E+000  0.0000000E+000 -0.2273940E-002  0.0000000E+000  0.5902520E+000
010111901dh      221.000    09081901  PLANTING                     1  0.0000000E+000  0.9900990E+000  0.0000000E+000  0.0000000E+000 -0.3419187E-002  0.0000000E+000  0.7236771E+000
010111901dh      222.000    10081901  PLANTING                     1  0.0000000E+000  0.9900990E+000  0.0000000E+000  0.0000000E+000 -0.2214628E-002  0.0000000E+000  0.6884946E+000
010111901dh      223.000    11081901  PLANTING                     1  0.0000000E+000  0.9900990E+000  0.0000000E+000  0.0000000E+000 -0.1527131E-002  0.0000000E+000  0.7061741E+000
010111901dh      224.000    12081901  PLANTING                     1  0.0000000E+000  0.9900990E+000  0.0000000E+000  0.0000000E+000 -0.1527131E-002  0.0000000E+000  0.7166810E+000
010111901dh      225.000    13081901  PLANTING                     1  0.0000000E+000  0.9900990E+000  0.0000000E+000  0.0000000E+000 -0.1527131E-002  0.0000000E+000  0.7806732E+000
010111901dh      226.000    14081901  PLANTING                     1  0.0000000E+000  0.9900990E+000  0.0000000E+000  0.0000000E+000 -0.1527131E-002  0.0000000E+000  0.9434129E+000
010111901dh      227.000    15081901  PLANTING                     1  0.0000000E+000  0.9900990E+000  0.0000000E+000  0.0000000E+000 -0.1527131E-002  0.0000000E+000  0.9304428E+000
010111901dh      228.000    16081901  PLANTING                     1  0.0000000E+000  0.9900990E+000  0.0000000E+000  0.0000000E+000 -0.1527131E-002  0.0000000E+000  0.6961430E+000
010111901dh      229.000    17081901  PLANTING                     1  0.0000000E+000  0.9900990E+000  0.0000000E+000  0.0000000E+000 -0.1527131E-002  0.0000000E+000  0.6345302E+000
010111901dh      230.000    18081901  PLANTING                     1  0.0000000E+000  0.9900990E+000  0.0000000E+000  0.0000000E+000 -0.1527131E-002  0.0000000E+000  0.6646178E+000
010111901dh      231.000    19081901  PLANTING                     1  0.0000000E+000  0.9900990E+000  0.0000000E+000  0.0000000E+000 -0.1527131E-002  0.0000000E+000  0.6523043E+000
010111901dh      232.000    20081901  PLANTING                     1  0.0000000E+000  0.9900990E+000  0.0000000E+000  0.0000000E+000 -0.1527131E-002  0.0000000E+000  0.6801377E+000
010111901dh      233.000    21081901  PLANTING                     1  0.0000000E+000  0.9900990E+000  0.0000000E+000  0.0000000E+000 -0.1527131E-002  0.0000000E+000  0.8638675E+000
010111901dh      234.000    22081901  PLANTING                     1  0.0000000E+000  0.9900990E+000  0.0000000E+000  0.0000000E+000 -0.2276875E-002  0.0000000E+000  0.6938339E+000
010111901dh      235.000    23081901  PLANTING                     1  0.0000000E+000  0.9900990E+000  0.0000000E+000  0.0000000E+000 -0.3383497E-002  0.0000000E+000  0.6759071E+000
010111901dh      236.000    24081901  PLANTING                     1  0.0000000E+000  0.9900990E+000  0.0000000E+000  0.0000000E+000 -0.2218488E-002  0.0000000E+000  0.7082917E+000
010111901dh      237.000    25081901  PLANTING                     1  0.0000000E+000  0.9900990E+000  0.0000000E+000  0.0000000E+000 -0.1527131E-002  0.0000000E+000  0.7070633E+000
010111901dh      238.000    26081901  PLANTING                     1  0.0000000E+000  0.9900990E+000  0.0000000E+000  0.0000000E+000 -0.1527131E-002  0.0000000E+000  0.7238540E+000
010111901dh      239.000    27081901  PLANTING                     1  0.0000000E+000  0.9900990E+000  0.0000000E+000  0.0000000E+000 -0.1527131E-002  0.0000000E+000  0.6805564E+000
010111901dh      240.000    28081901  PLANTING                     1  0.0000000E+000  0.9900990E+000  0.0000000E+000  0.0000000E+000 -0.1527131E-002  0.0000000E+000  0.7451216E+000
010111901dh      241.000    29081901  PLANTING                     1  0.0000000E+000  0.9900990E+000  0.0000000E+000  0.0000000E+000 -0.1527131E-002  0.0000000E+000  0.7778621E+000
010111901dh      242.000    30081901  PLANTING                     1  0.0000000E+000  0.9900990E+000  0.0000000E+000  0.0000000E+000 -0.1527131E-002  0.0000000E+000  0.7400441E+000
010111901dh      243.000    31081901  PLANTING                     1  0.0000000E+000  0.9900990E+000  0.0000000E+000  0.0000000E+000 -0.1527131E-002  0.0000000E+000  0.8201547E+000
010111901dh      244.000    01091901  PLANTING                     1  0.0000000E+000  0.9900990E+000  0.0000000E+000  0.0000000E+000 -0.1527131E-002  0.0000000E+000  0.7739575E+000
010111901dh      245.000    02091901  PLANTING                     1  0.0000000E+000  0.9900990E+000  0.0000000E+000  0.0000000E+000 -0.1527131E-002  0.0000000E+000  0.6992130E+000
010111901dh      246.000    03091901  PLANTING                     1  0.0000000E+000  0.9900990E+000  0.0000000E+000  0.0000000E+000 -0.1527131E-002  0.0000000E+000  0.6912906E+000
010111901dh      247.000    04091901  PLANTING                     1  0.0000000E+000  0.9900990E+000  0.0000000E+000  0.0000000E+000 -0.1527131E-002  0.0000000E+000  0.6626865E+000
010111901dh      248.000    05091901  PLANTING                     1  0.0000000E+000  0.9900990E+000  0.0000000E+000  0.0000000E+000 -0.2139390E-002  0.0000000E+000  0.6784818E+000
010111901dh      249.000    06091901  PLANTING                     1  0.0000000E+000  0.9900990E+000  0.0000000E+000  0.0000000E+000 -0.4623417E-002  0.0000000E+000  0.6393684E+000
010111901dh      250.000    07091901  PLANTING                     1  0.0000000E+000  0.9900990E+000  0.0000000E+000  0.0000000E+000 -0.5338893E-002  0.0000000E+000  0.5977882E+000
010111901dh      251.000    08091901  PLANTING                     1  0.0000000E+000  0.9900990E+000  0.0000000E+000  0.0000000E+000 -0.1527131E-002  0.0000000E+000  0.6577465E+000
010111901dh      252.000    09091901  PLANTING                     1  0.0000000E+000  0.9900990E+000  0.0000000E+000  0.0000000E+000 -0.1527131E-002  0.0000000E+000  0.6215823E+000
010111901dh      253.000    10091901  PLANTING                     1  0.0000000E+000  0.9900990E+000  0.0000000E+000  0.0000000E+000 -0.1527131E-002  0.0000000E+000  0.6242102E+000
010111901dh      254.000    11091901  PLANTING                     1  0.0000000E+000  0.9900990E+000  0.0000000E+000  0.0000000E+000 -0.1527131E-002  0.0000000E+000  0.6992793E+000
010111901dh      255.000    12091901  PLANTING                     1  0.0000000E+000  0.9900990E+000  0.0000000E+000  0.0000000E+000 -0.1527131E-002  0.0000000E+000  0.8091729E+000
010111901dh      256.000    13091901  PLANTING                     1  0.0000000E+000  0.9900990E+000  0.0000000E+000  0.0000000E+000 -0.1527131E-002  0.0000000E+000  0.8556400E+000
010111901dh      257.000    14091901  PLANTING                     1  0.0000000E+000  0.9900990E+000  0.0000000E+000  0.0000000E+000 -0.1527131E-002  0.0000000E+000  0.6214976E+000
010111901dh      258.000    15091901  PLANTING                     1  0.0000000E+000  0.9900990E+000  0.0000000E+000  0.0000000E+000 -0.1527131E-002  0.0000000E+000  0.7527301E+000
010111901dh      259.000    16091901  PLANTING                     1  0.0000000E+000  0.9900990E+000  0.0000000E+000  0.0000000E+000 -0.1527131E-002  0.0000000E+000  0.6576942E+000
010111901dh      260.000    17091901  PLANTING                     1  0.0000000E+000  0.9900990E+000  0.0000000E+000  0.0000000E+000 -0.1527131E-002  0.0000000E+000  0.6602545E+000
010111901dh      261.000    18091901  PLANTING                     1  0.0000000E+000  0.9900990E+000  0.0000000E+000  0.0000000E+000 -0.1527131E-002  0.0000000E+000  0.6029949E+000
010111901dh      262.000    19091901  PLANTING                     1  0.0000000E+000  0.9900990E+000  0.0000000E+000  0.0000000E+000 -0.2155626E-002  0.0000000E+000  0.5769106E+000
010111901dh      263.000    20091901  PLANTING                     1  0.0000000E+000  0.9900990E+000  0.0000000E+000  0.0000000E+000 -0.4567074E-002  0.0000000E+000  0.6446061E+000
010111901dh      264.000    21091901  PLANTING                     1  0.0000000E+000  0.9900990E+000  0.0000000E+000  0.0000000E+000 -0.2218080E-002  0.0000000E+000  0.6916433E+000
010111901dh      265.000    22091901  PLANTING                     1  0.0000000E+000  0.9900990E+000  0.0000000E+000  0.0000000E+000 -0.1527131E-002  0.0000000E+000  0.6586708E+000
010111901dh      266.000    23091901  PLANTING                     1  0.0000000E+000  0.9900990E+000  0.0000000E+000  0.0000000E+000 -0.1527131E-002  0.0000000E+000  0.7654120E+000
010111901dh      267.000    24091901  PLANTING                     1  0.0000000E+000  0.9900990E+000  0.0000000E+000  0.0000000E+000 -0.1527131E-002  0.0000000E+000  0.7464595E+000
010111901dh      268.000    25091901  PLANTING                     1  0.0000000E+000  0.9900990E+000  0.0000000E+000  0.0000000E+000 -0.1527131E-002  0.0000000E+000  0.9434654E+000
010111901dh      269.000    26091901  PLANTING                     1  0.0000000E+000  0.9900990E+000  0.0000000E+000  0.0000000E+000 -0.1527131E-002  0.0000000E+000  0.7534022E+000
010111901dh      270.000    27091901  PLANTING                     1  0.0000000E+000  0.9900990E+000  0.0000000E+000  0.0000000E+000 -0.1527131E-002  0.0000000E+000  0.5115204E+000
010111901dh      271.000    28091901  PLANTING                     1  0.0000000E+000  0.9900990E+000  0.0000000E+000  0.0000000E+000 -0.1527131E-002  0.0000000E+000  0.4110899E+000
010111901dh      272.000    29091901  PLANTING                     1  0.0000000E+000  0.9900990E+000  0.0000000E+000  0.0000000E+000 -0.1527131E-002  0.0000000E+000  0.4498200E+000
010111901dh      273.000    30091901  PLANTING                     1  0.0000000E+000  0.9900990E+000  0.0000000E+000  0.0000000E+000 -0.1527131E-002  0.0000000E+000  0.3969723E+000
010111901dh      274.000    01101901  PLANTING                     1  0.0000000E+000  0.9900990E+000  0.0000000E+000  0.0000000E+000 -0.1527131E-002  0.0000000E+000  0.4229090E+000
010111901dh      275.000    02101901  PLANTING                     1  0.0000000E+000  0.9900990E+000  0.0000000E+000  0.0000000E+000 -0.1527131E-002  0.0000000E+000  0.4589617E+000
010111901dh      276.000    03101901  PLANTING                     1  0.0000000E+000  0.9900990E+000  0.0000000E+000  0.0000000E+000 -0.1987598E-002  0.0000000E+000  0.4418533E+000
010111901dh      277.000    04101901  PLANTING                     1  0.0000000E+000  0.9900990E+000  0.0000000E+000  0.0000000E+000 -0.3591123E-002  0.0000000E+000  0.4289436E+000
010111901dh      278.000    05101901  PLANTING                     1  0.0000000E+000  0.9900990E+000  0.0000000E+000  0.0000000E+000 -0.4512364E-002  0.0000000E+000  0.4968784E+000
010111901dh      279.000    06101901  PLANTING                     1  0.0000000E+000  0.9900990E+000  0.0000000E+000  0.0000000E+000 -0.1527131E-002  0.0000000E+000  0.5964747E+000
010111901dh      280.000    07101901  PLANTING                     1  0.0000000E+000  0.9900990E+000  0.0000000E+000  0.0000000E+000 -0.1527131E-002  0.0000000E+000  0.5609082E+000
010111901dh      281.000    08101901  PLANTING                     1  0.0000000E+000  0.9900990E+000  0.0000000E+000  0.0000000E+000 -0.1527131E-002  0.0000000E+000  0.5340128E+000
010111901dh      282.000    09101901  PLANTING                     1  0.0000000E+000  0.9900990E+000  0.0000000E+000  0.0000000E+000 -0.1527131E-002  0.0000000E+000  0.4163956E+000
010111901dh      283.000    10101901  PLANTING                     1  0.0000000E+000  0.9900990E+000  0.0000000E+000  0.0000000E+000 -0.1527131E-002  0.0000000E+000  0.4325757E+000
010111901dh      284.000    11101901  PLANTING                     1  0.0000000E+000  0.9900990E+000  0.0000000E+000  0.0000000E+000 -0.1527131E-002  0.0000000E+000  0.4159611E+000
010111901dh      285.000    12101901  PLANTING                     1  0.0000000E+000  0.9900990E+000  0.0000000E+000  0.0000000E+000 -0.1527131E-002  0.0000000E+000  0.4455585E+000
010111901dh      286.000    13101901  PLANTING                     1  0.0000000E+000  0.9900990E+000  0.0000000E+000  0.0000000E+000 -0.1527131E-002  0.0000000E+000  0.3819905E+000
010111901dh      287.000    14101901  PLANTING                     1  0.0000000E+000  0.9900990E+000  0.0000000E+000  0.0000000E+000 -0.1527131E-002  0.0000000E+000  0.4147727E+000
010111901dh      288.000    15101901  PLANTING                     1  0.0000000E+000  0.9900990E+000  0.0000000E+000  0.0000000E+000 -0.1527131E-002  0.0000000E+000  0.4298839E+000
010111901dh      289.000    16101901  PLANTING                     1  0.0000000E+000  0.9900990E+000  0.0000000E+000  0.0000000E+000 -0.1527131E-002  0.0000000E+000  0.4698144E+000
010111901dh      290.000    17101901  PLANTING                     1  0.0000000E+000  0.9900990E+000  0.0000000E+000  0.0000000E+000 -0.1908408E-002  0.0000000E+000  0.4168906E+000
010111901dh      291.000    18101901  PLANTING                     1  0.0000000E+000  0.9900990E+000  0.0000000E+000  0.0000000E+000 -0.2615068E-002  0.0000000E+000  0.4175499E+000
010111901dh      292.000    19101901  PLANTING                     1  0.0000000E+000  0.9900990E+000  0.0000000E+000  0.0000000E+000 -0.2955299E-002  0.0000000E+000  0.4575138E+000
010111901dh      293.000    20101901  PLANTING                     1  0.0000000E+000  0.9900990E+000  0.0000000E+000  0.0000000E+000 -0.1527131E-002  0.0000000E+000  0.4733925E+000
010111901dh      294.000    21101901  PLANTING                     1  0.0000000E+000  0.9900990E+000  0.0000000E+000  0.0000000E+000 -0.1527131E-002  0.0000000E+000  0.5224499E+000
010111901dh      295.000    22101901  PLANTING                     1  0.0000000E+000  0.9900990E+000  0.0000000E+000  0.0000000E+000 -0.1527131E-002  0.0000000E+000  0.5523982E+000
010111901dh      296.000    23101901  PLANTING                     1  0.0000000E+000  0.9900990E+000  0.0000000E+000  0.0000000E+000 -0.1527131E-002  0.0000000E+000  0.5812525E+000
010111901dh      297.000    24101901  PLANTING                     1  0.0000000E+000  0.9900990E+000  0.0000000E+000  0.0000000E+000 -0.1527131E-002  0.0000000E+000  0.5868415E+000
010111901dh      298.000    25101901  PLANTING                     1  0.0000000E+000  0.9900990E+000  0.0000000E+000  0.0000000E+000 -0.1527131E-002  0.0000000E+000  0.5303543E+000
010111901dh      299.000    26101901  PLANTING                     1  0.0000000E+000  0.9900990E+000  0.0000000E+000  0.0000000E+000 -0.1527131E-002  0.0000000E+000  0.4520230E+000
010111901dh      300.000    27101901  PLANTING                     1  0.0000000E+000  0.9900990E+000  0.0000000E+000  0.0000000E+000 -0.1527131E-002  0.0000000E+000  0.2616595E+000
010111901dh      301.000    28101901  PLANTING                     1  0.0000000E+000  0.9900990E+000  0.0000000E+000  0.0000000E+000 -0.1527131E-002  0.0000000E+000  0.2875342E+000
010111901dh      302.000    29101901  PLANTING                     1  0.0000000E+000  0.9900990E+000  0.0000000E+000  0.0000000E+000 -0.1527131E-002  0.0000000E+000  0.2348126E+000
010111901dh      303.000    30101901  PLANTING                     1  0.0000000E+000  0.9900990E+000  0.0000000E+000  0.0000000E+000 -0.1527131E-002  0.0000000E+000  0.2645983E+000
010111901dh      304.000    31101901  PLANTING                     1  0.0000000E+000  0.9900990E+000  0.0000000E+000  0.0000000E+000 -0.1884075E-002  0.0000000E+000  0.2500158E+000
010111901dh      305.000    01111901  PLANTING                     1  0.0000000E+000  0.9900990E+000  0.0000000E+000  0.0000000E+000 -0.2735502E-002  0.0000000E+000  0.2631390E+000
010111901dh      306.000    02111901  PLANTING                     1  0.0000000E+000  0.9900990E+000  0.0000000E+000  0.0000000E+000 -0.3206403E-002  0.0000000E+000  0.2918565E+000
010111901dh      307.000    03111901  PLANTING                     1  0.0000000E+000  0.9900990E+000  0.0000000E+000  0.0000000E+000 -0.1527131E-002  0.0000000E+000  0.3559398E+000
010111901dh      308.000    04111901  PLANTING                     1  0.0000000E+000  0.9900990E+000  0.0000000E+000  0.0000000E+000 -0.1527131E-002  0.0000000E+000  0.3727543E+000
010111901dh      309.000    05111901  PLANTING                     1  0.0000000E+000  0.9900990E+000  0.0000000E+000  0.0000000E+000 -0.1527131E-002  0.0000000E+000  0.3834228E+000
010111901dh      310.000    06111901  PLANTING                     1  0.0000000E+000  0.9900990E+000  0.0000000E+000  0.0000000E+000 -0.1527131E-002  0.0000000E+000  0.3561836E+000
010111901dh      311.000    07111901  PLANTING                     1  0.0000000E+000  0.9900990E+000  0.0000000E+000  0.0000000E+000 -0.1527131E-002  0.0000000E+000  0.3344248E+000
010111901dh      312.000    08111901  PLANTING                     1  0.0000000E+000  0.9900990E+000  0.0000000E+000  0.0000000E+000 -0.1527131E-002  0.0000000E+000  0.3167654E+000
010111901dh      313.000    09111901  PLANTING                     1  0.0000000E+000  0.9900990E+000  0.0000000E+000  0.0000000E+000 -0.1527131E-002  0.0000000E+000  0.3118393E+000
010111901dh      314.000    10111901  PLANTING                     1  0.0000000E+000  0.9900990E+000  0.0000000E+000  0.0000000E+000 -0.1527131E-002  0.0000000E+000  0.3284100E+000
010111901dh      315.000    11111901  PLANTING                     1  0.0000000E+000  0.9900990E+000  0.0000000E+000  0.0000000E+000 -0.1527131E-002  0.0000000E+000  0.3871631E+000
010111901dh      316.000    12111901  PLANTING                     1  0.0000000E+000  0.9900990E+000  0.0000000E+000  0.0000000E+000 -0.1527131E-002  0.0000000E+000  0.3608334E+000
010111901dh      317.000    13111901  PLANTING                     1  0.0000000E+000  0.9900990E+000  0.0000000E+000  0.0000000E+000 -0.1527131E-002  0.0000000E+000  0.3599693E+000
010111901dh      318.000    14111901  PLANTING                     1  0.0000000E+000  0.9900990E+000  0.0000000E+000  0.0000000E+000 -0.1689127E-002  0.0000000E+000  0.3638338E+000
010111901dh      319.000    15111901  PLANTING                     1  0.0000000E+000  0.9900990E+000  0.0000000E+000  0.0000000E+000 -0.2021665E-002  0.0000000E+000  0.3453563E+000
010111901dh      320.000    16111901  PLANTING                     1  0.0000000E+000  0.9900990E+000  0.0000000E+000  0.0000000E+000 -0.2112970E-002  0.0000000E+000  0.3576723E+000
010111901dh      321.000    17111901  PLANTING                     1  0.0000000E+000  0.9900990E+000  0.0000000E+000  0.0000000E+000 -0.1527131E-002  0.0000000E+000  0.3635594E+000
010111901dh      322.000    18111901  PLANTING                     1  0.0000000E+000  0.9900990E+000  0.0000000E+000  0.0000000E+000 -0.1527131E-002  0.0000000E+000  0.3592788E+000
010111901dh      323.000    19111901  PLANTING                     1  0.0000000E+000  0.9900990E+000  0.0000000E+000  0.0000000E+000 -0.1527131E-002  0.0000000E+000  0.3349212E+000
010111901dh      324.000    20111901  PLANTING                     1  0.0000000E+000  0.9900990E+000  0.0000000E+000  0.0000000E+000 -0.1527131E-002  0.0000000E+000  0.3018078E+000
010111901dh      325.000    21111901  PLANTING                     1  0.0000000E+000  0.9900990E+000  0.0000000E+000  0.0000000E+000 -0.1527131E-002  0.0000000E+000  0.3157141E+000
010111901dh      326.000    22111901  PLANTING                     1  0.0000000E+000  0.9900990E+000  0.0000000E+000  0.0000000E+000 -0.1527131E-002  0.0000000E+000  0.3319134E+000
010111901dh      327.000    23111901  PLANTING                     1  0.0000000E+000  0.9900990E+000  0.0000000E+000  0.0000000E+000 -0.1527131E-002  0.0000000E+000  0.3025948E+000
010111901dh      328.000    24111901  PLANTING                     1  0.0000000E+000  0.9900990E+000  0.0000000E+000  0.0000000E+000 -0.1527131E-002  0.0000000E+000  0.2744285E+000
010111901dh      329.000    25111901  PLANTING                     1  0.0000000E+000  0.9900990E+000  0.0000000E+000  0.0000000E+000 -0.1527131E-002  0.0000000E+000  0.2511971E+000
010111901dh      330.000    26111901  PLANTING                     1  0.0000000E+000  0.9900990E+000  0.0000000E+000  0.0000000E+000 -0.1527131E-002  0.0000000E+000  0.2567388E+000
010111901dh      331.000    27111901  PLANTING                     1  0.0000000E+000  0.9900990E+000  0.0000000E+000  0.0000000E+000 -0.1527131E-002  0.0000000E+000  0.2596757E+000
010111901dh      332.000    28111901  PLANTING                     1  0.0000000E+000  0.9900990E+000  0.0000000E+000  0.0000000E+000 -0.1527131E-002  0.0000000E+000  0.2296383E+000
010111901dh      333.000    29111901  PLANTING                     1  0.0000000E+000  0.9900990E+000  0.0000000E+000  0.0000000E+000 -0.1527131E-002  0.0000000E+000  0.2027086E+000
010111901dh      334.000    30111901  PLANTING                     1  0.0000000E+000  0.9900990E+000  0.0000000E+000  0.0000000E+000 -0.1527131E-002  0.0000000E+000  0.2685806E+000
010111901dh      335.000    01121901  PLANTING                     1  0.0000000E+000  0.9900990E+000  0.0000000E+000  0.0000000E+000 -0.1527131E-002  0.0000000E+000  0.3179980E+000
010111901dh      336.000    02121901  PLANTING                     1  0.0000000E+000  0.9900990E+000  0.0000000E+000  0.0000000E+000 -0.1527131E-002  0.0000000E+000  0.3793459E+000
010111901dh      337.000    03121901  PLANTING                     1  0.0000000E+000  0.9900990E+000  0.0000000E+000  0.0000000E+000 -0.1527131E-002  0.0000000E+000  0.4241271E+000
010111901dh      338.000    04121901  PLANTING                     1  0.0000000E+000  0.9900990E+000  0.0000000E+000  0.0000000E+000 -0.1527131E-002  0.0000000E+000  0.3672229E+000
010111901dh      339.000    05121901  PLANTING                     1  0.0000000E+000  0.9900990E+000  0.0000000E+000  0.0000000E+000 -0.1527131E-002  0.0000000E+000  0.3959442E+000
010111901dh      340.000    06121901  PLANTING                     1  0.0000000E+000  0.9900990E+000  0.0000000E+000  0.0000000E+000 -0.1527131E-002  0.0000000E+000  0.4788342E+000
010111901dh      341.000    07121901  PLANTING                     1  0.0000000E+000  0.9900990E+000  0.0000000E+000  0.0000000E+000 -0.1527131E-002  0.0000000E+000  0.4646989E+000
010111901dh      342.000    08121901  PLANTING                     1  0.0000000E+000  0.9900990E+000  0.0000000E+000  0.0000000E+000 -0.1527131E-002  0.0000000E+000  0.4301709E+000
010111901dh      343.000    09121901  PLANTING                     1  0.0000000E+000  0.9900990E+000  0.0000000E+000  0.0000000E+000 -0.1527131E-002  0.0000000E+000  0.4282135E+000
010111901dh      344.000    10121901  PLANTING                     1  0.0000000E+000  0.9900990E+000  0.0000000E+000  0.0000000E+000 -0.1527131E-002  0.0000000E+000  0.4486004E+000
010111901dh      345.000    11121901  PLANTING                     1  0.0000000E+000  0.9900990E+000  0.0000000E+000  0.0000000E+000 -0.1527131E-002  0.0000000E+000  0.4022638E+000
010111901dh      346.000    12121901  PLANTING                     1  0.0000000E+000  0.9900990E+000  0.0000000E+000  0.0000000E+000 -0.1527131E-002  0.0000000E+000  0.4401976E+000
010111901dh      347.000    13121901  PLANTING                     1  0.0000000E+000  0.9900990E+000  0.0000000E+000  0.0000000E+000 -0.1527131E-002  0.0000000E+000  0.3705365E+000
010111901dh      348.000    14121901  PLANTING                     1  0.0000000E+000  0.9900990E+000  0.0000000E+000  0.0000000E+000 -0.1527131E-002  0.0000000E+000  0.2811807E+000
010111901dh      349.000    15121901  PLANTING                     1  0.0000000E+000  0.9900990E+000  0.0000000E+000  0.0000000E+000 -0.1527131E-002  0.0000000E+000  0.2558553E+000
010111901dh      350.000    16121901  PLANTING                     1  0.0000000E+000  0.9900990E+000  0.0000000E+000  0.0000000E+000 -0.1527131E-002  0.0000000E+000  0.2117395E+000
010111901dh      351.000    17121901  PLANTING                     1  0.0000000E+000  0.9900990E+000  0.0000000E+000  0.0000000E+000 -0.1527131E-002  0.0000000E+000  0.2244265E+000
010111901dh      352.000    18121901  PLANTING                     1  0.0000000E+000  0.9900990E+000  0.0000000E+000  0.0000000E+000 -0.1527131E-002  0.0000000E+000  0.3266740E+000
010111901dh      353.000    19121901  PLANTING                     1  0.0000000E+000  0.9900990E+000  0.0000000E+000  0.0000000E+000 -0.1527131E-002  0.0000000E+000  0.4093419E+000
010111901dh      354.000    20121901  PLANTING                     1  0.0000000E+000  0.9900990E+000  0.0000000E+000  0.0000000E+000 -0.1527131E-002  0.0000000E+000  0.4034131E+000
010111901dh      355.000    21121901  PLANTING                     1  0.0000000E+000  0.9900990E+000  0.0000000E+000  0.0000000E+000 -0.1527131E-002  0.0000000E+000  0.3629442E+000
010111901dh      356.000    22121901  PLANTING                     1  0.0000000E+000  0.9900990E+000  0.0000000E+000  0.0000000E+000 -0.1527131E-002  0.0000000E+000  0.3325997E+000
010111901dh      357.000    23121901  PLANTING                     1  0.0000000E+000  0.9900990E+000  0.0000000E+000  0.0000000E+000 -0.1527131E-002  0.0000000E+000  0.3224127E+000
010111901dh      358.000    24121901  PLANTING                     1  0.0000000E+000  0.9900990E+000  0.0000000E+000  0.0000000E+000 -0.1527131E-002  0.0000000E+000  0.3244965E+000
010111901dh      359.000    25121901  PLANTING                     1  0.0000000E+000  0.9900990E+000  0.0000000E+000  0.0000000E+000 -0.1527131E-002  0.0000000E+000  0.3001866E+000
010111901dh      360.000    26121901  PLANTING                     1  0.0000000E+000  0.9900990E+000  0.0000000E+000  0.0000000E+000 -0.1527131E-002  0.0000000E+000  0.2487632E+000
010111901dh      361.000    27121901  PLANTING                     1  0.0000000E+000  0.9900990E+000  0.0000000E+000  0.0000000E+000 -0.1564588E-002  0.0000000E+000  0.2082755E+000
010111901dh      362.000    28121901  PLANTING                     1  0.0000000E+000  0.9900990E+000  0.0000000E+000  0.0000000E+000 -0.1601326E-002  0.0000000E+000  0.2279393E+000
010111901dh      363.000    29121901  PLANTING                     1  0.0000000E+000  0.9900990E+000  0.0000000E+000  0.0000000E+000 -0.1527131E-002  0.0000000E+000  0.2799412E+000
010111901dh      364.000    30121901  PLANTING                     1  0.0000000E+000  0.9900990E+000  0.0000000E+000  0.0000000E+000 -0.1527131E-002  0.0000000E+000  0.2495353E+000
010111901dh      365.000    31121901  PLANTING                     1  0.0000000E+000  0.9900990E+000  0.0000000E+000  0.0000000E+000 -0.1527131E-002  0.0000000E+000  0.2559085E+000
