01011901 23 0.48
02011901 23 0.50
03011901 23 0.52
04011901 23 0.52
05011901 23 0.52
06011901 23 0.51
07011901 23 0.50
08011901 23 0.48
09011901 23 0.45
10011901 23 0.43
11011901 23 0.41
12011901 23 0.39
13011901 23 0.39
14011901 23 0.40
15011901 23 0.42
16011901 23 0.45
17011901 23 0.49
18011901 23 0.52
19011901 23 0.55
20011901 23 0.57
21011901 23 0.58
22011901 23 0.57
23011901 23 0.56
24011901 23 0.54
25011901 23 0.51
26011901 23 0.48
27011901 23 0.46
28011901 23 0.44
29011901 23 0.45
30011901 23 0.46
31011901 23 0.47
01021901 23 0.49
02021901 23 0.50
03021901 23 0.50
04021901 23 0.50
05021901 23 0.50
06021901 23 0.48
07021901 23 0.46
08021901 23 0.44
09021901 23 0.42
10021901 23 0.41
11021901 23 0.40
12021901 23 0.41
13021901 23 0.43
14021901 23 0.46
15021901 23 0.49
16021901 23 0.52
17021901 23 0.55
18021901 23 0.57
19021901 23 0.58
20021901 23 0.58
21021901 23 0.57
22021901 23 0.55
23021901 23 0.52
24021901 23 0.48
25021901 23 0.46
26021901 23 0.44
27021901 23 0.43
28021901 23 0.43
01031901 23 0.44
02031901 23 0.46
03031901 23 0.47
04031901 23 0.48
05031901 23 0.49
06031901 23 0.49
07031901 23 0.49
08031901 23 0.48
09031901 23 0.46
10031901 23 0.45
11031901 23 0.43
12031901 23 0.43
13031901 23 0.43
14031901 23 0.44
15031901 23 0.46
16031901 23 0.49
17031901 23 0.52
18031901 23 0.55
19031901 23 0.57
20031901 23 0.58
21031901 23 0.58
22031901 23 0.57
23031901 23 0.55
24031901 23 0.52
25031901 23 0.49
26031901 23 0.46
27031901 23 0.43
28031901 23 0.42
29031901 23 0.41
30031901 23 0.42
31031901 23 0.43
01041901 23 0.45
02041901 23 0.47
03041901 23 0.48
04041901 23 0.49
05041901 23 0.50
06041901 23 0.50
07041901 23 0.49
08041901 23 0.48
09041901 23 0.46
10041901 23 0.45
11041901 23 0.45
12041901 23 0.45
13041901 23 0.47
14041901 23 0.49
15041901 23 0.51
16041901 23 0.54
17041901 23 0.55
18041901 23 0.57
19041901 23 0.57
20041901 23 0.57
21041901 23 0.55
22041901 23 0.53
23041901 23 0.49
24041901 23 0.46
25041901 23 0.43
26041901 23 0.40
27041901 23 0.40
28041901 23 0.40
29041901 23 0.41
30041901 23 0.43
01051901 23 0.45
02051901 23 0.48
03051901 23 0.49
04051901 23 0.51
05051901 23 0.51
06051901 23 0.51
07051901 23 0.50
08051901 23 0.49
09051901 23 0.48
10051901 23 0.47
11051901 23 0.47
12051901 23 0.47
13051901 23 0.48
14051901 23 0.50
15051901 23 0.52
16051901 23 0.54
17051901 23 0.55
18051901 23 0.56
19051901 23 0.56
20051901 23 0.55
21051901 23 0.53
22051901 23 0.50
23051901 23 0.46
24051901 23 0.42
25051901 23 0.40
26051901 23 0.39
27051901 23 0.39
28051901 23 0.40
29051901 23 0.42
30051901 23 0.45
31051901 23 0.47
01061901 23 0.49
02061901 23 0.51
03061901 23 0.53
04061901 23 0.53
05061901 23 0.53
06061901 23 0.52
07061901 23 0.51
08061901 23 0.49
09061901 23 0.48
10061901 23 0.47
11061901 23 0.47
12061901 23 0.48
13061901 23 0.50
14061901 23 0.51
15061901 23 0.53
16061901 23 0.54
17061901 23 0.55
18061901 23 0.54
19061901 23 0.52
20061901 23 0.50
21061901 23 0.46
22061901 23 0.43
23061901 23 0.40
24061901 23 0.39
25061901 23 0.39
26061901 23 0.40
27061901 23 0.42
28061901 23 0.44
29061901 23 0.46
30061901 23 0.49
01071901 23 0.52
02071901 23 0.54
03071901 23 0.56
04071901 23 0.56
05071901 23 0.55
06071901 23 0.53
07071901 23 0.51
08071901 23 0.49
09071901 23 0.47
10071901 23 0.46
11071901 23 0.46
12071901 23 0.47
13071901 23 0.49
14071901 23 0.51
15071901 23 0.52
16071901 23 0.53
17071901 23 0.53
18071901 23 0.52
19071901 23 0.50
20071901 23 0.47
21071901 23 0.44
22071901 23 0.41
23071901 23 0.40
24071901 23 0.39
25071901 23 0.40
26071901 23 0.41
27071901 23 0.43
28071901 23 0.46
29071901 23 0.50
30071901 23 0.53
31071901 23 0.56
01081901 23 0.57
02081901 23 0.58
03081901 23 0.57
04081901 23 0.55
05081901 23 0.53
06081901 23 0.50
07081901 23 0.47
08081901 23 0.45
09081901 23 0.44
10081901 23 0.45
11081901 23 0.46
12081901 23 0.48
13081901 23 0.50
14081901 23 0.51
15081901 23 0.52
16081901 23 0.51
17081901 23 0.50
18081901 23 0.48
19081901 23 0.45
20081901 23 0.43
21081901 23 0.41
22081901 23 0.41
23081901 23 0.41
24081901 23 0.41
25081901 23 0.43
26081901 23 0.46
27081901 23 0.50
28081901 23 0.53
29081901 23 0.56
30081901 23 0.58
31081901 23 0.59
01091901 23 0.58
02091901 23 0.56
03091901 23 0.54
04091901 23 0.50
05091901 23 0.47
06091901 23 0.44
07091901 23 0.42
08091901 23 0.42
09091901 23 0.44
10091901 23 0.46
11091901 23 0.48
12091901 23 0.49
13091901 23 0.50
14091901 23 0.51
15091901 23 0.50
16091901 23 0.49
17091901 23 0.47
18091901 23 0.45
19091901 23 0.43
20091901 23 0.42
21091901 23 0.42
22091901 23 0.42
23091901 23 0.44
24091901 23 0.46
25091901 23 0.50
26091901 23 0.53
27091901 23 0.57
28091901 23 0.59
29091901 23 0.59
30091901 23 0.59
01101901 23 0.57
02101901 23 0.54
03101901 23 0.50
04101901 23 0.46
05101901 23 0.43
06101901 23 0.41
07101901 23 0.41
08101901 23 0.42
09101901 23 0.43
10101901 23 0.46
11101901 23 0.48
12101901 23 0.49
13101901 23 0.50
14101901 23 0.50
15101901 23 0.50
16101901 23 0.49
17101901 23 0.47
18101901 23 0.46
19101901 23 0.45
20101901 23 0.44
21101901 23 0.43
22101901 23 0.44
23101901 23 0.46
24101901 23 0.49
25101901 23 0.53
26101901 23 0.56
27101901 23 0.58
28101901 23 0.59
29101901 23 0.59
30101901 23 0.57
31101901 23 0.53
01111901 23 0.49
02111901 23 0.46
03111901 23 0.42
04111901 23 0.40
05111901 23 0.39
06111901 23 0.40
07111901 23 0.41
08111901 23 0.44
09111901 23 0.46
10111901 23 0.48
11111901 23 0.50
12111901 23 0.51
13111901 23 0.51
14111901 23 0.51
15111901 23 0.50
16111901 23 0.48
17111901 23 0.47
18111901 23 0.46
19111901 23 0.45
20111901 23 0.45
21111901 23 0.46
22111901 23 0.49
23111901 23 0.52
24111901 23 0.55
25111901 23 0.57
26111901 23 0.58
27111901 23 0.58
28111901 23 0.56
29111901 23 0.53
30111901 23 0.49
01121901 23 0.45
02121901 23 0.42
03121901 23 0.40
04121901 23 0.39
05121901 23 0.39
06121901 23 0.40
07121901 23 0.42
08121901 23 0.45
09121901 23 0.48
10121901 23 0.50
11121901 23 0.52
12121901 23 0.53
13121901 23 0.53
14121901 23 0.52
15121901 23 0.51
16121901 23 0.49
17121901 23 0.47
18121901 23 0.46
19121901 23 0.45
20121901 23 0.46
21121901 23 0.48
22121901 23 0.51
23121901 23 0.54
24121901 23 0.56
25121901 23 0.56
26121901 23 0.56
27121901 23 0.54
28121901 23 0.52
29121901 23 0.49
30121901 23 0.45
31121901 23 0.42
