    10 FEB 2023 
     1  1900        0.000000        0.000000        0.000000        0.000000        0.000000        0.000000        0.000000
     2  1900        0.000000        0.000000       -0.000000        0.000000       -0.000000       -0.000000        0.000000
     3  1900       -0.000000        0.000000        0.000000        0.000000       -0.000000       -0.000000        0.000000
     4  1900       -0.000000       -0.000000        0.000000        0.000000       -0.000000       -0.000000        0.000000
     5  1900       -0.000000       -0.000000        0.000000        0.000000       -0.000000       -0.000000        0.000000
     6  1900       -0.000000        0.000000        0.000000        0.000000       -0.000000       -0.000000        0.000000
     7  1900       -0.000000        0.000000       -0.000000        0.000000       -0.000000       -0.000000        0.000000
     8  1900       -0.000000       -0.000000       -0.000000        0.000000       -0.000000       -0.000000        0.000000
     9  1900       -0.000000       -0.000000        0.000000        0.000000       -0.000000       -0.000000        0.000000
    10  1900       -0.000000       -0.000000        0.000000        0.000000       -0.000000       -0.000000        0.000000
    11  1900       -0.000000       -0.000000        0.000000        0.000000       -0.000000       -0.000000        0.000000
    12  1900       -0.000000       -0.000000        0.000000        0.000000       -0.000000       -0.000000        0.000000
    13  1900       -0.000000       -0.000000        0.000000        0.000000       -0.000000       -0.000000        0.000000
    14  1900       -0.000000       -0.000000        0.000000        0.000000       -0.000000       -0.000000        0.000000
    15  1900       -0.000000       -0.000000        0.000000        0.000000       -0.000000       -0.000000        0.000000
    16  1900       -0.000000       -0.000000        0.000000        0.000000       -0.000000       -0.000000        0.000000
    17  1900       -0.000000       -0.000000        0.000000        0.000000       -0.000000       -0.000000        0.000000
    18  1900       -0.000000       -0.000000        0.000000        0.000000       -0.000000       -0.000000        0.000000
    19  1900       -0.000000       -0.000000        0.000000        0.000000       -0.000000       -0.000000        0.000000
    20  1900       -0.000000       -0.000000        0.000000        0.000000       -0.000000       -0.000000        0.000000
    21  1900       -0.000000       -0.000000        0.000000        0.000000       -0.000000       -0.000000        0.000000
    22  1900       -0.000000        0.000000        0.000000        0.000000       -0.000000       -0.000000        0.000000
    23  1900       -0.000000        0.000000        0.000000       -0.000000       -0.000000       -0.000000        0.000000
    24  1900       -0.000000        0.000000        0.000000       -0.000000       -0.000000       -0.000000        0.000000
    25  1900       -0.000000        0.000000        0.000000       -0.000000       -0.000000       -0.000000        0.000000
    26  1900       -0.000000        0.000000        0.000000       -0.000000       -0.000000       -0.000000        0.000000
    27  1900       -0.000000        0.000000        0.000000       -0.000000       -0.000000       -0.000000        0.000000
    28  1900       -0.000000        0.000000        0.000000       -0.000000       -0.000000       -0.000000        0.000000
    29  1900       -0.000000       -0.000000        0.000000       -0.000000       -0.000000       -0.000000        0.000000
    30  1900       -0.000000       -0.000000        0.000000       -0.000000       -0.000000       -0.000000        0.000000
    31  1900       -0.000000       -0.000000        0.000000       -0.000000       -0.000000       -0.000000        0.000000
    32  1900       -0.000000       -0.000000        0.000000       -0.000000       -0.000000       -0.000000        0.000000
    33  1900       -0.000000       -0.000000        0.000000       -0.000000       -0.000000       -0.000000        0.000000
    34  1900       -0.000000       -0.000000        0.000000       -0.000000       -0.000000       -0.000000        0.000000
    35  1900       -0.000000       -0.000000        0.000000       -0.000000       -0.000000       -0.000000        0.000000
    36  1900       -0.000000       -0.000000        0.000000       -0.000000       -0.000000       -0.000000        0.000000
    37  1900       -0.000000       -0.000000        0.000000       -0.000000       -0.000000       -0.000000        0.000000
    38  1900       -0.000000       -0.000000        0.000000       -0.000000       -0.000000       -0.000000        0.000000
    39  1900       -0.000000       -0.000000        0.000000       -0.000000       -0.000000       -0.000000        0.000000
    40  1900       -0.000000       -0.000000        0.000000       -0.000000       -0.000000       -0.000000        0.000000
    41  1900       -0.000000       -0.000000        0.000000       -0.000000       -0.000000       -0.000000        0.000000
    42  1900       -0.000000       -0.000000        0.000000       -0.000000       -0.000000       -0.000000        0.000000
    43  1900       -0.000000        0.000000        0.000000       -0.000000       -0.000000       -0.000000        0.000000
    44  1900       -0.000000        0.000000        0.000000       -0.000000       -0.000000       -0.000000        0.000000
    45  1900       -0.000000        0.000000        0.000000       -0.000000       -0.000000       -0.000000        0.000000
    46  1900       -0.000000        0.000000        0.000000       -0.000000       -0.000000       -0.000000        0.000000
    47  1900       -0.000000       -0.000000        0.000000       -0.000000       -0.000000       -0.000000        0.000000
    48  1900       -0.000000       -0.000000        0.000000       -0.000000       -0.000000       -0.000000        0.000000
    49  1900       -0.000000       -0.000000        0.000000       -0.000000       -0.000000       -0.000000        0.000000
    50  1900       -0.000000       -0.000000        0.000000       -0.000000       -0.000000       -0.000000        0.000000
    51  1900       -0.000000       -0.000000        0.000000       -0.000000       -0.000000       -0.000000        0.000000
    52  1900       -0.000000       -0.000000        0.000000       -0.000000       -0.000000       -0.000000        0.000000
    53  1900       -0.000000       -0.000000        0.000000       -0.000000       -0.000000       -0.000000        0.000000
    54  1900       -0.000000       -0.000000        0.000000       -0.000000       -0.000000       -0.000000        0.000000
    55  1900       -0.000000       -0.000000        0.000000       -0.000000       -0.000000       -0.000000        0.000000
    56  1900       -0.000000       -0.000000        0.000000       -0.000000       -0.000000       -0.000000        0.000000
    57  1900       -0.000000       -0.000000        0.000000       -0.000000       -0.000000       -0.000000        0.000000
    58  1900       -0.000000       -0.000000        0.000000       -0.000000       -0.000000       -0.000000        0.000000
    59  1900       -0.000000       -0.000000        0.000000       -0.000000       -0.000000       -0.000000        0.000000
    60  1900       -0.000000       -0.000000        0.000000       -0.000000       -0.000000       -0.000000        0.000000
    61  1900       -0.000000        0.000000        0.000000       -0.000000       -0.000000       -0.000000        0.000000
    62  1900       -0.000000       -0.000000        0.000000       -0.000000       -0.000000       -0.000000        0.000000
    63  1900       -0.000000       -0.000000        0.000000       -0.000000       -0.000000       -0.000000        0.000000
    64  1900       -0.000000        0.000000        0.000000       -0.000000       -0.000000       -0.000000        0.000000
    65  1900       -0.000000       -0.000000        0.000000       -0.000000       -0.000000       -0.000000        0.000000
    66  1900       -0.000000       -0.000000        0.000000       -0.000000       -0.000000       -0.000000        0.000000
    67  1900       -0.000000       -0.000000        0.000000       -0.000000       -0.000000       -0.000000        0.000000
    68  1900       -0.000000       -0.000000        0.000000       -0.000000       -0.000000       -0.000000        0.000000
    69  1900       -0.000000       -0.000000        0.000000       -0.000000       -0.000000       -0.000000        0.000000
    70  1900       -0.000000       -0.000000        0.000000       -0.000000       -0.000000       -0.000000        0.000000
    71  1900       -0.000000       -0.000000        0.000000       -0.000000       -0.000000       -0.000000        0.000000
    72  1900       -0.000000       -0.000000        0.000000       -0.000000       -0.000000       -0.000000        0.000000
    73  1900       -0.000000       -0.000000        0.000000       -0.000000       -0.000000       -0.000000        0.000000
    74  1900       -0.000000       -0.000000        0.000000       -0.000000       -0.000000       -0.000000        0.000000
    75  1900       -0.000000       -0.000000        0.000000       -0.000000       -0.000000       -0.000000        0.000000
    76  1900       -0.000000       -0.000000        0.000000       -0.000000       -0.000000       -0.000000        0.000000
    77  1900       -0.000000       -0.000000        0.000000       -0.000000       -0.000000       -0.000000        0.000000
    78  1900       -0.000000       -0.000000        0.000000       -0.000000       -0.000000       -0.000000        0.000000
    79  1900       -0.000000       -0.000000        0.000000       -0.000000       -0.000000       -0.000000        0.000000
    80  1900       -0.000000       -0.000000        0.000000       -0.000000       -0.000000       -0.000000        0.000000
    81  1900       -0.000000       -0.000000        0.000000       -0.000000       -0.000000       -0.000000        0.000000
    82  1900       -0.000000       -0.000000        0.000000       -0.000000       -0.000000       -0.000000        0.000000
    83  1900       -0.000000       -0.000000        0.000000       -0.000000       -0.000000       -0.000000        0.000000
    84  1900       -0.000000       -0.000000        0.000000       -0.000000       -0.000000       -0.000000        0.000000
    85  1900       -0.000000       -0.000000        0.000000       -0.000000       -0.000000       -0.000000        0.000000
    86  1900       -0.000000       -0.000000        0.000000       -0.000000       -0.000000       -0.000000        0.000000
    87  1900       -0.000000       -0.000000        0.000000       -0.000000       -0.000000       -0.000000        0.000000
    88  1900       -0.000000       -0.000000        0.000000       -0.000000       -0.000000       -0.000000        0.000000
    89  1900       -0.000000       -0.000000        0.000000       -0.000000       -0.000000       -0.000000        0.000000
    90  1900       -0.000000       -0.000000        0.000000       -0.000000       -0.000000       -0.000000        0.000000
    91  1900       -0.000000       -0.000000        0.000000       -0.000000       -0.000000       -0.000000        0.000000
    92  1900       -0.000000       -0.000000        0.000000       -0.000000       -0.000000       -0.000000        0.000000
    93  1900       -0.000000       -0.000000        0.000000       -0.000000       -0.000000       -0.000000        0.000000
    94  1900       -0.000000       -0.000000        0.000000       -0.000000       -0.000000       -0.000000        0.000000
    95  1900       -0.000000       -0.000000        0.000000       -0.000000       -0.000000       -0.000000        0.000000
    96  1900       -0.000000       -0.000000        0.000000       -0.000000       -0.000000       -0.000000        0.000000
    97  1900       -0.000000       -0.000000        0.000000       -0.000000       -0.000000       -0.000000        0.000000
    98  1900       -0.000000       -0.000000        0.000000       -0.000000       -0.000000       -0.000000        0.000000
    99  1900       -0.000000       -0.000000        0.000000       -0.000000       -0.000000       -0.000000        0.000000
   100  1900       -0.000000       -0.000000        0.000000       -0.000000       -0.000000       -0.000000        0.000000
   101  1900       -0.000000       -0.000000        0.000000       -0.000000       -0.000000       -0.000000        0.000000
   102  1900       -0.000000       -0.000000        0.000000       -0.000000       -0.000000       -0.000000        0.000000
   103  1900       -0.000000       -0.000000        0.000000       -0.000000       -0.000000       -0.000000        0.000000
   104  1900       -0.000000       -0.000000        0.000000       -0.000000       -0.000000       -0.000000        0.000000
   105  1900       -0.000000       -0.000000        0.000000       -0.000000       -0.000000       -0.000000        0.000000
   106  1900       -0.000000       -0.000000        0.000000       -0.000000       -0.000000       -0.000000        0.000000
   107  1900       -0.000000       -0.000000        0.000000       -0.000000       -0.000000       -0.000000        0.000000
   108  1900       -0.000000       -0.000000        0.000000       -0.000000       -0.000000       -0.000000        0.000000
   109  1900       -0.000000       -0.000000        0.000000       -0.000000       -0.000000       -0.000000        0.000000
   110  1900       -0.000000       -0.000000        0.000000       -0.000000       -0.000000       -0.000000        0.000000
   111  1900       -0.000000       -0.000000        0.000000       -0.000000       -0.000000       -0.000000        0.000000
   112  1900       -0.000000       -0.000000        0.000000       -0.000000       -0.000000       -0.000000        0.000000
   113  1900       -0.000000       -0.000000        0.000000       -0.000000       -0.000000       -0.000000        0.000000
   114  1900       -0.000000       -0.000000        0.000000       -0.000000       -0.000000       -0.000000        0.000000
   115  1900       -0.000000       -0.000000        0.000000       -0.000000       -0.000000       -0.000000        0.000000
   116  1900       -0.000000       -0.000000        0.000000       -0.000000       -0.000000       -0.000000        0.000000
   117  1900       -0.000000       -0.000000        0.000000       -0.000000       -0.000000       -0.000000        0.000000
   118  1900       -0.000000       -0.000000        0.000000       -0.000000       -0.000000       -0.000000        0.000000
   119  1900       -0.000000       -0.000000        0.000000       -0.000000       -0.000000       -0.000000        0.000000
   120  1900       -0.000000       -0.000000        0.000000       -0.000000       -0.000000       -0.000000        0.000000
   121  1900       -0.000000       -0.000000        0.000000       -0.000000       -0.000000       -0.000000        0.000000
   122  1900       -0.000000       -0.000000        0.000000       -0.000000       -0.000000       -0.000000        0.000000
   123  1900       -0.000000       -0.000000        0.000000       -0.000000       -0.000000       -0.000000        0.000000
   124  1900       -0.000000       -0.000000        0.000000       -0.000000       -0.000000       -0.000000        0.000000
   125  1900       -0.000000       -0.000000        0.000000       -0.000000       -0.000000       -0.000000        0.000000
   126  1900       -0.000000       -0.000000        0.000000       -0.000000       -0.000000       -0.000000        0.000000
   127  1900       -0.000000       -0.000000        0.000000       -0.000000       -0.000000       -0.000000        0.000000
   128  1900       -0.000000       -0.000000        0.000000       -0.000000       -0.000000       -0.000000        0.000000
   129  1900       -0.000000       -0.000000        0.000000       -0.000000       -0.000000       -0.000000        0.000000
   130  1900        0.000000       -0.000000        0.000000       -0.000000       -0.000000       -0.000000        0.000000
   131  1900        0.000000       -0.000000        0.000000       -0.000000       -0.000000       -0.000000        0.000000
   132  1900        0.000000       -0.000000        0.000000       -0.000000       -0.000000       -0.000000        0.000000
   133  1900        0.000000       -0.000000        0.000000       -0.000000       -0.000000       -0.000000        0.000000
   134  1900        0.000000       -0.000000        0.000000       -0.000000       -0.000000       -0.000000        0.000000
   135  1900        0.000000       -0.000000        0.000000       -0.000000       -0.000000       -0.000000        0.000000
   136  1900        0.000000       -0.000000        0.000000       -0.000000       -0.000000       -0.000000        0.000000
   137  1900        0.000000       -0.000000        0.000000       -0.000000       -0.000000       -0.000000        0.000000
   138  1900        0.000000       -0.000000        0.000000       -0.000000       -0.000000       -0.000000        0.000000
   139  1900        0.000000       -0.000000        0.000000       -0.000000       -0.000000       -0.000000        0.000000
   140  1900        0.000000       -0.000000        0.000000       -0.000000       -0.000000       -0.000000        0.000000
   141  1900        0.000000       -0.000000        0.000000       -0.000000       -0.000000       -0.000000        0.000000
   142  1900        0.000000       -0.000000        0.000000       -0.000000       -0.000000       -0.000000        0.000000
   143  1900        0.000000       -0.000000        0.000000       -0.000000       -0.000000       -0.000000        0.000000
   144  1900        0.000000       -0.000000        0.000000       -0.000000       -0.000000       -0.000000        0.000000
   145  1900        0.000000       -0.000000        0.000000       -0.000000       -0.000000       -0.000000        0.000000
   146  1900        0.000000        0.000000        0.000000       -0.000000       -0.000000       -0.000000        0.000000
   147  1900        0.000000        0.000000        0.000000       -0.000000       -0.000000       -0.000000        0.000000
   148  1900        0.000000        0.000000        0.000000       -0.000000       -0.000000       -0.000000        0.000000
   149  1900        0.000000        0.000000        0.000000       -0.000000       -0.000000       -0.000000        0.000000
   150  1900        0.000000        0.000000        0.000000       -0.000000       -0.000000       -0.000000        0.000000
   151  1900        0.000000        0.000000        0.000000       -0.000000       -0.000000       -0.000000        0.000000
   152  1900        0.000000       -0.000000        0.000000       -0.000000       -0.000000       -0.000000        0.000000
   153  1900        0.000000       -0.000000        0.000000       -0.000000       -0.000000       -0.000000        0.000000
   154  1900        0.000000        0.000000        0.000000       -0.000000       -0.000000       -0.000000        0.000000
   155  1900        0.000000        0.000000        0.000000       -0.000000       -0.000000       -0.000000        0.000000
   156  1900        0.000000        0.000000        0.000000       -0.000000       -0.000000       -0.000000        0.000000
   157  1900        0.000000        0.000000        0.000000       -0.000000       -0.000000       -0.000000        0.000000
   158  1900        0.000000        0.000000        0.000000       -0.000000       -0.000000       -0.000000        0.000000
   159  1900        0.000000       -0.000000        0.000000       -0.000000       -0.000000       -0.000000        0.000000
   160  1900        0.000000       -0.000000        0.000000       -0.000000       -0.000000       -0.000000        0.000000
   161  1900        0.000000       -0.000000        0.000000       -0.000000       -0.000000       -0.000000        0.000000
   162  1900        0.000000       -0.000000        0.000000       -0.000000       -0.000000       -0.000000        0.000000
   163  1900        0.000000       -0.000000        0.000000       -0.000000       -0.000000       -0.000000        0.000000
   164  1900        0.000000       -0.000000        0.000000       -0.000000       -0.000000       -0.000000        0.000000
   165  1900        0.000000       -0.000000       -0.000000       -0.000000       -0.000000       -0.000000        0.000000
   166  1900        0.000000       -0.000000        0.000000       -0.000000       -0.000000       -0.000000        0.000000
   167  1900        0.000000       -0.000000        0.000000       -0.000000       -0.000000       -0.000000        0.000000
   168  1900        0.000000       -0.000000        0.000000       -0.000000       -0.000000       -0.000000        0.000000
   169  1900        0.000000       -0.000000        0.000000       -0.000000       -0.000000       -0.000000        0.000000
   170  1900        0.000000       -0.000000        0.000000       -0.000000       -0.000000       -0.000000        0.000000
   171  1900        0.000000       -0.000000        0.000000       -0.000000       -0.000000       -0.000000        0.000000
   172  1900        0.000000       -0.000000        0.000000       -0.000000       -0.000000       -0.000000        0.000000
   173  1900        0.000000       -0.000000        0.000000       -0.000000       -0.000000       -0.000000        0.000000
   174  1900        0.000000       -0.000000       -0.000000       -0.000000       -0.000000       -0.000000        0.000000
   175  1900        0.000000       -0.000000       -0.000000       -0.000000       -0.000000       -0.000000        0.000000
   176  1900        0.000000       -0.000000       -0.000000       -0.000000       -0.000000       -0.000000        0.000000
   177  1900        0.000000       -0.000000       -0.000000       -0.000000       -0.000000       -0.000000        0.000000
   178  1900        0.000000       -0.000000       -0.000000       -0.000000       -0.000000       -0.000000        0.000000
   179  1900        0.000000       -0.000000       -0.000000       -0.000000       -0.000000       -0.000000        0.000000
   180  1900        0.000000       -0.000000       -0.000000       -0.000000       -0.000000       -0.000000        0.000000
   181  1900        0.000000       -0.000000       -0.000000       -0.000000       -0.000000       -0.000000        0.000000
   182  1900        0.000000       -0.000000       -0.000000       -0.000000       -0.000000       -0.000000        0.000000
   183  1900        0.000000       -0.000000       -0.000000       -0.000000       -0.000000       -0.000000        0.000000
   184  1900        0.000000       -0.000000        0.000000       -0.000000       -0.000000       -0.000000        0.000000
   185  1900        0.000000       -0.000000        0.000000       -0.000000       -0.000000       -0.000000        0.000000
   186  1900        0.000000       -0.000000        0.000000       -0.000000       -0.000000       -0.000000        0.000000
   187  1900        0.000000       -0.000000        0.000000       -0.000000       -0.000000       -0.000000        0.000000
   188  1900        0.000000       -0.000000        0.000000       -0.000000       -0.000000       -0.000000        0.000000
   189  1900        0.000000       -0.000000        0.000000       -0.000000       -0.000000       -0.000000        0.000000
   190  1900        0.000000       -0.000000        0.000000       -0.000000       -0.000000       -0.000000        0.000000
   191  1900        0.000000        0.000000        0.000000       -0.000000       -0.000000       -0.000000        0.000000
   192  1900        0.000000        0.000000        0.000000       -0.000000       -0.000000       -0.000000        0.000000
   193  1900        0.000000        0.000000        0.000000       -0.000000       -0.000000       -0.000000        0.000000
   194  1900        0.000000        0.000000        0.000000       -0.000000       -0.000000       -0.000000        0.000000
   195  1900        0.000000        0.000000        0.000000       -0.000000       -0.000000       -0.000000        0.000000
   196  1900        0.000000        0.000000        0.000000       -0.000000       -0.000000       -0.000000        0.000000
   197  1900        0.000000        0.000000        0.000000       -0.000000       -0.000000       -0.000000        0.000000
   198  1900        0.000000        0.000000       -0.000000       -0.000000       -0.000000       -0.000000        0.000000
   199  1900        0.000000        0.000000       -0.000000       -0.000000       -0.000000       -0.000000        0.000000
   200  1900        0.000000        0.000000       -0.000000       -0.000000       -0.000000       -0.000000        0.000000
   201  1900        0.000000        0.000000       -0.000000       -0.000000       -0.000000       -0.000000        0.000000
   202  1900        0.000000        0.000000       -0.000000       -0.000000       -0.000000       -0.000000        0.000000
   203  1900        0.000000        0.000000       -0.000000       -0.000000       -0.000000       -0.000000        0.000000
   204  1900        0.000000        0.000000       -0.000000       -0.000000       -0.000000       -0.000000        0.000000
   205  1900        0.000000        0.000000       -0.000000       -0.000000       -0.000000       -0.000000        0.000000
   206  1900        0.000000        0.000000       -0.000000       -0.000000       -0.000000       -0.000000        0.000000
   207  1900        0.000000        0.000000       -0.000000       -0.000000       -0.000000       -0.000000        0.000000
   208  1900        0.000000        0.000000        0.000002       -0.000000       -0.000000       -0.000000        0.000000
OXYGEN BALANCE LOST ON DAY, YEAR 2081900
   209  1900        0.000000        0.000000        0.000000       -0.000000       -0.000000       -0.000000        0.000000
   210  1900        0.000000        0.000000       -0.000000       -0.000000       -0.000000       -0.000000        0.000000
   211  1900        0.000000        0.000000        0.000000       -0.000000       -0.000000       -0.000000        0.000000
   212  1900        0.000000        0.000000        0.000000       -0.000000       -0.000000       -0.000000        0.000000
   213  1900        0.000000       -0.000000       -0.000000       -0.000000       -0.000000       -0.000000        0.000000
   214  1900        0.000000       -0.000000       -0.000000       -0.000000       -0.000000       -0.000000        0.000000
   215  1900        0.000000       -0.000000       -0.000000       -0.000000       -0.000000       -0.000000        0.000000
   216  1900        0.000000       -0.000000       -0.000000       -0.000000       -0.000000       -0.000000        0.000000
   217  1900        0.000000       -0.000000       -0.000000       -0.000000       -0.000000       -0.000000        0.000000
   218  1900        0.000000       -0.000000       -0.000000       -0.000000       -0.000000       -0.000000        0.000000
   219  1900        0.000000       -0.000000       -0.000000       -0.000000       -0.000000       -0.000000        0.000000
   220  1900        0.000000       -0.000000        0.000000       -0.000000       -0.000000       -0.000000        0.000000
   221  1900        0.000000       -0.000000        0.000000       -0.000000       -0.000000       -0.000000        0.000000
   222  1900        0.000000       -0.000000        0.000000       -0.000000       -0.000000       -0.000000        0.000000
   223  1900        0.000000       -0.000000        0.000000       -0.000000       -0.000000       -0.000000        0.000000
   224  1900        0.000000       -0.000000        0.000000       -0.000000       -0.000000       -0.000000        0.000000
   225  1900        0.000000       -0.000000        0.000000       -0.000000       -0.000000       -0.000000        0.000000
   226  1900        0.000000       -0.000000        0.000000       -0.000000       -0.000000       -0.000000        0.000000
   227  1900        0.000000       -0.000000        0.000000       -0.000000       -0.000000       -0.000000        0.000000
   228  1900        0.000000       -0.000000       -0.000000       -0.000000       -0.000000       -0.000000        0.000000
   229  1900        0.000000       -0.000000       -0.000000       -0.000000       -0.000000       -0.000000        0.000000
   230  1900        0.000000       -0.000000       -0.000000       -0.000000       -0.000000       -0.000000        0.000000
   231  1900        0.000000       -0.000000       -0.000000       -0.000000       -0.000000       -0.000000        0.000000
   232  1900        0.000000       -0.000000       -0.000000       -0.000000       -0.000000       -0.000000        0.000000
   233  1900        0.000000       -0.000000       -0.000000       -0.000000       -0.000000       -0.000000        0.000000
   234  1900        0.000000       -0.000000       -0.000000       -0.000000       -0.000000       -0.000000        0.000000
   235  1900        0.000000       -0.000000       -0.000000       -0.000000       -0.000000       -0.000000        0.000000
   236  1900        0.000000       -0.000000       -0.000000       -0.000000       -0.000000       -0.000000        0.000000
   237  1900        0.000000       -0.000000       -0.000000       -0.000000       -0.000000       -0.000000        0.000000
   238  1900        0.000000       -0.000000       -0.000000       -0.000000       -0.000000       -0.000000        0.000000
   239  1900        0.000000       -0.000000       -0.000000       -0.000000       -0.000000       -0.000000        0.000000
   240  1900        0.000000       -0.000000       -0.000000       -0.000000       -0.000000       -0.000000        0.000000
   241  1900        0.000000       -0.000000       -0.000000       -0.000000       -0.000000       -0.000000        0.000000
   242  1900        0.000000       -0.000000        0.000000       -0.000000       -0.000000       -0.000000        0.000000
   243  1900        0.000000       -0.000000        0.000000       -0.000000       -0.000000       -0.000000        0.000000
   244  1900        0.000000       -0.000000        0.000000       -0.000000       -0.000000       -0.000000        0.000000
   245  1900        0.000000       -0.000000        0.000000       -0.000000       -0.000000       -0.000000        0.000000
   246  1900        0.000000       -0.000000        0.000000       -0.000000       -0.000000       -0.000000        0.000000
   247  1900        0.000000       -0.000000        0.000000       -0.000000       -0.000000       -0.000000        0.000000
   248  1900        0.000000       -0.000000        0.000000       -0.000000       -0.000000       -0.000000        0.000000
   249  1900        0.000000       -0.000000        0.000000       -0.000000       -0.000000       -0.000000        0.000000
   250  1900        0.000000       -0.000000        0.000000       -0.000000       -0.000000       -0.000000        0.000000
   251  1900        0.000000       -0.000000        0.000000       -0.000000       -0.000000       -0.000000        0.000000
   252  1900        0.000000       -0.000000        0.000000       -0.000000       -0.000000       -0.000000        0.000000
   253  1900        0.000000       -0.000000        0.000000       -0.000000       -0.000000       -0.000000        0.000000
   254  1900        0.000000       -0.000000        0.000000       -0.000000       -0.000000       -0.000000        0.000000
   255  1900        0.000000       -0.000000        0.000000       -0.000000       -0.000000       -0.000000        0.000000
   256  1900        0.000000       -0.000000        0.000000       -0.000000       -0.000000       -0.000000        0.000000
   257  1900        0.000000       -0.000000        0.000000       -0.000000       -0.000000       -0.000000        0.000000
   258  1900        0.000000       -0.000000        0.000000       -0.000000       -0.000000       -0.000000        0.000000
   259  1900        0.000000       -0.000000        0.000000       -0.000000       -0.000000       -0.000000        0.000000
   260  1900        0.000000       -0.000000        0.000000       -0.000000       -0.000000       -0.000000        0.000000
   261  1900        0.000000       -0.000000        0.000000       -0.000000       -0.000000       -0.000000        0.000000
   262  1900        0.000000       -0.000000        0.000000       -0.000000       -0.000000       -0.000000        0.000000
   263  1900        0.000000       -0.000000        0.000000       -0.000000       -0.000000       -0.000000        0.000000
   264  1900        0.000000       -0.000000        0.000000       -0.000000       -0.000000       -0.000000        0.000000
   265  1900        0.000000       -0.000000       -0.000000       -0.000000       -0.000000       -0.000000        0.000000
   266  1900        0.000000       -0.000000       -0.000000       -0.000000       -0.000000       -0.000000        0.000000
   267  1900        0.000000       -0.000000       -0.000000       -0.000000       -0.000000       -0.000000        0.000000
   268  1900        0.000000       -0.000000       -0.000000       -0.000000       -0.000000       -0.000000        0.000000
   269  1900        0.000000       -0.000000       -0.000000       -0.000000       -0.000000       -0.000000        0.000000
   270  1900        0.000000       -0.000000       -0.000000       -0.000000       -0.000000       -0.000000        0.000000
   271  1900        0.000000       -0.000000       -0.000000       -0.000000       -0.000000       -0.000000        0.000000
   272  1900        0.000000       -0.000000       -0.000000       -0.000000       -0.000000       -0.000000        0.000000
   273  1900        0.000000       -0.000000       -0.000000       -0.000000       -0.000000       -0.000000        0.000000
   274  1900        0.000000       -0.000000       -0.000000       -0.000000       -0.000000       -0.000000        0.000000
   275  1900        0.000000       -0.000000       -0.000000       -0.000000       -0.000000       -0.000000        0.000000
   276  1900        0.000000       -0.000000       -0.000000       -0.000000       -0.000000       -0.000000        0.000000
   277  1900        0.000000       -0.000000       -0.000000       -0.000000       -0.000000       -0.000000        0.000000
   278  1900        0.000000       -0.000000       -0.000000       -0.000000       -0.000000       -0.000000        0.000000
   279  1900        0.000000       -0.000000       -0.000000       -0.000000       -0.000000       -0.000000        0.000000
   280  1900        0.000000       -0.000000       -0.000000       -0.000000       -0.000000       -0.000000        0.000000
   281  1900        0.000000       -0.000000       -0.000000       -0.000000       -0.000000       -0.000000        0.000000
   282  1900        0.000000       -0.000000       -0.000000       -0.000000       -0.000000       -0.000000        0.000000
   283  1900        0.000000       -0.000000       -0.000000       -0.000000       -0.000000       -0.000000        0.000000
   284  1900        0.000000       -0.000000       -0.000000       -0.000000       -0.000000       -0.000000        0.000000
   285  1900        0.000000       -0.000000       -0.000000       -0.000000       -0.000000       -0.000000        0.000000
   286  1900        0.000000       -0.000000       -0.000000       -0.000000       -0.000000       -0.000000        0.000000
   287  1900        0.000000       -0.000000       -0.000000       -0.000000       -0.000000       -0.000000        0.000000
   288  1900        0.000000       -0.000000       -0.000000       -0.000000       -0.000000       -0.000000        0.000000
   289  1900        0.000000       -0.000000       -0.000000       -0.000000       -0.000000       -0.000000        0.000000
   290  1900        0.000000       -0.000000       -0.000000       -0.000000       -0.000000       -0.000000        0.000000
   291  1900        0.000000       -0.000000       -0.000000       -0.000000       -0.000000       -0.000000        0.000000
   292  1900        0.000000       -0.000000       -0.000000       -0.000000       -0.000000       -0.000000        0.000000
   293  1900        0.000000       -0.000000       -0.000000       -0.000000       -0.000000       -0.000000        0.000000
   294  1900        0.000000       -0.000000       -0.000000       -0.000000       -0.000000       -0.000000        0.000000
   295  1900        0.000000       -0.000000       -0.000000       -0.000000       -0.000000       -0.000000        0.000000
   296  1900        0.000000       -0.000000       -0.000000       -0.000000       -0.000000       -0.000000        0.000000
   297  1900        0.000000       -0.000000       -0.000000       -0.000000       -0.000000       -0.000000        0.000000
   298  1900        0.000000       -0.000000       -0.000000       -0.000000       -0.000000       -0.000000        0.000000
   299  1900        0.000000       -0.000000       -0.000000       -0.000000       -0.000000       -0.000000        0.000000
   300  1900        0.000000       -0.000000       -0.000000       -0.000000       -0.000000       -0.000000        0.000000
   301  1900        0.000000       -0.000000       -0.000000       -0.000000       -0.000000       -0.000000        0.000000
   302  1900        0.000000       -0.000000       -0.000000       -0.000000       -0.000000       -0.000000        0.000000
   303  1900        0.000000       -0.000000       -0.000000       -0.000000       -0.000000       -0.000000        0.000000
   304  1900        0.000000       -0.000000       -0.000000       -0.000000       -0.000000       -0.000000        0.000000
   305  1900        0.000000       -0.000000       -0.000000       -0.000000       -0.000000       -0.000000        0.000000
   306  1900        0.000000       -0.000000       -0.000000       -0.000000       -0.000000       -0.000000        0.000000
   307  1900        0.000000       -0.000000       -0.000000       -0.000000       -0.000000       -0.000000        0.000000
   308  1900        0.000000       -0.000000       -0.000000       -0.000000       -0.000000       -0.000000        0.000000
   309  1900        0.000000       -0.000000       -0.000000       -0.000000       -0.000000       -0.000000        0.000000
   310  1900        0.000000       -0.000000       -0.000000       -0.000000       -0.000000       -0.000000        0.000000
   311  1900        0.000000       -0.000000       -0.000000       -0.000000       -0.000000       -0.000000        0.000000
   312  1900        0.000000       -0.000000       -0.000000       -0.000000       -0.000000       -0.000000        0.000000
   313  1900        0.000000       -0.000000       -0.000000       -0.000000       -0.000000       -0.000000        0.000000
   314  1900        0.000000       -0.000000       -0.000000       -0.000000       -0.000000       -0.000000        0.000000
   315  1900        0.000000       -0.000000       -0.000000       -0.000000       -0.000000       -0.000000        0.000000
   316  1900        0.000000       -0.000000       -0.000000       -0.000000       -0.000000       -0.000000        0.000000
   317  1900        0.000000       -0.000000       -0.000000       -0.000000       -0.000000       -0.000000        0.000000
   318  1900        0.000000       -0.000000       -0.000000       -0.000000       -0.000000       -0.000000        0.000000
   319  1900        0.000000       -0.000000       -0.000000       -0.000000       -0.000000       -0.000000        0.000000
   320  1900        0.000000       -0.000000       -0.000000       -0.000000       -0.000000       -0.000000        0.000000
   321  1900        0.000000       -0.000000       -0.000000       -0.000000       -0.000000       -0.000000        0.000000
   322  1900        0.000000       -0.000000       -0.000000       -0.000000       -0.000000       -0.000000        0.000000
   323  1900        0.000000       -0.000000       -0.000000       -0.000000       -0.000000       -0.000000        0.000000
   324  1900        0.000000       -0.000000       -0.000000       -0.000000       -0.000000       -0.000000        0.000000
   325  1900        0.000000       -0.000000       -0.000000       -0.000000       -0.000000       -0.000000        0.000000
   326  1900        0.000000       -0.000000       -0.000000       -0.000000       -0.000000       -0.000000        0.000000
   327  1900        0.000000       -0.000000       -0.000000       -0.000000       -0.000000       -0.000000        0.000000
   328  1900        0.000000       -0.000000       -0.000000       -0.000000       -0.000000       -0.000000        0.000000
   329  1900        0.000000       -0.000000       -0.000000       -0.000000       -0.000000       -0.000000        0.000000
   330  1900        0.000000       -0.000000       -0.000000       -0.000000       -0.000000       -0.000000        0.000000
   331  1900        0.000000       -0.000000       -0.000000       -0.000000       -0.000000       -0.000000        0.000000
   332  1900        0.000000       -0.000000       -0.000000       -0.000000       -0.000000       -0.000000        0.000000
   333  1900        0.000000       -0.000000       -0.000000       -0.000000       -0.000000       -0.000000        0.000000
   334  1900        0.000000       -0.000000       -0.000000       -0.000000       -0.000000       -0.000000        0.000000
   335  1900        0.000000       -0.000000       -0.000000       -0.000000       -0.000000       -0.000000        0.000000
   336  1900        0.000000       -0.000000       -0.000000       -0.000000       -0.000000       -0.000000        0.000000
   337  1900        0.000000       -0.000000       -0.000000       -0.000000       -0.000000       -0.000000        0.000000
   338  1900        0.000000       -0.000000       -0.000000       -0.000000       -0.000000       -0.000000        0.000000
   339  1900        0.000000       -0.000000       -0.000000       -0.000000       -0.000000       -0.000000        0.000000
   340  1900        0.000000       -0.000000       -0.000000       -0.000000       -0.000000       -0.000000        0.000000
   341  1900        0.000000       -0.000000       -0.000000       -0.000000       -0.000000       -0.000000        0.000000
   342  1900        0.000000       -0.000000       -0.000000       -0.000000       -0.000000       -0.000000        0.000000
   343  1900        0.000000       -0.000000       -0.000000       -0.000000       -0.000000       -0.000000        0.000000
   344  1900        0.000000       -0.000000       -0.000000       -0.000000       -0.000000       -0.000000        0.000000
   345  1900        0.000000       -0.000000       -0.000000       -0.000000       -0.000000       -0.000000        0.000000
   346  1900        0.000000       -0.000000       -0.000000       -0.000000       -0.000000       -0.000000        0.000000
   347  1900        0.000000       -0.000000       -0.000000       -0.000000       -0.000000       -0.000000        0.000000
   348  1900        0.000000       -0.000000       -0.000000       -0.000000       -0.000000       -0.000000        0.000000
   349  1900        0.000000       -0.000000       -0.000000       -0.000000       -0.000000       -0.000000        0.000000
   350  1900        0.000000       -0.000000       -0.000000       -0.000000       -0.000000       -0.000000        0.000000
   351  1900        0.000000       -0.000000       -0.000000       -0.000000       -0.000000       -0.000000        0.000000
   352  1900        0.000000       -0.000000       -0.000000       -0.000000       -0.000000       -0.000000        0.000000
   353  1900        0.000000       -0.000000       -0.000000       -0.000000       -0.000000       -0.000000        0.000000
   354  1900        0.000000       -0.000000       -0.000000       -0.000000       -0.000000       -0.000000        0.000000
   355  1900        0.000000       -0.000000       -0.000000       -0.000000       -0.000000       -0.000000        0.000000
   356  1900        0.000000       -0.000000       -0.000000       -0.000000       -0.000000       -0.000000        0.000000
   357  1900        0.000000       -0.000000       -0.000000       -0.000000       -0.000000       -0.000000        0.000000
   358  1900        0.000000       -0.000000       -0.000000       -0.000000       -0.000000       -0.000000        0.000000
   359  1900        0.000000       -0.000000       -0.000000       -0.000000       -0.000000       -0.000000        0.000000
   360  1900        0.000000       -0.000000       -0.000000       -0.000000       -0.000000       -0.000000        0.000000
   361  1900        0.000000       -0.000000       -0.000000       -0.000000       -0.000000       -0.000000        0.000000
   362  1900        0.000000       -0.000000       -0.000000       -0.000000       -0.000000       -0.000000        0.000000
   363  1900        0.000000       -0.000000       -0.000000       -0.000000       -0.000000       -0.000000        0.000000
   364  1900        0.000000       -0.000000       -0.000000       -0.000000       -0.000000       -0.000000        0.000000
   365  1900        0.000000       -0.000000       -0.000000       -0.000000       -0.000000       -0.000000        0.000000
   366  1900        0.000000       -0.000000       -0.000000       -0.000000       -0.000000       -0.000000        0.000000
     1  1901        0.000000        0.000000        0.000000        0.000000        0.000000        0.000000        0.000000
     2  1901       -0.000000        0.000000        0.000000       -0.000000       -0.000000       -0.000000        0.000000
     3  1901       -0.000000        0.000000        0.000000       -0.000000       -0.000000       -0.000000        0.000000
     4  1901       -0.000000       -0.000000        0.000000       -0.000000       -0.000000       -0.000000        0.000000
     5  1901       -0.000000       -0.000000       -0.000000       -0.000000       -0.000000       -0.000000        0.000000
     6  1901       -0.000000        0.000000       -0.000000        0.000000       -0.000000       -0.000000        0.000000
     7  1901       -0.000000        0.000000       -0.000000       -0.000000       -0.000000       -0.000000        0.000000
     8  1901       -0.000000        0.000000       -0.000000       -0.000000       -0.000000       -0.000000        0.000000
     9  1901       -0.000000        0.000000       -0.000000       -0.000000       -0.000000       -0.000000        0.000000
    10  1901       -0.000000        0.000000       -0.000000       -0.000000       -0.000000       -0.000000        0.000000
    11  1901       -0.000000        0.000000       -0.000000       -0.000000       -0.000000       -0.000000        0.000000
    12  1901       -0.000000        0.000000       -0.000000       -0.000000       -0.000000       -0.000000        0.000000
    13  1901       -0.000000        0.000000       -0.000000       -0.000000       -0.000000       -0.000000        0.000000
    14  1901       -0.000000        0.000000       -0.000000       -0.000000       -0.000000       -0.000000        0.000000
    15  1901       -0.000000        0.000000       -0.000000       -0.000000       -0.000000       -0.000000        0.000000
    16  1901       -0.000000        0.000000       -0.000000       -0.000000       -0.000000       -0.000000        0.000000
    17  1901       -0.000000        0.000000       -0.000000       -0.000000       -0.000000       -0.000000        0.000000
    18  1901       -0.000000        0.000000       -0.000000       -0.000000       -0.000000       -0.000000        0.000000
    19  1901       -0.000000        0.000000       -0.000000       -0.000000       -0.000000       -0.000000        0.000000
    20  1901       -0.000000        0.000000       -0.000000       -0.000000       -0.000000       -0.000000        0.000000
    21  1901       -0.000000        0.000000       -0.000000       -0.000000       -0.000000       -0.000000        0.000000
    22  1901       -0.000000        0.000000       -0.000000       -0.000000       -0.000000       -0.000000        0.000000
    23  1901       -0.000000        0.000000       -0.000000       -0.000000       -0.000000       -0.000000        0.000000
    24  1901       -0.000000        0.000000       -0.000000       -0.000000       -0.000000       -0.000000        0.000000
    25  1901       -0.000000        0.000000       -0.000000       -0.000000       -0.000000       -0.000000        0.000000
    26  1901       -0.000000        0.000000       -0.000000       -0.000000       -0.000000       -0.000000        0.000000
    27  1901       -0.000000        0.000000       -0.000000       -0.000000       -0.000000       -0.000000        0.000000
    28  1901       -0.000000        0.000000       -0.000000       -0.000000       -0.000000       -0.000000        0.000000
    29  1901       -0.000000        0.000000       -0.000000       -0.000000       -0.000000       -0.000000        0.000000
    30  1901       -0.000000        0.000000       -0.000000       -0.000000       -0.000000       -0.000000        0.000000
    31  1901       -0.000000        0.000000       -0.000000       -0.000000       -0.000000       -0.000000        0.000000
    32  1901       -0.000000        0.000000       -0.000000       -0.000000       -0.000000       -0.000000        0.000000
    33  1901       -0.000000        0.000000       -0.000000       -0.000000       -0.000000       -0.000000        0.000000
    34  1901       -0.000000        0.000000       -0.000000       -0.000000       -0.000000       -0.000000        0.000000
    35  1901       -0.000000        0.000000       -0.000000       -0.000000       -0.000000       -0.000000        0.000000
    36  1901       -0.000000        0.000000       -0.000000       -0.000000       -0.000000       -0.000000        0.000000
    37  1901       -0.000000        0.000000       -0.000000       -0.000000       -0.000000       -0.000000        0.000000
    38  1901       -0.000000        0.000000       -0.000000       -0.000000       -0.000000       -0.000000        0.000000
    39  1901       -0.000000        0.000000       -0.000000       -0.000000       -0.000000       -0.000000        0.000000
    40  1901       -0.000000        0.000000       -0.000000       -0.000000       -0.000000       -0.000000        0.000000
    41  1901       -0.000000        0.000000       -0.000000       -0.000000       -0.000000       -0.000000        0.000000
    42  1901       -0.000000        0.000000       -0.000000       -0.000000       -0.000000       -0.000000        0.000000
    43  1901       -0.000000        0.000000       -0.000000       -0.000000       -0.000000       -0.000000        0.000000
    44  1901       -0.000000        0.000000       -0.000000       -0.000000       -0.000000       -0.000000        0.000000
    45  1901       -0.000000        0.000000       -0.000000       -0.000000       -0.000000       -0.000000        0.000000
    46  1901       -0.000000        0.000000       -0.000000       -0.000000       -0.000000       -0.000000        0.000000
    47  1901       -0.000000        0.000000       -0.000000       -0.000000       -0.000000       -0.000000        0.000000
    48  1901       -0.000000        0.000000       -0.000000       -0.000000       -0.000000       -0.000000        0.000000
    49  1901       -0.000000        0.000000       -0.000000       -0.000000       -0.000000       -0.000000        0.000000
    50  1901       -0.000000        0.000000       -0.000000       -0.000000       -0.000000       -0.000000        0.000000
    51  1901       -0.000000        0.000000       -0.000000       -0.000000       -0.000000       -0.000000        0.000000
    52  1901       -0.000000        0.000000       -0.000000       -0.000000       -0.000000       -0.000000        0.000000
    53  1901       -0.000000        0.000000       -0.000000       -0.000000       -0.000000       -0.000000        0.000000
    54  1901       -0.000000        0.000000       -0.000000       -0.000000       -0.000000       -0.000000        0.000000
    55  1901       -0.000000        0.000000       -0.000000       -0.000000       -0.000000       -0.000000        0.000000
    56  1901       -0.000000       -0.000000       -0.000000       -0.000000       -0.000000       -0.000000        0.000000
    57  1901       -0.000000       -0.000000       -0.000000       -0.000000       -0.000000       -0.000000        0.000000
    58  1901       -0.000000       -0.000000       -0.000000       -0.000000       -0.000000       -0.000000        0.000000
    59  1901       -0.000000       -0.000000       -0.000000       -0.000000       -0.000000       -0.000000        0.000000
    60  1901       -0.000000       -0.000000       -0.000000       -0.000000       -0.000000       -0.000000        0.000000
    61  1901       -0.000000       -0.000000       -0.000000       -0.000000       -0.000000       -0.000000        0.000000
    62  1901       -0.000000       -0.000000       -0.000000       -0.000000       -0.000000       -0.000000        0.000000
    63  1901       -0.000000       -0.000000       -0.000000       -0.000000       -0.000000       -0.000000        0.000000
    64  1901       -0.000000       -0.000000       -0.000000       -0.000000       -0.000000       -0.000000        0.000000
    65  1901       -0.000000       -0.000000       -0.000000       -0.000000       -0.000000       -0.000000        0.000000
    66  1901       -0.000000       -0.000000       -0.000000       -0.000000       -0.000000       -0.000000        0.000000
    67  1901       -0.000000       -0.000000       -0.000000       -0.000000       -0.000000       -0.000000        0.000000
    68  1901       -0.000000       -0.000000       -0.000000       -0.000000       -0.000000       -0.000000        0.000000
    69  1901       -0.000000       -0.000000       -0.000000       -0.000000       -0.000000       -0.000000        0.000000
    70  1901       -0.000000       -0.000000       -0.000000       -0.000000       -0.000000       -0.000000        0.000000
    71  1901       -0.000000       -0.000000       -0.000000       -0.000000       -0.000000       -0.000000        0.000000
    72  1901       -0.000000       -0.000000       -0.000000       -0.000000       -0.000000       -0.000000        0.000000
    73  1901       -0.000000       -0.000000       -0.000000       -0.000000       -0.000000       -0.000000        0.000000
    74  1901       -0.000000       -0.000000       -0.000000       -0.000000       -0.000000       -0.000000        0.000000
    75  1901       -0.000000       -0.000000       -0.000000       -0.000000       -0.000000       -0.000000        0.000000
    76  1901       -0.000000        0.000000       -0.000000       -0.000000       -0.000000       -0.000000        0.000000
    77  1901       -0.000000        0.000000       -0.000000       -0.000000       -0.000000       -0.000000        0.000000
    78  1901       -0.000000        0.000000       -0.000000       -0.000000       -0.000000       -0.000000        0.000000
    79  1901       -0.000000        0.000000       -0.000000       -0.000000       -0.000000       -0.000000        0.000000
    80  1901       -0.000000        0.000000       -0.000000       -0.000000       -0.000000       -0.000000        0.000000
    81  1901       -0.000000        0.000000       -0.000000       -0.000000       -0.000000       -0.000000        0.000000
    82  1901       -0.000000        0.000000       -0.000000       -0.000000       -0.000000       -0.000000        0.000000
    83  1901       -0.000000        0.000000       -0.000000       -0.000000       -0.000000       -0.000000        0.000000
    84  1901       -0.000000        0.000000       -0.000000       -0.000000       -0.000000       -0.000000        0.000000
    85  1901       -0.000000        0.000000       -0.000000       -0.000000       -0.000000       -0.000000        0.000000
    86  1901       -0.000000        0.000000       -0.000000       -0.000000       -0.000000       -0.000000        0.000000
    87  1901       -0.000000        0.000000       -0.000000       -0.000000       -0.000000       -0.000000        0.000000
    88  1901       -0.000000        0.000000       -0.000000       -0.000000       -0.000000       -0.000000        0.000000
    89  1901       -0.000000        0.000000       -0.000000       -0.000000       -0.000000       -0.000000        0.000000
    90  1901       -0.000000        0.000000       -0.000000       -0.000000       -0.000000       -0.000000        0.000000
    91  1901       -0.000000        0.000000       -0.000000       -0.000000       -0.000000       -0.000000        0.000000
    92  1901       -0.000000        0.000000       -0.000000       -0.000000       -0.000000       -0.000000        0.000000
    93  1901       -0.000000        0.000000       -0.000000       -0.000000       -0.000000       -0.000000        0.000000
    94  1901       -0.000000        0.000000       -0.000000       -0.000000       -0.000000       -0.000000        0.000000
    95  1901       -0.000000        0.000000       -0.000000       -0.000000       -0.000000       -0.000000        0.000000
    96  1901       -0.000000        0.000000       -0.000000       -0.000000       -0.000000       -0.000000        0.000000
    97  1901       -0.000000       -0.000000       -0.000000       -0.000000       -0.000000       -0.000000        0.000000
    98  1901       -0.000000        0.000000       -0.000000       -0.000000       -0.000000       -0.000000        0.000000
    99  1901       -0.000000        0.000000       -0.000000       -0.000000       -0.000000       -0.000000        0.000000
   100  1901       -0.000000        0.000000       -0.000000       -0.000000       -0.000000       -0.000000        0.000000
   101  1901       -0.000000        0.000000       -0.000000       -0.000000       -0.000000       -0.000000        0.000000
   102  1901       -0.000000        0.000000       -0.000000       -0.000000       -0.000000       -0.000000        0.000000
   103  1901       -0.000000        0.000000       -0.000000       -0.000000       -0.000000       -0.000000        0.000000
   104  1901       -0.000000       -0.000000       -0.000000       -0.000000       -0.000000       -0.000000        0.000000
   105  1901       -0.000000        0.000000       -0.000000       -0.000000       -0.000000       -0.000000        0.000000
   106  1901       -0.000000        0.000000       -0.000000       -0.000000       -0.000000       -0.000000        0.000000
   107  1901       -0.000000        0.000000       -0.000000       -0.000000       -0.000000       -0.000000        0.000000
   108  1901       -0.000000        0.000000       -0.000000       -0.000000       -0.000000       -0.000000        0.000000
   109  1901       -0.000000        0.000000       -0.000000       -0.000000       -0.000000       -0.000000        0.000000
   110  1901       -0.000000       -0.000000       -0.000000       -0.000000       -0.000000       -0.000000        0.000000
   111  1901       -0.000000       -0.000000       -0.000000       -0.000000       -0.000000       -0.000000        0.000000
   112  1901       -0.000000       -0.000000       -0.000000       -0.000000       -0.000000       -0.000000        0.000000
   113  1901       -0.000000       -0.000000       -0.000000       -0.000000       -0.000000       -0.000000        0.000000
   114  1901       -0.000000       -0.000000       -0.000000       -0.000000       -0.000000       -0.000000        0.000000
   115  1901       -0.000000       -0.000000       -0.000000       -0.000000       -0.000000       -0.000000        0.000000
   116  1901       -0.000000       -0.000000       -0.000000       -0.000000       -0.000000       -0.000000        0.000000
   117  1901       -0.000000       -0.000000       -0.000000       -0.000000       -0.000000       -0.000000        0.000000
   118  1901       -0.000000       -0.000000       -0.000000       -0.000000       -0.000000       -0.000000        0.000000
   119  1901       -0.000000       -0.000000       -0.000000       -0.000000       -0.000000       -0.000000        0.000000
   120  1901       -0.000000       -0.000000       -0.000000       -0.000000       -0.000000       -0.000000        0.000000
   121  1901       -0.000000       -0.000000       -0.000000       -0.000000       -0.000000       -0.000000        0.000000
   122  1901       -0.000000       -0.000000       -0.000000       -0.000000       -0.000000       -0.000000        0.000000
   123  1901       -0.000000       -0.000000       -0.000000       -0.000000       -0.000000       -0.000000        0.000000
   124  1901       -0.000000       -0.000000       -0.000000       -0.000000       -0.000000       -0.000000        0.000000
   125  1901       -0.000000       -0.000000       -0.000000       -0.000000       -0.000000       -0.000000        0.000000
   126  1901       -0.000000       -0.000000       -0.000000       -0.000000       -0.000000       -0.000000        0.000000
   127  1901       -0.000000       -0.000000       -0.000000       -0.000000       -0.000000       -0.000000        0.000000
   128  1901       -0.000000       -0.000000       -0.000000       -0.000000       -0.000000       -0.000000        0.000000
   129  1901       -0.000000       -0.000000       -0.000000       -0.000000       -0.000000       -0.000000        0.000000
   130  1901       -0.000000       -0.000000       -0.000000       -0.000000       -0.000000       -0.000000        0.000000
   131  1901       -0.000000       -0.000000       -0.000000       -0.000000       -0.000000       -0.000000        0.000000
   132  1901       -0.000000       -0.000000       -0.000000       -0.000000       -0.000000       -0.000000        0.000000
   133  1901       -0.000000       -0.000000       -0.000000       -0.000000       -0.000000       -0.000000        0.000000
   134  1901       -0.000000       -0.000000       -0.000000       -0.000000       -0.000000       -0.000000        0.000000
   135  1901       -0.000000       -0.000000       -0.000000       -0.000000       -0.000000       -0.000000        0.000000
   136  1901       -0.000000       -0.000000       -0.000000       -0.000000       -0.000000       -0.000000        0.000000
   137  1901       -0.000000       -0.000000       -0.000000       -0.000000       -0.000000       -0.000000        0.000000
   138  1901       -0.000000       -0.000000       -0.000000       -0.000000       -0.000000       -0.000000        0.000000
   139  1901       -0.000000       -0.000000       -0.000000       -0.000000       -0.000000       -0.000000        0.000000
   140  1901       -0.000000       -0.000000       -0.000000       -0.000000       -0.000000       -0.000000        0.000000
   141  1901       -0.000000       -0.000000       -0.000000       -0.000000       -0.000000       -0.000000        0.000000
   142  1901       -0.000000       -0.000000       -0.000000       -0.000000       -0.000000       -0.000000        0.000000
   143  1901       -0.000000       -0.000000       -0.000000       -0.000000       -0.000000       -0.000000        0.000000
   144  1901       -0.000000       -0.000000       -0.000000       -0.000000       -0.000000       -0.000000        0.000000
   145  1901       -0.000000       -0.000000       -0.000000       -0.000000       -0.000000       -0.000000        0.000000
   146  1901       -0.000000       -0.000000       -0.000000       -0.000000       -0.000000       -0.000000        0.000000
   147  1901       -0.000000       -0.000000       -0.000000       -0.000000       -0.000000       -0.000000        0.000000
   148  1901       -0.000000       -0.000000       -0.000000       -0.000000       -0.000000       -0.000000        0.000000
   149  1901       -0.000000       -0.000000       -0.000000       -0.000000       -0.000000       -0.000000        0.000000
   150  1901       -0.000000       -0.000000       -0.000000       -0.000000       -0.000000       -0.000000        0.000000
   151  1901       -0.000000       -0.000000       -0.000000       -0.000000       -0.000000       -0.000000        0.000000
   152  1901       -0.000000       -0.000000       -0.000000       -0.000000       -0.000000       -0.000000        0.000000
   153  1901       -0.000000       -0.000000       -0.000000       -0.000000       -0.000000       -0.000000        0.000000
   154  1901       -0.000000       -0.000000       -0.000000       -0.000000       -0.000000       -0.000000        0.000000
   155  1901       -0.000000       -0.000000       -0.000000       -0.000000       -0.000000       -0.000000        0.000000
   156  1901       -0.000000       -0.000000       -0.000000       -0.000000       -0.000000       -0.000000        0.000000
   157  1901       -0.000000       -0.000000       -0.000000       -0.000000       -0.000000       -0.000000        0.000000
   158  1901       -0.000000       -0.000000       -0.000000       -0.000000       -0.000000       -0.000000        0.000000
   159  1901       -0.000000       -0.000000       -0.000000       -0.000000       -0.000000       -0.000000        0.000000
   160  1901       -0.000000       -0.000000       -0.000000       -0.000000       -0.000000       -0.000000        0.000000
   161  1901       -0.000000       -0.000000       -0.000000       -0.000000       -0.000000       -0.000000        0.000000
   162  1901       -0.000000       -0.000000       -0.000000       -0.000000       -0.000000       -0.000000        0.000000
   163  1901       -0.000000       -0.000000       -0.000000       -0.000000       -0.000000       -0.000000        0.000000
   164  1901       -0.000000       -0.000000       -0.000000       -0.000000       -0.000000       -0.000000        0.000000
   165  1901       -0.000000        0.000296       -0.000000       -0.000000       -0.000000       -0.000000        0.000000
THERMAL BALANCE LOST ON DAY, YEAR 1651901
   166  1901       -0.000000        0.000001       -0.000000       -0.000000       -0.000000       -0.000000        0.000000
   167  1901       -0.000000       -0.000004       -0.000000       -0.000000       -0.000000       -0.000000        0.000000
THERMAL BALANCE LOST ON DAY, YEAR 1671901
   168  1901       -0.000000       -0.000000       -0.000000       -0.000000       -0.000000       -0.000000        0.000000
   169  1901       -0.000000        0.000006       -0.000000       -0.000000       -0.000000       -0.000000        0.000000
THERMAL BALANCE LOST ON DAY, YEAR 1691901
   170  1901       -0.000000       -0.000005       -0.000000       -0.000000       -0.000000       -0.000000        0.000000
THERMAL BALANCE LOST ON DAY, YEAR 1701901
   171  1901       -0.000000       -0.000000       -0.000000       -0.000000       -0.000000       -0.000000        0.000000
   172  1901       -0.000000        0.000004       -0.000000       -0.000000       -0.000000       -0.000000        0.000000
THERMAL BALANCE LOST ON DAY, YEAR 1721901
   173  1901       -0.000000       -0.000005       -0.000000       -0.000000       -0.000000       -0.000000        0.000000
THERMAL BALANCE LOST ON DAY, YEAR 1731901
   174  1901       -0.000000       -0.000000       -0.000000       -0.000000       -0.000000       -0.000000        0.000000
   175  1901       -0.000000        0.000004       -0.000000       -0.000000       -0.000000       -0.000000        0.000000
THERMAL BALANCE LOST ON DAY, YEAR 1751901
   176  1901       -0.000000       -0.000000       -0.000000       -0.000000       -0.000000       -0.000000        0.000000
   177  1901       -0.000000       -0.000002       -0.000000       -0.000000       -0.000000       -0.000000        0.000000
THERMAL BALANCE LOST ON DAY, YEAR 1771901
   178  1901       -0.000000       -0.000000       -0.000000       -0.000000       -0.000000       -0.000000        0.000000
   179  1901       -0.000000       -0.000000       -0.000000       -0.000000       -0.000000       -0.000000        0.000000
   180  1901       -0.000000        0.000000       -0.000000       -0.000000       -0.000000       -0.000000        0.000000
   181  1901       -0.000000        0.000000       -0.000000       -0.000000       -0.000000       -0.000000        0.000000
   182  1901       -0.000000        0.000000       -0.000000       -0.000000       -0.000000       -0.000000        0.000000
   183  1901       -0.000000        0.000001       -0.000000       -0.000000       -0.000000       -0.000000        0.000000
   184  1901       -0.000000        0.000001       -0.000000       -0.000000       -0.000000       -0.000000        0.000000
   185  1901       -0.000000        0.000001       -0.000000       -0.000000       -0.000000       -0.000000        0.000000
   186  1901       -0.000000        0.000001       -0.000000       -0.000000       -0.000000       -0.000000        0.000000
   187  1901       -0.000000        0.000001       -0.000000       -0.000000       -0.000000       -0.000000        0.000000
   188  1901       -0.000000        0.000001       -0.000000       -0.000000       -0.000000       -0.000000        0.000000
   189  1901       -0.000000       -0.000001       -0.000000       -0.000000       -0.000000       -0.000000        0.000000
THERMAL BALANCE LOST ON DAY, YEAR 1891901
   190  1901       -0.000000       -0.000000       -0.000000       -0.000000       -0.000000       -0.000000        0.000000
   191  1901       -0.000000       -0.000001       -0.000000       -0.000000       -0.000000       -0.000000        0.000000
   192  1901       -0.000000       -0.000001       -0.000000       -0.000000       -0.000000       -0.000000        0.000000
   193  1901       -0.000000       -0.000002       -0.000000       -0.000000       -0.000000       -0.000000        0.000000
THERMAL BALANCE LOST ON DAY, YEAR 1931901
   194  1901       -0.000000        0.000000       -0.000000       -0.000000       -0.000000       -0.000000        0.000000
   195  1901       -0.000000        0.000000       -0.000000       -0.000000       -0.000000       -0.000000        0.000000
   196  1901       -0.000000        0.000000       -0.000000       -0.000000       -0.000000       -0.000000        0.000000
   197  1901       -0.000000        0.000000       -0.000000       -0.000000       -0.000000       -0.000000        0.000000
   198  1901       -0.000000       -0.000000       -0.000000       -0.000000       -0.000000       -0.000000        0.000000
   199  1901       -0.000000       -0.000000       -0.000000       -0.000000       -0.000000       -0.000000        0.000000
   200  1901       -0.000000       -0.000000       -0.000000       -0.000000       -0.000000       -0.000000        0.000000
   201  1901       -0.000000       -0.000000       -0.000000       -0.000000       -0.000000       -0.000000        0.000000
   202  1901       -0.000000        0.000001       -0.000000       -0.000000       -0.000000       -0.000000        0.000000
   203  1901       -0.000000        0.000001       -0.000000       -0.000000       -0.000000       -0.000000        0.000000
   204  1901       -0.000000        0.000002       -0.000000       -0.000000       -0.000000       -0.000000        0.000000
THERMAL BALANCE LOST ON DAY, YEAR 2041901
   205  1901       -0.000000       -0.000000       -0.000000       -0.000000       -0.000000       -0.000000        0.000000
   206  1901       -0.000000        0.000000       -0.000000       -0.000000       -0.000000       -0.000000        0.000000
   207  1901       -0.000000       -0.000003       -0.000000       -0.000000       -0.000000       -0.000000        0.000000
THERMAL BALANCE LOST ON DAY, YEAR 2071901
   208  1901       -0.000000        0.000001       -0.000000       -0.000000       -0.000000       -0.000000        0.000000
   209  1901       -0.000000        0.000001       -0.000000       -0.000000       -0.000000       -0.000000        0.000000
   210  1901       -0.000000       -0.000000       -0.000000       -0.000000       -0.000000       -0.000000        0.000000
   211  1901       -0.000000       -0.000000       -0.000000       -0.000000       -0.000000       -0.000000        0.000000
   212  1901       -0.000000       -0.000002       -0.000000       -0.000000       -0.000000       -0.000000        0.000000
THERMAL BALANCE LOST ON DAY, YEAR 2121901
   213  1901       -0.000000        0.000000       -0.000000       -0.000000       -0.000000       -0.000000        0.000000
   214  1901       -0.000000        0.000000       -0.000000       -0.000000       -0.000000       -0.000000        0.000000
   215  1901       -0.000000        0.000000       -0.000000       -0.000000       -0.000000       -0.000000        0.000000
   216  1901       -0.000000        0.000000       -0.000000       -0.000000       -0.000000       -0.000000        0.000000
   217  1901       -0.000000        0.000000       -0.000000       -0.000000       -0.000000       -0.000000        0.000000
   218  1901       -0.000000        0.000000       -0.000000       -0.000000       -0.000000       -0.000000        0.000000
   219  1901       -0.000000        0.000000       -0.000000       -0.000000       -0.000000       -0.000000        0.000000
   220  1901       -0.000000       -0.000000       -0.000000       -0.000000       -0.000000       -0.000000        0.000000
   221  1901       -0.000000        0.000000       -0.000000       -0.000000       -0.000000       -0.000000        0.000000
   222  1901       -0.000000        0.000000       -0.000000       -0.000000       -0.000000       -0.000000        0.000000
   223  1901       -0.000000        0.000000       -0.000000       -0.000000       -0.000000       -0.000000        0.000000
   224  1901       -0.000000        0.000000       -0.000000       -0.000000       -0.000000       -0.000000        0.000000
   225  1901       -0.000000        0.000000       -0.000000       -0.000000       -0.000000       -0.000000        0.000000
   226  1901       -0.000000        0.000000       -0.000000       -0.000000       -0.000000       -0.000000        0.000000
   227  1901       -0.000000        0.000000       -0.000000       -0.000000       -0.000000       -0.000000        0.000000
   228  1901       -0.000000        0.000000       -0.000000       -0.000000       -0.000000       -0.000000        0.000000
   229  1901       -0.000000        0.000000       -0.000000       -0.000000       -0.000000       -0.000000        0.000000
   230  1901       -0.000000        0.000000       -0.000000       -0.000000       -0.000000       -0.000000        0.000000
   231  1901       -0.000000        0.000000       -0.000000       -0.000000       -0.000000       -0.000000        0.000000
   232  1901       -0.000000        0.000000       -0.000000       -0.000000       -0.000000       -0.000000        0.000000
   233  1901       -0.000000        0.000000       -0.000000       -0.000000       -0.000000       -0.000000        0.000000
   234  1901       -0.000000        0.000000       -0.000000       -0.000000       -0.000000       -0.000000        0.000000
   235  1901       -0.000000        0.000000       -0.000000       -0.000000       -0.000000       -0.000000        0.000000
   236  1901       -0.000000        0.000000       -0.000000       -0.000000       -0.000000       -0.000000        0.000000
   237  1901       -0.000000        0.000000       -0.000000       -0.000000       -0.000000       -0.000000        0.000000
   238  1901       -0.000000        0.000000       -0.000000       -0.000000       -0.000000       -0.000000        0.000000
   239  1901       -0.000000        0.000000       -0.000000       -0.000000       -0.000000       -0.000000        0.000000
   240  1901       -0.000000        0.000000       -0.000000       -0.000000       -0.000000       -0.000000        0.000000
   241  1901       -0.000000        0.000000       -0.000000       -0.000000       -0.000000       -0.000000        0.000000
   242  1901       -0.000000        0.000000       -0.000000       -0.000000       -0.000000       -0.000000        0.000000
   243  1901       -0.000000       -0.000000       -0.000000       -0.000000       -0.000000       -0.000000        0.000000
   244  1901       -0.000000       -0.000000       -0.000000       -0.000000       -0.000000       -0.000000        0.000000
   245  1901       -0.000000       -0.000000       -0.000000       -0.000000       -0.000000       -0.000000        0.000000
   246  1901       -0.000000       -0.000000       -0.000000       -0.000000       -0.000000       -0.000000        0.000000
   247  1901       -0.000000       -0.000000       -0.000000       -0.000000       -0.000000       -0.000000        0.000000
   248  1901       -0.000000       -0.000000       -0.000000       -0.000000       -0.000000       -0.000000        0.000000
   249  1901       -0.000000       -0.000000       -0.000000       -0.000000       -0.000000       -0.000000        0.000000
   250  1901       -0.000000       -0.000000       -0.000000       -0.000000       -0.000000       -0.000000        0.000000
   251  1901       -0.000000       -0.000000       -0.000000       -0.000000       -0.000000       -0.000000        0.000000
   252  1901       -0.000000       -0.000000       -0.000000       -0.000000       -0.000000       -0.000000        0.000000
   253  1901       -0.000000       -0.000000       -0.000000       -0.000000       -0.000000       -0.000000        0.000000
   254  1901       -0.000000       -0.000000       -0.000000       -0.000000       -0.000000       -0.000000        0.000000
   255  1901       -0.000000       -0.000000       -0.000000       -0.000000       -0.000000       -0.000000        0.000000
   256  1901       -0.000000       -0.000000       -0.000000       -0.000000       -0.000000       -0.000000        0.000000
   257  1901       -0.000000       -0.000000       -0.000000       -0.000000       -0.000000       -0.000000        0.000000
   258  1901       -0.000000       -0.000000       -0.000000       -0.000000       -0.000000       -0.000000        0.000000
   259  1901       -0.000000       -0.000000       -0.000000       -0.000000       -0.000000       -0.000000        0.000000
   260  1901       -0.000000       -0.000000       -0.000000       -0.000000       -0.000000       -0.000000        0.000000
   261  1901       -0.000000       -0.000000       -0.000000       -0.000000       -0.000000       -0.000000        0.000000
   262  1901       -0.000000       -0.000000       -0.000000       -0.000000       -0.000000       -0.000000        0.000000
   263  1901       -0.000000       -0.000000       -0.000000       -0.000000       -0.000000       -0.000000        0.000000
   264  1901       -0.000000       -0.000000       -0.000000       -0.000000       -0.000000       -0.000000        0.000000
   265  1901       -0.000000       -0.000000       -0.000000       -0.000000       -0.000000       -0.000000        0.000000
   266  1901       -0.000000       -0.000000       -0.000000       -0.000000       -0.000000       -0.000000        0.000000
   267  1901       -0.000000       -0.000000       -0.000000       -0.000000       -0.000000       -0.000000        0.000000
   268  1901       -0.000000       -0.000000       -0.000000       -0.000000       -0.000000       -0.000000        0.000000
   269  1901       -0.000000       -0.000000       -0.000000       -0.000000       -0.000000       -0.000000        0.000000
   270  1901       -0.000000       -0.000000       -0.000000       -0.000000       -0.000000       -0.000000        0.000000
   271  1901       -0.000000       -0.000000       -0.000000       -0.000000       -0.000000       -0.000000        0.000000
   272  1901       -0.000000       -0.000000       -0.000000       -0.000000       -0.000000       -0.000000        0.000000
   273  1901       -0.000000       -0.000000       -0.000000       -0.000000       -0.000000       -0.000000        0.000000
   274  1901       -0.000000       -0.000000       -0.000000       -0.000000       -0.000000       -0.000000        0.000000
   275  1901       -0.000000       -0.000000       -0.000000       -0.000000       -0.000000       -0.000000        0.000000
   276  1901       -0.000000       -0.000000       -0.000000       -0.000000       -0.000000       -0.000000        0.000000
   277  1901       -0.000000       -0.000000       -0.000000       -0.000000       -0.000000       -0.000000        0.000000
   278  1901       -0.000000       -0.000000       -0.000000       -0.000000       -0.000000       -0.000000        0.000000
   279  1901       -0.000000       -0.000000       -0.000000       -0.000000       -0.000000       -0.000000        0.000000
   280  1901       -0.000000       -0.000000       -0.000000       -0.000000       -0.000000       -0.000000        0.000000
   281  1901       -0.000000       -0.000000       -0.000000       -0.000000       -0.000000       -0.000000        0.000000
   282  1901       -0.000000       -0.000000       -0.000000       -0.000000       -0.000000       -0.000000        0.000000
   283  1901       -0.000000       -0.000000       -0.000000       -0.000000       -0.000000       -0.000000        0.000000
   284  1901       -0.000000       -0.000000       -0.000000       -0.000000       -0.000000       -0.000000        0.000000
   285  1901       -0.000000       -0.000000       -0.000000       -0.000000       -0.000000       -0.000000        0.000000
   286  1901       -0.000000       -0.000000       -0.000000       -0.000000       -0.000000       -0.000000        0.000000
   287  1901       -0.000000       -0.000000       -0.000000       -0.000000       -0.000000       -0.000000        0.000000
   288  1901       -0.000000       -0.000000       -0.000000       -0.000000       -0.000000       -0.000000        0.000000
   289  1901       -0.000000       -0.000000       -0.000000       -0.000000       -0.000000       -0.000000        0.000000
   290  1901       -0.000000       -0.000000       -0.000000       -0.000000       -0.000000       -0.000000        0.000000
   291  1901       -0.000000       -0.000000       -0.000000       -0.000000       -0.000000       -0.000000        0.000000
   292  1901       -0.000000        0.000000       -0.000000       -0.000000       -0.000000       -0.000000        0.000000
   293  1901       -0.000000       -0.000000       -0.000000       -0.000000       -0.000000       -0.000000        0.000000
   294  1901       -0.000000       -0.000000       -0.000000       -0.000000       -0.000000       -0.000000        0.000000
   295  1901       -0.000000       -0.000000       -0.000000       -0.000000       -0.000000       -0.000000        0.000000
   296  1901       -0.000000       -0.000000       -0.000000       -0.000000       -0.000000       -0.000000        0.000000
   297  1901       -0.000000       -0.000000       -0.000000       -0.000000       -0.000000       -0.000000        0.000000
   298  1901       -0.000000       -0.000000       -0.000000       -0.000000       -0.000000       -0.000000        0.000000
   299  1901       -0.000000       -0.000000       -0.000000       -0.000000       -0.000000       -0.000000        0.000000
   300  1901       -0.000000       -0.000000       -0.000000       -0.000000       -0.000000       -0.000000        0.000000
   301  1901       -0.000000       -0.000000       -0.000000       -0.000000       -0.000000       -0.000000        0.000000
   302  1901       -0.000000       -0.000000       -0.000000       -0.000000       -0.000000       -0.000000        0.000000
   303  1901       -0.000000       -0.000000       -0.000000       -0.000000       -0.000000       -0.000000        0.000000
   304  1901       -0.000000       -0.000000       -0.000000       -0.000000       -0.000000       -0.000000        0.000000
   305  1901       -0.000000       -0.000000       -0.000000       -0.000000       -0.000000       -0.000000        0.000000
   306  1901       -0.000000       -0.000000       -0.000000       -0.000000       -0.000000       -0.000000        0.000000
   307  1901       -0.000000       -0.000000       -0.000000       -0.000000       -0.000000       -0.000000        0.000000
   308  1901       -0.000000       -0.000000       -0.000000       -0.000000       -0.000000       -0.000000        0.000000
   309  1901       -0.000000       -0.000000       -0.000000       -0.000000       -0.000000       -0.000000        0.000000
   310  1901       -0.000000       -0.000000       -0.000000       -0.000000       -0.000000       -0.000000        0.000000
   311  1901       -0.000000       -0.000000       -0.000000       -0.000000       -0.000000       -0.000000        0.000000
   312  1901       -0.000000       -0.000000       -0.000000       -0.000000       -0.000000       -0.000000        0.000000
   313  1901       -0.000000       -0.000000       -0.000000       -0.000000       -0.000000       -0.000000        0.000000
   314  1901       -0.000000       -0.000000       -0.000000       -0.000000       -0.000000       -0.000000        0.000000
   315  1901       -0.000000       -0.000000       -0.000000       -0.000000       -0.000000       -0.000000        0.000000
   316  1901       -0.000000       -0.000000       -0.000000       -0.000000       -0.000000       -0.000000        0.000000
   317  1901       -0.000000       -0.000000       -0.000000       -0.000000       -0.000000       -0.000000        0.000000
   318  1901       -0.000000       -0.000000       -0.000000       -0.000000       -0.000000       -0.000000        0.000000
   319  1901       -0.000000       -0.000000       -0.000000       -0.000000       -0.000000       -0.000000        0.000000
   320  1901       -0.000000       -0.000000       -0.000000       -0.000000       -0.000000       -0.000000        0.000000
   321  1901       -0.000000       -0.000000       -0.000000       -0.000000       -0.000000       -0.000000        0.000000
   322  1901       -0.000000       -0.000000       -0.000000       -0.000000       -0.000000       -0.000000        0.000000
   323  1901       -0.000000       -0.000000       -0.000000       -0.000000       -0.000000       -0.000000        0.000000
   324  1901       -0.000000       -0.000000       -0.000000       -0.000000       -0.000000       -0.000000        0.000000
   325  1901       -0.000000       -0.000000       -0.000000       -0.000000       -0.000000       -0.000000        0.000000
   326  1901       -0.000000       -0.000000       -0.000000       -0.000000       -0.000000       -0.000000        0.000000
   327  1901       -0.000000       -0.000000       -0.000000       -0.000000       -0.000000       -0.000000        0.000000
   328  1901       -0.000000       -0.000000       -0.000000       -0.000000       -0.000000       -0.000000        0.000000
   329  1901       -0.000000       -0.000000       -0.000000       -0.000000       -0.000000       -0.000000        0.000000
   330  1901       -0.000000       -0.000000       -0.000000       -0.000000       -0.000000       -0.000000        0.000000
   331  1901       -0.000000       -0.000000       -0.000000       -0.000000       -0.000000       -0.000000        0.000000
   332  1901       -0.000000       -0.000000       -0.000000       -0.000000       -0.000000       -0.000000        0.000000
   333  1901       -0.000000       -0.000000       -0.000000       -0.000000       -0.000000       -0.000000        0.000000
   334  1901       -0.000000       -0.000000       -0.000000       -0.000000       -0.000000       -0.000000        0.000000
   335  1901       -0.000000       -0.000000       -0.000000       -0.000000       -0.000000       -0.000000        0.000000
   336  1901       -0.000000       -0.000000       -0.000000       -0.000000       -0.000000       -0.000000        0.000000
   337  1901       -0.000000       -0.000000       -0.000000       -0.000000       -0.000000       -0.000000        0.000000
   338  1901       -0.000000       -0.000000       -0.000000       -0.000000       -0.000000       -0.000000        0.000000
   339  1901       -0.000000       -0.000000       -0.000000       -0.000000       -0.000000       -0.000000        0.000000
   340  1901       -0.000000       -0.000000       -0.000000       -0.000000       -0.000000       -0.000000        0.000000
   341  1901       -0.000000       -0.000000       -0.000000       -0.000000       -0.000000       -0.000000        0.000000
   342  1901       -0.000000       -0.000000       -0.000000       -0.000000       -0.000000       -0.000000        0.000000
   343  1901       -0.000000       -0.000000       -0.000000       -0.000000       -0.000000       -0.000000        0.000000
   344  1901       -0.000000       -0.000000       -0.000000       -0.000000       -0.000000       -0.000000        0.000000
   345  1901       -0.000000       -0.000000       -0.000000       -0.000000       -0.000000       -0.000000        0.000000
   346  1901       -0.000000       -0.000000       -0.000000       -0.000000       -0.000000       -0.000000        0.000000
   347  1901       -0.000000       -0.000000       -0.000000       -0.000000       -0.000000       -0.000000        0.000000
   348  1901       -0.000000       -0.000000       -0.000000       -0.000000       -0.000000       -0.000000        0.000000
   349  1901       -0.000000       -0.000000       -0.000000       -0.000000       -0.000000       -0.000000        0.000000
   350  1901       -0.000000       -0.000000       -0.000000       -0.000000       -0.000000       -0.000000        0.000000
   351  1901       -0.000000       -0.000000       -0.000000       -0.000000       -0.000000       -0.000000        0.000000
   352  1901       -0.000000       -0.000000       -0.000000       -0.000000       -0.000000       -0.000000        0.000000
   353  1901       -0.000000       -0.000000       -0.000000       -0.000000       -0.000000       -0.000000        0.000000
   354  1901       -0.000000       -0.000000       -0.000000       -0.000000       -0.000000       -0.000000        0.000000
   355  1901       -0.000000       -0.000000       -0.000000       -0.000000       -0.000000       -0.000000        0.000000
   356  1901       -0.000000       -0.000000       -0.000000       -0.000000       -0.000000       -0.000000        0.000000
   357  1901       -0.000000       -0.000000       -0.000000       -0.000000       -0.000000       -0.000000        0.000000
   358  1901       -0.000000       -0.000000       -0.000000       -0.000000       -0.000000       -0.000000        0.000000
   359  1901       -0.000000       -0.000000       -0.000000       -0.000000       -0.000000       -0.000000        0.000000
   360  1901       -0.000000       -0.000000       -0.000000       -0.000000       -0.000000       -0.000000        0.000000
   361  1901       -0.000000       -0.000000       -0.000000       -0.000000       -0.000000       -0.000000        0.000000
   362  1901       -0.000000       -0.000000       -0.000000       -0.000000       -0.000000       -0.000000        0.000000
   363  1901       -0.000000       -0.000000       -0.000000       -0.000000       -0.000000       -0.000000        0.000000
   364  1901       -0.000000       -0.000000       -0.000000       -0.000000       -0.000000       -0.000000        0.000000
   365  1901       -0.000000       -0.000000       -0.000000       -0.000000       -0.000000       -0.000000        0.000000
