1011901    23       -0.48
2011901    23       -0.50
3011901    23       -0.52
4011901    23       -0.52
5011901    23       -0.52
6011901    23       -0.51
7011901    23       -0.50
8011901    23       -0.48
9011901    23       -0.45
10011901   23       -0.43
11011901   23       -0.41
12011901   23       -0.39
13011901   23       -0.39
14011901   23       -0.40
15011901   23       -0.42
16011901   23       -0.45
17011901   23       -0.49
18011901   23       -0.52
19011901   23       -0.55
20011901   23       -0.57
21011901   23       -0.58
22011901   23       -0.57
23011901   23       -0.56
24011901   23       -0.54
25011901   23       -0.51
26011901   23       -0.48
27011901   23       -0.46
28011901   23       -0.44
29011901   23       -0.45
30011901   23       -0.46
31011901   23       -0.47
1021901    23       -0.49
2021901    23       -0.50
3021901    23       -0.50
4021901    23       -0.50
5021901    23       -0.50
6021901    23       -0.48
7021901    23       -0.46
8021901    23       -0.44
9021901    23       -0.42
10021901   23       -0.41
11021901   23       -0.40
12021901   23       -0.41
13021901   23       -0.43
14021901   23       -0.46
15021901   23       -0.49
16021901   23       -0.52
17021901   23       -0.55
18021901   23       -0.57
19021901   23       -0.58
20021901   23       -0.58
21021901   23       -0.57
22021901   23       -0.55
23021901   23       -0.52
24021901   23       -0.48
25021901   23       -0.46
26021901   23       -0.44
27021901   23       -0.43
28021901   23       -0.43
1031901    23       -0.44
2031901    23       -0.46
3031901    23       -0.47
4031901    23       -0.48
5031901    23       -0.49
6031901    23       -0.49
7031901    23       -0.49
8031901    23       -0.48
9031901    23       -0.46
10031901   23       -0.45
11031901   23       -0.43
12031901   23       -0.43
13031901   23       -0.43
14031901   23       -0.44
15031901   23       -0.46
16031901   23       -0.49
17031901   23       -0.52
18031901   23       -0.55
19031901   23       -0.57
20031901   23       -0.58
21031901   23       -0.58
22031901   23       -0.57
23031901   23       -0.55
24031901   23       -0.52
25031901   23       -0.49
26031901   23       -0.46
27031901   23       -0.43
28031901   23       -0.42
29031901   23       -0.41
30031901   23       -0.42
31031901   23       -0.43
1041901    23       -0.45
2041901    23       -0.47
3041901    23       -0.48
4041901    23       -0.49
5041901    23       -0.50
6041901    23       -0.50
7041901    23       -0.49
8041901    23       -0.48
9041901    23       -0.46
10041901   23       -0.45
11041901   23       -0.45
12041901   23       -0.45
13041901   23       -0.47
14041901   23       -0.49
15041901   23       -0.51
16041901   23       -0.54
17041901   23       -0.55
18041901   23       -0.57
19041901   23       -0.57
20041901   23       -0.57
21041901   23       -0.55
22041901   23       -0.53
23041901   23       -0.49
24041901   23       -0.46
25041901   23       -0.43
26041901   23       -0.40
27041901   23       -0.40
28041901   23       -0.40
29041901   23       -0.41
30041901   23       -0.43
1051901    23       -0.45
2051901    23       -0.48
3051901    23       -0.49
4051901    23       -0.51
5051901    23       -0.51
6051901    23       -0.51
7051901    23       -0.50
8051901    23       -0.49
9051901    23       -0.48
10051901   23       -0.47
11051901   23       -0.47
12051901   23       -0.47
13051901   23       -0.48
14051901   23       -0.50
15051901   23       -0.52
16051901   23       -0.54
17051901   23       -0.55
18051901   23       -0.56
19051901   23       -0.56
20051901   23       -0.55
21051901   23       -0.53
22051901   23       -0.50
23051901   23       -0.46
24051901   23       -0.42
25051901   23       -0.40
26051901   23       -0.39
27051901   23       -0.39
28051901   23       -0.40
29051901   23       -0.42
30051901   23       -0.45
31051901   23       -0.47
1061901    23       -0.49
2061901    23       -0.51
3061901    23       -0.53
4061901    23       -0.53
5061901    23       -0.53
6061901    23       -0.52
7061901    23       -0.51
8061901    23       -0.49
9061901    23       -0.48
10061901   23       -0.47
11061901   23       -0.47
12061901   23       -0.48
13061901   23       -0.50
14061901   23       -0.51
15061901   23       -0.53
16061901   23       -0.54
17061901   23       -0.55
18061901   23       -0.54
19061901   23       -0.52
20061901   23       -0.50
21061901   23       -0.46
22061901   23       -0.43
23061901   23       -0.40
24061901   23       -0.39
25061901   23       -0.39
26061901   23       -0.40
27061901   23       -0.42
28061901   23       -0.44
29061901   23       -0.46
30061901   23       -0.49
1071901    23       -0.52
2071901    23       -0.54
3071901    23       -0.56
4071901    23       -0.56
5071901    23       -0.55
6071901    23       -0.53
7071901    23       -0.51
8071901    23       -0.49
9071901    23       -0.47
10071901   23       -0.46
11071901   23       -0.46
12071901   23       -0.47
13071901   23       -0.49
14071901   23       -0.51
15071901   23       -0.52
16071901   23       -0.53
17071901   23       -0.53
18071901   23       -0.52
19071901   23       -0.50
20071901   23       -0.47
21071901   23       -0.44
22071901   23       -0.41
23071901   23       -0.40
24071901   23       -0.39
25071901   23       -0.40
26071901   23       -0.41
27071901   23       -0.43
28071901   23       -0.46
29071901   23       -0.50
30071901   23       -0.53
31071901   23       -0.56
1081901    23       -0.57
2081901    23       -0.58
3081901    23       -0.57
4081901    23       -0.55
5081901    23       -0.53
6081901    23       -0.50
7081901    23       -0.47
8081901    23       -0.45
9081901    23       -0.44
10081901   23       -0.45
11081901   23       -0.46
12081901   23       -0.48
13081901   23       -0.50
14081901   23       -0.51
15081901   23       -0.52
16081901   23       -0.51
17081901   23       -0.50
18081901   23       -0.48
19081901   23       -0.45
20081901   23       -0.43
21081901   23       -0.41
22081901   23       -0.41
23081901   23       -0.41
24081901   23       -0.41
25081901   23       -0.43
26081901   23       -0.46
27081901   23       -0.50
28081901   23       -0.53
29081901   23       -0.56
30081901   23       -0.58
31081901   23       -0.59
1091901    23       -0.58
2091901    23       -0.56
3091901    23       -0.54
4091901    23       -0.50
5091901    23       -0.47
6091901    23       -0.44
7091901    23       -0.42
8091901    23       -0.42
9091901    23       -0.44
10091901   23       -0.46
11091901   23       -0.48
12091901   23       -0.49
13091901   23       -0.50
14091901   23       -0.51
15091901   23       -0.50
16091901   23       -0.49
17091901   23       -0.47
18091901   23       -0.45
19091901   23       -0.43
20091901   23       -0.42
21091901   23       -0.42
22091901   23       -0.42
23091901   23       -0.44
24091901   23       -0.46
25091901   23       -0.50
26091901   23       -0.53
27091901   23       -0.57
28091901   23       -0.59
29091901   23       -0.59
30091901   23       -0.59
1101901    23       -0.57
2101901    23       -0.54
3101901    23       -0.50
4101901    23       -0.46
5101901    23       -0.43
6101901    23       -0.41
7101901    23       -0.41
8101901    23       -0.42
9101901    23       -0.43
10101901   23       -0.46
11101901   23       -0.48
12101901   23       -0.49
13101901   23       -0.50
14101901   23       -0.50
15101901   23       -0.50
16101901   23       -0.49
17101901   23       -0.47
18101901   23       -0.46
19101901   23       -0.45
20101901   23       -0.44
21101901   23       -0.43
22101901   23       -0.44
23101901   23       -0.46
24101901   23       -0.49
25101901   23       -0.53
26101901   23       -0.56
27101901   23       -0.58
28101901   23       -0.59
29101901   23       -0.59
30101901   23       -0.57
31101901   23       -0.53
1111901    23       -0.49
2111901    23       -0.46
3111901    23       -0.42
4111901    23       -0.40
5111901    23       -0.39
6111901    23       -0.40
7111901    23       -0.41
8111901    23       -0.44
9111901    23       -0.46
10111901   23       -0.48
11111901   23       -0.50
12111901   23       -0.51
13111901   23       -0.51
14111901   23       -0.51
15111901   23       -0.50
16111901   23       -0.48
17111901   23       -0.47
18111901   23       -0.46
19111901   23       -0.45
20111901   23       -0.45
21111901   23       -0.46
22111901   23       -0.49
23111901   23       -0.52
24111901   23       -0.55
25111901   23       -0.57
26111901   23       -0.58
27111901   23       -0.58
28111901   23       -0.56
29111901   23       -0.53
30111901   23       -0.49
1121901    23       -0.45
2121901    23       -0.42
3121901    23       -0.40
4121901    23       -0.39
5121901    23       -0.39
6121901    23       -0.40
7121901    23       -0.42
8121901    23       -0.45
9121901    23       -0.48
10121901   23       -0.50
11121901   23       -0.52
12121901   23       -0.53
13121901   23       -0.53
14121901   23       -0.52
15121901   23       -0.51
16121901   23       -0.49
17121901   23       -0.47
18121901   23       -0.46
19121901   23       -0.45
20121901   23       -0.46
21121901   23       -0.48
22121901   23       -0.51
23121901   23       -0.54
24121901   23       -0.56
25121901   23       -0.56
26121901   23       -0.56
27121901   23       -0.54
28121901   23       -0.52
29121901   23       -0.49
30121901   23       -0.45
31121901   23       -0.42
