1011900.00	23.00	0.72
2011900.00	23.00	0.89
3011900.00	23.00	0.99
4011900.00	23.00	0.99
5011900.00	23.00	0.89
6011900.00	23.00	0.72
7011900.00	23.00	0.50
8011900.00	23.00	0.28
9011900.00	23.00	0.11
10011900.00	23.00	0.01
11011900.00	23.00	0.01
12011900.00	23.00	0.11
13011900.00	23.00	0.28
14011900.00	23.00	0.50
15011900.00	23.00	0.72
16011900.00	23.00	0.89
17011900.00	23.00	0.99
18011900.00	23.00	0.99
19011900.00	23.00	0.89
20011900.00	23.00	0.72
21011900.00	23.00	0.50
22011900.00	23.00	0.28
23011900.00	23.00	0.11
24011900.00	23.00	0.01
25011900.00	23.00	0.01
26011900.00	23.00	0.11
27011900.00	23.00	0.28
28011900.00	23.00	0.50
29011900.00	23.00	0.72
30011900.00	23.00	0.89
31011900.00	23.00	0.99
1021900.00	23.00	0.99
2021900.00	23.00	0.89
3021900.00	23.00	0.72
4021900.00	23.00	0.50
5021900.00	23.00	0.28
6021900.00	23.00	0.11
7021900.00	23.00	0.01
8021900.00	23.00	0.01
9021900.00	23.00	0.11
10021900.00	23.00	0.28
11021900.00	23.00	0.50
12021900.00	23.00	0.72
13021900.00	23.00	0.89
14021900.00	23.00	0.99
15021900.00	23.00	0.99
16021900.00	23.00	0.89
17021900.00	23.00	0.72
18021900.00	23.00	0.50
19021900.00	23.00	0.28
20021900.00	23.00	0.11
21021900.00	23.00	0.01
22021900.00	23.00	0.01
23021900.00	23.00	0.11
24021900.00	23.00	0.28
25021900.00	23.00	0.50
26021900.00	23.00	0.72
27021900.00	23.00	0.89
28021900.00	23.00	0.99
29021900.00	23.00	0.99
1031900.00	23.00	0.89
2031900.00	23.00	0.72
3031900.00	23.00	0.50
4031900.00	23.00	0.28
5031900.00	23.00	0.11
6031900.00	23.00	0.01
7031900.00	23.00	0.01
8031900.00	23.00	0.11
9031900.00	23.00	0.28
10031900.00	23.00	0.50
11031900.00	23.00	0.72
12031900.00	23.00	0.89
13031900.00	23.00	0.99
14031900.00	23.00	0.99
15031900.00	23.00	0.89
16031900.00	23.00	0.72
17031900.00	23.00	0.50
18031900.00	23.00	0.28
19031900.00	23.00	0.11
20031900.00	23.00	0.01
21031900.00	23.00	0.01
22031900.00	23.00	0.11
23031900.00	23.00	0.28
24031900.00	23.00	0.50
25031900.00	23.00	0.72
26031900.00	23.00	0.89
27031900.00	23.00	0.99
28031900.00	23.00	0.99
29031900.00	23.00	0.89
30031900.00	23.00	0.72
31031900.00	23.00	0.50
1041900.00	23.00	0.28
2041900.00	23.00	0.11
3041900.00	23.00	0.01
4041900.00	23.00	0.01
5041900.00	23.00	0.11
6041900.00	23.00	0.28
7041900.00	23.00	0.50
8041900.00	23.00	0.72
9041900.00	23.00	0.89
10041900.00	23.00	0.99
11041900.00	23.00	0.99
12041900.00	23.00	0.89
13041900.00	23.00	0.72
14041900.00	23.00	0.50
15041900.00	23.00	0.28
16041900.00	23.00	0.11
17041900.00	23.00	0.01
18041900.00	23.00	0.01
19041900.00	23.00	0.11
20041900.00	23.00	0.28
21041900.00	23.00	0.50
22041900.00	23.00	0.72
23041900.00	23.00	0.89
24041900.00	23.00	0.99
25041900.00	23.00	0.99
26041900.00	23.00	0.89
27041900.00	23.00	0.72
28041900.00	23.00	0.50
29041900.00	23.00	0.28
30041900.00	23.00	0.11
1051900.00	23.00	0.01
2051900.00	23.00	0.01
3051900.00	23.00	0.11
4051900.00	23.00	0.28
5051900.00	23.00	0.50
6051900.00	23.00	0.72
7051900.00	23.00	0.89
8051900.00	23.00	0.99
9051900.00	23.00	0.99
10051900.00	23.00	0.89
11051900.00	23.00	0.72
12051900.00	23.00	0.50
13051900.00	23.00	0.28
14051900.00	23.00	0.11
15051900.00	23.00	0.01
16051900.00	23.00	0.01
17051900.00	23.00	0.11
18051900.00	23.00	0.28
19051900.00	23.00	0.50
20051900.00	23.00	0.72
21051900.00	23.00	0.89
22051900.00	23.00	0.99
23051900.00	23.00	0.99
24051900.00	23.00	0.89
25051900.00	23.00	0.72
26051900.00	23.00	0.50
27051900.00	23.00	0.28
28051900.00	23.00	0.11
29051900.00	23.00	0.01
30051900.00	23.00	0.01
31051900.00	23.00	0.11
1061900.00	23.00	0.28
2061900.00	23.00	0.50
3061900.00	23.00	0.72
4061900.00	23.00	0.89
5061900.00	23.00	0.99
6061900.00	23.00	0.99
7061900.00	23.00	0.89
8061900.00	23.00	0.72
9061900.00	23.00	0.50
10061900.00	23.00	0.28
11061900.00	23.00	0.11
12061900.00	23.00	0.01
13061900.00	23.00	0.01
14061900.00	23.00	0.11
15061900.00	23.00	0.28
16061900.00	23.00	0.50
17061900.00	23.00	0.72
18061900.00	23.00	0.89
19061900.00	23.00	0.99
20061900.00	23.00	0.99
21061900.00	23.00	0.89
22061900.00	23.00	0.72
23061900.00	23.00	0.50
24061900.00	23.00	0.28
25061900.00	23.00	0.11
26061900.00	23.00	0.01
27061900.00	23.00	0.01
28061900.00	23.00	0.11
29061900.00	23.00	0.28
30061900.00	23.00	0.50
1071900.00	23.00	0.72
2071900.00	23.00	0.89
3071900.00	23.00	0.99
4071900.00	23.00	0.99
5071900.00	23.00	0.89
6071900.00	23.00	0.72
7071900.00	23.00	0.50
8071900.00	23.00	0.28
9071900.00	23.00	0.11
10071900.00	23.00	0.01
11071900.00	23.00	0.01
12071900.00	23.00	0.11
13071900.00	23.00	0.28
14071900.00	23.00	0.50
15071900.00	23.00	0.72
16071900.00	23.00	0.89
17071900.00	23.00	0.99
18071900.00	23.00	0.99
19071900.00	23.00	0.89
20071900.00	23.00	0.72
21071900.00	23.00	0.50
22071900.00	23.00	0.28
23071900.00	23.00	0.11
24071900.00	23.00	0.01
25071900.00	23.00	0.01
26071900.00	23.00	0.11
27071900.00	23.00	0.28
28071900.00	23.00	0.50
29071900.00	23.00	0.72
30071900.00	23.00	0.89
31071900.00	23.00	0.99
1081900.00	23.00	0.99
2081900.00	23.00	0.89
3081900.00	23.00	0.72
4081900.00	23.00	0.50
5081900.00	23.00	0.28
6081900.00	23.00	0.11
7081900.00	23.00	0.01
8081900.00	23.00	0.01
9081900.00	23.00	0.11
10081900.00	23.00	0.28
11081900.00	23.00	0.50
12081900.00	23.00	0.72
13081900.00	23.00	0.89
14081900.00	23.00	0.99
15081900.00	23.00	0.99
16081900.00	23.00	0.89
17081900.00	23.00	0.72
18081900.00	23.00	0.50
19081900.00	23.00	0.28
20081900.00	23.00	0.11
21081900.00	23.00	0.01
22081900.00	23.00	0.01
23081900.00	23.00	0.11
24081900.00	23.00	0.28
25081900.00	23.00	0.50
26081900.00	23.00	0.72
27081900.00	23.00	0.89
28081900.00	23.00	0.99
29081900.00	23.00	0.99
30081900.00	23.00	0.89
31081900.00	23.00	0.72
1091900.00	23.00	0.50
2091900.00	23.00	0.28
3091900.00	23.00	0.11
4091900.00	23.00	0.01
5091900.00	23.00	0.01
6091900.00	23.00	0.11
7091900.00	23.00	0.28
8091900.00	23.00	0.50
9091900.00	23.00	0.72
10091900.00	23.00	0.89
11091900.00	23.00	0.99
12091900.00	23.00	0.99
13091900.00	23.00	0.89
14091900.00	23.00	0.72
15091900.00	23.00	0.50
16091900.00	23.00	0.28
17091900.00	23.00	0.11
18091900.00	23.00	0.01
19091900.00	23.00	0.01
20091900.00	23.00	0.11
21091900.00	23.00	0.28
22091900.00	23.00	0.50
23091900.00	23.00	0.72
24091900.00	23.00	0.89
25091900.00	23.00	0.99
26091900.00	23.00	0.99
27091900.00	23.00	0.89
28091900.00	23.00	0.72
29091900.00	23.00	0.50
30091900.00	23.00	0.28
1101900.00	23.00	0.11
2101900.00	23.00	0.01
3101900.00	23.00	0.01
4101900.00	23.00	0.11
5101900.00	23.00	0.28
6101900.00	23.00	0.50
7101900.00	23.00	0.72
8101900.00	23.00	0.89
9101900.00	23.00	0.99
10101900.00	23.00	0.99
11101900.00	23.00	0.89
12101900.00	23.00	0.72
13101900.00	23.00	0.50
14101900.00	23.00	0.28
15101900.00	23.00	0.11
16101900.00	23.00	0.01
17101900.00	23.00	0.01
18101900.00	23.00	0.11
19101900.00	23.00	0.28
20101900.00	23.00	0.50
21101900.00	23.00	0.72
22101900.00	23.00	0.89
23101900.00	23.00	0.99
24101900.00	23.00	0.99
25101900.00	23.00	0.89
26101900.00	23.00	0.72
27101900.00	23.00	0.50
28101900.00	23.00	0.28
29101900.00	23.00	0.11
30101900.00	23.00	0.01
31101900.00	23.00	0.01
1111900.00	23.00	0.11
2111900.00	23.00	0.28
3111900.00	23.00	0.50
4111900.00	23.00	0.72
5111900.00	23.00	0.89
6111900.00	23.00	0.99
7111900.00	23.00	0.99
8111900.00	23.00	0.89
9111900.00	23.00	0.72
10111900.00	23.00	0.50
11111900.00	23.00	0.28
12111900.00	23.00	0.11
13111900.00	23.00	0.01
14111900.00	23.00	0.01
15111900.00	23.00	0.11
16111900.00	23.00	0.28
17111900.00	23.00	0.50
18111900.00	23.00	0.72
19111900.00	23.00	0.89
20111900.00	23.00	0.99
21111900.00	23.00	0.99
22111900.00	23.00	0.89
23111900.00	23.00	0.72
24111900.00	23.00	0.50
25111900.00	23.00	0.28
26111900.00	23.00	0.11
27111900.00	23.00	0.01
28111900.00	23.00	0.01
29111900.00	23.00	0.11
30111900.00	23.00	0.28
1121900.00	23.00	0.50
2121900.00	23.00	0.72
3121900.00	23.00	0.89
4121900.00	23.00	0.99
5121900.00	23.00	0.99
6121900.00	23.00	0.89
7121900.00	23.00	0.72
8121900.00	23.00	0.50
9121900.00	23.00	0.28
10121900.00	23.00	0.11
11121900.00	23.00	0.01
12121900.00	23.00	0.01
13121900.00	23.00	0.11
14121900.00	23.00	0.28
15121900.00	23.00	0.50
16121900.00	23.00	0.72
17121900.00	23.00	0.89
18121900.00	23.00	0.99
19121900.00	23.00	0.99
20121900.00	23.00	0.89
21121900.00	23.00	0.72
22121900.00	23.00	0.50
23121900.00	23.00	0.28
24121900.00	23.00	0.11
25121900.00	23.00	0.01
26121900.00	23.00	0.01
27121900.00	23.00	0.11
28121900.00	23.00	0.28
29121900.00	23.00	0.50
30121900.00	23.00	0.72
31121900.00	23.00	0.89
