01011931 23 -0.91
02011931 23 -0.91
03011931 23 -0.90
04011931 23 -0.90
05011931 23 -0.90
06011931 23 -0.91
07011931 23 -0.91
08011931 23 -0.91
09011931 23 -0.91
10011931 23 -0.90
11011931 23 -0.89
12011931 23 -0.87
13011931 23 -0.86
14011931 23 -0.85
15011931 23 -0.83
16011931 23 -0.86
17011931 23 -0.89
18011931 23 -0.89
19011931 23 -0.88
20011931 23 -0.90
21011931 23 -0.90
22011931 23 -0.89
23011931 23 -0.88
24011931 23 -0.87
25011931 23 -0.85
26011931 23 -0.84
27011931 23 -0.82
28011931 23 -0.80
29011931 23 -0.78
30011931 23 -0.76
31011931 23 -0.75
01021931 23 -0.80
02021931 23 -0.85
03021931 23 -0.88
04021931 23 -0.88
05021931 23 -0.87
06021931 23 -0.86
07021931 23 -0.84
08021931 23 -0.83
09021931 23 -0.81
10021931 23 -0.79
11021931 23 -0.83
12021931 23 -0.87
13021931 23 -0.90
14021931 23 -0.90
15021931 23 -0.88
16021931 23 -0.87
17021931 23 -0.85
18021931 23 -0.84
19021931 23 -0.82
20021931 23 -0.80
21021931 23 -0.78
22021931 23 -0.75
23021931 23 -0.73
24021931 23 -0.78
25021931 23 -0.78
26021931 23 -0.78
27021931 23 -0.82
28021931 23 -0.86
01031931 23 -0.87
02031931 23 -0.89
03031931 23 -0.90
04031931 23 -0.88
05031931 23 -0.86
06031931 23 -0.86
07031931 23 -0.89
08031931 23 -0.89
09031931 23 -0.87
10031931 23 -0.85
11031931 23 -0.84
12031931 23 -0.87
13031931 23 -0.89
14031931 23 -0.88
15031931 23 -0.89
16031931 23 -0.90
17031931 23 -0.88
18031931 23 -0.88
19031931 23 -0.90
20031931 23 -0.89
21031931 23 -0.88
22031931 23 -0.90
23031931 23 -0.89
24031931 23 -0.90
25031931 23 -0.89
26031931 23 -0.88
27031931 23 -0.90
28031931 23 -0.89
29031931 23 -0.87
30031931 23 -0.86
31031931 23 -0.89
01041931 23 -0.90
02041931 23 -0.88
03041931 23 -0.88
04041931 23 -0.90
05041931 23 -0.90
06041931 23 -0.88
07041931 23 -0.87
08041931 23 -0.85
09041931 23 -0.83
10041931 23 -0.80
11041931 23 -0.79
12041931 23 -0.83
13041931 23 -0.86
14041931 23 -0.86
15041931 23 -0.85
16041931 23 -0.82
17041931 23 -0.80
18041931 23 -0.83
19041931 23 -0.84
20041931 23 -0.83
21041931 23 -0.80
22041931 23 -0.79
23041931 23 -0.82
24041931 23 -0.83
25041931 23 -0.81
26041931 23 -0.79
27041931 23 -0.78
28041931 23 -0.83
29041931 23 -0.84
30041931 23 -0.83
01051931 23 -0.86
02051931 23 -0.87
03051931 23 -0.85
04051931 23 -0.84
05051931 23 -0.87
06051931 23 -0.88
07051931 23 -0.86
08051931 23 -0.85
09051931 23 -0.88
10051931 23 -0.88
11051931 23 -0.88
12051931 23 -0.89
13051931 23 -0.89
14051931 23 -0.89
15051931 23 -0.87
16051931 23 -0.89
17051931 23 -0.90
18051931 23 -0.89
19051931 23 -0.85
20051931 23 -0.81
21051931 23 -0.81
22051931 23 -0.86
23051931 23 -0.88
24051931 23 -0.86
25051931 23 -0.84
26051931 23 -0.81
27051931 23 -0.78
28051931 23 -0.75
29051931 23 -0.71
30051931 23 -0.67
31051931 23 -0.63
01061931 23 -0.60
02061931 23 -0.72
03061931 23 -0.79
04061931 23 -0.78
05061931 23 -0.75
06061931 23 -0.72
07061931 23 -0.69
08061931 23 -0.65
09061931 23 -0.62
10061931 23 -0.59
11061931 23 -0.59
12061931 23 -0.78
13061931 23 -0.86
14061931 23 -0.88
15061931 23 -0.87
16061931 23 -0.84
17061931 23 -0.80
18061931 23 -0.76
19061931 23 -0.72
20061931 23 -0.71
21061931 23 -0.79
22061931 23 -0.82
23061931 23 -0.83
24061931 23 -0.83
25061931 23 -0.81
26061931 23 -0.78
27061931 23 -0.78
28061931 23 -0.83
29061931 23 -0.86
30061931 23 -0.87
01071931 23 -0.84
02071931 23 -0.80
03071931 23 -0.76
04071931 23 -0.70
05071931 23 -0.65
06071931 23 -0.60
07071931 23 -0.55
08071931 23 -0.51
09071931 23 -0.47
10071931 23 -0.48
11071931 23 -0.71
12071931 23 -0.73
13071931 23 -0.65
14071931 23 -0.60
15071931 23 -0.55
16071931 23 -0.51
17071931 23 -0.68
18071931 23 -0.74
19071931 23 -0.69
20071931 23 -0.64
21071931 23 -0.60
22071931 23 -0.56
23071931 23 -0.52
24071931 23 -0.49
25071931 23 -0.45
26071931 23 -0.41
27071931 23 -0.37
28071931 23 -0.32
29071931 23 -0.27
30071931 23 -0.19
31071931 23 -0.11
01081931 23 -0.21
02081931 23 -0.73
03081931 23 -0.81
04081931 23 -0.84
05081931 23 -0.85
06081931 23 -0.84
07081931 23 -0.83
08081931 23 -0.81
09081931 23 -0.79
10081931 23 -0.75
11081931 23 -0.71
12081931 23 -0.74
13081931 23 -0.87
14081931 23 -0.92
15081931 23 -0.90
16081931 23 -0.88
17081931 23 -0.86
18081931 23 -0.83
19081931 23 -0.81
20081931 23 -0.81
21081931 23 -0.78
22081931 23 -0.77
23081931 23 -0.72
24081931 23 -0.67
25081931 23 -0.62
26081931 23 -0.57
27081931 23 -0.53
28081931 23 -0.49
29081931 23 -0.46
30081931 23 -0.73
31081931 23 -0.85
01091931 23 -0.88
02091931 23 -0.88
03091931 23 -0.89
04091931 23 -0.87
05091931 23 -0.85
06091931 23 -0.91
07091931 23 -0.93
08091931 23 -0.91
09091931 23 -0.89
10091931 23 -0.88
11091931 23 -0.87
12091931 23 -0.85
13091931 23 -0.84
14091931 23 -0.83
15091931 23 -0.79
16091931 23 -0.77
17091931 23 -0.87
18091931 23 -0.92
19091931 23 -0.92
20091931 23 -0.89
21091931 23 -0.88
22091931 23 -0.86
23091931 23 -0.86
24091931 23 -0.84
25091931 23 -0.81
26091931 23 -0.77
27091931 23 -0.72
28091931 23 -0.67
29091931 23 -0.63
30091931 23 -0.61
01101931 23 -0.66
02101931 23 -0.81
03101931 23 -0.78
04101931 23 -0.73
05101931 23 -0.67
06101931 23 -0.62
07101931 23 -0.57
08101931 23 -0.53
09101931 23 -0.49
10101931 23 -0.83
11101931 23 -0.95
12101931 23 -0.88
13101931 23 -0.86
14101931 23 -0.83
15101931 23 -0.80
16101931 23 -0.76
17101931 23 -0.72
18101931 23 -0.91
19101931 23 -0.97
20101931 23 -0.98
21101931 23 -0.97
22101931 23 -0.97
23101931 23 -0.97
24101931 23 -0.97
25101931 23 -0.95
26101931 23 -0.94
27101931 23 -0.96
28101931 23 -0.97
29101931 23 -0.96
30101931 23 -0.94
31101931 23 -0.93
01111931 23 -0.92
02111931 23 -0.93
03111931 23 -0.93
04111931 23 -0.94
05111931 23 -0.94
06111931 23 -0.94
07111931 23 -0.94
08111931 23 -0.94
09111931 23 -0.94
10111931 23 -0.94
11111931 23 -0.94
12111931 23 -0.94
13111931 23 -0.94
14111931 23 -0.95
15111931 23 -0.99
16111931 23 -1.03
17111931 23 -1.06
18111931 23 -1.07
19111931 23 -1.08
20111931 23 -1.10
21111931 23 -1.10
22111931 23 -1.10
23111931 23 -1.10
24111931 23 -1.10
25111931 23 -1.10
26111931 23 -1.10
27111931 23 -1.10
28111931 23 -1.10
29111931 23 -1.10
30111931 23 -1.11
01121931 23 -1.11
02121931 23 -1.11
03121931 23 -1.11
04121931 23 -1.10
05121931 23 -1.09
06121931 23 -1.08
07121931 23 -1.09
08121931 23 -1.08
09121931 23 -1.08
10121931 23 -1.08
11121931 23 -1.08
12121931 23 -1.09
13121931 23 -1.09
14121931 23 -1.09
15121931 23 -1.09
16121931 23 -1.09
17121931 23 -1.09
18121931 23 -1.08
19121931 23 -1.04
20121931 23 -1.01
21121931 23 -1.00
22121931 23 -1.09
23121931 23 -1.10
24121931 23 -1.04
25121931 23 -1.01
26121931 23 -0.98
27121931 23 -0.96
28121931 23 -0.96
29121931 23 -0.94
30121931 23 -0.92
31121931 23 -0.90
