01011995 23 -0.91
02011995 23 -0.91
03011995 23 -0.90
04011995 23 -0.90
05011995 23 -0.90
06011995 23 -0.91
07011995 23 -0.91
08011995 23 -0.91
09011995 23 -0.91
10011995 23 -0.90
11011995 23 -0.89
12011995 23 -0.87
13011995 23 -0.86
14011995 23 -0.85
15011995 23 -0.83
16011995 23 -0.86
17011995 23 -0.89
18011995 23 -0.89
19011995 23 -0.88
20011995 23 -0.90
21011995 23 -0.90
22011995 23 -0.89
23011995 23 -0.88
24011995 23 -0.87
25011995 23 -0.85
26011995 23 -0.84
27011995 23 -0.82
28011995 23 -0.80
29011995 23 -0.78
30011995 23 -0.76
31011995 23 -0.75
01021995 23 -0.80
02021995 23 -0.85
03021995 23 -0.88
04021995 23 -0.88
05021995 23 -0.87
06021995 23 -0.86
07021995 23 -0.84
08021995 23 -0.83
09021995 23 -0.81
10021995 23 -0.79
11021995 23 -0.83
12021995 23 -0.87
13021995 23 -0.90
14021995 23 -0.90
15021995 23 -0.88
16021995 23 -0.87
17021995 23 -0.85
18021995 23 -0.84
19021995 23 -0.82
20021995 23 -0.80
21021995 23 -0.78
22021995 23 -0.75
23021995 23 -0.73
24021995 23 -0.78
25021995 23 -0.78
26021995 23 -0.78
27021995 23 -0.82
28021995 23 -0.86
01031995 23 -0.87
02031995 23 -0.89
03031995 23 -0.90
04031995 23 -0.88
05031995 23 -0.86
06031995 23 -0.86
07031995 23 -0.89
08031995 23 -0.89
09031995 23 -0.87
10031995 23 -0.85
11031995 23 -0.84
12031995 23 -0.87
13031995 23 -0.89
14031995 23 -0.88
15031995 23 -0.89
16031995 23 -0.90
17031995 23 -0.88
18031995 23 -0.88
19031995 23 -0.90
20031995 23 -0.89
21031995 23 -0.88
22031995 23 -0.90
23031995 23 -0.89
24031995 23 -0.90
25031995 23 -0.89
26031995 23 -0.88
27031995 23 -0.90
28031995 23 -0.89
29031995 23 -0.87
30031995 23 -0.86
31031995 23 -0.89
01041995 23 -0.90
02041995 23 -0.88
03041995 23 -0.88
04041995 23 -0.90
05041995 23 -0.90
06041995 23 -0.88
07041995 23 -0.87
08041995 23 -0.85
09041995 23 -0.83
10041995 23 -0.80
11041995 23 -0.79
12041995 23 -0.83
13041995 23 -0.86
14041995 23 -0.86
15041995 23 -0.85
16041995 23 -0.82
17041995 23 -0.80
18041995 23 -0.83
19041995 23 -0.84
20041995 23 -0.83
21041995 23 -0.80
22041995 23 -0.79
23041995 23 -0.82
24041995 23 -0.83
25041995 23 -0.81
26041995 23 -0.79
27041995 23 -0.78
28041995 23 -0.83
29041995 23 -0.84
30041995 23 -0.83
01051995 23 -0.86
02051995 23 -0.87
03051995 23 -0.85
04051995 23 -0.84
05051995 23 -0.87
06051995 23 -0.88
07051995 23 -0.86
08051995 23 -0.85
09051995 23 -0.88
10051995 23 -0.88
11051995 23 -0.88
12051995 23 -0.89
13051995 23 -0.89
14051995 23 -0.89
15051995 23 -0.87
16051995 23 -0.89
17051995 23 -0.90
18051995 23 -0.89
19051995 23 -0.85
20051995 23 -0.81
21051995 23 -0.81
22051995 23 -0.86
23051995 23 -0.88
24051995 23 -0.86
25051995 23 -0.84
26051995 23 -0.81
27051995 23 -0.78
28051995 23 -0.75
29051995 23 -0.71
30051995 23 -0.67
31051995 23 -0.63
01061995 23 -0.60
02061995 23 -0.72
03061995 23 -0.79
04061995 23 -0.78
05061995 23 -0.75
06061995 23 -0.72
07061995 23 -0.69
08061995 23 -0.65
09061995 23 -0.62
10061995 23 -0.59
11061995 23 -0.59
12061995 23 -0.78
13061995 23 -0.86
14061995 23 -0.88
15061995 23 -0.87
16061995 23 -0.84
17061995 23 -0.80
18061995 23 -0.76
19061995 23 -0.72
20061995 23 -0.71
21061995 23 -0.79
22061995 23 -0.82
23061995 23 -0.83
24061995 23 -0.83
25061995 23 -0.81
26061995 23 -0.78
27061995 23 -0.78
28061995 23 -0.83
29061995 23 -0.86
30061995 23 -0.87
01071995 23 -0.84
02071995 23 -0.80
03071995 23 -0.76
04071995 23 -0.70
05071995 23 -0.65
06071995 23 -0.60
07071995 23 -0.55
08071995 23 -0.51
09071995 23 -0.47
10071995 23 -0.48
11071995 23 -0.71
12071995 23 -0.73
13071995 23 -0.65
14071995 23 -0.60
15071995 23 -0.55
16071995 23 -0.51
17071995 23 -0.68
18071995 23 -0.74
19071995 23 -0.69
20071995 23 -0.64
21071995 23 -0.60
22071995 23 -0.56
23071995 23 -0.52
24071995 23 -0.49
25071995 23 -0.45
26071995 23 -0.41
27071995 23 -0.37
28071995 23 -0.32
29071995 23 -0.27
30071995 23 -0.19
31071995 23 -0.11
01081995 23 -0.21
02081995 23 -0.73
03081995 23 -0.81
04081995 23 -0.84
05081995 23 -0.85
06081995 23 -0.84
07081995 23 -0.83
08081995 23 -0.81
09081995 23 -0.79
10081995 23 -0.75
11081995 23 -0.71
12081995 23 -0.74
13081995 23 -0.87
14081995 23 -0.92
15081995 23 -0.90
16081995 23 -0.88
17081995 23 -0.86
18081995 23 -0.83
19081995 23 -0.81
20081995 23 -0.81
21081995 23 -0.78
22081995 23 -0.77
23081995 23 -0.72
24081995 23 -0.67
25081995 23 -0.62
26081995 23 -0.57
27081995 23 -0.53
28081995 23 -0.49
29081995 23 -0.46
30081995 23 -0.73
31081995 23 -0.85
01091995 23 -0.88
02091995 23 -0.88
03091995 23 -0.89
04091995 23 -0.87
05091995 23 -0.85
06091995 23 -0.91
07091995 23 -0.93
08091995 23 -0.91
09091995 23 -0.89
10091995 23 -0.88
11091995 23 -0.87
12091995 23 -0.85
13091995 23 -0.84
14091995 23 -0.83
15091995 23 -0.79
16091995 23 -0.77
17091995 23 -0.87
18091995 23 -0.92
19091995 23 -0.92
20091995 23 -0.89
21091995 23 -0.88
22091995 23 -0.86
23091995 23 -0.86
24091995 23 -0.84
25091995 23 -0.81
26091995 23 -0.77
27091995 23 -0.72
28091995 23 -0.67
29091995 23 -0.63
30091995 23 -0.61
01101995 23 -0.66
02101995 23 -0.81
03101995 23 -0.78
04101995 23 -0.73
05101995 23 -0.67
06101995 23 -0.62
07101995 23 -0.57
08101995 23 -0.53
09101995 23 -0.49
10101995 23 -0.83
11101995 23 -0.95
12101995 23 -0.88
13101995 23 -0.86
14101995 23 -0.83
15101995 23 -0.80
16101995 23 -0.76
17101995 23 -0.72
18101995 23 -0.91
19101995 23 -0.97
20101995 23 -0.98
21101995 23 -0.97
22101995 23 -0.97
23101995 23 -0.97
24101995 23 -0.97
25101995 23 -0.95
26101995 23 -0.94
27101995 23 -0.96
28101995 23 -0.97
29101995 23 -0.96
30101995 23 -0.94
31101995 23 -0.93
01111995 23 -0.92
02111995 23 -0.93
03111995 23 -0.93
04111995 23 -0.94
05111995 23 -0.94
06111995 23 -0.94
07111995 23 -0.94
08111995 23 -0.94
09111995 23 -0.94
10111995 23 -0.94
11111995 23 -0.94
12111995 23 -0.94
13111995 23 -0.94
14111995 23 -0.95
15111995 23 -0.99
16111995 23 -1.03
17111995 23 -1.06
18111995 23 -1.07
19111995 23 -1.08
20111995 23 -1.10
21111995 23 -1.10
22111995 23 -1.10
23111995 23 -1.10
24111995 23 -1.10
25111995 23 -1.10
26111995 23 -1.10
27111995 23 -1.10
28111995 23 -1.10
29111995 23 -1.10
30111995 23 -1.11
01121995 23 -1.11
02121995 23 -1.11
03121995 23 -1.11
04121995 23 -1.10
05121995 23 -1.09
06121995 23 -1.08
07121995 23 -1.09
08121995 23 -1.08
09121995 23 -1.08
10121995 23 -1.08
11121995 23 -1.08
12121995 23 -1.09
13121995 23 -1.09
14121995 23 -1.09
15121995 23 -1.09
16121995 23 -1.09
17121995 23 -1.09
18121995 23 -1.08
19121995 23 -1.04
20121995 23 -1.01
21121995 23 -1.00
22121995 23 -1.09
23121995 23 -1.10
24121995 23 -1.04
25121995 23 -1.01
26121995 23 -0.98
27121995 23 -0.96
28121995 23 -0.96
29121995 23 -0.94
30121995 23 -0.92
31121995 23 -0.90
