01011957 23 -0.91
02011957 23 -0.91
03011957 23 -0.90
04011957 23 -0.90
05011957 23 -0.90
06011957 23 -0.91
07011957 23 -0.91
08011957 23 -0.91
09011957 23 -0.91
10011957 23 -0.90
11011957 23 -0.89
12011957 23 -0.87
13011957 23 -0.86
14011957 23 -0.85
15011957 23 -0.83
16011957 23 -0.86
17011957 23 -0.89
18011957 23 -0.89
19011957 23 -0.88
20011957 23 -0.90
21011957 23 -0.90
22011957 23 -0.89
23011957 23 -0.88
24011957 23 -0.87
25011957 23 -0.85
26011957 23 -0.84
27011957 23 -0.82
28011957 23 -0.80
29011957 23 -0.78
30011957 23 -0.76
31011957 23 -0.75
01021957 23 -0.80
02021957 23 -0.85
03021957 23 -0.88
04021957 23 -0.88
05021957 23 -0.87
06021957 23 -0.86
07021957 23 -0.84
08021957 23 -0.83
09021957 23 -0.81
10021957 23 -0.79
11021957 23 -0.83
12021957 23 -0.87
13021957 23 -0.90
14021957 23 -0.90
15021957 23 -0.88
16021957 23 -0.87
17021957 23 -0.85
18021957 23 -0.84
19021957 23 -0.82
20021957 23 -0.80
21021957 23 -0.78
22021957 23 -0.75
23021957 23 -0.73
24021957 23 -0.78
25021957 23 -0.78
26021957 23 -0.78
27021957 23 -0.82
28021957 23 -0.86
01031957 23 -0.87
02031957 23 -0.89
03031957 23 -0.90
04031957 23 -0.88
05031957 23 -0.86
06031957 23 -0.86
07031957 23 -0.89
08031957 23 -0.89
09031957 23 -0.87
10031957 23 -0.85
11031957 23 -0.84
12031957 23 -0.87
13031957 23 -0.89
14031957 23 -0.88
15031957 23 -0.89
16031957 23 -0.90
17031957 23 -0.88
18031957 23 -0.88
19031957 23 -0.90
20031957 23 -0.89
21031957 23 -0.88
22031957 23 -0.90
23031957 23 -0.89
24031957 23 -0.90
25031957 23 -0.89
26031957 23 -0.88
27031957 23 -0.90
28031957 23 -0.89
29031957 23 -0.87
30031957 23 -0.86
31031957 23 -0.89
01041957 23 -0.90
02041957 23 -0.88
03041957 23 -0.88
04041957 23 -0.90
05041957 23 -0.90
06041957 23 -0.88
07041957 23 -0.87
08041957 23 -0.85
09041957 23 -0.83
10041957 23 -0.80
11041957 23 -0.79
12041957 23 -0.83
13041957 23 -0.86
14041957 23 -0.86
15041957 23 -0.85
16041957 23 -0.82
17041957 23 -0.80
18041957 23 -0.83
19041957 23 -0.84
20041957 23 -0.83
21041957 23 -0.80
22041957 23 -0.79
23041957 23 -0.82
24041957 23 -0.83
25041957 23 -0.81
26041957 23 -0.79
27041957 23 -0.78
28041957 23 -0.83
29041957 23 -0.84
30041957 23 -0.83
01051957 23 -0.86
02051957 23 -0.87
03051957 23 -0.85
04051957 23 -0.84
05051957 23 -0.87
06051957 23 -0.88
07051957 23 -0.86
08051957 23 -0.85
09051957 23 -0.88
10051957 23 -0.88
11051957 23 -0.88
12051957 23 -0.89
13051957 23 -0.89
14051957 23 -0.89
15051957 23 -0.87
16051957 23 -0.89
17051957 23 -0.90
18051957 23 -0.89
19051957 23 -0.85
20051957 23 -0.81
21051957 23 -0.81
22051957 23 -0.86
23051957 23 -0.88
24051957 23 -0.86
25051957 23 -0.84
26051957 23 -0.81
27051957 23 -0.78
28051957 23 -0.75
29051957 23 -0.71
30051957 23 -0.67
31051957 23 -0.63
01061957 23 -0.60
02061957 23 -0.72
03061957 23 -0.79
04061957 23 -0.78
05061957 23 -0.75
06061957 23 -0.72
07061957 23 -0.69
08061957 23 -0.65
09061957 23 -0.62
10061957 23 -0.59
11061957 23 -0.59
12061957 23 -0.78
13061957 23 -0.86
14061957 23 -0.88
15061957 23 -0.87
16061957 23 -0.84
17061957 23 -0.80
18061957 23 -0.76
19061957 23 -0.72
20061957 23 -0.71
21061957 23 -0.79
22061957 23 -0.82
23061957 23 -0.83
24061957 23 -0.83
25061957 23 -0.81
26061957 23 -0.78
27061957 23 -0.78
28061957 23 -0.83
29061957 23 -0.86
30061957 23 -0.87
01071957 23 -0.84
02071957 23 -0.80
03071957 23 -0.76
04071957 23 -0.70
05071957 23 -0.65
06071957 23 -0.60
07071957 23 -0.55
08071957 23 -0.51
09071957 23 -0.47
10071957 23 -0.48
11071957 23 -0.71
12071957 23 -0.73
13071957 23 -0.65
14071957 23 -0.60
15071957 23 -0.55
16071957 23 -0.51
17071957 23 -0.68
18071957 23 -0.74
19071957 23 -0.69
20071957 23 -0.64
21071957 23 -0.60
22071957 23 -0.56
23071957 23 -0.52
24071957 23 -0.49
25071957 23 -0.45
26071957 23 -0.41
27071957 23 -0.37
28071957 23 -0.32
29071957 23 -0.27
30071957 23 -0.19
31071957 23 -0.11
01081957 23 -0.21
02081957 23 -0.73
03081957 23 -0.81
04081957 23 -0.84
05081957 23 -0.85
06081957 23 -0.84
07081957 23 -0.83
08081957 23 -0.81
09081957 23 -0.79
10081957 23 -0.75
11081957 23 -0.71
12081957 23 -0.74
13081957 23 -0.87
14081957 23 -0.92
15081957 23 -0.90
16081957 23 -0.88
17081957 23 -0.86
18081957 23 -0.83
19081957 23 -0.81
20081957 23 -0.81
21081957 23 -0.78
22081957 23 -0.77
23081957 23 -0.72
24081957 23 -0.67
25081957 23 -0.62
26081957 23 -0.57
27081957 23 -0.53
28081957 23 -0.49
29081957 23 -0.46
30081957 23 -0.73
31081957 23 -0.85
01091957 23 -0.88
02091957 23 -0.88
03091957 23 -0.89
04091957 23 -0.87
05091957 23 -0.85
06091957 23 -0.91
07091957 23 -0.93
08091957 23 -0.91
09091957 23 -0.89
10091957 23 -0.88
11091957 23 -0.87
12091957 23 -0.85
13091957 23 -0.84
14091957 23 -0.83
15091957 23 -0.79
16091957 23 -0.77
17091957 23 -0.87
18091957 23 -0.92
19091957 23 -0.92
20091957 23 -0.89
21091957 23 -0.88
22091957 23 -0.86
23091957 23 -0.86
24091957 23 -0.84
25091957 23 -0.81
26091957 23 -0.77
27091957 23 -0.72
28091957 23 -0.67
29091957 23 -0.63
30091957 23 -0.61
01101957 23 -0.66
02101957 23 -0.81
03101957 23 -0.78
04101957 23 -0.73
05101957 23 -0.67
06101957 23 -0.62
07101957 23 -0.57
08101957 23 -0.53
09101957 23 -0.49
10101957 23 -0.83
11101957 23 -0.95
12101957 23 -0.88
13101957 23 -0.86
14101957 23 -0.83
15101957 23 -0.80
16101957 23 -0.76
17101957 23 -0.72
18101957 23 -0.91
19101957 23 -0.97
20101957 23 -0.98
21101957 23 -0.97
22101957 23 -0.97
23101957 23 -0.97
24101957 23 -0.97
25101957 23 -0.95
26101957 23 -0.94
27101957 23 -0.96
28101957 23 -0.97
29101957 23 -0.96
30101957 23 -0.94
31101957 23 -0.93
01111957 23 -0.92
02111957 23 -0.93
03111957 23 -0.93
04111957 23 -0.94
05111957 23 -0.94
06111957 23 -0.94
07111957 23 -0.94
08111957 23 -0.94
09111957 23 -0.94
10111957 23 -0.94
11111957 23 -0.94
12111957 23 -0.94
13111957 23 -0.94
14111957 23 -0.95
15111957 23 -0.99
16111957 23 -1.03
17111957 23 -1.06
18111957 23 -1.07
19111957 23 -1.08
20111957 23 -1.10
21111957 23 -1.10
22111957 23 -1.10
23111957 23 -1.10
24111957 23 -1.10
25111957 23 -1.10
26111957 23 -1.10
27111957 23 -1.10
28111957 23 -1.10
29111957 23 -1.10
30111957 23 -1.11
01121957 23 -1.11
02121957 23 -1.11
03121957 23 -1.11
04121957 23 -1.10
05121957 23 -1.09
06121957 23 -1.08
07121957 23 -1.09
08121957 23 -1.08
09121957 23 -1.08
10121957 23 -1.08
11121957 23 -1.08
12121957 23 -1.09
13121957 23 -1.09
14121957 23 -1.09
15121957 23 -1.09
16121957 23 -1.09
17121957 23 -1.09
18121957 23 -1.08
19121957 23 -1.04
20121957 23 -1.01
21121957 23 -1.00
22121957 23 -1.09
23121957 23 -1.10
24121957 23 -1.04
25121957 23 -1.01
26121957 23 -0.98
27121957 23 -0.96
28121957 23 -0.96
29121957 23 -0.94
30121957 23 -0.92
31121957 23 -0.90
