01012010 23 -0.91
02012010 23 -0.91
03012010 23 -0.90
04012010 23 -0.90
05012010 23 -0.90
06012010 23 -0.91
07012010 23 -0.91
08012010 23 -0.91
09012010 23 -0.91
10012010 23 -0.90
11012010 23 -0.89
12012010 23 -0.87
13012010 23 -0.86
14012010 23 -0.85
15012010 23 -0.83
16012010 23 -0.86
17012010 23 -0.89
18012010 23 -0.89
19012010 23 -0.88
20012010 23 -0.90
21012010 23 -0.90
22012010 23 -0.89
23012010 23 -0.88
24012010 23 -0.87
25012010 23 -0.85
26012010 23 -0.84
27012010 23 -0.82
28012010 23 -0.80
29012010 23 -0.78
30012010 23 -0.76
31012010 23 -0.75
01022010 23 -0.80
02022010 23 -0.85
03022010 23 -0.88
04022010 23 -0.88
05022010 23 -0.87
06022010 23 -0.86
07022010 23 -0.84
08022010 23 -0.83
09022010 23 -0.81
10022010 23 -0.79
11022010 23 -0.83
12022010 23 -0.87
13022010 23 -0.90
14022010 23 -0.90
15022010 23 -0.88
16022010 23 -0.87
17022010 23 -0.85
18022010 23 -0.84
19022010 23 -0.82
20022010 23 -0.80
21022010 23 -0.78
22022010 23 -0.75
23022010 23 -0.73
24022010 23 -0.78
25022010 23 -0.78
26022010 23 -0.78
27022010 23 -0.82
28022010 23 -0.86
01032010 23 -0.87
02032010 23 -0.89
03032010 23 -0.90
04032010 23 -0.88
05032010 23 -0.86
06032010 23 -0.86
07032010 23 -0.89
08032010 23 -0.89
09032010 23 -0.87
10032010 23 -0.85
11032010 23 -0.84
12032010 23 -0.87
13032010 23 -0.89
14032010 23 -0.88
15032010 23 -0.89
16032010 23 -0.90
17032010 23 -0.88
18032010 23 -0.88
19032010 23 -0.90
20032010 23 -0.89
21032010 23 -0.88
22032010 23 -0.90
23032010 23 -0.89
24032010 23 -0.90
25032010 23 -0.89
26032010 23 -0.88
27032010 23 -0.90
28032010 23 -0.89
29032010 23 -0.87
30032010 23 -0.86
31032010 23 -0.89
01042010 23 -0.90
02042010 23 -0.88
03042010 23 -0.88
04042010 23 -0.90
05042010 23 -0.90
06042010 23 -0.88
07042010 23 -0.87
08042010 23 -0.85
09042010 23 -0.83
10042010 23 -0.80
11042010 23 -0.79
12042010 23 -0.83
13042010 23 -0.86
14042010 23 -0.86
15042010 23 -0.85
16042010 23 -0.82
17042010 23 -0.80
18042010 23 -0.83
19042010 23 -0.84
20042010 23 -0.83
21042010 23 -0.80
22042010 23 -0.79
23042010 23 -0.82
24042010 23 -0.83
25042010 23 -0.81
26042010 23 -0.79
27042010 23 -0.78
28042010 23 -0.83
29042010 23 -0.84
30042010 23 -0.83
01052010 23 -0.86
02052010 23 -0.87
03052010 23 -0.85
04052010 23 -0.84
05052010 23 -0.87
06052010 23 -0.88
07052010 23 -0.86
08052010 23 -0.85
09052010 23 -0.88
10052010 23 -0.88
11052010 23 -0.88
12052010 23 -0.89
13052010 23 -0.89
14052010 23 -0.89
15052010 23 -0.87
16052010 23 -0.89
17052010 23 -0.90
18052010 23 -0.89
19052010 23 -0.85
20052010 23 -0.81
21052010 23 -0.81
22052010 23 -0.86
23052010 23 -0.88
24052010 23 -0.86
25052010 23 -0.84
26052010 23 -0.81
27052010 23 -0.78
28052010 23 -0.75
29052010 23 -0.71
30052010 23 -0.67
31052010 23 -0.63
01062010 23 -0.60
02062010 23 -0.72
03062010 23 -0.79
04062010 23 -0.78
05062010 23 -0.75
06062010 23 -0.72
07062010 23 -0.69
08062010 23 -0.65
09062010 23 -0.62
10062010 23 -0.59
11062010 23 -0.59
12062010 23 -0.78
13062010 23 -0.86
14062010 23 -0.88
15062010 23 -0.87
16062010 23 -0.84
17062010 23 -0.80
18062010 23 -0.76
19062010 23 -0.72
20062010 23 -0.71
21062010 23 -0.79
22062010 23 -0.82
23062010 23 -0.83
24062010 23 -0.83
25062010 23 -0.81
26062010 23 -0.78
27062010 23 -0.78
28062010 23 -0.83
29062010 23 -0.86
30062010 23 -0.87
01072010 23 -0.84
02072010 23 -0.80
03072010 23 -0.76
04072010 23 -0.70
05072010 23 -0.65
06072010 23 -0.60
07072010 23 -0.55
08072010 23 -0.51
09072010 23 -0.47
10072010 23 -0.48
11072010 23 -0.71
12072010 23 -0.73
13072010 23 -0.65
14072010 23 -0.60
15072010 23 -0.55
16072010 23 -0.51
17072010 23 -0.68
18072010 23 -0.74
19072010 23 -0.69
20072010 23 -0.64
21072010 23 -0.60
22072010 23 -0.56
23072010 23 -0.52
24072010 23 -0.49
25072010 23 -0.45
26072010 23 -0.41
27072010 23 -0.37
28072010 23 -0.32
29072010 23 -0.27
30072010 23 -0.19
31072010 23 -0.11
01082010 23 -0.21
02082010 23 -0.73
03082010 23 -0.81
04082010 23 -0.84
05082010 23 -0.85
06082010 23 -0.84
07082010 23 -0.83
08082010 23 -0.81
09082010 23 -0.79
10082010 23 -0.75
11082010 23 -0.71
12082010 23 -0.74
13082010 23 -0.87
14082010 23 -0.92
15082010 23 -0.90
16082010 23 -0.88
17082010 23 -0.86
18082010 23 -0.83
19082010 23 -0.81
20082010 23 -0.81
21082010 23 -0.78
22082010 23 -0.77
23082010 23 -0.72
24082010 23 -0.67
25082010 23 -0.62
26082010 23 -0.57
27082010 23 -0.53
28082010 23 -0.49
29082010 23 -0.46
30082010 23 -0.73
31082010 23 -0.85
01092010 23 -0.88
02092010 23 -0.88
03092010 23 -0.89
04092010 23 -0.87
05092010 23 -0.85
06092010 23 -0.91
07092010 23 -0.93
08092010 23 -0.91
09092010 23 -0.89
10092010 23 -0.88
11092010 23 -0.87
12092010 23 -0.85
13092010 23 -0.84
14092010 23 -0.83
15092010 23 -0.79
16092010 23 -0.77
17092010 23 -0.87
18092010 23 -0.92
19092010 23 -0.92
20092010 23 -0.89
21092010 23 -0.88
22092010 23 -0.86
23092010 23 -0.86
24092010 23 -0.84
25092010 23 -0.81
26092010 23 -0.77
27092010 23 -0.72
28092010 23 -0.67
29092010 23 -0.63
30092010 23 -0.61
01102010 23 -0.66
02102010 23 -0.81
03102010 23 -0.78
04102010 23 -0.73
05102010 23 -0.67
06102010 23 -0.62
07102010 23 -0.57
08102010 23 -0.53
09102010 23 -0.49
10102010 23 -0.83
11102010 23 -0.95
12102010 23 -0.88
13102010 23 -0.86
14102010 23 -0.83
15102010 23 -0.80
16102010 23 -0.76
17102010 23 -0.72
18102010 23 -0.91
19102010 23 -0.97
20102010 23 -0.98
21102010 23 -0.97
22102010 23 -0.97
23102010 23 -0.97
24102010 23 -0.97
25102010 23 -0.95
26102010 23 -0.94
27102010 23 -0.96
28102010 23 -0.97
29102010 23 -0.96
30102010 23 -0.94
31102010 23 -0.93
01112010 23 -0.92
02112010 23 -0.93
03112010 23 -0.93
04112010 23 -0.94
05112010 23 -0.94
06112010 23 -0.94
07112010 23 -0.94
08112010 23 -0.94
09112010 23 -0.94
10112010 23 -0.94
11112010 23 -0.94
12112010 23 -0.94
13112010 23 -0.94
14112010 23 -0.95
15112010 23 -0.99
16112010 23 -1.03
17112010 23 -1.06
18112010 23 -1.07
19112010 23 -1.08
20112010 23 -1.10
21112010 23 -1.10
22112010 23 -1.10
23112010 23 -1.10
24112010 23 -1.10
25112010 23 -1.10
26112010 23 -1.10
27112010 23 -1.10
28112010 23 -1.10
29112010 23 -1.10
30112010 23 -1.11
01122010 23 -1.11
02122010 23 -1.11
03122010 23 -1.11
04122010 23 -1.10
05122010 23 -1.09
06122010 23 -1.08
07122010 23 -1.09
08122010 23 -1.08
09122010 23 -1.08
10122010 23 -1.08
11122010 23 -1.08
12122010 23 -1.09
13122010 23 -1.09
14122010 23 -1.09
15122010 23 -1.09
16122010 23 -1.09
17122010 23 -1.09
18122010 23 -1.08
19122010 23 -1.04
20122010 23 -1.01
21122010 23 -1.00
22122010 23 -1.09
23122010 23 -1.10
24122010 23 -1.04
25122010 23 -1.01
26122010 23 -0.98
27122010 23 -0.96
28122010 23 -0.96
29122010 23 -0.94
30122010 23 -0.92
31122010 23 -0.90
