01011906 23 -0.91
02011906 23 -0.91
03011906 23 -0.90
04011906 23 -0.90
05011906 23 -0.90
06011906 23 -0.91
07011906 23 -0.91
08011906 23 -0.91
09011906 23 -0.91
10011906 23 -0.90
11011906 23 -0.89
12011906 23 -0.87
13011906 23 -0.86
14011906 23 -0.85
15011906 23 -0.83
16011906 23 -0.86
17011906 23 -0.89
18011906 23 -0.89
19011906 23 -0.88
20011906 23 -0.90
21011906 23 -0.90
22011906 23 -0.89
23011906 23 -0.88
24011906 23 -0.87
25011906 23 -0.85
26011906 23 -0.84
27011906 23 -0.82
28011906 23 -0.80
29011906 23 -0.78
30011906 23 -0.76
31011906 23 -0.75
01021906 23 -0.80
02021906 23 -0.85
03021906 23 -0.88
04021906 23 -0.88
05021906 23 -0.87
06021906 23 -0.86
07021906 23 -0.84
08021906 23 -0.83
09021906 23 -0.81
10021906 23 -0.79
11021906 23 -0.83
12021906 23 -0.87
13021906 23 -0.90
14021906 23 -0.90
15021906 23 -0.88
16021906 23 -0.87
17021906 23 -0.85
18021906 23 -0.84
19021906 23 -0.82
20021906 23 -0.80
21021906 23 -0.78
22021906 23 -0.75
23021906 23 -0.73
24021906 23 -0.78
25021906 23 -0.78
26021906 23 -0.78
27021906 23 -0.82
28021906 23 -0.86
01031906 23 -0.87
02031906 23 -0.89
03031906 23 -0.90
04031906 23 -0.88
05031906 23 -0.86
06031906 23 -0.86
07031906 23 -0.89
08031906 23 -0.89
09031906 23 -0.87
10031906 23 -0.85
11031906 23 -0.84
12031906 23 -0.87
13031906 23 -0.89
14031906 23 -0.88
15031906 23 -0.89
16031906 23 -0.90
17031906 23 -0.88
18031906 23 -0.88
19031906 23 -0.90
20031906 23 -0.89
21031906 23 -0.88
22031906 23 -0.90
23031906 23 -0.89
24031906 23 -0.90
25031906 23 -0.89
26031906 23 -0.88
27031906 23 -0.90
28031906 23 -0.89
29031906 23 -0.87
30031906 23 -0.86
31031906 23 -0.89
01041906 23 -0.90
02041906 23 -0.88
03041906 23 -0.88
04041906 23 -0.90
05041906 23 -0.90
06041906 23 -0.88
07041906 23 -0.87
08041906 23 -0.85
09041906 23 -0.83
10041906 23 -0.80
11041906 23 -0.79
12041906 23 -0.83
13041906 23 -0.86
14041906 23 -0.86
15041906 23 -0.85
16041906 23 -0.82
17041906 23 -0.80
18041906 23 -0.83
19041906 23 -0.84
20041906 23 -0.83
21041906 23 -0.80
22041906 23 -0.79
23041906 23 -0.82
24041906 23 -0.83
25041906 23 -0.81
26041906 23 -0.79
27041906 23 -0.78
28041906 23 -0.83
29041906 23 -0.84
30041906 23 -0.83
01051906 23 -0.86
02051906 23 -0.87
03051906 23 -0.85
04051906 23 -0.84
05051906 23 -0.87
06051906 23 -0.88
07051906 23 -0.86
08051906 23 -0.85
09051906 23 -0.88
10051906 23 -0.88
11051906 23 -0.88
12051906 23 -0.89
13051906 23 -0.89
14051906 23 -0.89
15051906 23 -0.87
16051906 23 -0.89
17051906 23 -0.90
18051906 23 -0.89
19051906 23 -0.85
20051906 23 -0.81
21051906 23 -0.81
22051906 23 -0.86
23051906 23 -0.88
24051906 23 -0.86
25051906 23 -0.84
26051906 23 -0.81
27051906 23 -0.78
28051906 23 -0.75
29051906 23 -0.71
30051906 23 -0.67
31051906 23 -0.63
01061906 23 -0.60
02061906 23 -0.72
03061906 23 -0.79
04061906 23 -0.78
05061906 23 -0.75
06061906 23 -0.72
07061906 23 -0.69
08061906 23 -0.65
09061906 23 -0.62
10061906 23 -0.59
11061906 23 -0.59
12061906 23 -0.78
13061906 23 -0.86
14061906 23 -0.88
15061906 23 -0.87
16061906 23 -0.84
17061906 23 -0.80
18061906 23 -0.76
19061906 23 -0.72
20061906 23 -0.71
21061906 23 -0.79
22061906 23 -0.82
23061906 23 -0.83
24061906 23 -0.83
25061906 23 -0.81
26061906 23 -0.78
27061906 23 -0.78
28061906 23 -0.83
29061906 23 -0.86
30061906 23 -0.87
01071906 23 -0.84
02071906 23 -0.80
03071906 23 -0.76
04071906 23 -0.70
05071906 23 -0.65
06071906 23 -0.60
07071906 23 -0.55
08071906 23 -0.51
09071906 23 -0.47
10071906 23 -0.48
11071906 23 -0.71
12071906 23 -0.73
13071906 23 -0.65
14071906 23 -0.60
15071906 23 -0.55
16071906 23 -0.51
17071906 23 -0.68
18071906 23 -0.74
19071906 23 -0.69
20071906 23 -0.64
21071906 23 -0.60
22071906 23 -0.56
23071906 23 -0.52
24071906 23 -0.49
25071906 23 -0.45
26071906 23 -0.41
27071906 23 -0.37
28071906 23 -0.32
29071906 23 -0.27
30071906 23 -0.19
31071906 23 -0.11
01081906 23 -0.21
02081906 23 -0.73
03081906 23 -0.81
04081906 23 -0.84
05081906 23 -0.85
06081906 23 -0.84
07081906 23 -0.83
08081906 23 -0.81
09081906 23 -0.79
10081906 23 -0.75
11081906 23 -0.71
12081906 23 -0.74
13081906 23 -0.87
14081906 23 -0.92
15081906 23 -0.90
16081906 23 -0.88
17081906 23 -0.86
18081906 23 -0.83
19081906 23 -0.81
20081906 23 -0.81
21081906 23 -0.78
22081906 23 -0.77
23081906 23 -0.72
24081906 23 -0.67
25081906 23 -0.62
26081906 23 -0.57
27081906 23 -0.53
28081906 23 -0.49
29081906 23 -0.46
30081906 23 -0.73
31081906 23 -0.85
01091906 23 -0.88
02091906 23 -0.88
03091906 23 -0.89
04091906 23 -0.87
05091906 23 -0.85
06091906 23 -0.91
07091906 23 -0.93
08091906 23 -0.91
09091906 23 -0.89
10091906 23 -0.88
11091906 23 -0.87
12091906 23 -0.85
13091906 23 -0.84
14091906 23 -0.83
15091906 23 -0.79
16091906 23 -0.77
17091906 23 -0.87
18091906 23 -0.92
19091906 23 -0.92
20091906 23 -0.89
21091906 23 -0.88
22091906 23 -0.86
23091906 23 -0.86
24091906 23 -0.84
25091906 23 -0.81
26091906 23 -0.77
27091906 23 -0.72
28091906 23 -0.67
29091906 23 -0.63
30091906 23 -0.61
01101906 23 -0.66
02101906 23 -0.81
03101906 23 -0.78
04101906 23 -0.73
05101906 23 -0.67
06101906 23 -0.62
07101906 23 -0.57
08101906 23 -0.53
09101906 23 -0.49
10101906 23 -0.83
11101906 23 -0.95
12101906 23 -0.88
13101906 23 -0.86
14101906 23 -0.83
15101906 23 -0.80
16101906 23 -0.76
17101906 23 -0.72
18101906 23 -0.91
19101906 23 -0.97
20101906 23 -0.98
21101906 23 -0.97
22101906 23 -0.97
23101906 23 -0.97
24101906 23 -0.97
25101906 23 -0.95
26101906 23 -0.94
27101906 23 -0.96
28101906 23 -0.97
29101906 23 -0.96
30101906 23 -0.94
31101906 23 -0.93
01111906 23 -0.92
02111906 23 -0.93
03111906 23 -0.93
04111906 23 -0.94
05111906 23 -0.94
06111906 23 -0.94
07111906 23 -0.94
08111906 23 -0.94
09111906 23 -0.94
10111906 23 -0.94
11111906 23 -0.94
12111906 23 -0.94
13111906 23 -0.94
14111906 23 -0.95
15111906 23 -0.99
16111906 23 -1.03
17111906 23 -1.06
18111906 23 -1.07
19111906 23 -1.08
20111906 23 -1.10
21111906 23 -1.10
22111906 23 -1.10
23111906 23 -1.10
24111906 23 -1.10
25111906 23 -1.10
26111906 23 -1.10
27111906 23 -1.10
28111906 23 -1.10
29111906 23 -1.10
30111906 23 -1.11
01121906 23 -1.11
02121906 23 -1.11
03121906 23 -1.11
04121906 23 -1.10
05121906 23 -1.09
06121906 23 -1.08
07121906 23 -1.09
08121906 23 -1.08
09121906 23 -1.08
10121906 23 -1.08
11121906 23 -1.08
12121906 23 -1.09
13121906 23 -1.09
14121906 23 -1.09
15121906 23 -1.09
16121906 23 -1.09
17121906 23 -1.09
18121906 23 -1.08
19121906 23 -1.04
20121906 23 -1.01
21121906 23 -1.00
22121906 23 -1.09
23121906 23 -1.10
24121906 23 -1.04
25121906 23 -1.01
26121906 23 -0.98
27121906 23 -0.96
28121906 23 -0.96
29121906 23 -0.94
30121906 23 -0.92
31121906 23 -0.90
