01012009 23 -0.91
02012009 23 -0.91
03012009 23 -0.90
04012009 23 -0.90
05012009 23 -0.90
06012009 23 -0.91
07012009 23 -0.91
08012009 23 -0.91
09012009 23 -0.91
10012009 23 -0.90
11012009 23 -0.89
12012009 23 -0.87
13012009 23 -0.86
14012009 23 -0.85
15012009 23 -0.83
16012009 23 -0.86
17012009 23 -0.89
18012009 23 -0.89
19012009 23 -0.88
20012009 23 -0.90
21012009 23 -0.90
22012009 23 -0.89
23012009 23 -0.88
24012009 23 -0.87
25012009 23 -0.85
26012009 23 -0.84
27012009 23 -0.82
28012009 23 -0.80
29012009 23 -0.78
30012009 23 -0.76
31012009 23 -0.75
01022009 23 -0.80
02022009 23 -0.85
03022009 23 -0.88
04022009 23 -0.88
05022009 23 -0.87
06022009 23 -0.86
07022009 23 -0.84
08022009 23 -0.83
09022009 23 -0.81
10022009 23 -0.79
11022009 23 -0.83
12022009 23 -0.87
13022009 23 -0.90
14022009 23 -0.90
15022009 23 -0.88
16022009 23 -0.87
17022009 23 -0.85
18022009 23 -0.84
19022009 23 -0.82
20022009 23 -0.80
21022009 23 -0.78
22022009 23 -0.75
23022009 23 -0.73
24022009 23 -0.78
25022009 23 -0.78
26022009 23 -0.78
27022009 23 -0.82
28022009 23 -0.86
01032009 23 -0.87
02032009 23 -0.89
03032009 23 -0.90
04032009 23 -0.88
05032009 23 -0.86
06032009 23 -0.86
07032009 23 -0.89
08032009 23 -0.89
09032009 23 -0.87
10032009 23 -0.85
11032009 23 -0.84
12032009 23 -0.87
13032009 23 -0.89
14032009 23 -0.88
15032009 23 -0.89
16032009 23 -0.90
17032009 23 -0.88
18032009 23 -0.88
19032009 23 -0.90
20032009 23 -0.89
21032009 23 -0.88
22032009 23 -0.90
23032009 23 -0.89
24032009 23 -0.90
25032009 23 -0.89
26032009 23 -0.88
27032009 23 -0.90
28032009 23 -0.89
29032009 23 -0.87
30032009 23 -0.86
31032009 23 -0.89
01042009 23 -0.90
02042009 23 -0.88
03042009 23 -0.88
04042009 23 -0.90
05042009 23 -0.90
06042009 23 -0.88
07042009 23 -0.87
08042009 23 -0.85
09042009 23 -0.83
10042009 23 -0.80
11042009 23 -0.79
12042009 23 -0.83
13042009 23 -0.86
14042009 23 -0.86
15042009 23 -0.85
16042009 23 -0.82
17042009 23 -0.80
18042009 23 -0.83
19042009 23 -0.84
20042009 23 -0.83
21042009 23 -0.80
22042009 23 -0.79
23042009 23 -0.82
24042009 23 -0.83
25042009 23 -0.81
26042009 23 -0.79
27042009 23 -0.78
28042009 23 -0.83
29042009 23 -0.84
30042009 23 -0.83
01052009 23 -0.86
02052009 23 -0.87
03052009 23 -0.85
04052009 23 -0.84
05052009 23 -0.87
06052009 23 -0.88
07052009 23 -0.86
08052009 23 -0.85
09052009 23 -0.88
10052009 23 -0.88
11052009 23 -0.88
12052009 23 -0.89
13052009 23 -0.89
14052009 23 -0.89
15052009 23 -0.87
16052009 23 -0.89
17052009 23 -0.90
18052009 23 -0.89
19052009 23 -0.85
20052009 23 -0.81
21052009 23 -0.81
22052009 23 -0.86
23052009 23 -0.88
24052009 23 -0.86
25052009 23 -0.84
26052009 23 -0.81
27052009 23 -0.78
28052009 23 -0.75
29052009 23 -0.71
30052009 23 -0.67
31052009 23 -0.63
01062009 23 -0.60
02062009 23 -0.72
03062009 23 -0.79
04062009 23 -0.78
05062009 23 -0.75
06062009 23 -0.72
07062009 23 -0.69
08062009 23 -0.65
09062009 23 -0.62
10062009 23 -0.59
11062009 23 -0.59
12062009 23 -0.78
13062009 23 -0.86
14062009 23 -0.88
15062009 23 -0.87
16062009 23 -0.84
17062009 23 -0.80
18062009 23 -0.76
19062009 23 -0.72
20062009 23 -0.71
21062009 23 -0.79
22062009 23 -0.82
23062009 23 -0.83
24062009 23 -0.83
25062009 23 -0.81
26062009 23 -0.78
27062009 23 -0.78
28062009 23 -0.83
29062009 23 -0.86
30062009 23 -0.87
01072009 23 -0.84
02072009 23 -0.80
03072009 23 -0.76
04072009 23 -0.70
05072009 23 -0.65
06072009 23 -0.60
07072009 23 -0.55
08072009 23 -0.51
09072009 23 -0.47
10072009 23 -0.48
11072009 23 -0.71
12072009 23 -0.73
13072009 23 -0.65
14072009 23 -0.60
15072009 23 -0.55
16072009 23 -0.51
17072009 23 -0.68
18072009 23 -0.74
19072009 23 -0.69
20072009 23 -0.64
21072009 23 -0.60
22072009 23 -0.56
23072009 23 -0.52
24072009 23 -0.49
25072009 23 -0.45
26072009 23 -0.41
27072009 23 -0.37
28072009 23 -0.32
29072009 23 -0.27
30072009 23 -0.19
31072009 23 -0.11
01082009 23 -0.21
02082009 23 -0.73
03082009 23 -0.81
04082009 23 -0.84
05082009 23 -0.85
06082009 23 -0.84
07082009 23 -0.83
08082009 23 -0.81
09082009 23 -0.79
10082009 23 -0.75
11082009 23 -0.71
12082009 23 -0.74
13082009 23 -0.87
14082009 23 -0.92
15082009 23 -0.90
16082009 23 -0.88
17082009 23 -0.86
18082009 23 -0.83
19082009 23 -0.81
20082009 23 -0.81
21082009 23 -0.78
22082009 23 -0.77
23082009 23 -0.72
24082009 23 -0.67
25082009 23 -0.62
26082009 23 -0.57
27082009 23 -0.53
28082009 23 -0.49
29082009 23 -0.46
30082009 23 -0.73
31082009 23 -0.85
01092009 23 -0.88
02092009 23 -0.88
03092009 23 -0.89
04092009 23 -0.87
05092009 23 -0.85
06092009 23 -0.91
07092009 23 -0.93
08092009 23 -0.91
09092009 23 -0.89
10092009 23 -0.88
11092009 23 -0.87
12092009 23 -0.85
13092009 23 -0.84
14092009 23 -0.83
15092009 23 -0.79
16092009 23 -0.77
17092009 23 -0.87
18092009 23 -0.92
19092009 23 -0.92
20092009 23 -0.89
21092009 23 -0.88
22092009 23 -0.86
23092009 23 -0.86
24092009 23 -0.84
25092009 23 -0.81
26092009 23 -0.77
27092009 23 -0.72
28092009 23 -0.67
29092009 23 -0.63
30092009 23 -0.61
01102009 23 -0.66
02102009 23 -0.81
03102009 23 -0.78
04102009 23 -0.73
05102009 23 -0.67
06102009 23 -0.62
07102009 23 -0.57
08102009 23 -0.53
09102009 23 -0.49
10102009 23 -0.83
11102009 23 -0.95
12102009 23 -0.88
13102009 23 -0.86
14102009 23 -0.83
15102009 23 -0.80
16102009 23 -0.76
17102009 23 -0.72
18102009 23 -0.91
19102009 23 -0.97
20102009 23 -0.98
21102009 23 -0.97
22102009 23 -0.97
23102009 23 -0.97
24102009 23 -0.97
25102009 23 -0.95
26102009 23 -0.94
27102009 23 -0.96
28102009 23 -0.97
29102009 23 -0.96
30102009 23 -0.94
31102009 23 -0.93
01112009 23 -0.92
02112009 23 -0.93
03112009 23 -0.93
04112009 23 -0.94
05112009 23 -0.94
06112009 23 -0.94
07112009 23 -0.94
08112009 23 -0.94
09112009 23 -0.94
10112009 23 -0.94
11112009 23 -0.94
12112009 23 -0.94
13112009 23 -0.94
14112009 23 -0.95
15112009 23 -0.99
16112009 23 -1.03
17112009 23 -1.06
18112009 23 -1.07
19112009 23 -1.08
20112009 23 -1.10
21112009 23 -1.10
22112009 23 -1.10
23112009 23 -1.10
24112009 23 -1.10
25112009 23 -1.10
26112009 23 -1.10
27112009 23 -1.10
28112009 23 -1.10
29112009 23 -1.10
30112009 23 -1.11
01122009 23 -1.11
02122009 23 -1.11
03122009 23 -1.11
04122009 23 -1.10
05122009 23 -1.09
06122009 23 -1.08
07122009 23 -1.09
08122009 23 -1.08
09122009 23 -1.08
10122009 23 -1.08
11122009 23 -1.08
12122009 23 -1.09
13122009 23 -1.09
14122009 23 -1.09
15122009 23 -1.09
16122009 23 -1.09
17122009 23 -1.09
18122009 23 -1.08
19122009 23 -1.04
20122009 23 -1.01
21122009 23 -1.00
22122009 23 -1.09
23122009 23 -1.10
24122009 23 -1.04
25122009 23 -1.01
26122009 23 -0.98
27122009 23 -0.96
28122009 23 -0.96
29122009 23 -0.94
30122009 23 -0.92
31122009 23 -0.90
