01011904 23 -0.91
02011904 23 -0.91
03011904 23 -0.90
04011904 23 -0.90
05011904 23 -0.90
06011904 23 -0.91
07011904 23 -0.91
08011904 23 -0.91
09011904 23 -0.91
10011904 23 -0.90
11011904 23 -0.89
12011904 23 -0.87
13011904 23 -0.86
14011904 23 -0.85
15011904 23 -0.83
16011904 23 -0.86
17011904 23 -0.89
18011904 23 -0.89
19011904 23 -0.88
20011904 23 -0.90
21011904 23 -0.90
22011904 23 -0.89
23011904 23 -0.88
24011904 23 -0.87
25011904 23 -0.85
26011904 23 -0.84
27011904 23 -0.82
28011904 23 -0.80
29011904 23 -0.78
30011904 23 -0.76
31011904 23 -0.75
01021904 23 -0.80
02021904 23 -0.85
03021904 23 -0.88
04021904 23 -0.88
05021904 23 -0.87
06021904 23 -0.86
07021904 23 -0.84
08021904 23 -0.83
09021904 23 -0.81
10021904 23 -0.79
11021904 23 -0.83
12021904 23 -0.87
13021904 23 -0.90
14021904 23 -0.90
15021904 23 -0.88
16021904 23 -0.87
17021904 23 -0.85
18021904 23 -0.84
19021904 23 -0.82
20021904 23 -0.80
21021904 23 -0.78
22021904 23 -0.75
23021904 23 -0.73
24021904 23 -0.78
25021904 23 -0.78
26021904 23 -0.78
27021904 23 -0.82
28021904 23 -0.86
01031904 23 -0.87
02031904 23 -0.89
03031904 23 -0.90
04031904 23 -0.88
05031904 23 -0.86
06031904 23 -0.86
07031904 23 -0.89
08031904 23 -0.89
09031904 23 -0.87
10031904 23 -0.85
11031904 23 -0.84
12031904 23 -0.87
13031904 23 -0.89
14031904 23 -0.88
15031904 23 -0.89
16031904 23 -0.90
17031904 23 -0.88
18031904 23 -0.88
19031904 23 -0.90
20031904 23 -0.89
21031904 23 -0.88
22031904 23 -0.90
23031904 23 -0.89
24031904 23 -0.90
25031904 23 -0.89
26031904 23 -0.88
27031904 23 -0.90
28031904 23 -0.89
29031904 23 -0.87
30031904 23 -0.86
31031904 23 -0.89
01041904 23 -0.90
02041904 23 -0.88
03041904 23 -0.88
04041904 23 -0.90
05041904 23 -0.90
06041904 23 -0.88
07041904 23 -0.87
08041904 23 -0.85
09041904 23 -0.83
10041904 23 -0.80
11041904 23 -0.79
12041904 23 -0.83
13041904 23 -0.86
14041904 23 -0.86
15041904 23 -0.85
16041904 23 -0.82
17041904 23 -0.80
18041904 23 -0.83
19041904 23 -0.84
20041904 23 -0.83
21041904 23 -0.80
22041904 23 -0.79
23041904 23 -0.82
24041904 23 -0.83
25041904 23 -0.81
26041904 23 -0.79
27041904 23 -0.78
28041904 23 -0.83
29041904 23 -0.84
30041904 23 -0.83
01051904 23 -0.86
02051904 23 -0.87
03051904 23 -0.85
04051904 23 -0.84
05051904 23 -0.87
06051904 23 -0.88
07051904 23 -0.86
08051904 23 -0.85
09051904 23 -0.88
10051904 23 -0.88
11051904 23 -0.88
12051904 23 -0.89
13051904 23 -0.89
14051904 23 -0.89
15051904 23 -0.87
16051904 23 -0.89
17051904 23 -0.90
18051904 23 -0.89
19051904 23 -0.85
20051904 23 -0.81
21051904 23 -0.81
22051904 23 -0.86
23051904 23 -0.88
24051904 23 -0.86
25051904 23 -0.84
26051904 23 -0.81
27051904 23 -0.78
28051904 23 -0.75
29051904 23 -0.71
30051904 23 -0.67
31051904 23 -0.63
01061904 23 -0.60
02061904 23 -0.72
03061904 23 -0.79
04061904 23 -0.78
05061904 23 -0.75
06061904 23 -0.72
07061904 23 -0.69
08061904 23 -0.65
09061904 23 -0.62
10061904 23 -0.59
11061904 23 -0.59
12061904 23 -0.78
13061904 23 -0.86
14061904 23 -0.88
15061904 23 -0.87
16061904 23 -0.84
17061904 23 -0.80
18061904 23 -0.76
19061904 23 -0.72
20061904 23 -0.71
21061904 23 -0.79
22061904 23 -0.82
23061904 23 -0.83
24061904 23 -0.83
25061904 23 -0.81
26061904 23 -0.78
27061904 23 -0.78
28061904 23 -0.83
29061904 23 -0.86
30061904 23 -0.87
01071904 23 -0.84
02071904 23 -0.80
03071904 23 -0.76
04071904 23 -0.70
05071904 23 -0.65
06071904 23 -0.60
07071904 23 -0.55
08071904 23 -0.51
09071904 23 -0.47
10071904 23 -0.48
11071904 23 -0.71
12071904 23 -0.73
13071904 23 -0.65
14071904 23 -0.60
15071904 23 -0.55
16071904 23 -0.51
17071904 23 -0.68
18071904 23 -0.74
19071904 23 -0.69
20071904 23 -0.64
21071904 23 -0.60
22071904 23 -0.56
23071904 23 -0.52
24071904 23 -0.49
25071904 23 -0.45
26071904 23 -0.41
27071904 23 -0.37
28071904 23 -0.32
29071904 23 -0.27
30071904 23 -0.19
31071904 23 -0.11
01081904 23 -0.21
02081904 23 -0.73
03081904 23 -0.81
04081904 23 -0.84
05081904 23 -0.85
06081904 23 -0.84
07081904 23 -0.83
08081904 23 -0.81
09081904 23 -0.79
10081904 23 -0.75
11081904 23 -0.71
12081904 23 -0.74
13081904 23 -0.87
14081904 23 -0.92
15081904 23 -0.90
16081904 23 -0.88
17081904 23 -0.86
18081904 23 -0.83
19081904 23 -0.81
20081904 23 -0.81
21081904 23 -0.78
22081904 23 -0.77
23081904 23 -0.72
24081904 23 -0.67
25081904 23 -0.62
26081904 23 -0.57
27081904 23 -0.53
28081904 23 -0.49
29081904 23 -0.46
30081904 23 -0.73
31081904 23 -0.85
01091904 23 -0.88
02091904 23 -0.88
03091904 23 -0.89
04091904 23 -0.87
05091904 23 -0.85
06091904 23 -0.91
07091904 23 -0.93
08091904 23 -0.91
09091904 23 -0.89
10091904 23 -0.88
11091904 23 -0.87
12091904 23 -0.85
13091904 23 -0.84
14091904 23 -0.83
15091904 23 -0.79
16091904 23 -0.77
17091904 23 -0.87
18091904 23 -0.92
19091904 23 -0.92
20091904 23 -0.89
21091904 23 -0.88
22091904 23 -0.86
23091904 23 -0.86
24091904 23 -0.84
25091904 23 -0.81
26091904 23 -0.77
27091904 23 -0.72
28091904 23 -0.67
29091904 23 -0.63
30091904 23 -0.61
01101904 23 -0.66
02101904 23 -0.81
03101904 23 -0.78
04101904 23 -0.73
05101904 23 -0.67
06101904 23 -0.62
07101904 23 -0.57
08101904 23 -0.53
09101904 23 -0.49
10101904 23 -0.83
11101904 23 -0.95
12101904 23 -0.88
13101904 23 -0.86
14101904 23 -0.83
15101904 23 -0.80
16101904 23 -0.76
17101904 23 -0.72
18101904 23 -0.91
19101904 23 -0.97
20101904 23 -0.98
21101904 23 -0.97
22101904 23 -0.97
23101904 23 -0.97
24101904 23 -0.97
25101904 23 -0.95
26101904 23 -0.94
27101904 23 -0.96
28101904 23 -0.97
29101904 23 -0.96
30101904 23 -0.94
31101904 23 -0.93
01111904 23 -0.92
02111904 23 -0.93
03111904 23 -0.93
04111904 23 -0.94
05111904 23 -0.94
06111904 23 -0.94
07111904 23 -0.94
08111904 23 -0.94
09111904 23 -0.94
10111904 23 -0.94
11111904 23 -0.94
12111904 23 -0.94
13111904 23 -0.94
14111904 23 -0.95
15111904 23 -0.99
16111904 23 -1.03
17111904 23 -1.06
18111904 23 -1.07
19111904 23 -1.08
20111904 23 -1.10
21111904 23 -1.10
22111904 23 -1.10
23111904 23 -1.10
24111904 23 -1.10
25111904 23 -1.10
26111904 23 -1.10
27111904 23 -1.10
28111904 23 -1.10
29111904 23 -1.10
30111904 23 -1.11
01121904 23 -1.11
02121904 23 -1.11
03121904 23 -1.11
04121904 23 -1.10
05121904 23 -1.09
06121904 23 -1.08
07121904 23 -1.09
08121904 23 -1.08
09121904 23 -1.08
10121904 23 -1.08
11121904 23 -1.08
12121904 23 -1.09
13121904 23 -1.09
14121904 23 -1.09
15121904 23 -1.09
16121904 23 -1.09
17121904 23 -1.09
18121904 23 -1.08
19121904 23 -1.04
20121904 23 -1.01
21121904 23 -1.00
22121904 23 -1.09
23121904 23 -1.10
24121904 23 -1.04
25121904 23 -1.01
26121904 23 -0.98
27121904 23 -0.96
28121904 23 -0.96
29121904 23 -0.94
30121904 23 -0.92
31121904 23 -0.90
