01012005 23 -0.91
02012005 23 -0.91
03012005 23 -0.90
04012005 23 -0.90
05012005 23 -0.90
06012005 23 -0.91
07012005 23 -0.91
08012005 23 -0.91
09012005 23 -0.91
10012005 23 -0.90
11012005 23 -0.89
12012005 23 -0.87
13012005 23 -0.86
14012005 23 -0.85
15012005 23 -0.83
16012005 23 -0.86
17012005 23 -0.89
18012005 23 -0.89
19012005 23 -0.88
20012005 23 -0.90
21012005 23 -0.90
22012005 23 -0.89
23012005 23 -0.88
24012005 23 -0.87
25012005 23 -0.85
26012005 23 -0.84
27012005 23 -0.82
28012005 23 -0.80
29012005 23 -0.78
30012005 23 -0.76
31012005 23 -0.75
01022005 23 -0.80
02022005 23 -0.85
03022005 23 -0.88
04022005 23 -0.88
05022005 23 -0.87
06022005 23 -0.86
07022005 23 -0.84
08022005 23 -0.83
09022005 23 -0.81
10022005 23 -0.79
11022005 23 -0.83
12022005 23 -0.87
13022005 23 -0.90
14022005 23 -0.90
15022005 23 -0.88
16022005 23 -0.87
17022005 23 -0.85
18022005 23 -0.84
19022005 23 -0.82
20022005 23 -0.80
21022005 23 -0.78
22022005 23 -0.75
23022005 23 -0.73
24022005 23 -0.78
25022005 23 -0.78
26022005 23 -0.78
27022005 23 -0.82
28022005 23 -0.86
01032005 23 -0.87
02032005 23 -0.89
03032005 23 -0.90
04032005 23 -0.88
05032005 23 -0.86
06032005 23 -0.86
07032005 23 -0.89
08032005 23 -0.89
09032005 23 -0.87
10032005 23 -0.85
11032005 23 -0.84
12032005 23 -0.87
13032005 23 -0.89
14032005 23 -0.88
15032005 23 -0.89
16032005 23 -0.90
17032005 23 -0.88
18032005 23 -0.88
19032005 23 -0.90
20032005 23 -0.89
21032005 23 -0.88
22032005 23 -0.90
23032005 23 -0.89
24032005 23 -0.90
25032005 23 -0.89
26032005 23 -0.88
27032005 23 -0.90
28032005 23 -0.89
29032005 23 -0.87
30032005 23 -0.86
31032005 23 -0.89
01042005 23 -0.90
02042005 23 -0.88
03042005 23 -0.88
04042005 23 -0.90
05042005 23 -0.90
06042005 23 -0.88
07042005 23 -0.87
08042005 23 -0.85
09042005 23 -0.83
10042005 23 -0.80
11042005 23 -0.79
12042005 23 -0.83
13042005 23 -0.86
14042005 23 -0.86
15042005 23 -0.85
16042005 23 -0.82
17042005 23 -0.80
18042005 23 -0.83
19042005 23 -0.84
20042005 23 -0.83
21042005 23 -0.80
22042005 23 -0.79
23042005 23 -0.82
24042005 23 -0.83
25042005 23 -0.81
26042005 23 -0.79
27042005 23 -0.78
28042005 23 -0.83
29042005 23 -0.84
30042005 23 -0.83
01052005 23 -0.86
02052005 23 -0.87
03052005 23 -0.85
04052005 23 -0.84
05052005 23 -0.87
06052005 23 -0.88
07052005 23 -0.86
08052005 23 -0.85
09052005 23 -0.88
10052005 23 -0.88
11052005 23 -0.88
12052005 23 -0.89
13052005 23 -0.89
14052005 23 -0.89
15052005 23 -0.87
16052005 23 -0.89
17052005 23 -0.90
18052005 23 -0.89
19052005 23 -0.85
20052005 23 -0.81
21052005 23 -0.81
22052005 23 -0.86
23052005 23 -0.88
24052005 23 -0.86
25052005 23 -0.84
26052005 23 -0.81
27052005 23 -0.78
28052005 23 -0.75
29052005 23 -0.71
30052005 23 -0.67
31052005 23 -0.63
01062005 23 -0.60
02062005 23 -0.72
03062005 23 -0.79
04062005 23 -0.78
05062005 23 -0.75
06062005 23 -0.72
07062005 23 -0.69
08062005 23 -0.65
09062005 23 -0.62
10062005 23 -0.59
11062005 23 -0.59
12062005 23 -0.78
13062005 23 -0.86
14062005 23 -0.88
15062005 23 -0.87
16062005 23 -0.84
17062005 23 -0.80
18062005 23 -0.76
19062005 23 -0.72
20062005 23 -0.71
21062005 23 -0.79
22062005 23 -0.82
23062005 23 -0.83
24062005 23 -0.83
25062005 23 -0.81
26062005 23 -0.78
27062005 23 -0.78
28062005 23 -0.83
29062005 23 -0.86
30062005 23 -0.87
01072005 23 -0.84
02072005 23 -0.80
03072005 23 -0.76
04072005 23 -0.70
05072005 23 -0.65
06072005 23 -0.60
07072005 23 -0.55
08072005 23 -0.51
09072005 23 -0.47
10072005 23 -0.48
11072005 23 -0.71
12072005 23 -0.73
13072005 23 -0.65
14072005 23 -0.60
15072005 23 -0.55
16072005 23 -0.51
17072005 23 -0.68
18072005 23 -0.74
19072005 23 -0.69
20072005 23 -0.64
21072005 23 -0.60
22072005 23 -0.56
23072005 23 -0.52
24072005 23 -0.49
25072005 23 -0.45
26072005 23 -0.41
27072005 23 -0.37
28072005 23 -0.32
29072005 23 -0.27
30072005 23 -0.19
31072005 23 -0.11
01082005 23 -0.21
02082005 23 -0.73
03082005 23 -0.81
04082005 23 -0.84
05082005 23 -0.85
06082005 23 -0.84
07082005 23 -0.83
08082005 23 -0.81
09082005 23 -0.79
10082005 23 -0.75
11082005 23 -0.71
12082005 23 -0.74
13082005 23 -0.87
14082005 23 -0.92
15082005 23 -0.90
16082005 23 -0.88
17082005 23 -0.86
18082005 23 -0.83
19082005 23 -0.81
20082005 23 -0.81
21082005 23 -0.78
22082005 23 -0.77
23082005 23 -0.72
24082005 23 -0.67
25082005 23 -0.62
26082005 23 -0.57
27082005 23 -0.53
28082005 23 -0.49
29082005 23 -0.46
30082005 23 -0.73
31082005 23 -0.85
01092005 23 -0.88
02092005 23 -0.88
03092005 23 -0.89
04092005 23 -0.87
05092005 23 -0.85
06092005 23 -0.91
07092005 23 -0.93
08092005 23 -0.91
09092005 23 -0.89
10092005 23 -0.88
11092005 23 -0.87
12092005 23 -0.85
13092005 23 -0.84
14092005 23 -0.83
15092005 23 -0.79
16092005 23 -0.77
17092005 23 -0.87
18092005 23 -0.92
19092005 23 -0.92
20092005 23 -0.89
21092005 23 -0.88
22092005 23 -0.86
23092005 23 -0.86
24092005 23 -0.84
25092005 23 -0.81
26092005 23 -0.77
27092005 23 -0.72
28092005 23 -0.67
29092005 23 -0.63
30092005 23 -0.61
01102005 23 -0.66
02102005 23 -0.81
03102005 23 -0.78
04102005 23 -0.73
05102005 23 -0.67
06102005 23 -0.62
07102005 23 -0.57
08102005 23 -0.53
09102005 23 -0.49
10102005 23 -0.83
11102005 23 -0.95
12102005 23 -0.88
13102005 23 -0.86
14102005 23 -0.83
15102005 23 -0.80
16102005 23 -0.76
17102005 23 -0.72
18102005 23 -0.91
19102005 23 -0.97
20102005 23 -0.98
21102005 23 -0.97
22102005 23 -0.97
23102005 23 -0.97
24102005 23 -0.97
25102005 23 -0.95
26102005 23 -0.94
27102005 23 -0.96
28102005 23 -0.97
29102005 23 -0.96
30102005 23 -0.94
31102005 23 -0.93
01112005 23 -0.92
02112005 23 -0.93
03112005 23 -0.93
04112005 23 -0.94
05112005 23 -0.94
06112005 23 -0.94
07112005 23 -0.94
08112005 23 -0.94
09112005 23 -0.94
10112005 23 -0.94
11112005 23 -0.94
12112005 23 -0.94
13112005 23 -0.94
14112005 23 -0.95
15112005 23 -0.99
16112005 23 -1.03
17112005 23 -1.06
18112005 23 -1.07
19112005 23 -1.08
20112005 23 -1.10
21112005 23 -1.10
22112005 23 -1.10
23112005 23 -1.10
24112005 23 -1.10
25112005 23 -1.10
26112005 23 -1.10
27112005 23 -1.10
28112005 23 -1.10
29112005 23 -1.10
30112005 23 -1.11
01122005 23 -1.11
02122005 23 -1.11
03122005 23 -1.11
04122005 23 -1.10
05122005 23 -1.09
06122005 23 -1.08
07122005 23 -1.09
08122005 23 -1.08
09122005 23 -1.08
10122005 23 -1.08
11122005 23 -1.08
12122005 23 -1.09
13122005 23 -1.09
14122005 23 -1.09
15122005 23 -1.09
16122005 23 -1.09
17122005 23 -1.09
18122005 23 -1.08
19122005 23 -1.04
20122005 23 -1.01
21122005 23 -1.00
22122005 23 -1.09
23122005 23 -1.10
24122005 23 -1.04
25122005 23 -1.01
26122005 23 -0.98
27122005 23 -0.96
28122005 23 -0.96
29122005 23 -0.94
30122005 23 -0.92
31122005 23 -0.90
