01011984 23 -0.91
02011984 23 -0.91
03011984 23 -0.90
04011984 23 -0.90
05011984 23 -0.90
06011984 23 -0.91
07011984 23 -0.91
08011984 23 -0.91
09011984 23 -0.91
10011984 23 -0.90
11011984 23 -0.89
12011984 23 -0.87
13011984 23 -0.86
14011984 23 -0.85
15011984 23 -0.83
16011984 23 -0.86
17011984 23 -0.89
18011984 23 -0.89
19011984 23 -0.88
20011984 23 -0.90
21011984 23 -0.90
22011984 23 -0.89
23011984 23 -0.88
24011984 23 -0.87
25011984 23 -0.85
26011984 23 -0.84
27011984 23 -0.82
28011984 23 -0.80
29011984 23 -0.78
30011984 23 -0.76
31011984 23 -0.75
01021984 23 -0.80
02021984 23 -0.85
03021984 23 -0.88
04021984 23 -0.88
05021984 23 -0.87
06021984 23 -0.86
07021984 23 -0.84
08021984 23 -0.83
09021984 23 -0.81
10021984 23 -0.79
11021984 23 -0.83
12021984 23 -0.87
13021984 23 -0.90
14021984 23 -0.90
15021984 23 -0.88
16021984 23 -0.87
17021984 23 -0.85
18021984 23 -0.84
19021984 23 -0.82
20021984 23 -0.80
21021984 23 -0.78
22021984 23 -0.75
23021984 23 -0.73
24021984 23 -0.78
25021984 23 -0.78
26021984 23 -0.78
27021984 23 -0.82
28021984 23 -0.86
01031984 23 -0.87
02031984 23 -0.89
03031984 23 -0.90
04031984 23 -0.88
05031984 23 -0.86
06031984 23 -0.86
07031984 23 -0.89
08031984 23 -0.89
09031984 23 -0.87
10031984 23 -0.85
11031984 23 -0.84
12031984 23 -0.87
13031984 23 -0.89
14031984 23 -0.88
15031984 23 -0.89
16031984 23 -0.90
17031984 23 -0.88
18031984 23 -0.88
19031984 23 -0.90
20031984 23 -0.89
21031984 23 -0.88
22031984 23 -0.90
23031984 23 -0.89
24031984 23 -0.90
25031984 23 -0.89
26031984 23 -0.88
27031984 23 -0.90
28031984 23 -0.89
29031984 23 -0.87
30031984 23 -0.86
31031984 23 -0.89
01041984 23 -0.90
02041984 23 -0.88
03041984 23 -0.88
04041984 23 -0.90
05041984 23 -0.90
06041984 23 -0.88
07041984 23 -0.87
08041984 23 -0.85
09041984 23 -0.83
10041984 23 -0.80
11041984 23 -0.79
12041984 23 -0.83
13041984 23 -0.86
14041984 23 -0.86
15041984 23 -0.85
16041984 23 -0.82
17041984 23 -0.80
18041984 23 -0.83
19041984 23 -0.84
20041984 23 -0.83
21041984 23 -0.80
22041984 23 -0.79
23041984 23 -0.82
24041984 23 -0.83
25041984 23 -0.81
26041984 23 -0.79
27041984 23 -0.78
28041984 23 -0.83
29041984 23 -0.84
30041984 23 -0.83
01051984 23 -0.86
02051984 23 -0.87
03051984 23 -0.85
04051984 23 -0.84
05051984 23 -0.87
06051984 23 -0.88
07051984 23 -0.86
08051984 23 -0.85
09051984 23 -0.88
10051984 23 -0.88
11051984 23 -0.88
12051984 23 -0.89
13051984 23 -0.89
14051984 23 -0.89
15051984 23 -0.87
16051984 23 -0.89
17051984 23 -0.90
18051984 23 -0.89
19051984 23 -0.85
20051984 23 -0.81
21051984 23 -0.81
22051984 23 -0.86
23051984 23 -0.88
24051984 23 -0.86
25051984 23 -0.84
26051984 23 -0.81
27051984 23 -0.78
28051984 23 -0.75
29051984 23 -0.71
30051984 23 -0.67
31051984 23 -0.63
01061984 23 -0.60
02061984 23 -0.72
03061984 23 -0.79
04061984 23 -0.78
05061984 23 -0.75
06061984 23 -0.72
07061984 23 -0.69
08061984 23 -0.65
09061984 23 -0.62
10061984 23 -0.59
11061984 23 -0.59
12061984 23 -0.78
13061984 23 -0.86
14061984 23 -0.88
15061984 23 -0.87
16061984 23 -0.84
17061984 23 -0.80
18061984 23 -0.76
19061984 23 -0.72
20061984 23 -0.71
21061984 23 -0.79
22061984 23 -0.82
23061984 23 -0.83
24061984 23 -0.83
25061984 23 -0.81
26061984 23 -0.78
27061984 23 -0.78
28061984 23 -0.83
29061984 23 -0.86
30061984 23 -0.87
01071984 23 -0.84
02071984 23 -0.80
03071984 23 -0.76
04071984 23 -0.70
05071984 23 -0.65
06071984 23 -0.60
07071984 23 -0.55
08071984 23 -0.51
09071984 23 -0.47
10071984 23 -0.48
11071984 23 -0.71
12071984 23 -0.73
13071984 23 -0.65
14071984 23 -0.60
15071984 23 -0.55
16071984 23 -0.51
17071984 23 -0.68
18071984 23 -0.74
19071984 23 -0.69
20071984 23 -0.64
21071984 23 -0.60
22071984 23 -0.56
23071984 23 -0.52
24071984 23 -0.49
25071984 23 -0.45
26071984 23 -0.41
27071984 23 -0.37
28071984 23 -0.32
29071984 23 -0.27
30071984 23 -0.19
31071984 23 -0.11
01081984 23 -0.21
02081984 23 -0.73
03081984 23 -0.81
04081984 23 -0.84
05081984 23 -0.85
06081984 23 -0.84
07081984 23 -0.83
08081984 23 -0.81
09081984 23 -0.79
10081984 23 -0.75
11081984 23 -0.71
12081984 23 -0.74
13081984 23 -0.87
14081984 23 -0.92
15081984 23 -0.90
16081984 23 -0.88
17081984 23 -0.86
18081984 23 -0.83
19081984 23 -0.81
20081984 23 -0.81
21081984 23 -0.78
22081984 23 -0.77
23081984 23 -0.72
24081984 23 -0.67
25081984 23 -0.62
26081984 23 -0.57
27081984 23 -0.53
28081984 23 -0.49
29081984 23 -0.46
30081984 23 -0.73
31081984 23 -0.85
01091984 23 -0.88
02091984 23 -0.88
03091984 23 -0.89
04091984 23 -0.87
05091984 23 -0.85
06091984 23 -0.91
07091984 23 -0.93
08091984 23 -0.91
09091984 23 -0.89
10091984 23 -0.88
11091984 23 -0.87
12091984 23 -0.85
13091984 23 -0.84
14091984 23 -0.83
15091984 23 -0.79
16091984 23 -0.77
17091984 23 -0.87
18091984 23 -0.92
19091984 23 -0.92
20091984 23 -0.89
21091984 23 -0.88
22091984 23 -0.86
23091984 23 -0.86
24091984 23 -0.84
25091984 23 -0.81
26091984 23 -0.77
27091984 23 -0.72
28091984 23 -0.67
29091984 23 -0.63
30091984 23 -0.61
01101984 23 -0.66
02101984 23 -0.81
03101984 23 -0.78
04101984 23 -0.73
05101984 23 -0.67
06101984 23 -0.62
07101984 23 -0.57
08101984 23 -0.53
09101984 23 -0.49
10101984 23 -0.83
11101984 23 -0.95
12101984 23 -0.88
13101984 23 -0.86
14101984 23 -0.83
15101984 23 -0.80
16101984 23 -0.76
17101984 23 -0.72
18101984 23 -0.91
19101984 23 -0.97
20101984 23 -0.98
21101984 23 -0.97
22101984 23 -0.97
23101984 23 -0.97
24101984 23 -0.97
25101984 23 -0.95
26101984 23 -0.94
27101984 23 -0.96
28101984 23 -0.97
29101984 23 -0.96
30101984 23 -0.94
31101984 23 -0.93
01111984 23 -0.92
02111984 23 -0.93
03111984 23 -0.93
04111984 23 -0.94
05111984 23 -0.94
06111984 23 -0.94
07111984 23 -0.94
08111984 23 -0.94
09111984 23 -0.94
10111984 23 -0.94
11111984 23 -0.94
12111984 23 -0.94
13111984 23 -0.94
14111984 23 -0.95
15111984 23 -0.99
16111984 23 -1.03
17111984 23 -1.06
18111984 23 -1.07
19111984 23 -1.08
20111984 23 -1.10
21111984 23 -1.10
22111984 23 -1.10
23111984 23 -1.10
24111984 23 -1.10
25111984 23 -1.10
26111984 23 -1.10
27111984 23 -1.10
28111984 23 -1.10
29111984 23 -1.10
30111984 23 -1.11
01121984 23 -1.11
02121984 23 -1.11
03121984 23 -1.11
04121984 23 -1.10
05121984 23 -1.09
06121984 23 -1.08
07121984 23 -1.09
08121984 23 -1.08
09121984 23 -1.08
10121984 23 -1.08
11121984 23 -1.08
12121984 23 -1.09
13121984 23 -1.09
14121984 23 -1.09
15121984 23 -1.09
16121984 23 -1.09
17121984 23 -1.09
18121984 23 -1.08
19121984 23 -1.04
20121984 23 -1.01
21121984 23 -1.00
22121984 23 -1.09
23121984 23 -1.10
24121984 23 -1.04
25121984 23 -1.01
26121984 23 -0.98
27121984 23 -0.96
28121984 23 -0.96
29121984 23 -0.94
30121984 23 -0.92
31121984 23 -0.90
