01011944 23 -0.91
02011944 23 -0.91
03011944 23 -0.90
04011944 23 -0.90
05011944 23 -0.90
06011944 23 -0.91
07011944 23 -0.91
08011944 23 -0.91
09011944 23 -0.91
10011944 23 -0.90
11011944 23 -0.89
12011944 23 -0.87
13011944 23 -0.86
14011944 23 -0.85
15011944 23 -0.83
16011944 23 -0.86
17011944 23 -0.89
18011944 23 -0.89
19011944 23 -0.88
20011944 23 -0.90
21011944 23 -0.90
22011944 23 -0.89
23011944 23 -0.88
24011944 23 -0.87
25011944 23 -0.85
26011944 23 -0.84
27011944 23 -0.82
28011944 23 -0.80
29011944 23 -0.78
30011944 23 -0.76
31011944 23 -0.75
01021944 23 -0.80
02021944 23 -0.85
03021944 23 -0.88
04021944 23 -0.88
05021944 23 -0.87
06021944 23 -0.86
07021944 23 -0.84
08021944 23 -0.83
09021944 23 -0.81
10021944 23 -0.79
11021944 23 -0.83
12021944 23 -0.87
13021944 23 -0.90
14021944 23 -0.90
15021944 23 -0.88
16021944 23 -0.87
17021944 23 -0.85
18021944 23 -0.84
19021944 23 -0.82
20021944 23 -0.80
21021944 23 -0.78
22021944 23 -0.75
23021944 23 -0.73
24021944 23 -0.78
25021944 23 -0.78
26021944 23 -0.78
27021944 23 -0.82
28021944 23 -0.86
01031944 23 -0.87
02031944 23 -0.89
03031944 23 -0.90
04031944 23 -0.88
05031944 23 -0.86
06031944 23 -0.86
07031944 23 -0.89
08031944 23 -0.89
09031944 23 -0.87
10031944 23 -0.85
11031944 23 -0.84
12031944 23 -0.87
13031944 23 -0.89
14031944 23 -0.88
15031944 23 -0.89
16031944 23 -0.90
17031944 23 -0.88
18031944 23 -0.88
19031944 23 -0.90
20031944 23 -0.89
21031944 23 -0.88
22031944 23 -0.90
23031944 23 -0.89
24031944 23 -0.90
25031944 23 -0.89
26031944 23 -0.88
27031944 23 -0.90
28031944 23 -0.89
29031944 23 -0.87
30031944 23 -0.86
31031944 23 -0.89
01041944 23 -0.90
02041944 23 -0.88
03041944 23 -0.88
04041944 23 -0.90
05041944 23 -0.90
06041944 23 -0.88
07041944 23 -0.87
08041944 23 -0.85
09041944 23 -0.83
10041944 23 -0.80
11041944 23 -0.79
12041944 23 -0.83
13041944 23 -0.86
14041944 23 -0.86
15041944 23 -0.85
16041944 23 -0.82
17041944 23 -0.80
18041944 23 -0.83
19041944 23 -0.84
20041944 23 -0.83
21041944 23 -0.80
22041944 23 -0.79
23041944 23 -0.82
24041944 23 -0.83
25041944 23 -0.81
26041944 23 -0.79
27041944 23 -0.78
28041944 23 -0.83
29041944 23 -0.84
30041944 23 -0.83
01051944 23 -0.86
02051944 23 -0.87
03051944 23 -0.85
04051944 23 -0.84
05051944 23 -0.87
06051944 23 -0.88
07051944 23 -0.86
08051944 23 -0.85
09051944 23 -0.88
10051944 23 -0.88
11051944 23 -0.88
12051944 23 -0.89
13051944 23 -0.89
14051944 23 -0.89
15051944 23 -0.87
16051944 23 -0.89
17051944 23 -0.90
18051944 23 -0.89
19051944 23 -0.85
20051944 23 -0.81
21051944 23 -0.81
22051944 23 -0.86
23051944 23 -0.88
24051944 23 -0.86
25051944 23 -0.84
26051944 23 -0.81
27051944 23 -0.78
28051944 23 -0.75
29051944 23 -0.71
30051944 23 -0.67
31051944 23 -0.63
01061944 23 -0.60
02061944 23 -0.72
03061944 23 -0.79
04061944 23 -0.78
05061944 23 -0.75
06061944 23 -0.72
07061944 23 -0.69
08061944 23 -0.65
09061944 23 -0.62
10061944 23 -0.59
11061944 23 -0.59
12061944 23 -0.78
13061944 23 -0.86
14061944 23 -0.88
15061944 23 -0.87
16061944 23 -0.84
17061944 23 -0.80
18061944 23 -0.76
19061944 23 -0.72
20061944 23 -0.71
21061944 23 -0.79
22061944 23 -0.82
23061944 23 -0.83
24061944 23 -0.83
25061944 23 -0.81
26061944 23 -0.78
27061944 23 -0.78
28061944 23 -0.83
29061944 23 -0.86
30061944 23 -0.87
01071944 23 -0.84
02071944 23 -0.80
03071944 23 -0.76
04071944 23 -0.70
05071944 23 -0.65
06071944 23 -0.60
07071944 23 -0.55
08071944 23 -0.51
09071944 23 -0.47
10071944 23 -0.48
11071944 23 -0.71
12071944 23 -0.73
13071944 23 -0.65
14071944 23 -0.60
15071944 23 -0.55
16071944 23 -0.51
17071944 23 -0.68
18071944 23 -0.74
19071944 23 -0.69
20071944 23 -0.64
21071944 23 -0.60
22071944 23 -0.56
23071944 23 -0.52
24071944 23 -0.49
25071944 23 -0.45
26071944 23 -0.41
27071944 23 -0.37
28071944 23 -0.32
29071944 23 -0.27
30071944 23 -0.19
31071944 23 -0.11
01081944 23 -0.21
02081944 23 -0.73
03081944 23 -0.81
04081944 23 -0.84
05081944 23 -0.85
06081944 23 -0.84
07081944 23 -0.83
08081944 23 -0.81
09081944 23 -0.79
10081944 23 -0.75
11081944 23 -0.71
12081944 23 -0.74
13081944 23 -0.87
14081944 23 -0.92
15081944 23 -0.90
16081944 23 -0.88
17081944 23 -0.86
18081944 23 -0.83
19081944 23 -0.81
20081944 23 -0.81
21081944 23 -0.78
22081944 23 -0.77
23081944 23 -0.72
24081944 23 -0.67
25081944 23 -0.62
26081944 23 -0.57
27081944 23 -0.53
28081944 23 -0.49
29081944 23 -0.46
30081944 23 -0.73
31081944 23 -0.85
01091944 23 -0.88
02091944 23 -0.88
03091944 23 -0.89
04091944 23 -0.87
05091944 23 -0.85
06091944 23 -0.91
07091944 23 -0.93
08091944 23 -0.91
09091944 23 -0.89
10091944 23 -0.88
11091944 23 -0.87
12091944 23 -0.85
13091944 23 -0.84
14091944 23 -0.83
15091944 23 -0.79
16091944 23 -0.77
17091944 23 -0.87
18091944 23 -0.92
19091944 23 -0.92
20091944 23 -0.89
21091944 23 -0.88
22091944 23 -0.86
23091944 23 -0.86
24091944 23 -0.84
25091944 23 -0.81
26091944 23 -0.77
27091944 23 -0.72
28091944 23 -0.67
29091944 23 -0.63
30091944 23 -0.61
01101944 23 -0.66
02101944 23 -0.81
03101944 23 -0.78
04101944 23 -0.73
05101944 23 -0.67
06101944 23 -0.62
07101944 23 -0.57
08101944 23 -0.53
09101944 23 -0.49
10101944 23 -0.83
11101944 23 -0.95
12101944 23 -0.88
13101944 23 -0.86
14101944 23 -0.83
15101944 23 -0.80
16101944 23 -0.76
17101944 23 -0.72
18101944 23 -0.91
19101944 23 -0.97
20101944 23 -0.98
21101944 23 -0.97
22101944 23 -0.97
23101944 23 -0.97
24101944 23 -0.97
25101944 23 -0.95
26101944 23 -0.94
27101944 23 -0.96
28101944 23 -0.97
29101944 23 -0.96
30101944 23 -0.94
31101944 23 -0.93
01111944 23 -0.92
02111944 23 -0.93
03111944 23 -0.93
04111944 23 -0.94
05111944 23 -0.94
06111944 23 -0.94
07111944 23 -0.94
08111944 23 -0.94
09111944 23 -0.94
10111944 23 -0.94
11111944 23 -0.94
12111944 23 -0.94
13111944 23 -0.94
14111944 23 -0.95
15111944 23 -0.99
16111944 23 -1.03
17111944 23 -1.06
18111944 23 -1.07
19111944 23 -1.08
20111944 23 -1.10
21111944 23 -1.10
22111944 23 -1.10
23111944 23 -1.10
24111944 23 -1.10
25111944 23 -1.10
26111944 23 -1.10
27111944 23 -1.10
28111944 23 -1.10
29111944 23 -1.10
30111944 23 -1.11
01121944 23 -1.11
02121944 23 -1.11
03121944 23 -1.11
04121944 23 -1.10
05121944 23 -1.09
06121944 23 -1.08
07121944 23 -1.09
08121944 23 -1.08
09121944 23 -1.08
10121944 23 -1.08
11121944 23 -1.08
12121944 23 -1.09
13121944 23 -1.09
14121944 23 -1.09
15121944 23 -1.09
16121944 23 -1.09
17121944 23 -1.09
18121944 23 -1.08
19121944 23 -1.04
20121944 23 -1.01
21121944 23 -1.00
22121944 23 -1.09
23121944 23 -1.10
24121944 23 -1.04
25121944 23 -1.01
26121944 23 -0.98
27121944 23 -0.96
28121944 23 -0.96
29121944 23 -0.94
30121944 23 -0.92
31121944 23 -0.90
