01011930 23 -0.91
02011930 23 -0.91
03011930 23 -0.90
04011930 23 -0.90
05011930 23 -0.90
06011930 23 -0.91
07011930 23 -0.91
08011930 23 -0.91
09011930 23 -0.91
10011930 23 -0.90
11011930 23 -0.89
12011930 23 -0.87
13011930 23 -0.86
14011930 23 -0.85
15011930 23 -0.83
16011930 23 -0.86
17011930 23 -0.89
18011930 23 -0.89
19011930 23 -0.88
20011930 23 -0.90
21011930 23 -0.90
22011930 23 -0.89
23011930 23 -0.88
24011930 23 -0.87
25011930 23 -0.85
26011930 23 -0.84
27011930 23 -0.82
28011930 23 -0.80
29011930 23 -0.78
30011930 23 -0.76
31011930 23 -0.75
01021930 23 -0.80
02021930 23 -0.85
03021930 23 -0.88
04021930 23 -0.88
05021930 23 -0.87
06021930 23 -0.86
07021930 23 -0.84
08021930 23 -0.83
09021930 23 -0.81
10021930 23 -0.79
11021930 23 -0.83
12021930 23 -0.87
13021930 23 -0.90
14021930 23 -0.90
15021930 23 -0.88
16021930 23 -0.87
17021930 23 -0.85
18021930 23 -0.84
19021930 23 -0.82
20021930 23 -0.80
21021930 23 -0.78
22021930 23 -0.75
23021930 23 -0.73
24021930 23 -0.78
25021930 23 -0.78
26021930 23 -0.78
27021930 23 -0.82
28021930 23 -0.86
01031930 23 -0.87
02031930 23 -0.89
03031930 23 -0.90
04031930 23 -0.88
05031930 23 -0.86
06031930 23 -0.86
07031930 23 -0.89
08031930 23 -0.89
09031930 23 -0.87
10031930 23 -0.85
11031930 23 -0.84
12031930 23 -0.87
13031930 23 -0.89
14031930 23 -0.88
15031930 23 -0.89
16031930 23 -0.90
17031930 23 -0.88
18031930 23 -0.88
19031930 23 -0.90
20031930 23 -0.89
21031930 23 -0.88
22031930 23 -0.90
23031930 23 -0.89
24031930 23 -0.90
25031930 23 -0.89
26031930 23 -0.88
27031930 23 -0.90
28031930 23 -0.89
29031930 23 -0.87
30031930 23 -0.86
31031930 23 -0.89
01041930 23 -0.90
02041930 23 -0.88
03041930 23 -0.88
04041930 23 -0.90
05041930 23 -0.90
06041930 23 -0.88
07041930 23 -0.87
08041930 23 -0.85
09041930 23 -0.83
10041930 23 -0.80
11041930 23 -0.79
12041930 23 -0.83
13041930 23 -0.86
14041930 23 -0.86
15041930 23 -0.85
16041930 23 -0.82
17041930 23 -0.80
18041930 23 -0.83
19041930 23 -0.84
20041930 23 -0.83
21041930 23 -0.80
22041930 23 -0.79
23041930 23 -0.82
24041930 23 -0.83
25041930 23 -0.81
26041930 23 -0.79
27041930 23 -0.78
28041930 23 -0.83
29041930 23 -0.84
30041930 23 -0.83
01051930 23 -0.86
02051930 23 -0.87
03051930 23 -0.85
04051930 23 -0.84
05051930 23 -0.87
06051930 23 -0.88
07051930 23 -0.86
08051930 23 -0.85
09051930 23 -0.88
10051930 23 -0.88
11051930 23 -0.88
12051930 23 -0.89
13051930 23 -0.89
14051930 23 -0.89
15051930 23 -0.87
16051930 23 -0.89
17051930 23 -0.90
18051930 23 -0.89
19051930 23 -0.85
20051930 23 -0.81
21051930 23 -0.81
22051930 23 -0.86
23051930 23 -0.88
24051930 23 -0.86
25051930 23 -0.84
26051930 23 -0.81
27051930 23 -0.78
28051930 23 -0.75
29051930 23 -0.71
30051930 23 -0.67
31051930 23 -0.63
01061930 23 -0.60
02061930 23 -0.72
03061930 23 -0.79
04061930 23 -0.78
05061930 23 -0.75
06061930 23 -0.72
07061930 23 -0.69
08061930 23 -0.65
09061930 23 -0.62
10061930 23 -0.59
11061930 23 -0.59
12061930 23 -0.78
13061930 23 -0.86
14061930 23 -0.88
15061930 23 -0.87
16061930 23 -0.84
17061930 23 -0.80
18061930 23 -0.76
19061930 23 -0.72
20061930 23 -0.71
21061930 23 -0.79
22061930 23 -0.82
23061930 23 -0.83
24061930 23 -0.83
25061930 23 -0.81
26061930 23 -0.78
27061930 23 -0.78
28061930 23 -0.83
29061930 23 -0.86
30061930 23 -0.87
01071930 23 -0.84
02071930 23 -0.80
03071930 23 -0.76
04071930 23 -0.70
05071930 23 -0.65
06071930 23 -0.60
07071930 23 -0.55
08071930 23 -0.51
09071930 23 -0.47
10071930 23 -0.48
11071930 23 -0.71
12071930 23 -0.73
13071930 23 -0.65
14071930 23 -0.60
15071930 23 -0.55
16071930 23 -0.51
17071930 23 -0.68
18071930 23 -0.74
19071930 23 -0.69
20071930 23 -0.64
21071930 23 -0.60
22071930 23 -0.56
23071930 23 -0.52
24071930 23 -0.49
25071930 23 -0.45
26071930 23 -0.41
27071930 23 -0.37
28071930 23 -0.32
29071930 23 -0.27
30071930 23 -0.19
31071930 23 -0.11
01081930 23 -0.21
02081930 23 -0.73
03081930 23 -0.81
04081930 23 -0.84
05081930 23 -0.85
06081930 23 -0.84
07081930 23 -0.83
08081930 23 -0.81
09081930 23 -0.79
10081930 23 -0.75
11081930 23 -0.71
12081930 23 -0.74
13081930 23 -0.87
14081930 23 -0.92
15081930 23 -0.90
16081930 23 -0.88
17081930 23 -0.86
18081930 23 -0.83
19081930 23 -0.81
20081930 23 -0.81
21081930 23 -0.78
22081930 23 -0.77
23081930 23 -0.72
24081930 23 -0.67
25081930 23 -0.62
26081930 23 -0.57
27081930 23 -0.53
28081930 23 -0.49
29081930 23 -0.46
30081930 23 -0.73
31081930 23 -0.85
01091930 23 -0.88
02091930 23 -0.88
03091930 23 -0.89
04091930 23 -0.87
05091930 23 -0.85
06091930 23 -0.91
07091930 23 -0.93
08091930 23 -0.91
09091930 23 -0.89
10091930 23 -0.88
11091930 23 -0.87
12091930 23 -0.85
13091930 23 -0.84
14091930 23 -0.83
15091930 23 -0.79
16091930 23 -0.77
17091930 23 -0.87
18091930 23 -0.92
19091930 23 -0.92
20091930 23 -0.89
21091930 23 -0.88
22091930 23 -0.86
23091930 23 -0.86
24091930 23 -0.84
25091930 23 -0.81
26091930 23 -0.77
27091930 23 -0.72
28091930 23 -0.67
29091930 23 -0.63
30091930 23 -0.61
01101930 23 -0.66
02101930 23 -0.81
03101930 23 -0.78
04101930 23 -0.73
05101930 23 -0.67
06101930 23 -0.62
07101930 23 -0.57
08101930 23 -0.53
09101930 23 -0.49
10101930 23 -0.83
11101930 23 -0.95
12101930 23 -0.88
13101930 23 -0.86
14101930 23 -0.83
15101930 23 -0.80
16101930 23 -0.76
17101930 23 -0.72
18101930 23 -0.91
19101930 23 -0.97
20101930 23 -0.98
21101930 23 -0.97
22101930 23 -0.97
23101930 23 -0.97
24101930 23 -0.97
25101930 23 -0.95
26101930 23 -0.94
27101930 23 -0.96
28101930 23 -0.97
29101930 23 -0.96
30101930 23 -0.94
31101930 23 -0.93
01111930 23 -0.92
02111930 23 -0.93
03111930 23 -0.93
04111930 23 -0.94
05111930 23 -0.94
06111930 23 -0.94
07111930 23 -0.94
08111930 23 -0.94
09111930 23 -0.94
10111930 23 -0.94
11111930 23 -0.94
12111930 23 -0.94
13111930 23 -0.94
14111930 23 -0.95
15111930 23 -0.99
16111930 23 -1.03
17111930 23 -1.06
18111930 23 -1.07
19111930 23 -1.08
20111930 23 -1.10
21111930 23 -1.10
22111930 23 -1.10
23111930 23 -1.10
24111930 23 -1.10
25111930 23 -1.10
26111930 23 -1.10
27111930 23 -1.10
28111930 23 -1.10
29111930 23 -1.10
30111930 23 -1.11
01121930 23 -1.11
02121930 23 -1.11
03121930 23 -1.11
04121930 23 -1.10
05121930 23 -1.09
06121930 23 -1.08
07121930 23 -1.09
08121930 23 -1.08
09121930 23 -1.08
10121930 23 -1.08
11121930 23 -1.08
12121930 23 -1.09
13121930 23 -1.09
14121930 23 -1.09
15121930 23 -1.09
16121930 23 -1.09
17121930 23 -1.09
18121930 23 -1.08
19121930 23 -1.04
20121930 23 -1.01
21121930 23 -1.00
22121930 23 -1.09
23121930 23 -1.10
24121930 23 -1.04
25121930 23 -1.01
26121930 23 -0.98
27121930 23 -0.96
28121930 23 -0.96
29121930 23 -0.94
30121930 23 -0.92
31121930 23 -0.90
