01011987 23 -0.91
02011987 23 -0.91
03011987 23 -0.90
04011987 23 -0.90
05011987 23 -0.90
06011987 23 -0.91
07011987 23 -0.91
08011987 23 -0.91
09011987 23 -0.91
10011987 23 -0.90
11011987 23 -0.89
12011987 23 -0.87
13011987 23 -0.86
14011987 23 -0.85
15011987 23 -0.83
16011987 23 -0.86
17011987 23 -0.89
18011987 23 -0.89
19011987 23 -0.88
20011987 23 -0.90
21011987 23 -0.90
22011987 23 -0.89
23011987 23 -0.88
24011987 23 -0.87
25011987 23 -0.85
26011987 23 -0.84
27011987 23 -0.82
28011987 23 -0.80
29011987 23 -0.78
30011987 23 -0.76
31011987 23 -0.75
01021987 23 -0.80
02021987 23 -0.85
03021987 23 -0.88
04021987 23 -0.88
05021987 23 -0.87
06021987 23 -0.86
07021987 23 -0.84
08021987 23 -0.83
09021987 23 -0.81
10021987 23 -0.79
11021987 23 -0.83
12021987 23 -0.87
13021987 23 -0.90
14021987 23 -0.90
15021987 23 -0.88
16021987 23 -0.87
17021987 23 -0.85
18021987 23 -0.84
19021987 23 -0.82
20021987 23 -0.80
21021987 23 -0.78
22021987 23 -0.75
23021987 23 -0.73
24021987 23 -0.78
25021987 23 -0.78
26021987 23 -0.78
27021987 23 -0.82
28021987 23 -0.86
01031987 23 -0.87
02031987 23 -0.89
03031987 23 -0.90
04031987 23 -0.88
05031987 23 -0.86
06031987 23 -0.86
07031987 23 -0.89
08031987 23 -0.89
09031987 23 -0.87
10031987 23 -0.85
11031987 23 -0.84
12031987 23 -0.87
13031987 23 -0.89
14031987 23 -0.88
15031987 23 -0.89
16031987 23 -0.90
17031987 23 -0.88
18031987 23 -0.88
19031987 23 -0.90
20031987 23 -0.89
21031987 23 -0.88
22031987 23 -0.90
23031987 23 -0.89
24031987 23 -0.90
25031987 23 -0.89
26031987 23 -0.88
27031987 23 -0.90
28031987 23 -0.89
29031987 23 -0.87
30031987 23 -0.86
31031987 23 -0.89
01041987 23 -0.90
02041987 23 -0.88
03041987 23 -0.88
04041987 23 -0.90
05041987 23 -0.90
06041987 23 -0.88
07041987 23 -0.87
08041987 23 -0.85
09041987 23 -0.83
10041987 23 -0.80
11041987 23 -0.79
12041987 23 -0.83
13041987 23 -0.86
14041987 23 -0.86
15041987 23 -0.85
16041987 23 -0.82
17041987 23 -0.80
18041987 23 -0.83
19041987 23 -0.84
20041987 23 -0.83
21041987 23 -0.80
22041987 23 -0.79
23041987 23 -0.82
24041987 23 -0.83
25041987 23 -0.81
26041987 23 -0.79
27041987 23 -0.78
28041987 23 -0.83
29041987 23 -0.84
30041987 23 -0.83
01051987 23 -0.86
02051987 23 -0.87
03051987 23 -0.85
04051987 23 -0.84
05051987 23 -0.87
06051987 23 -0.88
07051987 23 -0.86
08051987 23 -0.85
09051987 23 -0.88
10051987 23 -0.88
11051987 23 -0.88
12051987 23 -0.89
13051987 23 -0.89
14051987 23 -0.89
15051987 23 -0.87
16051987 23 -0.89
17051987 23 -0.90
18051987 23 -0.89
19051987 23 -0.85
20051987 23 -0.81
21051987 23 -0.81
22051987 23 -0.86
23051987 23 -0.88
24051987 23 -0.86
25051987 23 -0.84
26051987 23 -0.81
27051987 23 -0.78
28051987 23 -0.75
29051987 23 -0.71
30051987 23 -0.67
31051987 23 -0.63
01061987 23 -0.60
02061987 23 -0.72
03061987 23 -0.79
04061987 23 -0.78
05061987 23 -0.75
06061987 23 -0.72
07061987 23 -0.69
08061987 23 -0.65
09061987 23 -0.62
10061987 23 -0.59
11061987 23 -0.59
12061987 23 -0.78
13061987 23 -0.86
14061987 23 -0.88
15061987 23 -0.87
16061987 23 -0.84
17061987 23 -0.80
18061987 23 -0.76
19061987 23 -0.72
20061987 23 -0.71
21061987 23 -0.79
22061987 23 -0.82
23061987 23 -0.83
24061987 23 -0.83
25061987 23 -0.81
26061987 23 -0.78
27061987 23 -0.78
28061987 23 -0.83
29061987 23 -0.86
30061987 23 -0.87
01071987 23 -0.84
02071987 23 -0.80
03071987 23 -0.76
04071987 23 -0.70
05071987 23 -0.65
06071987 23 -0.60
07071987 23 -0.55
08071987 23 -0.51
09071987 23 -0.47
10071987 23 -0.48
11071987 23 -0.71
12071987 23 -0.73
13071987 23 -0.65
14071987 23 -0.60
15071987 23 -0.55
16071987 23 -0.51
17071987 23 -0.68
18071987 23 -0.74
19071987 23 -0.69
20071987 23 -0.64
21071987 23 -0.60
22071987 23 -0.56
23071987 23 -0.52
24071987 23 -0.49
25071987 23 -0.45
26071987 23 -0.41
27071987 23 -0.37
28071987 23 -0.32
29071987 23 -0.27
30071987 23 -0.19
31071987 23 -0.11
01081987 23 -0.21
02081987 23 -0.73
03081987 23 -0.81
04081987 23 -0.84
05081987 23 -0.85
06081987 23 -0.84
07081987 23 -0.83
08081987 23 -0.81
09081987 23 -0.79
10081987 23 -0.75
11081987 23 -0.71
12081987 23 -0.74
13081987 23 -0.87
14081987 23 -0.92
15081987 23 -0.90
16081987 23 -0.88
17081987 23 -0.86
18081987 23 -0.83
19081987 23 -0.81
20081987 23 -0.81
21081987 23 -0.78
22081987 23 -0.77
23081987 23 -0.72
24081987 23 -0.67
25081987 23 -0.62
26081987 23 -0.57
27081987 23 -0.53
28081987 23 -0.49
29081987 23 -0.46
30081987 23 -0.73
31081987 23 -0.85
01091987 23 -0.88
02091987 23 -0.88
03091987 23 -0.89
04091987 23 -0.87
05091987 23 -0.85
06091987 23 -0.91
07091987 23 -0.93
08091987 23 -0.91
09091987 23 -0.89
10091987 23 -0.88
11091987 23 -0.87
12091987 23 -0.85
13091987 23 -0.84
14091987 23 -0.83
15091987 23 -0.79
16091987 23 -0.77
17091987 23 -0.87
18091987 23 -0.92
19091987 23 -0.92
20091987 23 -0.89
21091987 23 -0.88
22091987 23 -0.86
23091987 23 -0.86
24091987 23 -0.84
25091987 23 -0.81
26091987 23 -0.77
27091987 23 -0.72
28091987 23 -0.67
29091987 23 -0.63
30091987 23 -0.61
01101987 23 -0.66
02101987 23 -0.81
03101987 23 -0.78
04101987 23 -0.73
05101987 23 -0.67
06101987 23 -0.62
07101987 23 -0.57
08101987 23 -0.53
09101987 23 -0.49
10101987 23 -0.83
11101987 23 -0.95
12101987 23 -0.88
13101987 23 -0.86
14101987 23 -0.83
15101987 23 -0.80
16101987 23 -0.76
17101987 23 -0.72
18101987 23 -0.91
19101987 23 -0.97
20101987 23 -0.98
21101987 23 -0.97
22101987 23 -0.97
23101987 23 -0.97
24101987 23 -0.97
25101987 23 -0.95
26101987 23 -0.94
27101987 23 -0.96
28101987 23 -0.97
29101987 23 -0.96
30101987 23 -0.94
31101987 23 -0.93
01111987 23 -0.92
02111987 23 -0.93
03111987 23 -0.93
04111987 23 -0.94
05111987 23 -0.94
06111987 23 -0.94
07111987 23 -0.94
08111987 23 -0.94
09111987 23 -0.94
10111987 23 -0.94
11111987 23 -0.94
12111987 23 -0.94
13111987 23 -0.94
14111987 23 -0.95
15111987 23 -0.99
16111987 23 -1.03
17111987 23 -1.06
18111987 23 -1.07
19111987 23 -1.08
20111987 23 -1.10
21111987 23 -1.10
22111987 23 -1.10
23111987 23 -1.10
24111987 23 -1.10
25111987 23 -1.10
26111987 23 -1.10
27111987 23 -1.10
28111987 23 -1.10
29111987 23 -1.10
30111987 23 -1.11
01121987 23 -1.11
02121987 23 -1.11
03121987 23 -1.11
04121987 23 -1.10
05121987 23 -1.09
06121987 23 -1.08
07121987 23 -1.09
08121987 23 -1.08
09121987 23 -1.08
10121987 23 -1.08
11121987 23 -1.08
12121987 23 -1.09
13121987 23 -1.09
14121987 23 -1.09
15121987 23 -1.09
16121987 23 -1.09
17121987 23 -1.09
18121987 23 -1.08
19121987 23 -1.04
20121987 23 -1.01
21121987 23 -1.00
22121987 23 -1.09
23121987 23 -1.10
24121987 23 -1.04
25121987 23 -1.01
26121987 23 -0.98
27121987 23 -0.96
28121987 23 -0.96
29121987 23 -0.94
30121987 23 -0.92
31121987 23 -0.90
