01011952 23 -0.91
02011952 23 -0.91
03011952 23 -0.90
04011952 23 -0.90
05011952 23 -0.90
06011952 23 -0.91
07011952 23 -0.91
08011952 23 -0.91
09011952 23 -0.91
10011952 23 -0.90
11011952 23 -0.89
12011952 23 -0.87
13011952 23 -0.86
14011952 23 -0.85
15011952 23 -0.83
16011952 23 -0.86
17011952 23 -0.89
18011952 23 -0.89
19011952 23 -0.88
20011952 23 -0.90
21011952 23 -0.90
22011952 23 -0.89
23011952 23 -0.88
24011952 23 -0.87
25011952 23 -0.85
26011952 23 -0.84
27011952 23 -0.82
28011952 23 -0.80
29011952 23 -0.78
30011952 23 -0.76
31011952 23 -0.75
01021952 23 -0.80
02021952 23 -0.85
03021952 23 -0.88
04021952 23 -0.88
05021952 23 -0.87
06021952 23 -0.86
07021952 23 -0.84
08021952 23 -0.83
09021952 23 -0.81
10021952 23 -0.79
11021952 23 -0.83
12021952 23 -0.87
13021952 23 -0.90
14021952 23 -0.90
15021952 23 -0.88
16021952 23 -0.87
17021952 23 -0.85
18021952 23 -0.84
19021952 23 -0.82
20021952 23 -0.80
21021952 23 -0.78
22021952 23 -0.75
23021952 23 -0.73
24021952 23 -0.78
25021952 23 -0.78
26021952 23 -0.78
27021952 23 -0.82
28021952 23 -0.86
01031952 23 -0.87
02031952 23 -0.89
03031952 23 -0.90
04031952 23 -0.88
05031952 23 -0.86
06031952 23 -0.86
07031952 23 -0.89
08031952 23 -0.89
09031952 23 -0.87
10031952 23 -0.85
11031952 23 -0.84
12031952 23 -0.87
13031952 23 -0.89
14031952 23 -0.88
15031952 23 -0.89
16031952 23 -0.90
17031952 23 -0.88
18031952 23 -0.88
19031952 23 -0.90
20031952 23 -0.89
21031952 23 -0.88
22031952 23 -0.90
23031952 23 -0.89
24031952 23 -0.90
25031952 23 -0.89
26031952 23 -0.88
27031952 23 -0.90
28031952 23 -0.89
29031952 23 -0.87
30031952 23 -0.86
31031952 23 -0.89
01041952 23 -0.90
02041952 23 -0.88
03041952 23 -0.88
04041952 23 -0.90
05041952 23 -0.90
06041952 23 -0.88
07041952 23 -0.87
08041952 23 -0.85
09041952 23 -0.83
10041952 23 -0.80
11041952 23 -0.79
12041952 23 -0.83
13041952 23 -0.86
14041952 23 -0.86
15041952 23 -0.85
16041952 23 -0.82
17041952 23 -0.80
18041952 23 -0.83
19041952 23 -0.84
20041952 23 -0.83
21041952 23 -0.80
22041952 23 -0.79
23041952 23 -0.82
24041952 23 -0.83
25041952 23 -0.81
26041952 23 -0.79
27041952 23 -0.78
28041952 23 -0.83
29041952 23 -0.84
30041952 23 -0.83
01051952 23 -0.86
02051952 23 -0.87
03051952 23 -0.85
04051952 23 -0.84
05051952 23 -0.87
06051952 23 -0.88
07051952 23 -0.86
08051952 23 -0.85
09051952 23 -0.88
10051952 23 -0.88
11051952 23 -0.88
12051952 23 -0.89
13051952 23 -0.89
14051952 23 -0.89
15051952 23 -0.87
16051952 23 -0.89
17051952 23 -0.90
18051952 23 -0.89
19051952 23 -0.85
20051952 23 -0.81
21051952 23 -0.81
22051952 23 -0.86
23051952 23 -0.88
24051952 23 -0.86
25051952 23 -0.84
26051952 23 -0.81
27051952 23 -0.78
28051952 23 -0.75
29051952 23 -0.71
30051952 23 -0.67
31051952 23 -0.63
01061952 23 -0.60
02061952 23 -0.72
03061952 23 -0.79
04061952 23 -0.78
05061952 23 -0.75
06061952 23 -0.72
07061952 23 -0.69
08061952 23 -0.65
09061952 23 -0.62
10061952 23 -0.59
11061952 23 -0.59
12061952 23 -0.78
13061952 23 -0.86
14061952 23 -0.88
15061952 23 -0.87
16061952 23 -0.84
17061952 23 -0.80
18061952 23 -0.76
19061952 23 -0.72
20061952 23 -0.71
21061952 23 -0.79
22061952 23 -0.82
23061952 23 -0.83
24061952 23 -0.83
25061952 23 -0.81
26061952 23 -0.78
27061952 23 -0.78
28061952 23 -0.83
29061952 23 -0.86
30061952 23 -0.87
01071952 23 -0.84
02071952 23 -0.80
03071952 23 -0.76
04071952 23 -0.70
05071952 23 -0.65
06071952 23 -0.60
07071952 23 -0.55
08071952 23 -0.51
09071952 23 -0.47
10071952 23 -0.48
11071952 23 -0.71
12071952 23 -0.73
13071952 23 -0.65
14071952 23 -0.60
15071952 23 -0.55
16071952 23 -0.51
17071952 23 -0.68
18071952 23 -0.74
19071952 23 -0.69
20071952 23 -0.64
21071952 23 -0.60
22071952 23 -0.56
23071952 23 -0.52
24071952 23 -0.49
25071952 23 -0.45
26071952 23 -0.41
27071952 23 -0.37
28071952 23 -0.32
29071952 23 -0.27
30071952 23 -0.19
31071952 23 -0.11
01081952 23 -0.21
02081952 23 -0.73
03081952 23 -0.81
04081952 23 -0.84
05081952 23 -0.85
06081952 23 -0.84
07081952 23 -0.83
08081952 23 -0.81
09081952 23 -0.79
10081952 23 -0.75
11081952 23 -0.71
12081952 23 -0.74
13081952 23 -0.87
14081952 23 -0.92
15081952 23 -0.90
16081952 23 -0.88
17081952 23 -0.86
18081952 23 -0.83
19081952 23 -0.81
20081952 23 -0.81
21081952 23 -0.78
22081952 23 -0.77
23081952 23 -0.72
24081952 23 -0.67
25081952 23 -0.62
26081952 23 -0.57
27081952 23 -0.53
28081952 23 -0.49
29081952 23 -0.46
30081952 23 -0.73
31081952 23 -0.85
01091952 23 -0.88
02091952 23 -0.88
03091952 23 -0.89
04091952 23 -0.87
05091952 23 -0.85
06091952 23 -0.91
07091952 23 -0.93
08091952 23 -0.91
09091952 23 -0.89
10091952 23 -0.88
11091952 23 -0.87
12091952 23 -0.85
13091952 23 -0.84
14091952 23 -0.83
15091952 23 -0.79
16091952 23 -0.77
17091952 23 -0.87
18091952 23 -0.92
19091952 23 -0.92
20091952 23 -0.89
21091952 23 -0.88
22091952 23 -0.86
23091952 23 -0.86
24091952 23 -0.84
25091952 23 -0.81
26091952 23 -0.77
27091952 23 -0.72
28091952 23 -0.67
29091952 23 -0.63
30091952 23 -0.61
01101952 23 -0.66
02101952 23 -0.81
03101952 23 -0.78
04101952 23 -0.73
05101952 23 -0.67
06101952 23 -0.62
07101952 23 -0.57
08101952 23 -0.53
09101952 23 -0.49
10101952 23 -0.83
11101952 23 -0.95
12101952 23 -0.88
13101952 23 -0.86
14101952 23 -0.83
15101952 23 -0.80
16101952 23 -0.76
17101952 23 -0.72
18101952 23 -0.91
19101952 23 -0.97
20101952 23 -0.98
21101952 23 -0.97
22101952 23 -0.97
23101952 23 -0.97
24101952 23 -0.97
25101952 23 -0.95
26101952 23 -0.94
27101952 23 -0.96
28101952 23 -0.97
29101952 23 -0.96
30101952 23 -0.94
31101952 23 -0.93
01111952 23 -0.92
02111952 23 -0.93
03111952 23 -0.93
04111952 23 -0.94
05111952 23 -0.94
06111952 23 -0.94
07111952 23 -0.94
08111952 23 -0.94
09111952 23 -0.94
10111952 23 -0.94
11111952 23 -0.94
12111952 23 -0.94
13111952 23 -0.94
14111952 23 -0.95
15111952 23 -0.99
16111952 23 -1.03
17111952 23 -1.06
18111952 23 -1.07
19111952 23 -1.08
20111952 23 -1.10
21111952 23 -1.10
22111952 23 -1.10
23111952 23 -1.10
24111952 23 -1.10
25111952 23 -1.10
26111952 23 -1.10
27111952 23 -1.10
28111952 23 -1.10
29111952 23 -1.10
30111952 23 -1.11
01121952 23 -1.11
02121952 23 -1.11
03121952 23 -1.11
04121952 23 -1.10
05121952 23 -1.09
06121952 23 -1.08
07121952 23 -1.09
08121952 23 -1.08
09121952 23 -1.08
10121952 23 -1.08
11121952 23 -1.08
12121952 23 -1.09
13121952 23 -1.09
14121952 23 -1.09
15121952 23 -1.09
16121952 23 -1.09
17121952 23 -1.09
18121952 23 -1.08
19121952 23 -1.04
20121952 23 -1.01
21121952 23 -1.00
22121952 23 -1.09
23121952 23 -1.10
24121952 23 -1.04
25121952 23 -1.01
26121952 23 -0.98
27121952 23 -0.96
28121952 23 -0.96
29121952 23 -0.94
30121952 23 -0.92
31121952 23 -0.90
