01011969 23 -0.91
02011969 23 -0.91
03011969 23 -0.90
04011969 23 -0.90
05011969 23 -0.90
06011969 23 -0.91
07011969 23 -0.91
08011969 23 -0.91
09011969 23 -0.91
10011969 23 -0.90
11011969 23 -0.89
12011969 23 -0.87
13011969 23 -0.86
14011969 23 -0.85
15011969 23 -0.83
16011969 23 -0.86
17011969 23 -0.89
18011969 23 -0.89
19011969 23 -0.88
20011969 23 -0.90
21011969 23 -0.90
22011969 23 -0.89
23011969 23 -0.88
24011969 23 -0.87
25011969 23 -0.85
26011969 23 -0.84
27011969 23 -0.82
28011969 23 -0.80
29011969 23 -0.78
30011969 23 -0.76
31011969 23 -0.75
01021969 23 -0.80
02021969 23 -0.85
03021969 23 -0.88
04021969 23 -0.88
05021969 23 -0.87
06021969 23 -0.86
07021969 23 -0.84
08021969 23 -0.83
09021969 23 -0.81
10021969 23 -0.79
11021969 23 -0.83
12021969 23 -0.87
13021969 23 -0.90
14021969 23 -0.90
15021969 23 -0.88
16021969 23 -0.87
17021969 23 -0.85
18021969 23 -0.84
19021969 23 -0.82
20021969 23 -0.80
21021969 23 -0.78
22021969 23 -0.75
23021969 23 -0.73
24021969 23 -0.78
25021969 23 -0.78
26021969 23 -0.78
27021969 23 -0.82
28021969 23 -0.86
01031969 23 -0.87
02031969 23 -0.89
03031969 23 -0.90
04031969 23 -0.88
05031969 23 -0.86
06031969 23 -0.86
07031969 23 -0.89
08031969 23 -0.89
09031969 23 -0.87
10031969 23 -0.85
11031969 23 -0.84
12031969 23 -0.87
13031969 23 -0.89
14031969 23 -0.88
15031969 23 -0.89
16031969 23 -0.90
17031969 23 -0.88
18031969 23 -0.88
19031969 23 -0.90
20031969 23 -0.89
21031969 23 -0.88
22031969 23 -0.90
23031969 23 -0.89
24031969 23 -0.90
25031969 23 -0.89
26031969 23 -0.88
27031969 23 -0.90
28031969 23 -0.89
29031969 23 -0.87
30031969 23 -0.86
31031969 23 -0.89
01041969 23 -0.90
02041969 23 -0.88
03041969 23 -0.88
04041969 23 -0.90
05041969 23 -0.90
06041969 23 -0.88
07041969 23 -0.87
08041969 23 -0.85
09041969 23 -0.83
10041969 23 -0.80
11041969 23 -0.79
12041969 23 -0.83
13041969 23 -0.86
14041969 23 -0.86
15041969 23 -0.85
16041969 23 -0.82
17041969 23 -0.80
18041969 23 -0.83
19041969 23 -0.84
20041969 23 -0.83
21041969 23 -0.80
22041969 23 -0.79
23041969 23 -0.82
24041969 23 -0.83
25041969 23 -0.81
26041969 23 -0.79
27041969 23 -0.78
28041969 23 -0.83
29041969 23 -0.84
30041969 23 -0.83
01051969 23 -0.86
02051969 23 -0.87
03051969 23 -0.85
04051969 23 -0.84
05051969 23 -0.87
06051969 23 -0.88
07051969 23 -0.86
08051969 23 -0.85
09051969 23 -0.88
10051969 23 -0.88
11051969 23 -0.88
12051969 23 -0.89
13051969 23 -0.89
14051969 23 -0.89
15051969 23 -0.87
16051969 23 -0.89
17051969 23 -0.90
18051969 23 -0.89
19051969 23 -0.85
20051969 23 -0.81
21051969 23 -0.81
22051969 23 -0.86
23051969 23 -0.88
24051969 23 -0.86
25051969 23 -0.84
26051969 23 -0.81
27051969 23 -0.78
28051969 23 -0.75
29051969 23 -0.71
30051969 23 -0.67
31051969 23 -0.63
01061969 23 -0.60
02061969 23 -0.72
03061969 23 -0.79
04061969 23 -0.78
05061969 23 -0.75
06061969 23 -0.72
07061969 23 -0.69
08061969 23 -0.65
09061969 23 -0.62
10061969 23 -0.59
11061969 23 -0.59
12061969 23 -0.78
13061969 23 -0.86
14061969 23 -0.88
15061969 23 -0.87
16061969 23 -0.84
17061969 23 -0.80
18061969 23 -0.76
19061969 23 -0.72
20061969 23 -0.71
21061969 23 -0.79
22061969 23 -0.82
23061969 23 -0.83
24061969 23 -0.83
25061969 23 -0.81
26061969 23 -0.78
27061969 23 -0.78
28061969 23 -0.83
29061969 23 -0.86
30061969 23 -0.87
01071969 23 -0.84
02071969 23 -0.80
03071969 23 -0.76
04071969 23 -0.70
05071969 23 -0.65
06071969 23 -0.60
07071969 23 -0.55
08071969 23 -0.51
09071969 23 -0.47
10071969 23 -0.48
11071969 23 -0.71
12071969 23 -0.73
13071969 23 -0.65
14071969 23 -0.60
15071969 23 -0.55
16071969 23 -0.51
17071969 23 -0.68
18071969 23 -0.74
19071969 23 -0.69
20071969 23 -0.64
21071969 23 -0.60
22071969 23 -0.56
23071969 23 -0.52
24071969 23 -0.49
25071969 23 -0.45
26071969 23 -0.41
27071969 23 -0.37
28071969 23 -0.32
29071969 23 -0.27
30071969 23 -0.19
31071969 23 -0.11
01081969 23 -0.21
02081969 23 -0.73
03081969 23 -0.81
04081969 23 -0.84
05081969 23 -0.85
06081969 23 -0.84
07081969 23 -0.83
08081969 23 -0.81
09081969 23 -0.79
10081969 23 -0.75
11081969 23 -0.71
12081969 23 -0.74
13081969 23 -0.87
14081969 23 -0.92
15081969 23 -0.90
16081969 23 -0.88
17081969 23 -0.86
18081969 23 -0.83
19081969 23 -0.81
20081969 23 -0.81
21081969 23 -0.78
22081969 23 -0.77
23081969 23 -0.72
24081969 23 -0.67
25081969 23 -0.62
26081969 23 -0.57
27081969 23 -0.53
28081969 23 -0.49
29081969 23 -0.46
30081969 23 -0.73
31081969 23 -0.85
01091969 23 -0.88
02091969 23 -0.88
03091969 23 -0.89
04091969 23 -0.87
05091969 23 -0.85
06091969 23 -0.91
07091969 23 -0.93
08091969 23 -0.91
09091969 23 -0.89
10091969 23 -0.88
11091969 23 -0.87
12091969 23 -0.85
13091969 23 -0.84
14091969 23 -0.83
15091969 23 -0.79
16091969 23 -0.77
17091969 23 -0.87
18091969 23 -0.92
19091969 23 -0.92
20091969 23 -0.89
21091969 23 -0.88
22091969 23 -0.86
23091969 23 -0.86
24091969 23 -0.84
25091969 23 -0.81
26091969 23 -0.77
27091969 23 -0.72
28091969 23 -0.67
29091969 23 -0.63
30091969 23 -0.61
01101969 23 -0.66
02101969 23 -0.81
03101969 23 -0.78
04101969 23 -0.73
05101969 23 -0.67
06101969 23 -0.62
07101969 23 -0.57
08101969 23 -0.53
09101969 23 -0.49
10101969 23 -0.83
11101969 23 -0.95
12101969 23 -0.88
13101969 23 -0.86
14101969 23 -0.83
15101969 23 -0.80
16101969 23 -0.76
17101969 23 -0.72
18101969 23 -0.91
19101969 23 -0.97
20101969 23 -0.98
21101969 23 -0.97
22101969 23 -0.97
23101969 23 -0.97
24101969 23 -0.97
25101969 23 -0.95
26101969 23 -0.94
27101969 23 -0.96
28101969 23 -0.97
29101969 23 -0.96
30101969 23 -0.94
31101969 23 -0.93
01111969 23 -0.92
02111969 23 -0.93
03111969 23 -0.93
04111969 23 -0.94
05111969 23 -0.94
06111969 23 -0.94
07111969 23 -0.94
08111969 23 -0.94
09111969 23 -0.94
10111969 23 -0.94
11111969 23 -0.94
12111969 23 -0.94
13111969 23 -0.94
14111969 23 -0.95
15111969 23 -0.99
16111969 23 -1.03
17111969 23 -1.06
18111969 23 -1.07
19111969 23 -1.08
20111969 23 -1.10
21111969 23 -1.10
22111969 23 -1.10
23111969 23 -1.10
24111969 23 -1.10
25111969 23 -1.10
26111969 23 -1.10
27111969 23 -1.10
28111969 23 -1.10
29111969 23 -1.10
30111969 23 -1.11
01121969 23 -1.11
02121969 23 -1.11
03121969 23 -1.11
04121969 23 -1.10
05121969 23 -1.09
06121969 23 -1.08
07121969 23 -1.09
08121969 23 -1.08
09121969 23 -1.08
10121969 23 -1.08
11121969 23 -1.08
12121969 23 -1.09
13121969 23 -1.09
14121969 23 -1.09
15121969 23 -1.09
16121969 23 -1.09
17121969 23 -1.09
18121969 23 -1.08
19121969 23 -1.04
20121969 23 -1.01
21121969 23 -1.00
22121969 23 -1.09
23121969 23 -1.10
24121969 23 -1.04
25121969 23 -1.01
26121969 23 -0.98
27121969 23 -0.96
28121969 23 -0.96
29121969 23 -0.94
30121969 23 -0.92
31121969 23 -0.90
