01011939 23 -0.91
02011939 23 -0.91
03011939 23 -0.90
04011939 23 -0.90
05011939 23 -0.90
06011939 23 -0.91
07011939 23 -0.91
08011939 23 -0.91
09011939 23 -0.91
10011939 23 -0.90
11011939 23 -0.89
12011939 23 -0.87
13011939 23 -0.86
14011939 23 -0.85
15011939 23 -0.83
16011939 23 -0.86
17011939 23 -0.89
18011939 23 -0.89
19011939 23 -0.88
20011939 23 -0.90
21011939 23 -0.90
22011939 23 -0.89
23011939 23 -0.88
24011939 23 -0.87
25011939 23 -0.85
26011939 23 -0.84
27011939 23 -0.82
28011939 23 -0.80
29011939 23 -0.78
30011939 23 -0.76
31011939 23 -0.75
01021939 23 -0.80
02021939 23 -0.85
03021939 23 -0.88
04021939 23 -0.88
05021939 23 -0.87
06021939 23 -0.86
07021939 23 -0.84
08021939 23 -0.83
09021939 23 -0.81
10021939 23 -0.79
11021939 23 -0.83
12021939 23 -0.87
13021939 23 -0.90
14021939 23 -0.90
15021939 23 -0.88
16021939 23 -0.87
17021939 23 -0.85
18021939 23 -0.84
19021939 23 -0.82
20021939 23 -0.80
21021939 23 -0.78
22021939 23 -0.75
23021939 23 -0.73
24021939 23 -0.78
25021939 23 -0.78
26021939 23 -0.78
27021939 23 -0.82
28021939 23 -0.86
01031939 23 -0.87
02031939 23 -0.89
03031939 23 -0.90
04031939 23 -0.88
05031939 23 -0.86
06031939 23 -0.86
07031939 23 -0.89
08031939 23 -0.89
09031939 23 -0.87
10031939 23 -0.85
11031939 23 -0.84
12031939 23 -0.87
13031939 23 -0.89
14031939 23 -0.88
15031939 23 -0.89
16031939 23 -0.90
17031939 23 -0.88
18031939 23 -0.88
19031939 23 -0.90
20031939 23 -0.89
21031939 23 -0.88
22031939 23 -0.90
23031939 23 -0.89
24031939 23 -0.90
25031939 23 -0.89
26031939 23 -0.88
27031939 23 -0.90
28031939 23 -0.89
29031939 23 -0.87
30031939 23 -0.86
31031939 23 -0.89
01041939 23 -0.90
02041939 23 -0.88
03041939 23 -0.88
04041939 23 -0.90
05041939 23 -0.90
06041939 23 -0.88
07041939 23 -0.87
08041939 23 -0.85
09041939 23 -0.83
10041939 23 -0.80
11041939 23 -0.79
12041939 23 -0.83
13041939 23 -0.86
14041939 23 -0.86
15041939 23 -0.85
16041939 23 -0.82
17041939 23 -0.80
18041939 23 -0.83
19041939 23 -0.84
20041939 23 -0.83
21041939 23 -0.80
22041939 23 -0.79
23041939 23 -0.82
24041939 23 -0.83
25041939 23 -0.81
26041939 23 -0.79
27041939 23 -0.78
28041939 23 -0.83
29041939 23 -0.84
30041939 23 -0.83
01051939 23 -0.86
02051939 23 -0.87
03051939 23 -0.85
04051939 23 -0.84
05051939 23 -0.87
06051939 23 -0.88
07051939 23 -0.86
08051939 23 -0.85
09051939 23 -0.88
10051939 23 -0.88
11051939 23 -0.88
12051939 23 -0.89
13051939 23 -0.89
14051939 23 -0.89
15051939 23 -0.87
16051939 23 -0.89
17051939 23 -0.90
18051939 23 -0.89
19051939 23 -0.85
20051939 23 -0.81
21051939 23 -0.81
22051939 23 -0.86
23051939 23 -0.88
24051939 23 -0.86
25051939 23 -0.84
26051939 23 -0.81
27051939 23 -0.78
28051939 23 -0.75
29051939 23 -0.71
30051939 23 -0.67
31051939 23 -0.63
01061939 23 -0.60
02061939 23 -0.72
03061939 23 -0.79
04061939 23 -0.78
05061939 23 -0.75
06061939 23 -0.72
07061939 23 -0.69
08061939 23 -0.65
09061939 23 -0.62
10061939 23 -0.59
11061939 23 -0.59
12061939 23 -0.78
13061939 23 -0.86
14061939 23 -0.88
15061939 23 -0.87
16061939 23 -0.84
17061939 23 -0.80
18061939 23 -0.76
19061939 23 -0.72
20061939 23 -0.71
21061939 23 -0.79
22061939 23 -0.82
23061939 23 -0.83
24061939 23 -0.83
25061939 23 -0.81
26061939 23 -0.78
27061939 23 -0.78
28061939 23 -0.83
29061939 23 -0.86
30061939 23 -0.87
01071939 23 -0.84
02071939 23 -0.80
03071939 23 -0.76
04071939 23 -0.70
05071939 23 -0.65
06071939 23 -0.60
07071939 23 -0.55
08071939 23 -0.51
09071939 23 -0.47
10071939 23 -0.48
11071939 23 -0.71
12071939 23 -0.73
13071939 23 -0.65
14071939 23 -0.60
15071939 23 -0.55
16071939 23 -0.51
17071939 23 -0.68
18071939 23 -0.74
19071939 23 -0.69
20071939 23 -0.64
21071939 23 -0.60
22071939 23 -0.56
23071939 23 -0.52
24071939 23 -0.49
25071939 23 -0.45
26071939 23 -0.41
27071939 23 -0.37
28071939 23 -0.32
29071939 23 -0.27
30071939 23 -0.19
31071939 23 -0.11
01081939 23 -0.21
02081939 23 -0.73
03081939 23 -0.81
04081939 23 -0.84
05081939 23 -0.85
06081939 23 -0.84
07081939 23 -0.83
08081939 23 -0.81
09081939 23 -0.79
10081939 23 -0.75
11081939 23 -0.71
12081939 23 -0.74
13081939 23 -0.87
14081939 23 -0.92
15081939 23 -0.90
16081939 23 -0.88
17081939 23 -0.86
18081939 23 -0.83
19081939 23 -0.81
20081939 23 -0.81
21081939 23 -0.78
22081939 23 -0.77
23081939 23 -0.72
24081939 23 -0.67
25081939 23 -0.62
26081939 23 -0.57
27081939 23 -0.53
28081939 23 -0.49
29081939 23 -0.46
30081939 23 -0.73
31081939 23 -0.85
01091939 23 -0.88
02091939 23 -0.88
03091939 23 -0.89
04091939 23 -0.87
05091939 23 -0.85
06091939 23 -0.91
07091939 23 -0.93
08091939 23 -0.91
09091939 23 -0.89
10091939 23 -0.88
11091939 23 -0.87
12091939 23 -0.85
13091939 23 -0.84
14091939 23 -0.83
15091939 23 -0.79
16091939 23 -0.77
17091939 23 -0.87
18091939 23 -0.92
19091939 23 -0.92
20091939 23 -0.89
21091939 23 -0.88
22091939 23 -0.86
23091939 23 -0.86
24091939 23 -0.84
25091939 23 -0.81
26091939 23 -0.77
27091939 23 -0.72
28091939 23 -0.67
29091939 23 -0.63
30091939 23 -0.61
01101939 23 -0.66
02101939 23 -0.81
03101939 23 -0.78
04101939 23 -0.73
05101939 23 -0.67
06101939 23 -0.62
07101939 23 -0.57
08101939 23 -0.53
09101939 23 -0.49
10101939 23 -0.83
11101939 23 -0.95
12101939 23 -0.88
13101939 23 -0.86
14101939 23 -0.83
15101939 23 -0.80
16101939 23 -0.76
17101939 23 -0.72
18101939 23 -0.91
19101939 23 -0.97
20101939 23 -0.98
21101939 23 -0.97
22101939 23 -0.97
23101939 23 -0.97
24101939 23 -0.97
25101939 23 -0.95
26101939 23 -0.94
27101939 23 -0.96
28101939 23 -0.97
29101939 23 -0.96
30101939 23 -0.94
31101939 23 -0.93
01111939 23 -0.92
02111939 23 -0.93
03111939 23 -0.93
04111939 23 -0.94
05111939 23 -0.94
06111939 23 -0.94
07111939 23 -0.94
08111939 23 -0.94
09111939 23 -0.94
10111939 23 -0.94
11111939 23 -0.94
12111939 23 -0.94
13111939 23 -0.94
14111939 23 -0.95
15111939 23 -0.99
16111939 23 -1.03
17111939 23 -1.06
18111939 23 -1.07
19111939 23 -1.08
20111939 23 -1.10
21111939 23 -1.10
22111939 23 -1.10
23111939 23 -1.10
24111939 23 -1.10
25111939 23 -1.10
26111939 23 -1.10
27111939 23 -1.10
28111939 23 -1.10
29111939 23 -1.10
30111939 23 -1.11
01121939 23 -1.11
02121939 23 -1.11
03121939 23 -1.11
04121939 23 -1.10
05121939 23 -1.09
06121939 23 -1.08
07121939 23 -1.09
08121939 23 -1.08
09121939 23 -1.08
10121939 23 -1.08
11121939 23 -1.08
12121939 23 -1.09
13121939 23 -1.09
14121939 23 -1.09
15121939 23 -1.09
16121939 23 -1.09
17121939 23 -1.09
18121939 23 -1.08
19121939 23 -1.04
20121939 23 -1.01
21121939 23 -1.00
22121939 23 -1.09
23121939 23 -1.10
24121939 23 -1.04
25121939 23 -1.01
26121939 23 -0.98
27121939 23 -0.96
28121939 23 -0.96
29121939 23 -0.94
30121939 23 -0.92
31121939 23 -0.90
