01011935 23 -0.91
02011935 23 -0.91
03011935 23 -0.90
04011935 23 -0.90
05011935 23 -0.90
06011935 23 -0.91
07011935 23 -0.91
08011935 23 -0.91
09011935 23 -0.91
10011935 23 -0.90
11011935 23 -0.89
12011935 23 -0.87
13011935 23 -0.86
14011935 23 -0.85
15011935 23 -0.83
16011935 23 -0.86
17011935 23 -0.89
18011935 23 -0.89
19011935 23 -0.88
20011935 23 -0.90
21011935 23 -0.90
22011935 23 -0.89
23011935 23 -0.88
24011935 23 -0.87
25011935 23 -0.85
26011935 23 -0.84
27011935 23 -0.82
28011935 23 -0.80
29011935 23 -0.78
30011935 23 -0.76
31011935 23 -0.75
01021935 23 -0.80
02021935 23 -0.85
03021935 23 -0.88
04021935 23 -0.88
05021935 23 -0.87
06021935 23 -0.86
07021935 23 -0.84
08021935 23 -0.83
09021935 23 -0.81
10021935 23 -0.79
11021935 23 -0.83
12021935 23 -0.87
13021935 23 -0.90
14021935 23 -0.90
15021935 23 -0.88
16021935 23 -0.87
17021935 23 -0.85
18021935 23 -0.84
19021935 23 -0.82
20021935 23 -0.80
21021935 23 -0.78
22021935 23 -0.75
23021935 23 -0.73
24021935 23 -0.78
25021935 23 -0.78
26021935 23 -0.78
27021935 23 -0.82
28021935 23 -0.86
01031935 23 -0.87
02031935 23 -0.89
03031935 23 -0.90
04031935 23 -0.88
05031935 23 -0.86
06031935 23 -0.86
07031935 23 -0.89
08031935 23 -0.89
09031935 23 -0.87
10031935 23 -0.85
11031935 23 -0.84
12031935 23 -0.87
13031935 23 -0.89
14031935 23 -0.88
15031935 23 -0.89
16031935 23 -0.90
17031935 23 -0.88
18031935 23 -0.88
19031935 23 -0.90
20031935 23 -0.89
21031935 23 -0.88
22031935 23 -0.90
23031935 23 -0.89
24031935 23 -0.90
25031935 23 -0.89
26031935 23 -0.88
27031935 23 -0.90
28031935 23 -0.89
29031935 23 -0.87
30031935 23 -0.86
31031935 23 -0.89
01041935 23 -0.90
02041935 23 -0.88
03041935 23 -0.88
04041935 23 -0.90
05041935 23 -0.90
06041935 23 -0.88
07041935 23 -0.87
08041935 23 -0.85
09041935 23 -0.83
10041935 23 -0.80
11041935 23 -0.79
12041935 23 -0.83
13041935 23 -0.86
14041935 23 -0.86
15041935 23 -0.85
16041935 23 -0.82
17041935 23 -0.80
18041935 23 -0.83
19041935 23 -0.84
20041935 23 -0.83
21041935 23 -0.80
22041935 23 -0.79
23041935 23 -0.82
24041935 23 -0.83
25041935 23 -0.81
26041935 23 -0.79
27041935 23 -0.78
28041935 23 -0.83
29041935 23 -0.84
30041935 23 -0.83
01051935 23 -0.86
02051935 23 -0.87
03051935 23 -0.85
04051935 23 -0.84
05051935 23 -0.87
06051935 23 -0.88
07051935 23 -0.86
08051935 23 -0.85
09051935 23 -0.88
10051935 23 -0.88
11051935 23 -0.88
12051935 23 -0.89
13051935 23 -0.89
14051935 23 -0.89
15051935 23 -0.87
16051935 23 -0.89
17051935 23 -0.90
18051935 23 -0.89
19051935 23 -0.85
20051935 23 -0.81
21051935 23 -0.81
22051935 23 -0.86
23051935 23 -0.88
24051935 23 -0.86
25051935 23 -0.84
26051935 23 -0.81
27051935 23 -0.78
28051935 23 -0.75
29051935 23 -0.71
30051935 23 -0.67
31051935 23 -0.63
01061935 23 -0.60
02061935 23 -0.72
03061935 23 -0.79
04061935 23 -0.78
05061935 23 -0.75
06061935 23 -0.72
07061935 23 -0.69
08061935 23 -0.65
09061935 23 -0.62
10061935 23 -0.59
11061935 23 -0.59
12061935 23 -0.78
13061935 23 -0.86
14061935 23 -0.88
15061935 23 -0.87
16061935 23 -0.84
17061935 23 -0.80
18061935 23 -0.76
19061935 23 -0.72
20061935 23 -0.71
21061935 23 -0.79
22061935 23 -0.82
23061935 23 -0.83
24061935 23 -0.83
25061935 23 -0.81
26061935 23 -0.78
27061935 23 -0.78
28061935 23 -0.83
29061935 23 -0.86
30061935 23 -0.87
01071935 23 -0.84
02071935 23 -0.80
03071935 23 -0.76
04071935 23 -0.70
05071935 23 -0.65
06071935 23 -0.60
07071935 23 -0.55
08071935 23 -0.51
09071935 23 -0.47
10071935 23 -0.48
11071935 23 -0.71
12071935 23 -0.73
13071935 23 -0.65
14071935 23 -0.60
15071935 23 -0.55
16071935 23 -0.51
17071935 23 -0.68
18071935 23 -0.74
19071935 23 -0.69
20071935 23 -0.64
21071935 23 -0.60
22071935 23 -0.56
23071935 23 -0.52
24071935 23 -0.49
25071935 23 -0.45
26071935 23 -0.41
27071935 23 -0.37
28071935 23 -0.32
29071935 23 -0.27
30071935 23 -0.19
31071935 23 -0.11
01081935 23 -0.21
02081935 23 -0.73
03081935 23 -0.81
04081935 23 -0.84
05081935 23 -0.85
06081935 23 -0.84
07081935 23 -0.83
08081935 23 -0.81
09081935 23 -0.79
10081935 23 -0.75
11081935 23 -0.71
12081935 23 -0.74
13081935 23 -0.87
14081935 23 -0.92
15081935 23 -0.90
16081935 23 -0.88
17081935 23 -0.86
18081935 23 -0.83
19081935 23 -0.81
20081935 23 -0.81
21081935 23 -0.78
22081935 23 -0.77
23081935 23 -0.72
24081935 23 -0.67
25081935 23 -0.62
26081935 23 -0.57
27081935 23 -0.53
28081935 23 -0.49
29081935 23 -0.46
30081935 23 -0.73
31081935 23 -0.85
01091935 23 -0.88
02091935 23 -0.88
03091935 23 -0.89
04091935 23 -0.87
05091935 23 -0.85
06091935 23 -0.91
07091935 23 -0.93
08091935 23 -0.91
09091935 23 -0.89
10091935 23 -0.88
11091935 23 -0.87
12091935 23 -0.85
13091935 23 -0.84
14091935 23 -0.83
15091935 23 -0.79
16091935 23 -0.77
17091935 23 -0.87
18091935 23 -0.92
19091935 23 -0.92
20091935 23 -0.89
21091935 23 -0.88
22091935 23 -0.86
23091935 23 -0.86
24091935 23 -0.84
25091935 23 -0.81
26091935 23 -0.77
27091935 23 -0.72
28091935 23 -0.67
29091935 23 -0.63
30091935 23 -0.61
01101935 23 -0.66
02101935 23 -0.81
03101935 23 -0.78
04101935 23 -0.73
05101935 23 -0.67
06101935 23 -0.62
07101935 23 -0.57
08101935 23 -0.53
09101935 23 -0.49
10101935 23 -0.83
11101935 23 -0.95
12101935 23 -0.88
13101935 23 -0.86
14101935 23 -0.83
15101935 23 -0.80
16101935 23 -0.76
17101935 23 -0.72
18101935 23 -0.91
19101935 23 -0.97
20101935 23 -0.98
21101935 23 -0.97
22101935 23 -0.97
23101935 23 -0.97
24101935 23 -0.97
25101935 23 -0.95
26101935 23 -0.94
27101935 23 -0.96
28101935 23 -0.97
29101935 23 -0.96
30101935 23 -0.94
31101935 23 -0.93
01111935 23 -0.92
02111935 23 -0.93
03111935 23 -0.93
04111935 23 -0.94
05111935 23 -0.94
06111935 23 -0.94
07111935 23 -0.94
08111935 23 -0.94
09111935 23 -0.94
10111935 23 -0.94
11111935 23 -0.94
12111935 23 -0.94
13111935 23 -0.94
14111935 23 -0.95
15111935 23 -0.99
16111935 23 -1.03
17111935 23 -1.06
18111935 23 -1.07
19111935 23 -1.08
20111935 23 -1.10
21111935 23 -1.10
22111935 23 -1.10
23111935 23 -1.10
24111935 23 -1.10
25111935 23 -1.10
26111935 23 -1.10
27111935 23 -1.10
28111935 23 -1.10
29111935 23 -1.10
30111935 23 -1.11
01121935 23 -1.11
02121935 23 -1.11
03121935 23 -1.11
04121935 23 -1.10
05121935 23 -1.09
06121935 23 -1.08
07121935 23 -1.09
08121935 23 -1.08
09121935 23 -1.08
10121935 23 -1.08
11121935 23 -1.08
12121935 23 -1.09
13121935 23 -1.09
14121935 23 -1.09
15121935 23 -1.09
16121935 23 -1.09
17121935 23 -1.09
18121935 23 -1.08
19121935 23 -1.04
20121935 23 -1.01
21121935 23 -1.00
22121935 23 -1.09
23121935 23 -1.10
24121935 23 -1.04
25121935 23 -1.01
26121935 23 -0.98
27121935 23 -0.96
28121935 23 -0.96
29121935 23 -0.94
30121935 23 -0.92
31121935 23 -0.90
