01011920 23 -0.91
02011920 23 -0.91
03011920 23 -0.90
04011920 23 -0.90
05011920 23 -0.90
06011920 23 -0.91
07011920 23 -0.91
08011920 23 -0.91
09011920 23 -0.91
10011920 23 -0.90
11011920 23 -0.89
12011920 23 -0.87
13011920 23 -0.86
14011920 23 -0.85
15011920 23 -0.83
16011920 23 -0.86
17011920 23 -0.89
18011920 23 -0.89
19011920 23 -0.88
20011920 23 -0.90
21011920 23 -0.90
22011920 23 -0.89
23011920 23 -0.88
24011920 23 -0.87
25011920 23 -0.85
26011920 23 -0.84
27011920 23 -0.82
28011920 23 -0.80
29011920 23 -0.78
30011920 23 -0.76
31011920 23 -0.75
01021920 23 -0.80
02021920 23 -0.85
03021920 23 -0.88
04021920 23 -0.88
05021920 23 -0.87
06021920 23 -0.86
07021920 23 -0.84
08021920 23 -0.83
09021920 23 -0.81
10021920 23 -0.79
11021920 23 -0.83
12021920 23 -0.87
13021920 23 -0.90
14021920 23 -0.90
15021920 23 -0.88
16021920 23 -0.87
17021920 23 -0.85
18021920 23 -0.84
19021920 23 -0.82
20021920 23 -0.80
21021920 23 -0.78
22021920 23 -0.75
23021920 23 -0.73
24021920 23 -0.78
25021920 23 -0.78
26021920 23 -0.78
27021920 23 -0.82
28021920 23 -0.86
01031920 23 -0.87
02031920 23 -0.89
03031920 23 -0.90
04031920 23 -0.88
05031920 23 -0.86
06031920 23 -0.86
07031920 23 -0.89
08031920 23 -0.89
09031920 23 -0.87
10031920 23 -0.85
11031920 23 -0.84
12031920 23 -0.87
13031920 23 -0.89
14031920 23 -0.88
15031920 23 -0.89
16031920 23 -0.90
17031920 23 -0.88
18031920 23 -0.88
19031920 23 -0.90
20031920 23 -0.89
21031920 23 -0.88
22031920 23 -0.90
23031920 23 -0.89
24031920 23 -0.90
25031920 23 -0.89
26031920 23 -0.88
27031920 23 -0.90
28031920 23 -0.89
29031920 23 -0.87
30031920 23 -0.86
31031920 23 -0.89
01041920 23 -0.90
02041920 23 -0.88
03041920 23 -0.88
04041920 23 -0.90
05041920 23 -0.90
06041920 23 -0.88
07041920 23 -0.87
08041920 23 -0.85
09041920 23 -0.83
10041920 23 -0.80
11041920 23 -0.79
12041920 23 -0.83
13041920 23 -0.86
14041920 23 -0.86
15041920 23 -0.85
16041920 23 -0.82
17041920 23 -0.80
18041920 23 -0.83
19041920 23 -0.84
20041920 23 -0.83
21041920 23 -0.80
22041920 23 -0.79
23041920 23 -0.82
24041920 23 -0.83
25041920 23 -0.81
26041920 23 -0.79
27041920 23 -0.78
28041920 23 -0.83
29041920 23 -0.84
30041920 23 -0.83
01051920 23 -0.86
02051920 23 -0.87
03051920 23 -0.85
04051920 23 -0.84
05051920 23 -0.87
06051920 23 -0.88
07051920 23 -0.86
08051920 23 -0.85
09051920 23 -0.88
10051920 23 -0.88
11051920 23 -0.88
12051920 23 -0.89
13051920 23 -0.89
14051920 23 -0.89
15051920 23 -0.87
16051920 23 -0.89
17051920 23 -0.90
18051920 23 -0.89
19051920 23 -0.85
20051920 23 -0.81
21051920 23 -0.81
22051920 23 -0.86
23051920 23 -0.88
24051920 23 -0.86
25051920 23 -0.84
26051920 23 -0.81
27051920 23 -0.78
28051920 23 -0.75
29051920 23 -0.71
30051920 23 -0.67
31051920 23 -0.63
01061920 23 -0.60
02061920 23 -0.72
03061920 23 -0.79
04061920 23 -0.78
05061920 23 -0.75
06061920 23 -0.72
07061920 23 -0.69
08061920 23 -0.65
09061920 23 -0.62
10061920 23 -0.59
11061920 23 -0.59
12061920 23 -0.78
13061920 23 -0.86
14061920 23 -0.88
15061920 23 -0.87
16061920 23 -0.84
17061920 23 -0.80
18061920 23 -0.76
19061920 23 -0.72
20061920 23 -0.71
21061920 23 -0.79
22061920 23 -0.82
23061920 23 -0.83
24061920 23 -0.83
25061920 23 -0.81
26061920 23 -0.78
27061920 23 -0.78
28061920 23 -0.83
29061920 23 -0.86
30061920 23 -0.87
01071920 23 -0.84
02071920 23 -0.80
03071920 23 -0.76
04071920 23 -0.70
05071920 23 -0.65
06071920 23 -0.60
07071920 23 -0.55
08071920 23 -0.51
09071920 23 -0.47
10071920 23 -0.48
11071920 23 -0.71
12071920 23 -0.73
13071920 23 -0.65
14071920 23 -0.60
15071920 23 -0.55
16071920 23 -0.51
17071920 23 -0.68
18071920 23 -0.74
19071920 23 -0.69
20071920 23 -0.64
21071920 23 -0.60
22071920 23 -0.56
23071920 23 -0.52
24071920 23 -0.49
25071920 23 -0.45
26071920 23 -0.41
27071920 23 -0.37
28071920 23 -0.32
29071920 23 -0.27
30071920 23 -0.19
31071920 23 -0.11
01081920 23 -0.21
02081920 23 -0.73
03081920 23 -0.81
04081920 23 -0.84
05081920 23 -0.85
06081920 23 -0.84
07081920 23 -0.83
08081920 23 -0.81
09081920 23 -0.79
10081920 23 -0.75
11081920 23 -0.71
12081920 23 -0.74
13081920 23 -0.87
14081920 23 -0.92
15081920 23 -0.90
16081920 23 -0.88
17081920 23 -0.86
18081920 23 -0.83
19081920 23 -0.81
20081920 23 -0.81
21081920 23 -0.78
22081920 23 -0.77
23081920 23 -0.72
24081920 23 -0.67
25081920 23 -0.62
26081920 23 -0.57
27081920 23 -0.53
28081920 23 -0.49
29081920 23 -0.46
30081920 23 -0.73
31081920 23 -0.85
01091920 23 -0.88
02091920 23 -0.88
03091920 23 -0.89
04091920 23 -0.87
05091920 23 -0.85
06091920 23 -0.91
07091920 23 -0.93
08091920 23 -0.91
09091920 23 -0.89
10091920 23 -0.88
11091920 23 -0.87
12091920 23 -0.85
13091920 23 -0.84
14091920 23 -0.83
15091920 23 -0.79
16091920 23 -0.77
17091920 23 -0.87
18091920 23 -0.92
19091920 23 -0.92
20091920 23 -0.89
21091920 23 -0.88
22091920 23 -0.86
23091920 23 -0.86
24091920 23 -0.84
25091920 23 -0.81
26091920 23 -0.77
27091920 23 -0.72
28091920 23 -0.67
29091920 23 -0.63
30091920 23 -0.61
01101920 23 -0.66
02101920 23 -0.81
03101920 23 -0.78
04101920 23 -0.73
05101920 23 -0.67
06101920 23 -0.62
07101920 23 -0.57
08101920 23 -0.53
09101920 23 -0.49
10101920 23 -0.83
11101920 23 -0.95
12101920 23 -0.88
13101920 23 -0.86
14101920 23 -0.83
15101920 23 -0.80
16101920 23 -0.76
17101920 23 -0.72
18101920 23 -0.91
19101920 23 -0.97
20101920 23 -0.98
21101920 23 -0.97
22101920 23 -0.97
23101920 23 -0.97
24101920 23 -0.97
25101920 23 -0.95
26101920 23 -0.94
27101920 23 -0.96
28101920 23 -0.97
29101920 23 -0.96
30101920 23 -0.94
31101920 23 -0.93
01111920 23 -0.92
02111920 23 -0.93
03111920 23 -0.93
04111920 23 -0.94
05111920 23 -0.94
06111920 23 -0.94
07111920 23 -0.94
08111920 23 -0.94
09111920 23 -0.94
10111920 23 -0.94
11111920 23 -0.94
12111920 23 -0.94
13111920 23 -0.94
14111920 23 -0.95
15111920 23 -0.99
16111920 23 -1.03
17111920 23 -1.06
18111920 23 -1.07
19111920 23 -1.08
20111920 23 -1.10
21111920 23 -1.10
22111920 23 -1.10
23111920 23 -1.10
24111920 23 -1.10
25111920 23 -1.10
26111920 23 -1.10
27111920 23 -1.10
28111920 23 -1.10
29111920 23 -1.10
30111920 23 -1.11
01121920 23 -1.11
02121920 23 -1.11
03121920 23 -1.11
04121920 23 -1.10
05121920 23 -1.09
06121920 23 -1.08
07121920 23 -1.09
08121920 23 -1.08
09121920 23 -1.08
10121920 23 -1.08
11121920 23 -1.08
12121920 23 -1.09
13121920 23 -1.09
14121920 23 -1.09
15121920 23 -1.09
16121920 23 -1.09
17121920 23 -1.09
18121920 23 -1.08
19121920 23 -1.04
20121920 23 -1.01
21121920 23 -1.00
22121920 23 -1.09
23121920 23 -1.10
24121920 23 -1.04
25121920 23 -1.01
26121920 23 -0.98
27121920 23 -0.96
28121920 23 -0.96
29121920 23 -0.94
30121920 23 -0.92
31121920 23 -0.90
