01011913 23 -0.91
02011913 23 -0.91
03011913 23 -0.90
04011913 23 -0.90
05011913 23 -0.90
06011913 23 -0.91
07011913 23 -0.91
08011913 23 -0.91
09011913 23 -0.91
10011913 23 -0.90
11011913 23 -0.89
12011913 23 -0.87
13011913 23 -0.86
14011913 23 -0.85
15011913 23 -0.83
16011913 23 -0.86
17011913 23 -0.89
18011913 23 -0.89
19011913 23 -0.88
20011913 23 -0.90
21011913 23 -0.90
22011913 23 -0.89
23011913 23 -0.88
24011913 23 -0.87
25011913 23 -0.85
26011913 23 -0.84
27011913 23 -0.82
28011913 23 -0.80
29011913 23 -0.78
30011913 23 -0.76
31011913 23 -0.75
01021913 23 -0.80
02021913 23 -0.85
03021913 23 -0.88
04021913 23 -0.88
05021913 23 -0.87
06021913 23 -0.86
07021913 23 -0.84
08021913 23 -0.83
09021913 23 -0.81
10021913 23 -0.79
11021913 23 -0.83
12021913 23 -0.87
13021913 23 -0.90
14021913 23 -0.90
15021913 23 -0.88
16021913 23 -0.87
17021913 23 -0.85
18021913 23 -0.84
19021913 23 -0.82
20021913 23 -0.80
21021913 23 -0.78
22021913 23 -0.75
23021913 23 -0.73
24021913 23 -0.78
25021913 23 -0.78
26021913 23 -0.78
27021913 23 -0.82
28021913 23 -0.86
01031913 23 -0.87
02031913 23 -0.89
03031913 23 -0.90
04031913 23 -0.88
05031913 23 -0.86
06031913 23 -0.86
07031913 23 -0.89
08031913 23 -0.89
09031913 23 -0.87
10031913 23 -0.85
11031913 23 -0.84
12031913 23 -0.87
13031913 23 -0.89
14031913 23 -0.88
15031913 23 -0.89
16031913 23 -0.90
17031913 23 -0.88
18031913 23 -0.88
19031913 23 -0.90
20031913 23 -0.89
21031913 23 -0.88
22031913 23 -0.90
23031913 23 -0.89
24031913 23 -0.90
25031913 23 -0.89
26031913 23 -0.88
27031913 23 -0.90
28031913 23 -0.89
29031913 23 -0.87
30031913 23 -0.86
31031913 23 -0.89
01041913 23 -0.90
02041913 23 -0.88
03041913 23 -0.88
04041913 23 -0.90
05041913 23 -0.90
06041913 23 -0.88
07041913 23 -0.87
08041913 23 -0.85
09041913 23 -0.83
10041913 23 -0.80
11041913 23 -0.79
12041913 23 -0.83
13041913 23 -0.86
14041913 23 -0.86
15041913 23 -0.85
16041913 23 -0.82
17041913 23 -0.80
18041913 23 -0.83
19041913 23 -0.84
20041913 23 -0.83
21041913 23 -0.80
22041913 23 -0.79
23041913 23 -0.82
24041913 23 -0.83
25041913 23 -0.81
26041913 23 -0.79
27041913 23 -0.78
28041913 23 -0.83
29041913 23 -0.84
30041913 23 -0.83
01051913 23 -0.86
02051913 23 -0.87
03051913 23 -0.85
04051913 23 -0.84
05051913 23 -0.87
06051913 23 -0.88
07051913 23 -0.86
08051913 23 -0.85
09051913 23 -0.88
10051913 23 -0.88
11051913 23 -0.88
12051913 23 -0.89
13051913 23 -0.89
14051913 23 -0.89
15051913 23 -0.87
16051913 23 -0.89
17051913 23 -0.90
18051913 23 -0.89
19051913 23 -0.85
20051913 23 -0.81
21051913 23 -0.81
22051913 23 -0.86
23051913 23 -0.88
24051913 23 -0.86
25051913 23 -0.84
26051913 23 -0.81
27051913 23 -0.78
28051913 23 -0.75
29051913 23 -0.71
30051913 23 -0.67
31051913 23 -0.63
01061913 23 -0.60
02061913 23 -0.72
03061913 23 -0.79
04061913 23 -0.78
05061913 23 -0.75
06061913 23 -0.72
07061913 23 -0.69
08061913 23 -0.65
09061913 23 -0.62
10061913 23 -0.59
11061913 23 -0.59
12061913 23 -0.78
13061913 23 -0.86
14061913 23 -0.88
15061913 23 -0.87
16061913 23 -0.84
17061913 23 -0.80
18061913 23 -0.76
19061913 23 -0.72
20061913 23 -0.71
21061913 23 -0.79
22061913 23 -0.82
23061913 23 -0.83
24061913 23 -0.83
25061913 23 -0.81
26061913 23 -0.78
27061913 23 -0.78
28061913 23 -0.83
29061913 23 -0.86
30061913 23 -0.87
01071913 23 -0.84
02071913 23 -0.80
03071913 23 -0.76
04071913 23 -0.70
05071913 23 -0.65
06071913 23 -0.60
07071913 23 -0.55
08071913 23 -0.51
09071913 23 -0.47
10071913 23 -0.48
11071913 23 -0.71
12071913 23 -0.73
13071913 23 -0.65
14071913 23 -0.60
15071913 23 -0.55
16071913 23 -0.51
17071913 23 -0.68
18071913 23 -0.74
19071913 23 -0.69
20071913 23 -0.64
21071913 23 -0.60
22071913 23 -0.56
23071913 23 -0.52
24071913 23 -0.49
25071913 23 -0.45
26071913 23 -0.41
27071913 23 -0.37
28071913 23 -0.32
29071913 23 -0.27
30071913 23 -0.19
31071913 23 -0.11
01081913 23 -0.21
02081913 23 -0.73
03081913 23 -0.81
04081913 23 -0.84
05081913 23 -0.85
06081913 23 -0.84
07081913 23 -0.83
08081913 23 -0.81
09081913 23 -0.79
10081913 23 -0.75
11081913 23 -0.71
12081913 23 -0.74
13081913 23 -0.87
14081913 23 -0.92
15081913 23 -0.90
16081913 23 -0.88
17081913 23 -0.86
18081913 23 -0.83
19081913 23 -0.81
20081913 23 -0.81
21081913 23 -0.78
22081913 23 -0.77
23081913 23 -0.72
24081913 23 -0.67
25081913 23 -0.62
26081913 23 -0.57
27081913 23 -0.53
28081913 23 -0.49
29081913 23 -0.46
30081913 23 -0.73
31081913 23 -0.85
01091913 23 -0.88
02091913 23 -0.88
03091913 23 -0.89
04091913 23 -0.87
05091913 23 -0.85
06091913 23 -0.91
07091913 23 -0.93
08091913 23 -0.91
09091913 23 -0.89
10091913 23 -0.88
11091913 23 -0.87
12091913 23 -0.85
13091913 23 -0.84
14091913 23 -0.83
15091913 23 -0.79
16091913 23 -0.77
17091913 23 -0.87
18091913 23 -0.92
19091913 23 -0.92
20091913 23 -0.89
21091913 23 -0.88
22091913 23 -0.86
23091913 23 -0.86
24091913 23 -0.84
25091913 23 -0.81
26091913 23 -0.77
27091913 23 -0.72
28091913 23 -0.67
29091913 23 -0.63
30091913 23 -0.61
01101913 23 -0.66
02101913 23 -0.81
03101913 23 -0.78
04101913 23 -0.73
05101913 23 -0.67
06101913 23 -0.62
07101913 23 -0.57
08101913 23 -0.53
09101913 23 -0.49
10101913 23 -0.83
11101913 23 -0.95
12101913 23 -0.88
13101913 23 -0.86
14101913 23 -0.83
15101913 23 -0.80
16101913 23 -0.76
17101913 23 -0.72
18101913 23 -0.91
19101913 23 -0.97
20101913 23 -0.98
21101913 23 -0.97
22101913 23 -0.97
23101913 23 -0.97
24101913 23 -0.97
25101913 23 -0.95
26101913 23 -0.94
27101913 23 -0.96
28101913 23 -0.97
29101913 23 -0.96
30101913 23 -0.94
31101913 23 -0.93
01111913 23 -0.92
02111913 23 -0.93
03111913 23 -0.93
04111913 23 -0.94
05111913 23 -0.94
06111913 23 -0.94
07111913 23 -0.94
08111913 23 -0.94
09111913 23 -0.94
10111913 23 -0.94
11111913 23 -0.94
12111913 23 -0.94
13111913 23 -0.94
14111913 23 -0.95
15111913 23 -0.99
16111913 23 -1.03
17111913 23 -1.06
18111913 23 -1.07
19111913 23 -1.08
20111913 23 -1.10
21111913 23 -1.10
22111913 23 -1.10
23111913 23 -1.10
24111913 23 -1.10
25111913 23 -1.10
26111913 23 -1.10
27111913 23 -1.10
28111913 23 -1.10
29111913 23 -1.10
30111913 23 -1.11
01121913 23 -1.11
02121913 23 -1.11
03121913 23 -1.11
04121913 23 -1.10
05121913 23 -1.09
06121913 23 -1.08
07121913 23 -1.09
08121913 23 -1.08
09121913 23 -1.08
10121913 23 -1.08
11121913 23 -1.08
12121913 23 -1.09
13121913 23 -1.09
14121913 23 -1.09
15121913 23 -1.09
16121913 23 -1.09
17121913 23 -1.09
18121913 23 -1.08
19121913 23 -1.04
20121913 23 -1.01
21121913 23 -1.00
22121913 23 -1.09
23121913 23 -1.10
24121913 23 -1.04
25121913 23 -1.01
26121913 23 -0.98
27121913 23 -0.96
28121913 23 -0.96
29121913 23 -0.94
30121913 23 -0.92
31121913 23 -0.90
