01011900 23 -0.91
02011900 23 -0.91
03011900 23 -0.90
04011900 23 -0.90
05011900 23 -0.90
06011900 23 -0.91
07011900 23 -0.91
08011900 23 -0.91
09011900 23 -0.91
10011900 23 -0.90
11011900 23 -0.89
12011900 23 -0.87
13011900 23 -0.86
14011900 23 -0.85
15011900 23 -0.83
16011900 23 -0.86
17011900 23 -0.89
18011900 23 -0.89
19011900 23 -0.88
20011900 23 -0.90
21011900 23 -0.90
22011900 23 -0.89
23011900 23 -0.88
24011900 23 -0.87
25011900 23 -0.85
26011900 23 -0.84
27011900 23 -0.82
28011900 23 -0.80
29011900 23 -0.78
30011900 23 -0.76
31011900 23 -0.75
01021900 23 -0.80
02021900 23 -0.85
03021900 23 -0.88
04021900 23 -0.88
05021900 23 -0.87
06021900 23 -0.86
07021900 23 -0.84
08021900 23 -0.83
09021900 23 -0.81
10021900 23 -0.79
11021900 23 -0.83
12021900 23 -0.87
13021900 23 -0.90
14021900 23 -0.90
15021900 23 -0.88
16021900 23 -0.87
17021900 23 -0.85
18021900 23 -0.84
19021900 23 -0.82
20021900 23 -0.80
21021900 23 -0.78
22021900 23 -0.75
23021900 23 -0.73
24021900 23 -0.78
25021900 23 -0.78
26021900 23 -0.78
27021900 23 -0.82
28021900 23 -0.86
29021900 23 -0.86
01031900 23 -0.87
02031900 23 -0.89
03031900 23 -0.90
04031900 23 -0.88
05031900 23 -0.86
06031900 23 -0.86
07031900 23 -0.89
08031900 23 -0.89
09031900 23 -0.87
10031900 23 -0.85
11031900 23 -0.84
12031900 23 -0.87
13031900 23 -0.89
14031900 23 -0.88
15031900 23 -0.89
16031900 23 -0.90
17031900 23 -0.88
18031900 23 -0.88
19031900 23 -0.90
20031900 23 -0.89
21031900 23 -0.88
22031900 23 -0.90
23031900 23 -0.89
24031900 23 -0.90
25031900 23 -0.89
26031900 23 -0.88
27031900 23 -0.90
28031900 23 -0.89
29031900 23 -0.87
30031900 23 -0.86
31031900 23 -0.89
01041900 23 -0.90
02041900 23 -0.88
03041900 23 -0.88
04041900 23 -0.90
05041900 23 -0.90
06041900 23 -0.88
07041900 23 -0.87
08041900 23 -0.85
09041900 23 -0.83
10041900 23 -0.80
11041900 23 -0.79
12041900 23 -0.83
13041900 23 -0.86
14041900 23 -0.86
15041900 23 -0.85
16041900 23 -0.82
17041900 23 -0.80
18041900 23 -0.83
19041900 23 -0.84
20041900 23 -0.83
21041900 23 -0.80
22041900 23 -0.79
23041900 23 -0.82
24041900 23 -0.83
25041900 23 -0.81
26041900 23 -0.79
27041900 23 -0.78
28041900 23 -0.83
29041900 23 -0.84
30041900 23 -0.83
01051900 23 -0.86
02051900 23 -0.87
03051900 23 -0.85
04051900 23 -0.84
05051900 23 -0.87
06051900 23 -0.88
07051900 23 -0.86
08051900 23 -0.85
09051900 23 -0.88
10051900 23 -0.88
11051900 23 -0.88
12051900 23 -0.89
13051900 23 -0.89
14051900 23 -0.89
15051900 23 -0.87
16051900 23 -0.89
17051900 23 -0.90
18051900 23 -0.89
19051900 23 -0.85
20051900 23 -0.81
21051900 23 -0.81
22051900 23 -0.86
23051900 23 -0.88
24051900 23 -0.86
25051900 23 -0.84
26051900 23 -0.81
27051900 23 -0.78
28051900 23 -0.75
29051900 23 -0.71
30051900 23 -0.67
31051900 23 -0.63
01061900 23 -0.60
02061900 23 -0.72
03061900 23 -0.79
04061900 23 -0.78
05061900 23 -0.75
06061900 23 -0.72
07061900 23 -0.69
08061900 23 -0.65
09061900 23 -0.62
10061900 23 -0.59
11061900 23 -0.59
12061900 23 -0.78
13061900 23 -0.86
14061900 23 -0.88
15061900 23 -0.87
16061900 23 -0.84
17061900 23 -0.80
18061900 23 -0.76
19061900 23 -0.72
20061900 23 -0.71
21061900 23 -0.79
22061900 23 -0.82
23061900 23 -0.83
24061900 23 -0.83
25061900 23 -0.81
26061900 23 -0.78
27061900 23 -0.78
28061900 23 -0.83
29061900 23 -0.86
30061900 23 -0.87
01071900 23 -0.84
02071900 23 -0.80
03071900 23 -0.76
04071900 23 -0.70
05071900 23 -0.65
06071900 23 -0.60
07071900 23 -0.55
08071900 23 -0.51
09071900 23 -0.47
10071900 23 -0.48
11071900 23 -0.71
12071900 23 -0.73
13071900 23 -0.65
14071900 23 -0.60
15071900 23 -0.55
16071900 23 -0.51
17071900 23 -0.68
18071900 23 -0.74
19071900 23 -0.69
20071900 23 -0.64
21071900 23 -0.60
22071900 23 -0.56
23071900 23 -0.52
24071900 23 -0.49
25071900 23 -0.45
26071900 23 -0.41
27071900 23 -0.37
28071900 23 -0.32
29071900 23 -0.27
30071900 23 -0.19
31071900 23 -0.11
01081900 23 -0.21
02081900 23 -0.73
03081900 23 -0.81
04081900 23 -0.84
05081900 23 -0.85
06081900 23 -0.84
07081900 23 -0.83
08081900 23 -0.81
09081900 23 -0.79
10081900 23 -0.75
11081900 23 -0.71
12081900 23 -0.74
13081900 23 -0.87
14081900 23 -0.92
15081900 23 -0.90
16081900 23 -0.88
17081900 23 -0.86
18081900 23 -0.83
19081900 23 -0.81
20081900 23 -0.81
21081900 23 -0.78
22081900 23 -0.77
23081900 23 -0.72
24081900 23 -0.67
25081900 23 -0.62
26081900 23 -0.57
27081900 23 -0.53
28081900 23 -0.49
29081900 23 -0.46
30081900 23 -0.73
31081900 23 -0.85
01091900 23 -0.88
02091900 23 -0.88
03091900 23 -0.89
04091900 23 -0.87
05091900 23 -0.85
06091900 23 -0.91
07091900 23 -0.93
08091900 23 -0.91
09091900 23 -0.89
10091900 23 -0.88
11091900 23 -0.87
12091900 23 -0.85
13091900 23 -0.84
14091900 23 -0.83
15091900 23 -0.79
16091900 23 -0.77
17091900 23 -0.87
18091900 23 -0.92
19091900 23 -0.92
20091900 23 -0.89
21091900 23 -0.88
22091900 23 -0.86
23091900 23 -0.86
24091900 23 -0.84
25091900 23 -0.81
26091900 23 -0.77
27091900 23 -0.72
28091900 23 -0.67
29091900 23 -0.63
30091900 23 -0.61
01101900 23 -0.66
02101900 23 -0.81
03101900 23 -0.78
04101900 23 -0.73
05101900 23 -0.67
06101900 23 -0.62
07101900 23 -0.57
08101900 23 -0.53
09101900 23 -0.49
10101900 23 -0.83
11101900 23 -0.95
12101900 23 -0.88
13101900 23 -0.86
14101900 23 -0.83
15101900 23 -0.80
16101900 23 -0.76
17101900 23 -0.72
18101900 23 -0.91
19101900 23 -0.97
20101900 23 -0.98
21101900 23 -0.97
22101900 23 -0.97
23101900 23 -0.97
24101900 23 -0.97
25101900 23 -0.95
26101900 23 -0.94
27101900 23 -0.96
28101900 23 -0.97
29101900 23 -0.96
30101900 23 -0.94
31101900 23 -0.93
01111900 23 -0.92
02111900 23 -0.93
03111900 23 -0.93
04111900 23 -0.94
05111900 23 -0.94
06111900 23 -0.94
07111900 23 -0.94
08111900 23 -0.94
09111900 23 -0.94
10111900 23 -0.94
11111900 23 -0.94
12111900 23 -0.94
13111900 23 -0.94
14111900 23 -0.95
15111900 23 -0.99
16111900 23 -1.03
17111900 23 -1.06
18111900 23 -1.07
19111900 23 -1.08
20111900 23 -1.10
21111900 23 -1.10
22111900 23 -1.10
23111900 23 -1.10
24111900 23 -1.10
25111900 23 -1.10
26111900 23 -1.10
27111900 23 -1.10
28111900 23 -1.10
29111900 23 -1.10
30111900 23 -1.11
01121900 23 -1.11
02121900 23 -1.11
03121900 23 -1.11
04121900 23 -1.10
05121900 23 -1.09
06121900 23 -1.08
07121900 23 -1.09
08121900 23 -1.08
09121900 23 -1.08
10121900 23 -1.08
11121900 23 -1.08
12121900 23 -1.09
13121900 23 -1.09
14121900 23 -1.09
15121900 23 -1.09
16121900 23 -1.09
17121900 23 -1.09
18121900 23 -1.08
19121900 23 -1.04
20121900 23 -1.01
21121900 23 -1.00
22121900 23 -1.09
23121900 23 -1.10
24121900 23 -1.04
25121900 23 -1.01
26121900 23 -0.98
27121900 23 -0.96
28121900 23 -0.96
29121900 23 -0.94
30121900 23 -0.92
31121900 23 -0.90
