01011994 23 -0.91
02011994 23 -0.91
03011994 23 -0.90
04011994 23 -0.90
05011994 23 -0.90
06011994 23 -0.91
07011994 23 -0.91
08011994 23 -0.91
09011994 23 -0.91
10011994 23 -0.90
11011994 23 -0.89
12011994 23 -0.87
13011994 23 -0.86
14011994 23 -0.85
15011994 23 -0.83
16011994 23 -0.86
17011994 23 -0.89
18011994 23 -0.89
19011994 23 -0.88
20011994 23 -0.90
21011994 23 -0.90
22011994 23 -0.89
23011994 23 -0.88
24011994 23 -0.87
25011994 23 -0.85
26011994 23 -0.84
27011994 23 -0.82
28011994 23 -0.80
29011994 23 -0.78
30011994 23 -0.76
31011994 23 -0.75
01021994 23 -0.80
02021994 23 -0.85
03021994 23 -0.88
04021994 23 -0.88
05021994 23 -0.87
06021994 23 -0.86
07021994 23 -0.84
08021994 23 -0.83
09021994 23 -0.81
10021994 23 -0.79
11021994 23 -0.83
12021994 23 -0.87
13021994 23 -0.90
14021994 23 -0.90
15021994 23 -0.88
16021994 23 -0.87
17021994 23 -0.85
18021994 23 -0.84
19021994 23 -0.82
20021994 23 -0.80
21021994 23 -0.78
22021994 23 -0.75
23021994 23 -0.73
24021994 23 -0.78
25021994 23 -0.78
26021994 23 -0.78
27021994 23 -0.82
28021994 23 -0.86
01031994 23 -0.87
02031994 23 -0.89
03031994 23 -0.90
04031994 23 -0.88
05031994 23 -0.86
06031994 23 -0.86
07031994 23 -0.89
08031994 23 -0.89
09031994 23 -0.87
10031994 23 -0.85
11031994 23 -0.84
12031994 23 -0.87
13031994 23 -0.89
14031994 23 -0.88
15031994 23 -0.89
16031994 23 -0.90
17031994 23 -0.88
18031994 23 -0.88
19031994 23 -0.90
20031994 23 -0.89
21031994 23 -0.88
22031994 23 -0.90
23031994 23 -0.89
24031994 23 -0.90
25031994 23 -0.89
26031994 23 -0.88
27031994 23 -0.90
28031994 23 -0.89
29031994 23 -0.87
30031994 23 -0.86
31031994 23 -0.89
01041994 23 -0.90
02041994 23 -0.88
03041994 23 -0.88
04041994 23 -0.90
05041994 23 -0.90
06041994 23 -0.88
07041994 23 -0.87
08041994 23 -0.85
09041994 23 -0.83
10041994 23 -0.80
11041994 23 -0.79
12041994 23 -0.83
13041994 23 -0.86
14041994 23 -0.86
15041994 23 -0.85
16041994 23 -0.82
17041994 23 -0.80
18041994 23 -0.83
19041994 23 -0.84
20041994 23 -0.83
21041994 23 -0.80
22041994 23 -0.79
23041994 23 -0.82
24041994 23 -0.83
25041994 23 -0.81
26041994 23 -0.79
27041994 23 -0.78
28041994 23 -0.83
29041994 23 -0.84
30041994 23 -0.83
01051994 23 -0.86
02051994 23 -0.87
03051994 23 -0.85
04051994 23 -0.84
05051994 23 -0.87
06051994 23 -0.88
07051994 23 -0.86
08051994 23 -0.85
09051994 23 -0.88
10051994 23 -0.88
11051994 23 -0.88
12051994 23 -0.89
13051994 23 -0.89
14051994 23 -0.89
15051994 23 -0.87
16051994 23 -0.89
17051994 23 -0.90
18051994 23 -0.89
19051994 23 -0.85
20051994 23 -0.81
21051994 23 -0.81
22051994 23 -0.86
23051994 23 -0.88
24051994 23 -0.86
25051994 23 -0.84
26051994 23 -0.81
27051994 23 -0.78
28051994 23 -0.75
29051994 23 -0.71
30051994 23 -0.67
31051994 23 -0.63
01061994 23 -0.60
02061994 23 -0.72
03061994 23 -0.79
04061994 23 -0.78
05061994 23 -0.75
06061994 23 -0.72
07061994 23 -0.69
08061994 23 -0.65
09061994 23 -0.62
10061994 23 -0.59
11061994 23 -0.59
12061994 23 -0.78
13061994 23 -0.86
14061994 23 -0.88
15061994 23 -0.87
16061994 23 -0.84
17061994 23 -0.80
18061994 23 -0.76
19061994 23 -0.72
20061994 23 -0.71
21061994 23 -0.79
22061994 23 -0.82
23061994 23 -0.83
24061994 23 -0.83
25061994 23 -0.81
26061994 23 -0.78
27061994 23 -0.78
28061994 23 -0.83
29061994 23 -0.86
30061994 23 -0.87
01071994 23 -0.84
02071994 23 -0.80
03071994 23 -0.76
04071994 23 -0.70
05071994 23 -0.65
06071994 23 -0.60
07071994 23 -0.55
08071994 23 -0.51
09071994 23 -0.47
10071994 23 -0.48
11071994 23 -0.71
12071994 23 -0.73
13071994 23 -0.65
14071994 23 -0.60
15071994 23 -0.55
16071994 23 -0.51
17071994 23 -0.68
18071994 23 -0.74
19071994 23 -0.69
20071994 23 -0.64
21071994 23 -0.60
22071994 23 -0.56
23071994 23 -0.52
24071994 23 -0.49
25071994 23 -0.45
26071994 23 -0.41
27071994 23 -0.37
28071994 23 -0.32
29071994 23 -0.27
30071994 23 -0.19
31071994 23 -0.11
01081994 23 -0.21
02081994 23 -0.73
03081994 23 -0.81
04081994 23 -0.84
05081994 23 -0.85
06081994 23 -0.84
07081994 23 -0.83
08081994 23 -0.81
09081994 23 -0.79
10081994 23 -0.75
11081994 23 -0.71
12081994 23 -0.74
13081994 23 -0.87
14081994 23 -0.92
15081994 23 -0.90
16081994 23 -0.88
17081994 23 -0.86
18081994 23 -0.83
19081994 23 -0.81
20081994 23 -0.81
21081994 23 -0.78
22081994 23 -0.77
23081994 23 -0.72
24081994 23 -0.67
25081994 23 -0.62
26081994 23 -0.57
27081994 23 -0.53
28081994 23 -0.49
29081994 23 -0.46
30081994 23 -0.73
31081994 23 -0.85
01091994 23 -0.88
02091994 23 -0.88
03091994 23 -0.89
04091994 23 -0.87
05091994 23 -0.85
06091994 23 -0.91
07091994 23 -0.93
08091994 23 -0.91
09091994 23 -0.89
10091994 23 -0.88
11091994 23 -0.87
12091994 23 -0.85
13091994 23 -0.84
14091994 23 -0.83
15091994 23 -0.79
16091994 23 -0.77
17091994 23 -0.87
18091994 23 -0.92
19091994 23 -0.92
20091994 23 -0.89
21091994 23 -0.88
22091994 23 -0.86
23091994 23 -0.86
24091994 23 -0.84
25091994 23 -0.81
26091994 23 -0.77
27091994 23 -0.72
28091994 23 -0.67
29091994 23 -0.63
30091994 23 -0.61
01101994 23 -0.66
02101994 23 -0.81
03101994 23 -0.78
04101994 23 -0.73
05101994 23 -0.67
06101994 23 -0.62
07101994 23 -0.57
08101994 23 -0.53
09101994 23 -0.49
10101994 23 -0.83
11101994 23 -0.95
12101994 23 -0.88
13101994 23 -0.86
14101994 23 -0.83
15101994 23 -0.80
16101994 23 -0.76
17101994 23 -0.72
18101994 23 -0.91
19101994 23 -0.97
20101994 23 -0.98
21101994 23 -0.97
22101994 23 -0.97
23101994 23 -0.97
24101994 23 -0.97
25101994 23 -0.95
26101994 23 -0.94
27101994 23 -0.96
28101994 23 -0.97
29101994 23 -0.96
30101994 23 -0.94
31101994 23 -0.93
01111994 23 -0.92
02111994 23 -0.93
03111994 23 -0.93
04111994 23 -0.94
05111994 23 -0.94
06111994 23 -0.94
07111994 23 -0.94
08111994 23 -0.94
09111994 23 -0.94
10111994 23 -0.94
11111994 23 -0.94
12111994 23 -0.94
13111994 23 -0.94
14111994 23 -0.95
15111994 23 -0.99
16111994 23 -1.03
17111994 23 -1.06
18111994 23 -1.07
19111994 23 -1.08
20111994 23 -1.10
21111994 23 -1.10
22111994 23 -1.10
23111994 23 -1.10
24111994 23 -1.10
25111994 23 -1.10
26111994 23 -1.10
27111994 23 -1.10
28111994 23 -1.10
29111994 23 -1.10
30111994 23 -1.11
01121994 23 -1.11
02121994 23 -1.11
03121994 23 -1.11
04121994 23 -1.10
05121994 23 -1.09
06121994 23 -1.08
07121994 23 -1.09
08121994 23 -1.08
09121994 23 -1.08
10121994 23 -1.08
11121994 23 -1.08
12121994 23 -1.09
13121994 23 -1.09
14121994 23 -1.09
15121994 23 -1.09
16121994 23 -1.09
17121994 23 -1.09
18121994 23 -1.08
19121994 23 -1.04
20121994 23 -1.01
21121994 23 -1.00
22121994 23 -1.09
23121994 23 -1.10
24121994 23 -1.04
25121994 23 -1.01
26121994 23 -0.98
27121994 23 -0.96
28121994 23 -0.96
29121994 23 -0.94
30121994 23 -0.92
31121994 23 -0.90
