01011985 23 -0.91
02011985 23 -0.91
03011985 23 -0.90
04011985 23 -0.90
05011985 23 -0.90
06011985 23 -0.91
07011985 23 -0.91
08011985 23 -0.91
09011985 23 -0.91
10011985 23 -0.90
11011985 23 -0.89
12011985 23 -0.87
13011985 23 -0.86
14011985 23 -0.85
15011985 23 -0.83
16011985 23 -0.86
17011985 23 -0.89
18011985 23 -0.89
19011985 23 -0.88
20011985 23 -0.90
21011985 23 -0.90
22011985 23 -0.89
23011985 23 -0.88
24011985 23 -0.87
25011985 23 -0.85
26011985 23 -0.84
27011985 23 -0.82
28011985 23 -0.80
29011985 23 -0.78
30011985 23 -0.76
31011985 23 -0.75
01021985 23 -0.80
02021985 23 -0.85
03021985 23 -0.88
04021985 23 -0.88
05021985 23 -0.87
06021985 23 -0.86
07021985 23 -0.84
08021985 23 -0.83
09021985 23 -0.81
10021985 23 -0.79
11021985 23 -0.83
12021985 23 -0.87
13021985 23 -0.90
14021985 23 -0.90
15021985 23 -0.88
16021985 23 -0.87
17021985 23 -0.85
18021985 23 -0.84
19021985 23 -0.82
20021985 23 -0.80
21021985 23 -0.78
22021985 23 -0.75
23021985 23 -0.73
24021985 23 -0.78
25021985 23 -0.78
26021985 23 -0.78
27021985 23 -0.82
28021985 23 -0.86
01031985 23 -0.87
02031985 23 -0.89
03031985 23 -0.90
04031985 23 -0.88
05031985 23 -0.86
06031985 23 -0.86
07031985 23 -0.89
08031985 23 -0.89
09031985 23 -0.87
10031985 23 -0.85
11031985 23 -0.84
12031985 23 -0.87
13031985 23 -0.89
14031985 23 -0.88
15031985 23 -0.89
16031985 23 -0.90
17031985 23 -0.88
18031985 23 -0.88
19031985 23 -0.90
20031985 23 -0.89
21031985 23 -0.88
22031985 23 -0.90
23031985 23 -0.89
24031985 23 -0.90
25031985 23 -0.89
26031985 23 -0.88
27031985 23 -0.90
28031985 23 -0.89
29031985 23 -0.87
30031985 23 -0.86
31031985 23 -0.89
01041985 23 -0.90
02041985 23 -0.88
03041985 23 -0.88
04041985 23 -0.90
05041985 23 -0.90
06041985 23 -0.88
07041985 23 -0.87
08041985 23 -0.85
09041985 23 -0.83
10041985 23 -0.80
11041985 23 -0.79
12041985 23 -0.83
13041985 23 -0.86
14041985 23 -0.86
15041985 23 -0.85
16041985 23 -0.82
17041985 23 -0.80
18041985 23 -0.83
19041985 23 -0.84
20041985 23 -0.83
21041985 23 -0.80
22041985 23 -0.79
23041985 23 -0.82
24041985 23 -0.83
25041985 23 -0.81
26041985 23 -0.79
27041985 23 -0.78
28041985 23 -0.83
29041985 23 -0.84
30041985 23 -0.83
01051985 23 -0.86
02051985 23 -0.87
03051985 23 -0.85
04051985 23 -0.84
05051985 23 -0.87
06051985 23 -0.88
07051985 23 -0.86
08051985 23 -0.85
09051985 23 -0.88
10051985 23 -0.88
11051985 23 -0.88
12051985 23 -0.89
13051985 23 -0.89
14051985 23 -0.89
15051985 23 -0.87
16051985 23 -0.89
17051985 23 -0.90
18051985 23 -0.89
19051985 23 -0.85
20051985 23 -0.81
21051985 23 -0.81
22051985 23 -0.86
23051985 23 -0.88
24051985 23 -0.86
25051985 23 -0.84
26051985 23 -0.81
27051985 23 -0.78
28051985 23 -0.75
29051985 23 -0.71
30051985 23 -0.67
31051985 23 -0.63
01061985 23 -0.60
02061985 23 -0.72
03061985 23 -0.79
04061985 23 -0.78
05061985 23 -0.75
06061985 23 -0.72
07061985 23 -0.69
08061985 23 -0.65
09061985 23 -0.62
10061985 23 -0.59
11061985 23 -0.59
12061985 23 -0.78
13061985 23 -0.86
14061985 23 -0.88
15061985 23 -0.87
16061985 23 -0.84
17061985 23 -0.80
18061985 23 -0.76
19061985 23 -0.72
20061985 23 -0.71
21061985 23 -0.79
22061985 23 -0.82
23061985 23 -0.83
24061985 23 -0.83
25061985 23 -0.81
26061985 23 -0.78
27061985 23 -0.78
28061985 23 -0.83
29061985 23 -0.86
30061985 23 -0.87
01071985 23 -0.84
02071985 23 -0.80
03071985 23 -0.76
04071985 23 -0.70
05071985 23 -0.65
06071985 23 -0.60
07071985 23 -0.55
08071985 23 -0.51
09071985 23 -0.47
10071985 23 -0.48
11071985 23 -0.71
12071985 23 -0.73
13071985 23 -0.65
14071985 23 -0.60
15071985 23 -0.55
16071985 23 -0.51
17071985 23 -0.68
18071985 23 -0.74
19071985 23 -0.69
20071985 23 -0.64
21071985 23 -0.60
22071985 23 -0.56
23071985 23 -0.52
24071985 23 -0.49
25071985 23 -0.45
26071985 23 -0.41
27071985 23 -0.37
28071985 23 -0.32
29071985 23 -0.27
30071985 23 -0.19
31071985 23 -0.11
01081985 23 -0.21
02081985 23 -0.73
03081985 23 -0.81
04081985 23 -0.84
05081985 23 -0.85
06081985 23 -0.84
07081985 23 -0.83
08081985 23 -0.81
09081985 23 -0.79
10081985 23 -0.75
11081985 23 -0.71
12081985 23 -0.74
13081985 23 -0.87
14081985 23 -0.92
15081985 23 -0.90
16081985 23 -0.88
17081985 23 -0.86
18081985 23 -0.83
19081985 23 -0.81
20081985 23 -0.81
21081985 23 -0.78
22081985 23 -0.77
23081985 23 -0.72
24081985 23 -0.67
25081985 23 -0.62
26081985 23 -0.57
27081985 23 -0.53
28081985 23 -0.49
29081985 23 -0.46
30081985 23 -0.73
31081985 23 -0.85
01091985 23 -0.88
02091985 23 -0.88
03091985 23 -0.89
04091985 23 -0.87
05091985 23 -0.85
06091985 23 -0.91
07091985 23 -0.93
08091985 23 -0.91
09091985 23 -0.89
10091985 23 -0.88
11091985 23 -0.87
12091985 23 -0.85
13091985 23 -0.84
14091985 23 -0.83
15091985 23 -0.79
16091985 23 -0.77
17091985 23 -0.87
18091985 23 -0.92
19091985 23 -0.92
20091985 23 -0.89
21091985 23 -0.88
22091985 23 -0.86
23091985 23 -0.86
24091985 23 -0.84
25091985 23 -0.81
26091985 23 -0.77
27091985 23 -0.72
28091985 23 -0.67
29091985 23 -0.63
30091985 23 -0.61
01101985 23 -0.66
02101985 23 -0.81
03101985 23 -0.78
04101985 23 -0.73
05101985 23 -0.67
06101985 23 -0.62
07101985 23 -0.57
08101985 23 -0.53
09101985 23 -0.49
10101985 23 -0.83
11101985 23 -0.95
12101985 23 -0.88
13101985 23 -0.86
14101985 23 -0.83
15101985 23 -0.80
16101985 23 -0.76
17101985 23 -0.72
18101985 23 -0.91
19101985 23 -0.97
20101985 23 -0.98
21101985 23 -0.97
22101985 23 -0.97
23101985 23 -0.97
24101985 23 -0.97
25101985 23 -0.95
26101985 23 -0.94
27101985 23 -0.96
28101985 23 -0.97
29101985 23 -0.96
30101985 23 -0.94
31101985 23 -0.93
01111985 23 -0.92
02111985 23 -0.93
03111985 23 -0.93
04111985 23 -0.94
05111985 23 -0.94
06111985 23 -0.94
07111985 23 -0.94
08111985 23 -0.94
09111985 23 -0.94
10111985 23 -0.94
11111985 23 -0.94
12111985 23 -0.94
13111985 23 -0.94
14111985 23 -0.95
15111985 23 -0.99
16111985 23 -1.03
17111985 23 -1.06
18111985 23 -1.07
19111985 23 -1.08
20111985 23 -1.10
21111985 23 -1.10
22111985 23 -1.10
23111985 23 -1.10
24111985 23 -1.10
25111985 23 -1.10
26111985 23 -1.10
27111985 23 -1.10
28111985 23 -1.10
29111985 23 -1.10
30111985 23 -1.11
01121985 23 -1.11
02121985 23 -1.11
03121985 23 -1.11
04121985 23 -1.10
05121985 23 -1.09
06121985 23 -1.08
07121985 23 -1.09
08121985 23 -1.08
09121985 23 -1.08
10121985 23 -1.08
11121985 23 -1.08
12121985 23 -1.09
13121985 23 -1.09
14121985 23 -1.09
15121985 23 -1.09
16121985 23 -1.09
17121985 23 -1.09
18121985 23 -1.08
19121985 23 -1.04
20121985 23 -1.01
21121985 23 -1.00
22121985 23 -1.09
23121985 23 -1.10
24121985 23 -1.04
25121985 23 -1.01
26121985 23 -0.98
27121985 23 -0.96
28121985 23 -0.96
29121985 23 -0.94
30121985 23 -0.92
31121985 23 -0.90
