01012014 23 -0.91
02012014 23 -0.91
03012014 23 -0.90
04012014 23 -0.90
05012014 23 -0.90
06012014 23 -0.91
07012014 23 -0.91
08012014 23 -0.91
09012014 23 -0.91
10012014 23 -0.90
11012014 23 -0.89
12012014 23 -0.87
13012014 23 -0.86
14012014 23 -0.85
15012014 23 -0.83
16012014 23 -0.86
17012014 23 -0.89
18012014 23 -0.89
19012014 23 -0.88
20012014 23 -0.90
21012014 23 -0.90
22012014 23 -0.89
23012014 23 -0.88
24012014 23 -0.87
25012014 23 -0.85
26012014 23 -0.84
27012014 23 -0.82
28012014 23 -0.80
29012014 23 -0.78
30012014 23 -0.76
31012014 23 -0.75
01022014 23 -0.80
02022014 23 -0.85
03022014 23 -0.88
04022014 23 -0.88
05022014 23 -0.87
06022014 23 -0.86
07022014 23 -0.84
08022014 23 -0.83
09022014 23 -0.81
10022014 23 -0.79
11022014 23 -0.83
12022014 23 -0.87
13022014 23 -0.90
14022014 23 -0.90
15022014 23 -0.88
16022014 23 -0.87
17022014 23 -0.85
18022014 23 -0.84
19022014 23 -0.82
20022014 23 -0.80
21022014 23 -0.78
22022014 23 -0.75
23022014 23 -0.73
24022014 23 -0.78
25022014 23 -0.78
26022014 23 -0.78
27022014 23 -0.82
28022014 23 -0.86
01032014 23 -0.87
02032014 23 -0.89
03032014 23 -0.90
04032014 23 -0.88
05032014 23 -0.86
06032014 23 -0.86
07032014 23 -0.89
08032014 23 -0.89
09032014 23 -0.87
10032014 23 -0.85
11032014 23 -0.84
12032014 23 -0.87
13032014 23 -0.89
14032014 23 -0.88
15032014 23 -0.89
16032014 23 -0.90
17032014 23 -0.88
18032014 23 -0.88
19032014 23 -0.90
20032014 23 -0.89
21032014 23 -0.88
22032014 23 -0.90
23032014 23 -0.89
24032014 23 -0.90
25032014 23 -0.89
26032014 23 -0.88
27032014 23 -0.90
28032014 23 -0.89
29032014 23 -0.87
30032014 23 -0.86
31032014 23 -0.89
01042014 23 -0.90
02042014 23 -0.88
03042014 23 -0.88
04042014 23 -0.90
05042014 23 -0.90
06042014 23 -0.88
07042014 23 -0.87
08042014 23 -0.85
09042014 23 -0.83
10042014 23 -0.80
11042014 23 -0.79
12042014 23 -0.83
13042014 23 -0.86
14042014 23 -0.86
15042014 23 -0.85
16042014 23 -0.82
17042014 23 -0.80
18042014 23 -0.83
19042014 23 -0.84
20042014 23 -0.83
21042014 23 -0.80
22042014 23 -0.79
23042014 23 -0.82
24042014 23 -0.83
25042014 23 -0.81
26042014 23 -0.79
27042014 23 -0.78
28042014 23 -0.83
29042014 23 -0.84
30042014 23 -0.83
01052014 23 -0.86
02052014 23 -0.87
03052014 23 -0.85
04052014 23 -0.84
05052014 23 -0.87
06052014 23 -0.88
07052014 23 -0.86
08052014 23 -0.85
09052014 23 -0.88
10052014 23 -0.88
11052014 23 -0.88
12052014 23 -0.89
13052014 23 -0.89
14052014 23 -0.89
15052014 23 -0.87
16052014 23 -0.89
17052014 23 -0.90
18052014 23 -0.89
19052014 23 -0.85
20052014 23 -0.81
21052014 23 -0.81
22052014 23 -0.86
23052014 23 -0.88
24052014 23 -0.86
25052014 23 -0.84
26052014 23 -0.81
27052014 23 -0.78
28052014 23 -0.75
29052014 23 -0.71
30052014 23 -0.67
31052014 23 -0.63
01062014 23 -0.60
02062014 23 -0.72
03062014 23 -0.79
04062014 23 -0.78
05062014 23 -0.75
06062014 23 -0.72
07062014 23 -0.69
08062014 23 -0.65
09062014 23 -0.62
10062014 23 -0.59
11062014 23 -0.59
12062014 23 -0.78
13062014 23 -0.86
14062014 23 -0.88
15062014 23 -0.87
16062014 23 -0.84
17062014 23 -0.80
18062014 23 -0.76
19062014 23 -0.72
20062014 23 -0.71
21062014 23 -0.79
22062014 23 -0.82
23062014 23 -0.83
24062014 23 -0.83
25062014 23 -0.81
26062014 23 -0.78
27062014 23 -0.78
28062014 23 -0.83
29062014 23 -0.86
30062014 23 -0.87
01072014 23 -0.84
02072014 23 -0.80
03072014 23 -0.76
04072014 23 -0.70
05072014 23 -0.65
06072014 23 -0.60
07072014 23 -0.55
08072014 23 -0.51
09072014 23 -0.47
10072014 23 -0.48
11072014 23 -0.71
12072014 23 -0.73
13072014 23 -0.65
14072014 23 -0.60
15072014 23 -0.55
16072014 23 -0.51
17072014 23 -0.68
18072014 23 -0.74
19072014 23 -0.69
20072014 23 -0.64
21072014 23 -0.60
22072014 23 -0.56
23072014 23 -0.52
24072014 23 -0.49
25072014 23 -0.45
26072014 23 -0.41
27072014 23 -0.37
28072014 23 -0.32
29072014 23 -0.27
30072014 23 -0.19
31072014 23 -0.11
01082014 23 -0.21
02082014 23 -0.73
03082014 23 -0.81
04082014 23 -0.84
05082014 23 -0.85
06082014 23 -0.84
07082014 23 -0.83
08082014 23 -0.81
09082014 23 -0.79
10082014 23 -0.75
11082014 23 -0.71
12082014 23 -0.74
13082014 23 -0.87
14082014 23 -0.92
15082014 23 -0.90
16082014 23 -0.88
17082014 23 -0.86
18082014 23 -0.83
19082014 23 -0.81
20082014 23 -0.81
21082014 23 -0.78
22082014 23 -0.77
23082014 23 -0.72
24082014 23 -0.67
25082014 23 -0.62
26082014 23 -0.57
27082014 23 -0.53
28082014 23 -0.49
29082014 23 -0.46
30082014 23 -0.73
31082014 23 -0.85
01092014 23 -0.88
02092014 23 -0.88
03092014 23 -0.89
04092014 23 -0.87
05092014 23 -0.85
06092014 23 -0.91
07092014 23 -0.93
08092014 23 -0.91
09092014 23 -0.89
10092014 23 -0.88
11092014 23 -0.87
12092014 23 -0.85
13092014 23 -0.84
14092014 23 -0.83
15092014 23 -0.79
16092014 23 -0.77
17092014 23 -0.87
18092014 23 -0.92
19092014 23 -0.92
20092014 23 -0.89
21092014 23 -0.88
22092014 23 -0.86
23092014 23 -0.86
24092014 23 -0.84
25092014 23 -0.81
26092014 23 -0.77
27092014 23 -0.72
28092014 23 -0.67
29092014 23 -0.63
30092014 23 -0.61
01102014 23 -0.66
02102014 23 -0.81
03102014 23 -0.78
04102014 23 -0.73
05102014 23 -0.67
06102014 23 -0.62
07102014 23 -0.57
08102014 23 -0.53
09102014 23 -0.49
10102014 23 -0.83
11102014 23 -0.95
12102014 23 -0.88
13102014 23 -0.86
14102014 23 -0.83
15102014 23 -0.80
16102014 23 -0.76
17102014 23 -0.72
18102014 23 -0.91
19102014 23 -0.97
20102014 23 -0.98
21102014 23 -0.97
22102014 23 -0.97
23102014 23 -0.97
24102014 23 -0.97
25102014 23 -0.95
26102014 23 -0.94
27102014 23 -0.96
28102014 23 -0.97
29102014 23 -0.96
30102014 23 -0.94
31102014 23 -0.93
01112014 23 -0.92
02112014 23 -0.93
03112014 23 -0.93
04112014 23 -0.94
05112014 23 -0.94
06112014 23 -0.94
07112014 23 -0.94
08112014 23 -0.94
09112014 23 -0.94
10112014 23 -0.94
11112014 23 -0.94
12112014 23 -0.94
13112014 23 -0.94
14112014 23 -0.95
15112014 23 -0.99
16112014 23 -1.03
17112014 23 -1.06
18112014 23 -1.07
19112014 23 -1.08
20112014 23 -1.10
21112014 23 -1.10
22112014 23 -1.10
23112014 23 -1.10
24112014 23 -1.10
25112014 23 -1.10
26112014 23 -1.10
27112014 23 -1.10
28112014 23 -1.10
29112014 23 -1.10
30112014 23 -1.11
01122014 23 -1.11
02122014 23 -1.11
03122014 23 -1.11
04122014 23 -1.10
05122014 23 -1.09
06122014 23 -1.08
07122014 23 -1.09
08122014 23 -1.08
09122014 23 -1.08
10122014 23 -1.08
11122014 23 -1.08
12122014 23 -1.09
13122014 23 -1.09
14122014 23 -1.09
15122014 23 -1.09
16122014 23 -1.09
17122014 23 -1.09
18122014 23 -1.08
19122014 23 -1.04
20122014 23 -1.01
21122014 23 -1.00
22122014 23 -1.09
23122014 23 -1.10
24122014 23 -1.04
25122014 23 -1.01
26122014 23 -0.98
27122014 23 -0.96
28122014 23 -0.96
29122014 23 -0.94
30122014 23 -0.92
31122014 23 -0.90
