01012002 23 -0.91
02012002 23 -0.91
03012002 23 -0.90
04012002 23 -0.90
05012002 23 -0.90
06012002 23 -0.91
07012002 23 -0.91
08012002 23 -0.91
09012002 23 -0.91
10012002 23 -0.90
11012002 23 -0.89
12012002 23 -0.87
13012002 23 -0.86
14012002 23 -0.85
15012002 23 -0.83
16012002 23 -0.86
17012002 23 -0.89
18012002 23 -0.89
19012002 23 -0.88
20012002 23 -0.90
21012002 23 -0.90
22012002 23 -0.89
23012002 23 -0.88
24012002 23 -0.87
25012002 23 -0.85
26012002 23 -0.84
27012002 23 -0.82
28012002 23 -0.80
29012002 23 -0.78
30012002 23 -0.76
31012002 23 -0.75
01022002 23 -0.80
02022002 23 -0.85
03022002 23 -0.88
04022002 23 -0.88
05022002 23 -0.87
06022002 23 -0.86
07022002 23 -0.84
08022002 23 -0.83
09022002 23 -0.81
10022002 23 -0.79
11022002 23 -0.83
12022002 23 -0.87
13022002 23 -0.90
14022002 23 -0.90
15022002 23 -0.88
16022002 23 -0.87
17022002 23 -0.85
18022002 23 -0.84
19022002 23 -0.82
20022002 23 -0.80
21022002 23 -0.78
22022002 23 -0.75
23022002 23 -0.73
24022002 23 -0.78
25022002 23 -0.78
26022002 23 -0.78
27022002 23 -0.82
28022002 23 -0.86
01032002 23 -0.87
02032002 23 -0.89
03032002 23 -0.90
04032002 23 -0.88
05032002 23 -0.86
06032002 23 -0.86
07032002 23 -0.89
08032002 23 -0.89
09032002 23 -0.87
10032002 23 -0.85
11032002 23 -0.84
12032002 23 -0.87
13032002 23 -0.89
14032002 23 -0.88
15032002 23 -0.89
16032002 23 -0.90
17032002 23 -0.88
18032002 23 -0.88
19032002 23 -0.90
20032002 23 -0.89
21032002 23 -0.88
22032002 23 -0.90
23032002 23 -0.89
24032002 23 -0.90
25032002 23 -0.89
26032002 23 -0.88
27032002 23 -0.90
28032002 23 -0.89
29032002 23 -0.87
30032002 23 -0.86
31032002 23 -0.89
01042002 23 -0.90
02042002 23 -0.88
03042002 23 -0.88
04042002 23 -0.90
05042002 23 -0.90
06042002 23 -0.88
07042002 23 -0.87
08042002 23 -0.85
09042002 23 -0.83
10042002 23 -0.80
11042002 23 -0.79
12042002 23 -0.83
13042002 23 -0.86
14042002 23 -0.86
15042002 23 -0.85
16042002 23 -0.82
17042002 23 -0.80
18042002 23 -0.83
19042002 23 -0.84
20042002 23 -0.83
21042002 23 -0.80
22042002 23 -0.79
23042002 23 -0.82
24042002 23 -0.83
25042002 23 -0.81
26042002 23 -0.79
27042002 23 -0.78
28042002 23 -0.83
29042002 23 -0.84
30042002 23 -0.83
01052002 23 -0.86
02052002 23 -0.87
03052002 23 -0.85
04052002 23 -0.84
05052002 23 -0.87
06052002 23 -0.88
07052002 23 -0.86
08052002 23 -0.85
09052002 23 -0.88
10052002 23 -0.88
11052002 23 -0.88
12052002 23 -0.89
13052002 23 -0.89
14052002 23 -0.89
15052002 23 -0.87
16052002 23 -0.89
17052002 23 -0.90
18052002 23 -0.89
19052002 23 -0.85
20052002 23 -0.81
21052002 23 -0.81
22052002 23 -0.86
23052002 23 -0.88
24052002 23 -0.86
25052002 23 -0.84
26052002 23 -0.81
27052002 23 -0.78
28052002 23 -0.75
29052002 23 -0.71
30052002 23 -0.67
31052002 23 -0.63
01062002 23 -0.60
02062002 23 -0.72
03062002 23 -0.79
04062002 23 -0.78
05062002 23 -0.75
06062002 23 -0.72
07062002 23 -0.69
08062002 23 -0.65
09062002 23 -0.62
10062002 23 -0.59
11062002 23 -0.59
12062002 23 -0.78
13062002 23 -0.86
14062002 23 -0.88
15062002 23 -0.87
16062002 23 -0.84
17062002 23 -0.80
18062002 23 -0.76
19062002 23 -0.72
20062002 23 -0.71
21062002 23 -0.79
22062002 23 -0.82
23062002 23 -0.83
24062002 23 -0.83
25062002 23 -0.81
26062002 23 -0.78
27062002 23 -0.78
28062002 23 -0.83
29062002 23 -0.86
30062002 23 -0.87
01072002 23 -0.84
02072002 23 -0.80
03072002 23 -0.76
04072002 23 -0.70
05072002 23 -0.65
06072002 23 -0.60
07072002 23 -0.55
08072002 23 -0.51
09072002 23 -0.47
10072002 23 -0.48
11072002 23 -0.71
12072002 23 -0.73
13072002 23 -0.65
14072002 23 -0.60
15072002 23 -0.55
16072002 23 -0.51
17072002 23 -0.68
18072002 23 -0.74
19072002 23 -0.69
20072002 23 -0.64
21072002 23 -0.60
22072002 23 -0.56
23072002 23 -0.52
24072002 23 -0.49
25072002 23 -0.45
26072002 23 -0.41
27072002 23 -0.37
28072002 23 -0.32
29072002 23 -0.27
30072002 23 -0.19
31072002 23 -0.11
01082002 23 -0.21
02082002 23 -0.73
03082002 23 -0.81
04082002 23 -0.84
05082002 23 -0.85
06082002 23 -0.84
07082002 23 -0.83
08082002 23 -0.81
09082002 23 -0.79
10082002 23 -0.75
11082002 23 -0.71
12082002 23 -0.74
13082002 23 -0.87
14082002 23 -0.92
15082002 23 -0.90
16082002 23 -0.88
17082002 23 -0.86
18082002 23 -0.83
19082002 23 -0.81
20082002 23 -0.81
21082002 23 -0.78
22082002 23 -0.77
23082002 23 -0.72
24082002 23 -0.67
25082002 23 -0.62
26082002 23 -0.57
27082002 23 -0.53
28082002 23 -0.49
29082002 23 -0.46
30082002 23 -0.73
31082002 23 -0.85
01092002 23 -0.88
02092002 23 -0.88
03092002 23 -0.89
04092002 23 -0.87
05092002 23 -0.85
06092002 23 -0.91
07092002 23 -0.93
08092002 23 -0.91
09092002 23 -0.89
10092002 23 -0.88
11092002 23 -0.87
12092002 23 -0.85
13092002 23 -0.84
14092002 23 -0.83
15092002 23 -0.79
16092002 23 -0.77
17092002 23 -0.87
18092002 23 -0.92
19092002 23 -0.92
20092002 23 -0.89
21092002 23 -0.88
22092002 23 -0.86
23092002 23 -0.86
24092002 23 -0.84
25092002 23 -0.81
26092002 23 -0.77
27092002 23 -0.72
28092002 23 -0.67
29092002 23 -0.63
30092002 23 -0.61
01102002 23 -0.66
02102002 23 -0.81
03102002 23 -0.78
04102002 23 -0.73
05102002 23 -0.67
06102002 23 -0.62
07102002 23 -0.57
08102002 23 -0.53
09102002 23 -0.49
10102002 23 -0.83
11102002 23 -0.95
12102002 23 -0.88
13102002 23 -0.86
14102002 23 -0.83
15102002 23 -0.80
16102002 23 -0.76
17102002 23 -0.72
18102002 23 -0.91
19102002 23 -0.97
20102002 23 -0.98
21102002 23 -0.97
22102002 23 -0.97
23102002 23 -0.97
24102002 23 -0.97
25102002 23 -0.95
26102002 23 -0.94
27102002 23 -0.96
28102002 23 -0.97
29102002 23 -0.96
30102002 23 -0.94
31102002 23 -0.93
01112002 23 -0.92
02112002 23 -0.93
03112002 23 -0.93
04112002 23 -0.94
05112002 23 -0.94
06112002 23 -0.94
07112002 23 -0.94
08112002 23 -0.94
09112002 23 -0.94
10112002 23 -0.94
11112002 23 -0.94
12112002 23 -0.94
13112002 23 -0.94
14112002 23 -0.95
15112002 23 -0.99
16112002 23 -1.03
17112002 23 -1.06
18112002 23 -1.07
19112002 23 -1.08
20112002 23 -1.10
21112002 23 -1.10
22112002 23 -1.10
23112002 23 -1.10
24112002 23 -1.10
25112002 23 -1.10
26112002 23 -1.10
27112002 23 -1.10
28112002 23 -1.10
29112002 23 -1.10
30112002 23 -1.11
01122002 23 -1.11
02122002 23 -1.11
03122002 23 -1.11
04122002 23 -1.10
05122002 23 -1.09
06122002 23 -1.08
07122002 23 -1.09
08122002 23 -1.08
09122002 23 -1.08
10122002 23 -1.08
11122002 23 -1.08
12122002 23 -1.09
13122002 23 -1.09
14122002 23 -1.09
15122002 23 -1.09
16122002 23 -1.09
17122002 23 -1.09
18122002 23 -1.08
19122002 23 -1.04
20122002 23 -1.01
21122002 23 -1.00
22122002 23 -1.09
23122002 23 -1.10
24122002 23 -1.04
25122002 23 -1.01
26122002 23 -0.98
27122002 23 -0.96
28122002 23 -0.96
29122002 23 -0.94
30122002 23 -0.92
31122002 23 -0.90
