01011924 23 -0.91
02011924 23 -0.91
03011924 23 -0.90
04011924 23 -0.90
05011924 23 -0.90
06011924 23 -0.91
07011924 23 -0.91
08011924 23 -0.91
09011924 23 -0.91
10011924 23 -0.90
11011924 23 -0.89
12011924 23 -0.87
13011924 23 -0.86
14011924 23 -0.85
15011924 23 -0.83
16011924 23 -0.86
17011924 23 -0.89
18011924 23 -0.89
19011924 23 -0.88
20011924 23 -0.90
21011924 23 -0.90
22011924 23 -0.89
23011924 23 -0.88
24011924 23 -0.87
25011924 23 -0.85
26011924 23 -0.84
27011924 23 -0.82
28011924 23 -0.80
29011924 23 -0.78
30011924 23 -0.76
31011924 23 -0.75
01021924 23 -0.80
02021924 23 -0.85
03021924 23 -0.88
04021924 23 -0.88
05021924 23 -0.87
06021924 23 -0.86
07021924 23 -0.84
08021924 23 -0.83
09021924 23 -0.81
10021924 23 -0.79
11021924 23 -0.83
12021924 23 -0.87
13021924 23 -0.90
14021924 23 -0.90
15021924 23 -0.88
16021924 23 -0.87
17021924 23 -0.85
18021924 23 -0.84
19021924 23 -0.82
20021924 23 -0.80
21021924 23 -0.78
22021924 23 -0.75
23021924 23 -0.73
24021924 23 -0.78
25021924 23 -0.78
26021924 23 -0.78
27021924 23 -0.82
28021924 23 -0.86
01031924 23 -0.87
02031924 23 -0.89
03031924 23 -0.90
04031924 23 -0.88
05031924 23 -0.86
06031924 23 -0.86
07031924 23 -0.89
08031924 23 -0.89
09031924 23 -0.87
10031924 23 -0.85
11031924 23 -0.84
12031924 23 -0.87
13031924 23 -0.89
14031924 23 -0.88
15031924 23 -0.89
16031924 23 -0.90
17031924 23 -0.88
18031924 23 -0.88
19031924 23 -0.90
20031924 23 -0.89
21031924 23 -0.88
22031924 23 -0.90
23031924 23 -0.89
24031924 23 -0.90
25031924 23 -0.89
26031924 23 -0.88
27031924 23 -0.90
28031924 23 -0.89
29031924 23 -0.87
30031924 23 -0.86
31031924 23 -0.89
01041924 23 -0.90
02041924 23 -0.88
03041924 23 -0.88
04041924 23 -0.90
05041924 23 -0.90
06041924 23 -0.88
07041924 23 -0.87
08041924 23 -0.85
09041924 23 -0.83
10041924 23 -0.80
11041924 23 -0.79
12041924 23 -0.83
13041924 23 -0.86
14041924 23 -0.86
15041924 23 -0.85
16041924 23 -0.82
17041924 23 -0.80
18041924 23 -0.83
19041924 23 -0.84
20041924 23 -0.83
21041924 23 -0.80
22041924 23 -0.79
23041924 23 -0.82
24041924 23 -0.83
25041924 23 -0.81
26041924 23 -0.79
27041924 23 -0.78
28041924 23 -0.83
29041924 23 -0.84
30041924 23 -0.83
01051924 23 -0.86
02051924 23 -0.87
03051924 23 -0.85
04051924 23 -0.84
05051924 23 -0.87
06051924 23 -0.88
07051924 23 -0.86
08051924 23 -0.85
09051924 23 -0.88
10051924 23 -0.88
11051924 23 -0.88
12051924 23 -0.89
13051924 23 -0.89
14051924 23 -0.89
15051924 23 -0.87
16051924 23 -0.89
17051924 23 -0.90
18051924 23 -0.89
19051924 23 -0.85
20051924 23 -0.81
21051924 23 -0.81
22051924 23 -0.86
23051924 23 -0.88
24051924 23 -0.86
25051924 23 -0.84
26051924 23 -0.81
27051924 23 -0.78
28051924 23 -0.75
29051924 23 -0.71
30051924 23 -0.67
31051924 23 -0.63
01061924 23 -0.60
02061924 23 -0.72
03061924 23 -0.79
04061924 23 -0.78
05061924 23 -0.75
06061924 23 -0.72
07061924 23 -0.69
08061924 23 -0.65
09061924 23 -0.62
10061924 23 -0.59
11061924 23 -0.59
12061924 23 -0.78
13061924 23 -0.86
14061924 23 -0.88
15061924 23 -0.87
16061924 23 -0.84
17061924 23 -0.80
18061924 23 -0.76
19061924 23 -0.72
20061924 23 -0.71
21061924 23 -0.79
22061924 23 -0.82
23061924 23 -0.83
24061924 23 -0.83
25061924 23 -0.81
26061924 23 -0.78
27061924 23 -0.78
28061924 23 -0.83
29061924 23 -0.86
30061924 23 -0.87
01071924 23 -0.84
02071924 23 -0.80
03071924 23 -0.76
04071924 23 -0.70
05071924 23 -0.65
06071924 23 -0.60
07071924 23 -0.55
08071924 23 -0.51
09071924 23 -0.47
10071924 23 -0.48
11071924 23 -0.71
12071924 23 -0.73
13071924 23 -0.65
14071924 23 -0.60
15071924 23 -0.55
16071924 23 -0.51
17071924 23 -0.68
18071924 23 -0.74
19071924 23 -0.69
20071924 23 -0.64
21071924 23 -0.60
22071924 23 -0.56
23071924 23 -0.52
24071924 23 -0.49
25071924 23 -0.45
26071924 23 -0.41
27071924 23 -0.37
28071924 23 -0.32
29071924 23 -0.27
30071924 23 -0.19
31071924 23 -0.11
01081924 23 -0.21
02081924 23 -0.73
03081924 23 -0.81
04081924 23 -0.84
05081924 23 -0.85
06081924 23 -0.84
07081924 23 -0.83
08081924 23 -0.81
09081924 23 -0.79
10081924 23 -0.75
11081924 23 -0.71
12081924 23 -0.74
13081924 23 -0.87
14081924 23 -0.92
15081924 23 -0.90
16081924 23 -0.88
17081924 23 -0.86
18081924 23 -0.83
19081924 23 -0.81
20081924 23 -0.81
21081924 23 -0.78
22081924 23 -0.77
23081924 23 -0.72
24081924 23 -0.67
25081924 23 -0.62
26081924 23 -0.57
27081924 23 -0.53
28081924 23 -0.49
29081924 23 -0.46
30081924 23 -0.73
31081924 23 -0.85
01091924 23 -0.88
02091924 23 -0.88
03091924 23 -0.89
04091924 23 -0.87
05091924 23 -0.85
06091924 23 -0.91
07091924 23 -0.93
08091924 23 -0.91
09091924 23 -0.89
10091924 23 -0.88
11091924 23 -0.87
12091924 23 -0.85
13091924 23 -0.84
14091924 23 -0.83
15091924 23 -0.79
16091924 23 -0.77
17091924 23 -0.87
18091924 23 -0.92
19091924 23 -0.92
20091924 23 -0.89
21091924 23 -0.88
22091924 23 -0.86
23091924 23 -0.86
24091924 23 -0.84
25091924 23 -0.81
26091924 23 -0.77
27091924 23 -0.72
28091924 23 -0.67
29091924 23 -0.63
30091924 23 -0.61
01101924 23 -0.66
02101924 23 -0.81
03101924 23 -0.78
04101924 23 -0.73
05101924 23 -0.67
06101924 23 -0.62
07101924 23 -0.57
08101924 23 -0.53
09101924 23 -0.49
10101924 23 -0.83
11101924 23 -0.95
12101924 23 -0.88
13101924 23 -0.86
14101924 23 -0.83
15101924 23 -0.80
16101924 23 -0.76
17101924 23 -0.72
18101924 23 -0.91
19101924 23 -0.97
20101924 23 -0.98
21101924 23 -0.97
22101924 23 -0.97
23101924 23 -0.97
24101924 23 -0.97
25101924 23 -0.95
26101924 23 -0.94
27101924 23 -0.96
28101924 23 -0.97
29101924 23 -0.96
30101924 23 -0.94
31101924 23 -0.93
01111924 23 -0.92
02111924 23 -0.93
03111924 23 -0.93
04111924 23 -0.94
05111924 23 -0.94
06111924 23 -0.94
07111924 23 -0.94
08111924 23 -0.94
09111924 23 -0.94
10111924 23 -0.94
11111924 23 -0.94
12111924 23 -0.94
13111924 23 -0.94
14111924 23 -0.95
15111924 23 -0.99
16111924 23 -1.03
17111924 23 -1.06
18111924 23 -1.07
19111924 23 -1.08
20111924 23 -1.10
21111924 23 -1.10
22111924 23 -1.10
23111924 23 -1.10
24111924 23 -1.10
25111924 23 -1.10
26111924 23 -1.10
27111924 23 -1.10
28111924 23 -1.10
29111924 23 -1.10
30111924 23 -1.11
01121924 23 -1.11
02121924 23 -1.11
03121924 23 -1.11
04121924 23 -1.10
05121924 23 -1.09
06121924 23 -1.08
07121924 23 -1.09
08121924 23 -1.08
09121924 23 -1.08
10121924 23 -1.08
11121924 23 -1.08
12121924 23 -1.09
13121924 23 -1.09
14121924 23 -1.09
15121924 23 -1.09
16121924 23 -1.09
17121924 23 -1.09
18121924 23 -1.08
19121924 23 -1.04
20121924 23 -1.01
21121924 23 -1.00
22121924 23 -1.09
23121924 23 -1.10
24121924 23 -1.04
25121924 23 -1.01
26121924 23 -0.98
27121924 23 -0.96
28121924 23 -0.96
29121924 23 -0.94
30121924 23 -0.92
31121924 23 -0.90
