01011929 23 -0.91
02011929 23 -0.91
03011929 23 -0.90
04011929 23 -0.90
05011929 23 -0.90
06011929 23 -0.91
07011929 23 -0.91
08011929 23 -0.91
09011929 23 -0.91
10011929 23 -0.90
11011929 23 -0.89
12011929 23 -0.87
13011929 23 -0.86
14011929 23 -0.85
15011929 23 -0.83
16011929 23 -0.86
17011929 23 -0.89
18011929 23 -0.89
19011929 23 -0.88
20011929 23 -0.90
21011929 23 -0.90
22011929 23 -0.89
23011929 23 -0.88
24011929 23 -0.87
25011929 23 -0.85
26011929 23 -0.84
27011929 23 -0.82
28011929 23 -0.80
29011929 23 -0.78
30011929 23 -0.76
31011929 23 -0.75
01021929 23 -0.80
02021929 23 -0.85
03021929 23 -0.88
04021929 23 -0.88
05021929 23 -0.87
06021929 23 -0.86
07021929 23 -0.84
08021929 23 -0.83
09021929 23 -0.81
10021929 23 -0.79
11021929 23 -0.83
12021929 23 -0.87
13021929 23 -0.90
14021929 23 -0.90
15021929 23 -0.88
16021929 23 -0.87
17021929 23 -0.85
18021929 23 -0.84
19021929 23 -0.82
20021929 23 -0.80
21021929 23 -0.78
22021929 23 -0.75
23021929 23 -0.73
24021929 23 -0.78
25021929 23 -0.78
26021929 23 -0.78
27021929 23 -0.82
28021929 23 -0.86
01031929 23 -0.87
02031929 23 -0.89
03031929 23 -0.90
04031929 23 -0.88
05031929 23 -0.86
06031929 23 -0.86
07031929 23 -0.89
08031929 23 -0.89
09031929 23 -0.87
10031929 23 -0.85
11031929 23 -0.84
12031929 23 -0.87
13031929 23 -0.89
14031929 23 -0.88
15031929 23 -0.89
16031929 23 -0.90
17031929 23 -0.88
18031929 23 -0.88
19031929 23 -0.90
20031929 23 -0.89
21031929 23 -0.88
22031929 23 -0.90
23031929 23 -0.89
24031929 23 -0.90
25031929 23 -0.89
26031929 23 -0.88
27031929 23 -0.90
28031929 23 -0.89
29031929 23 -0.87
30031929 23 -0.86
31031929 23 -0.89
01041929 23 -0.90
02041929 23 -0.88
03041929 23 -0.88
04041929 23 -0.90
05041929 23 -0.90
06041929 23 -0.88
07041929 23 -0.87
08041929 23 -0.85
09041929 23 -0.83
10041929 23 -0.80
11041929 23 -0.79
12041929 23 -0.83
13041929 23 -0.86
14041929 23 -0.86
15041929 23 -0.85
16041929 23 -0.82
17041929 23 -0.80
18041929 23 -0.83
19041929 23 -0.84
20041929 23 -0.83
21041929 23 -0.80
22041929 23 -0.79
23041929 23 -0.82
24041929 23 -0.83
25041929 23 -0.81
26041929 23 -0.79
27041929 23 -0.78
28041929 23 -0.83
29041929 23 -0.84
30041929 23 -0.83
01051929 23 -0.86
02051929 23 -0.87
03051929 23 -0.85
04051929 23 -0.84
05051929 23 -0.87
06051929 23 -0.88
07051929 23 -0.86
08051929 23 -0.85
09051929 23 -0.88
10051929 23 -0.88
11051929 23 -0.88
12051929 23 -0.89
13051929 23 -0.89
14051929 23 -0.89
15051929 23 -0.87
16051929 23 -0.89
17051929 23 -0.90
18051929 23 -0.89
19051929 23 -0.85
20051929 23 -0.81
21051929 23 -0.81
22051929 23 -0.86
23051929 23 -0.88
24051929 23 -0.86
25051929 23 -0.84
26051929 23 -0.81
27051929 23 -0.78
28051929 23 -0.75
29051929 23 -0.71
30051929 23 -0.67
31051929 23 -0.63
01061929 23 -0.60
02061929 23 -0.72
03061929 23 -0.79
04061929 23 -0.78
05061929 23 -0.75
06061929 23 -0.72
07061929 23 -0.69
08061929 23 -0.65
09061929 23 -0.62
10061929 23 -0.59
11061929 23 -0.59
12061929 23 -0.78
13061929 23 -0.86
14061929 23 -0.88
15061929 23 -0.87
16061929 23 -0.84
17061929 23 -0.80
18061929 23 -0.76
19061929 23 -0.72
20061929 23 -0.71
21061929 23 -0.79
22061929 23 -0.82
23061929 23 -0.83
24061929 23 -0.83
25061929 23 -0.81
26061929 23 -0.78
27061929 23 -0.78
28061929 23 -0.83
29061929 23 -0.86
30061929 23 -0.87
01071929 23 -0.84
02071929 23 -0.80
03071929 23 -0.76
04071929 23 -0.70
05071929 23 -0.65
06071929 23 -0.60
07071929 23 -0.55
08071929 23 -0.51
09071929 23 -0.47
10071929 23 -0.48
11071929 23 -0.71
12071929 23 -0.73
13071929 23 -0.65
14071929 23 -0.60
15071929 23 -0.55
16071929 23 -0.51
17071929 23 -0.68
18071929 23 -0.74
19071929 23 -0.69
20071929 23 -0.64
21071929 23 -0.60
22071929 23 -0.56
23071929 23 -0.52
24071929 23 -0.49
25071929 23 -0.45
26071929 23 -0.41
27071929 23 -0.37
28071929 23 -0.32
29071929 23 -0.27
30071929 23 -0.19
31071929 23 -0.11
01081929 23 -0.21
02081929 23 -0.73
03081929 23 -0.81
04081929 23 -0.84
05081929 23 -0.85
06081929 23 -0.84
07081929 23 -0.83
08081929 23 -0.81
09081929 23 -0.79
10081929 23 -0.75
11081929 23 -0.71
12081929 23 -0.74
13081929 23 -0.87
14081929 23 -0.92
15081929 23 -0.90
16081929 23 -0.88
17081929 23 -0.86
18081929 23 -0.83
19081929 23 -0.81
20081929 23 -0.81
21081929 23 -0.78
22081929 23 -0.77
23081929 23 -0.72
24081929 23 -0.67
25081929 23 -0.62
26081929 23 -0.57
27081929 23 -0.53
28081929 23 -0.49
29081929 23 -0.46
30081929 23 -0.73
31081929 23 -0.85
01091929 23 -0.88
02091929 23 -0.88
03091929 23 -0.89
04091929 23 -0.87
05091929 23 -0.85
06091929 23 -0.91
07091929 23 -0.93
08091929 23 -0.91
09091929 23 -0.89
10091929 23 -0.88
11091929 23 -0.87
12091929 23 -0.85
13091929 23 -0.84
14091929 23 -0.83
15091929 23 -0.79
16091929 23 -0.77
17091929 23 -0.87
18091929 23 -0.92
19091929 23 -0.92
20091929 23 -0.89
21091929 23 -0.88
22091929 23 -0.86
23091929 23 -0.86
24091929 23 -0.84
25091929 23 -0.81
26091929 23 -0.77
27091929 23 -0.72
28091929 23 -0.67
29091929 23 -0.63
30091929 23 -0.61
01101929 23 -0.66
02101929 23 -0.81
03101929 23 -0.78
04101929 23 -0.73
05101929 23 -0.67
06101929 23 -0.62
07101929 23 -0.57
08101929 23 -0.53
09101929 23 -0.49
10101929 23 -0.83
11101929 23 -0.95
12101929 23 -0.88
13101929 23 -0.86
14101929 23 -0.83
15101929 23 -0.80
16101929 23 -0.76
17101929 23 -0.72
18101929 23 -0.91
19101929 23 -0.97
20101929 23 -0.98
21101929 23 -0.97
22101929 23 -0.97
23101929 23 -0.97
24101929 23 -0.97
25101929 23 -0.95
26101929 23 -0.94
27101929 23 -0.96
28101929 23 -0.97
29101929 23 -0.96
30101929 23 -0.94
31101929 23 -0.93
01111929 23 -0.92
02111929 23 -0.93
03111929 23 -0.93
04111929 23 -0.94
05111929 23 -0.94
06111929 23 -0.94
07111929 23 -0.94
08111929 23 -0.94
09111929 23 -0.94
10111929 23 -0.94
11111929 23 -0.94
12111929 23 -0.94
13111929 23 -0.94
14111929 23 -0.95
15111929 23 -0.99
16111929 23 -1.03
17111929 23 -1.06
18111929 23 -1.07
19111929 23 -1.08
20111929 23 -1.10
21111929 23 -1.10
22111929 23 -1.10
23111929 23 -1.10
24111929 23 -1.10
25111929 23 -1.10
26111929 23 -1.10
27111929 23 -1.10
28111929 23 -1.10
29111929 23 -1.10
30111929 23 -1.11
01121929 23 -1.11
02121929 23 -1.11
03121929 23 -1.11
04121929 23 -1.10
05121929 23 -1.09
06121929 23 -1.08
07121929 23 -1.09
08121929 23 -1.08
09121929 23 -1.08
10121929 23 -1.08
11121929 23 -1.08
12121929 23 -1.09
13121929 23 -1.09
14121929 23 -1.09
15121929 23 -1.09
16121929 23 -1.09
17121929 23 -1.09
18121929 23 -1.08
19121929 23 -1.04
20121929 23 -1.01
21121929 23 -1.00
22121929 23 -1.09
23121929 23 -1.10
24121929 23 -1.04
25121929 23 -1.01
26121929 23 -0.98
27121929 23 -0.96
28121929 23 -0.96
29121929 23 -0.94
30121929 23 -0.92
31121929 23 -0.90
