01011967 23 -0.91
02011967 23 -0.91
03011967 23 -0.90
04011967 23 -0.90
05011967 23 -0.90
06011967 23 -0.91
07011967 23 -0.91
08011967 23 -0.91
09011967 23 -0.91
10011967 23 -0.90
11011967 23 -0.89
12011967 23 -0.87
13011967 23 -0.86
14011967 23 -0.85
15011967 23 -0.83
16011967 23 -0.86
17011967 23 -0.89
18011967 23 -0.89
19011967 23 -0.88
20011967 23 -0.90
21011967 23 -0.90
22011967 23 -0.89
23011967 23 -0.88
24011967 23 -0.87
25011967 23 -0.85
26011967 23 -0.84
27011967 23 -0.82
28011967 23 -0.80
29011967 23 -0.78
30011967 23 -0.76
31011967 23 -0.75
01021967 23 -0.80
02021967 23 -0.85
03021967 23 -0.88
04021967 23 -0.88
05021967 23 -0.87
06021967 23 -0.86
07021967 23 -0.84
08021967 23 -0.83
09021967 23 -0.81
10021967 23 -0.79
11021967 23 -0.83
12021967 23 -0.87
13021967 23 -0.90
14021967 23 -0.90
15021967 23 -0.88
16021967 23 -0.87
17021967 23 -0.85
18021967 23 -0.84
19021967 23 -0.82
20021967 23 -0.80
21021967 23 -0.78
22021967 23 -0.75
23021967 23 -0.73
24021967 23 -0.78
25021967 23 -0.78
26021967 23 -0.78
27021967 23 -0.82
28021967 23 -0.86
01031967 23 -0.87
02031967 23 -0.89
03031967 23 -0.90
04031967 23 -0.88
05031967 23 -0.86
06031967 23 -0.86
07031967 23 -0.89
08031967 23 -0.89
09031967 23 -0.87
10031967 23 -0.85
11031967 23 -0.84
12031967 23 -0.87
13031967 23 -0.89
14031967 23 -0.88
15031967 23 -0.89
16031967 23 -0.90
17031967 23 -0.88
18031967 23 -0.88
19031967 23 -0.90
20031967 23 -0.89
21031967 23 -0.88
22031967 23 -0.90
23031967 23 -0.89
24031967 23 -0.90
25031967 23 -0.89
26031967 23 -0.88
27031967 23 -0.90
28031967 23 -0.89
29031967 23 -0.87
30031967 23 -0.86
31031967 23 -0.89
01041967 23 -0.90
02041967 23 -0.88
03041967 23 -0.88
04041967 23 -0.90
05041967 23 -0.90
06041967 23 -0.88
07041967 23 -0.87
08041967 23 -0.85
09041967 23 -0.83
10041967 23 -0.80
11041967 23 -0.79
12041967 23 -0.83
13041967 23 -0.86
14041967 23 -0.86
15041967 23 -0.85
16041967 23 -0.82
17041967 23 -0.80
18041967 23 -0.83
19041967 23 -0.84
20041967 23 -0.83
21041967 23 -0.80
22041967 23 -0.79
23041967 23 -0.82
24041967 23 -0.83
25041967 23 -0.81
26041967 23 -0.79
27041967 23 -0.78
28041967 23 -0.83
29041967 23 -0.84
30041967 23 -0.83
01051967 23 -0.86
02051967 23 -0.87
03051967 23 -0.85
04051967 23 -0.84
05051967 23 -0.87
06051967 23 -0.88
07051967 23 -0.86
08051967 23 -0.85
09051967 23 -0.88
10051967 23 -0.88
11051967 23 -0.88
12051967 23 -0.89
13051967 23 -0.89
14051967 23 -0.89
15051967 23 -0.87
16051967 23 -0.89
17051967 23 -0.90
18051967 23 -0.89
19051967 23 -0.85
20051967 23 -0.81
21051967 23 -0.81
22051967 23 -0.86
23051967 23 -0.88
24051967 23 -0.86
25051967 23 -0.84
26051967 23 -0.81
27051967 23 -0.78
28051967 23 -0.75
29051967 23 -0.71
30051967 23 -0.67
31051967 23 -0.63
01061967 23 -0.60
02061967 23 -0.72
03061967 23 -0.79
04061967 23 -0.78
05061967 23 -0.75
06061967 23 -0.72
07061967 23 -0.69
08061967 23 -0.65
09061967 23 -0.62
10061967 23 -0.59
11061967 23 -0.59
12061967 23 -0.78
13061967 23 -0.86
14061967 23 -0.88
15061967 23 -0.87
16061967 23 -0.84
17061967 23 -0.80
18061967 23 -0.76
19061967 23 -0.72
20061967 23 -0.71
21061967 23 -0.79
22061967 23 -0.82
23061967 23 -0.83
24061967 23 -0.83
25061967 23 -0.81
26061967 23 -0.78
27061967 23 -0.78
28061967 23 -0.83
29061967 23 -0.86
30061967 23 -0.87
01071967 23 -0.84
02071967 23 -0.80
03071967 23 -0.76
04071967 23 -0.70
05071967 23 -0.65
06071967 23 -0.60
07071967 23 -0.55
08071967 23 -0.51
09071967 23 -0.47
10071967 23 -0.48
11071967 23 -0.71
12071967 23 -0.73
13071967 23 -0.65
14071967 23 -0.60
15071967 23 -0.55
16071967 23 -0.51
17071967 23 -0.68
18071967 23 -0.74
19071967 23 -0.69
20071967 23 -0.64
21071967 23 -0.60
22071967 23 -0.56
23071967 23 -0.52
24071967 23 -0.49
25071967 23 -0.45
26071967 23 -0.41
27071967 23 -0.37
28071967 23 -0.32
29071967 23 -0.27
30071967 23 -0.19
31071967 23 -0.11
01081967 23 -0.21
02081967 23 -0.73
03081967 23 -0.81
04081967 23 -0.84
05081967 23 -0.85
06081967 23 -0.84
07081967 23 -0.83
08081967 23 -0.81
09081967 23 -0.79
10081967 23 -0.75
11081967 23 -0.71
12081967 23 -0.74
13081967 23 -0.87
14081967 23 -0.92
15081967 23 -0.90
16081967 23 -0.88
17081967 23 -0.86
18081967 23 -0.83
19081967 23 -0.81
20081967 23 -0.81
21081967 23 -0.78
22081967 23 -0.77
23081967 23 -0.72
24081967 23 -0.67
25081967 23 -0.62
26081967 23 -0.57
27081967 23 -0.53
28081967 23 -0.49
29081967 23 -0.46
30081967 23 -0.73
31081967 23 -0.85
01091967 23 -0.88
02091967 23 -0.88
03091967 23 -0.89
04091967 23 -0.87
05091967 23 -0.85
06091967 23 -0.91
07091967 23 -0.93
08091967 23 -0.91
09091967 23 -0.89
10091967 23 -0.88
11091967 23 -0.87
12091967 23 -0.85
13091967 23 -0.84
14091967 23 -0.83
15091967 23 -0.79
16091967 23 -0.77
17091967 23 -0.87
18091967 23 -0.92
19091967 23 -0.92
20091967 23 -0.89
21091967 23 -0.88
22091967 23 -0.86
23091967 23 -0.86
24091967 23 -0.84
25091967 23 -0.81
26091967 23 -0.77
27091967 23 -0.72
28091967 23 -0.67
29091967 23 -0.63
30091967 23 -0.61
01101967 23 -0.66
02101967 23 -0.81
03101967 23 -0.78
04101967 23 -0.73
05101967 23 -0.67
06101967 23 -0.62
07101967 23 -0.57
08101967 23 -0.53
09101967 23 -0.49
10101967 23 -0.83
11101967 23 -0.95
12101967 23 -0.88
13101967 23 -0.86
14101967 23 -0.83
15101967 23 -0.80
16101967 23 -0.76
17101967 23 -0.72
18101967 23 -0.91
19101967 23 -0.97
20101967 23 -0.98
21101967 23 -0.97
22101967 23 -0.97
23101967 23 -0.97
24101967 23 -0.97
25101967 23 -0.95
26101967 23 -0.94
27101967 23 -0.96
28101967 23 -0.97
29101967 23 -0.96
30101967 23 -0.94
31101967 23 -0.93
01111967 23 -0.92
02111967 23 -0.93
03111967 23 -0.93
04111967 23 -0.94
05111967 23 -0.94
06111967 23 -0.94
07111967 23 -0.94
08111967 23 -0.94
09111967 23 -0.94
10111967 23 -0.94
11111967 23 -0.94
12111967 23 -0.94
13111967 23 -0.94
14111967 23 -0.95
15111967 23 -0.99
16111967 23 -1.03
17111967 23 -1.06
18111967 23 -1.07
19111967 23 -1.08
20111967 23 -1.10
21111967 23 -1.10
22111967 23 -1.10
23111967 23 -1.10
24111967 23 -1.10
25111967 23 -1.10
26111967 23 -1.10
27111967 23 -1.10
28111967 23 -1.10
29111967 23 -1.10
30111967 23 -1.11
01121967 23 -1.11
02121967 23 -1.11
03121967 23 -1.11
04121967 23 -1.10
05121967 23 -1.09
06121967 23 -1.08
07121967 23 -1.09
08121967 23 -1.08
09121967 23 -1.08
10121967 23 -1.08
11121967 23 -1.08
12121967 23 -1.09
13121967 23 -1.09
14121967 23 -1.09
15121967 23 -1.09
16121967 23 -1.09
17121967 23 -1.09
18121967 23 -1.08
19121967 23 -1.04
20121967 23 -1.01
21121967 23 -1.00
22121967 23 -1.09
23121967 23 -1.10
24121967 23 -1.04
25121967 23 -1.01
26121967 23 -0.98
27121967 23 -0.96
28121967 23 -0.96
29121967 23 -0.94
30121967 23 -0.92
31121967 23 -0.90
