01012007 23 -0.91
02012007 23 -0.91
03012007 23 -0.90
04012007 23 -0.90
05012007 23 -0.90
06012007 23 -0.91
07012007 23 -0.91
08012007 23 -0.91
09012007 23 -0.91
10012007 23 -0.90
11012007 23 -0.89
12012007 23 -0.87
13012007 23 -0.86
14012007 23 -0.85
15012007 23 -0.83
16012007 23 -0.86
17012007 23 -0.89
18012007 23 -0.89
19012007 23 -0.88
20012007 23 -0.90
21012007 23 -0.90
22012007 23 -0.89
23012007 23 -0.88
24012007 23 -0.87
25012007 23 -0.85
26012007 23 -0.84
27012007 23 -0.82
28012007 23 -0.80
29012007 23 -0.78
30012007 23 -0.76
31012007 23 -0.75
01022007 23 -0.80
02022007 23 -0.85
03022007 23 -0.88
04022007 23 -0.88
05022007 23 -0.87
06022007 23 -0.86
07022007 23 -0.84
08022007 23 -0.83
09022007 23 -0.81
10022007 23 -0.79
11022007 23 -0.83
12022007 23 -0.87
13022007 23 -0.90
14022007 23 -0.90
15022007 23 -0.88
16022007 23 -0.87
17022007 23 -0.85
18022007 23 -0.84
19022007 23 -0.82
20022007 23 -0.80
21022007 23 -0.78
22022007 23 -0.75
23022007 23 -0.73
24022007 23 -0.78
25022007 23 -0.78
26022007 23 -0.78
27022007 23 -0.82
28022007 23 -0.86
01032007 23 -0.87
02032007 23 -0.89
03032007 23 -0.90
04032007 23 -0.88
05032007 23 -0.86
06032007 23 -0.86
07032007 23 -0.89
08032007 23 -0.89
09032007 23 -0.87
10032007 23 -0.85
11032007 23 -0.84
12032007 23 -0.87
13032007 23 -0.89
14032007 23 -0.88
15032007 23 -0.89
16032007 23 -0.90
17032007 23 -0.88
18032007 23 -0.88
19032007 23 -0.90
20032007 23 -0.89
21032007 23 -0.88
22032007 23 -0.90
23032007 23 -0.89
24032007 23 -0.90
25032007 23 -0.89
26032007 23 -0.88
27032007 23 -0.90
28032007 23 -0.89
29032007 23 -0.87
30032007 23 -0.86
31032007 23 -0.89
01042007 23 -0.90
02042007 23 -0.88
03042007 23 -0.88
04042007 23 -0.90
05042007 23 -0.90
06042007 23 -0.88
07042007 23 -0.87
08042007 23 -0.85
09042007 23 -0.83
10042007 23 -0.80
11042007 23 -0.79
12042007 23 -0.83
13042007 23 -0.86
14042007 23 -0.86
15042007 23 -0.85
16042007 23 -0.82
17042007 23 -0.80
18042007 23 -0.83
19042007 23 -0.84
20042007 23 -0.83
21042007 23 -0.80
22042007 23 -0.79
23042007 23 -0.82
24042007 23 -0.83
25042007 23 -0.81
26042007 23 -0.79
27042007 23 -0.78
28042007 23 -0.83
29042007 23 -0.84
30042007 23 -0.83
01052007 23 -0.86
02052007 23 -0.87
03052007 23 -0.85
04052007 23 -0.84
05052007 23 -0.87
06052007 23 -0.88
07052007 23 -0.86
08052007 23 -0.85
09052007 23 -0.88
10052007 23 -0.88
11052007 23 -0.88
12052007 23 -0.89
13052007 23 -0.89
14052007 23 -0.89
15052007 23 -0.87
16052007 23 -0.89
17052007 23 -0.90
18052007 23 -0.89
19052007 23 -0.85
20052007 23 -0.81
21052007 23 -0.81
22052007 23 -0.86
23052007 23 -0.88
24052007 23 -0.86
25052007 23 -0.84
26052007 23 -0.81
27052007 23 -0.78
28052007 23 -0.75
29052007 23 -0.71
30052007 23 -0.67
31052007 23 -0.63
01062007 23 -0.60
02062007 23 -0.72
03062007 23 -0.79
04062007 23 -0.78
05062007 23 -0.75
06062007 23 -0.72
07062007 23 -0.69
08062007 23 -0.65
09062007 23 -0.62
10062007 23 -0.59
11062007 23 -0.59
12062007 23 -0.78
13062007 23 -0.86
14062007 23 -0.88
15062007 23 -0.87
16062007 23 -0.84
17062007 23 -0.80
18062007 23 -0.76
19062007 23 -0.72
20062007 23 -0.71
21062007 23 -0.79
22062007 23 -0.82
23062007 23 -0.83
24062007 23 -0.83
25062007 23 -0.81
26062007 23 -0.78
27062007 23 -0.78
28062007 23 -0.83
29062007 23 -0.86
30062007 23 -0.87
01072007 23 -0.84
02072007 23 -0.80
03072007 23 -0.76
04072007 23 -0.70
05072007 23 -0.65
06072007 23 -0.60
07072007 23 -0.55
08072007 23 -0.51
09072007 23 -0.47
10072007 23 -0.48
11072007 23 -0.71
12072007 23 -0.73
13072007 23 -0.65
14072007 23 -0.60
15072007 23 -0.55
16072007 23 -0.51
17072007 23 -0.68
18072007 23 -0.74
19072007 23 -0.69
20072007 23 -0.64
21072007 23 -0.60
22072007 23 -0.56
23072007 23 -0.52
24072007 23 -0.49
25072007 23 -0.45
26072007 23 -0.41
27072007 23 -0.37
28072007 23 -0.32
29072007 23 -0.27
30072007 23 -0.19
31072007 23 -0.11
01082007 23 -0.21
02082007 23 -0.73
03082007 23 -0.81
04082007 23 -0.84
05082007 23 -0.85
06082007 23 -0.84
07082007 23 -0.83
08082007 23 -0.81
09082007 23 -0.79
10082007 23 -0.75
11082007 23 -0.71
12082007 23 -0.74
13082007 23 -0.87
14082007 23 -0.92
15082007 23 -0.90
16082007 23 -0.88
17082007 23 -0.86
18082007 23 -0.83
19082007 23 -0.81
20082007 23 -0.81
21082007 23 -0.78
22082007 23 -0.77
23082007 23 -0.72
24082007 23 -0.67
25082007 23 -0.62
26082007 23 -0.57
27082007 23 -0.53
28082007 23 -0.49
29082007 23 -0.46
30082007 23 -0.73
31082007 23 -0.85
01092007 23 -0.88
02092007 23 -0.88
03092007 23 -0.89
04092007 23 -0.87
05092007 23 -0.85
06092007 23 -0.91
07092007 23 -0.93
08092007 23 -0.91
09092007 23 -0.89
10092007 23 -0.88
11092007 23 -0.87
12092007 23 -0.85
13092007 23 -0.84
14092007 23 -0.83
15092007 23 -0.79
16092007 23 -0.77
17092007 23 -0.87
18092007 23 -0.92
19092007 23 -0.92
20092007 23 -0.89
21092007 23 -0.88
22092007 23 -0.86
23092007 23 -0.86
24092007 23 -0.84
25092007 23 -0.81
26092007 23 -0.77
27092007 23 -0.72
28092007 23 -0.67
29092007 23 -0.63
30092007 23 -0.61
01102007 23 -0.66
02102007 23 -0.81
03102007 23 -0.78
04102007 23 -0.73
05102007 23 -0.67
06102007 23 -0.62
07102007 23 -0.57
08102007 23 -0.53
09102007 23 -0.49
10102007 23 -0.83
11102007 23 -0.95
12102007 23 -0.88
13102007 23 -0.86
14102007 23 -0.83
15102007 23 -0.80
16102007 23 -0.76
17102007 23 -0.72
18102007 23 -0.91
19102007 23 -0.97
20102007 23 -0.98
21102007 23 -0.97
22102007 23 -0.97
23102007 23 -0.97
24102007 23 -0.97
25102007 23 -0.95
26102007 23 -0.94
27102007 23 -0.96
28102007 23 -0.97
29102007 23 -0.96
30102007 23 -0.94
31102007 23 -0.93
01112007 23 -0.92
02112007 23 -0.93
03112007 23 -0.93
04112007 23 -0.94
05112007 23 -0.94
06112007 23 -0.94
07112007 23 -0.94
08112007 23 -0.94
09112007 23 -0.94
10112007 23 -0.94
11112007 23 -0.94
12112007 23 -0.94
13112007 23 -0.94
14112007 23 -0.95
15112007 23 -0.99
16112007 23 -1.03
17112007 23 -1.06
18112007 23 -1.07
19112007 23 -1.08
20112007 23 -1.10
21112007 23 -1.10
22112007 23 -1.10
23112007 23 -1.10
24112007 23 -1.10
25112007 23 -1.10
26112007 23 -1.10
27112007 23 -1.10
28112007 23 -1.10
29112007 23 -1.10
30112007 23 -1.11
01122007 23 -1.11
02122007 23 -1.11
03122007 23 -1.11
04122007 23 -1.10
05122007 23 -1.09
06122007 23 -1.08
07122007 23 -1.09
08122007 23 -1.08
09122007 23 -1.08
10122007 23 -1.08
11122007 23 -1.08
12122007 23 -1.09
13122007 23 -1.09
14122007 23 -1.09
15122007 23 -1.09
16122007 23 -1.09
17122007 23 -1.09
18122007 23 -1.08
19122007 23 -1.04
20122007 23 -1.01
21122007 23 -1.00
22122007 23 -1.09
23122007 23 -1.10
24122007 23 -1.04
25122007 23 -1.01
26122007 23 -0.98
27122007 23 -0.96
28122007 23 -0.96
29122007 23 -0.94
30122007 23 -0.92
31122007 23 -0.90
