01012006 23 -0.91
02012006 23 -0.91
03012006 23 -0.90
04012006 23 -0.90
05012006 23 -0.90
06012006 23 -0.91
07012006 23 -0.91
08012006 23 -0.91
09012006 23 -0.91
10012006 23 -0.90
11012006 23 -0.89
12012006 23 -0.87
13012006 23 -0.86
14012006 23 -0.85
15012006 23 -0.83
16012006 23 -0.86
17012006 23 -0.89
18012006 23 -0.89
19012006 23 -0.88
20012006 23 -0.90
21012006 23 -0.90
22012006 23 -0.89
23012006 23 -0.88
24012006 23 -0.87
25012006 23 -0.85
26012006 23 -0.84
27012006 23 -0.82
28012006 23 -0.80
29012006 23 -0.78
30012006 23 -0.76
31012006 23 -0.75
01022006 23 -0.80
02022006 23 -0.85
03022006 23 -0.88
04022006 23 -0.88
05022006 23 -0.87
06022006 23 -0.86
07022006 23 -0.84
08022006 23 -0.83
09022006 23 -0.81
10022006 23 -0.79
11022006 23 -0.83
12022006 23 -0.87
13022006 23 -0.90
14022006 23 -0.90
15022006 23 -0.88
16022006 23 -0.87
17022006 23 -0.85
18022006 23 -0.84
19022006 23 -0.82
20022006 23 -0.80
21022006 23 -0.78
22022006 23 -0.75
23022006 23 -0.73
24022006 23 -0.78
25022006 23 -0.78
26022006 23 -0.78
27022006 23 -0.82
28022006 23 -0.86
01032006 23 -0.87
02032006 23 -0.89
03032006 23 -0.90
04032006 23 -0.88
05032006 23 -0.86
06032006 23 -0.86
07032006 23 -0.89
08032006 23 -0.89
09032006 23 -0.87
10032006 23 -0.85
11032006 23 -0.84
12032006 23 -0.87
13032006 23 -0.89
14032006 23 -0.88
15032006 23 -0.89
16032006 23 -0.90
17032006 23 -0.88
18032006 23 -0.88
19032006 23 -0.90
20032006 23 -0.89
21032006 23 -0.88
22032006 23 -0.90
23032006 23 -0.89
24032006 23 -0.90
25032006 23 -0.89
26032006 23 -0.88
27032006 23 -0.90
28032006 23 -0.89
29032006 23 -0.87
30032006 23 -0.86
31032006 23 -0.89
01042006 23 -0.90
02042006 23 -0.88
03042006 23 -0.88
04042006 23 -0.90
05042006 23 -0.90
06042006 23 -0.88
07042006 23 -0.87
08042006 23 -0.85
09042006 23 -0.83
10042006 23 -0.80
11042006 23 -0.79
12042006 23 -0.83
13042006 23 -0.86
14042006 23 -0.86
15042006 23 -0.85
16042006 23 -0.82
17042006 23 -0.80
18042006 23 -0.83
19042006 23 -0.84
20042006 23 -0.83
21042006 23 -0.80
22042006 23 -0.79
23042006 23 -0.82
24042006 23 -0.83
25042006 23 -0.81
26042006 23 -0.79
27042006 23 -0.78
28042006 23 -0.83
29042006 23 -0.84
30042006 23 -0.83
01052006 23 -0.86
02052006 23 -0.87
03052006 23 -0.85
04052006 23 -0.84
05052006 23 -0.87
06052006 23 -0.88
07052006 23 -0.86
08052006 23 -0.85
09052006 23 -0.88
10052006 23 -0.88
11052006 23 -0.88
12052006 23 -0.89
13052006 23 -0.89
14052006 23 -0.89
15052006 23 -0.87
16052006 23 -0.89
17052006 23 -0.90
18052006 23 -0.89
19052006 23 -0.85
20052006 23 -0.81
21052006 23 -0.81
22052006 23 -0.86
23052006 23 -0.88
24052006 23 -0.86
25052006 23 -0.84
26052006 23 -0.81
27052006 23 -0.78
28052006 23 -0.75
29052006 23 -0.71
30052006 23 -0.67
31052006 23 -0.63
01062006 23 -0.60
02062006 23 -0.72
03062006 23 -0.79
04062006 23 -0.78
05062006 23 -0.75
06062006 23 -0.72
07062006 23 -0.69
08062006 23 -0.65
09062006 23 -0.62
10062006 23 -0.59
11062006 23 -0.59
12062006 23 -0.78
13062006 23 -0.86
14062006 23 -0.88
15062006 23 -0.87
16062006 23 -0.84
17062006 23 -0.80
18062006 23 -0.76
19062006 23 -0.72
20062006 23 -0.71
21062006 23 -0.79
22062006 23 -0.82
23062006 23 -0.83
24062006 23 -0.83
25062006 23 -0.81
26062006 23 -0.78
27062006 23 -0.78
28062006 23 -0.83
29062006 23 -0.86
30062006 23 -0.87
01072006 23 -0.84
02072006 23 -0.80
03072006 23 -0.76
04072006 23 -0.70
05072006 23 -0.65
06072006 23 -0.60
07072006 23 -0.55
08072006 23 -0.51
09072006 23 -0.47
10072006 23 -0.48
11072006 23 -0.71
12072006 23 -0.73
13072006 23 -0.65
14072006 23 -0.60
15072006 23 -0.55
16072006 23 -0.51
17072006 23 -0.68
18072006 23 -0.74
19072006 23 -0.69
20072006 23 -0.64
21072006 23 -0.60
22072006 23 -0.56
23072006 23 -0.52
24072006 23 -0.49
25072006 23 -0.45
26072006 23 -0.41
27072006 23 -0.37
28072006 23 -0.32
29072006 23 -0.27
30072006 23 -0.19
31072006 23 -0.11
01082006 23 -0.21
02082006 23 -0.73
03082006 23 -0.81
04082006 23 -0.84
05082006 23 -0.85
06082006 23 -0.84
07082006 23 -0.83
08082006 23 -0.81
09082006 23 -0.79
10082006 23 -0.75
11082006 23 -0.71
12082006 23 -0.74
13082006 23 -0.87
14082006 23 -0.92
15082006 23 -0.90
16082006 23 -0.88
17082006 23 -0.86
18082006 23 -0.83
19082006 23 -0.81
20082006 23 -0.81
21082006 23 -0.78
22082006 23 -0.77
23082006 23 -0.72
24082006 23 -0.67
25082006 23 -0.62
26082006 23 -0.57
27082006 23 -0.53
28082006 23 -0.49
29082006 23 -0.46
30082006 23 -0.73
31082006 23 -0.85
01092006 23 -0.88
02092006 23 -0.88
03092006 23 -0.89
04092006 23 -0.87
05092006 23 -0.85
06092006 23 -0.91
07092006 23 -0.93
08092006 23 -0.91
09092006 23 -0.89
10092006 23 -0.88
11092006 23 -0.87
12092006 23 -0.85
13092006 23 -0.84
14092006 23 -0.83
15092006 23 -0.79
16092006 23 -0.77
17092006 23 -0.87
18092006 23 -0.92
19092006 23 -0.92
20092006 23 -0.89
21092006 23 -0.88
22092006 23 -0.86
23092006 23 -0.86
24092006 23 -0.84
25092006 23 -0.81
26092006 23 -0.77
27092006 23 -0.72
28092006 23 -0.67
29092006 23 -0.63
30092006 23 -0.61
01102006 23 -0.66
02102006 23 -0.81
03102006 23 -0.78
04102006 23 -0.73
05102006 23 -0.67
06102006 23 -0.62
07102006 23 -0.57
08102006 23 -0.53
09102006 23 -0.49
10102006 23 -0.83
11102006 23 -0.95
12102006 23 -0.88
13102006 23 -0.86
14102006 23 -0.83
15102006 23 -0.80
16102006 23 -0.76
17102006 23 -0.72
18102006 23 -0.91
19102006 23 -0.97
20102006 23 -0.98
21102006 23 -0.97
22102006 23 -0.97
23102006 23 -0.97
24102006 23 -0.97
25102006 23 -0.95
26102006 23 -0.94
27102006 23 -0.96
28102006 23 -0.97
29102006 23 -0.96
30102006 23 -0.94
31102006 23 -0.93
01112006 23 -0.92
02112006 23 -0.93
03112006 23 -0.93
04112006 23 -0.94
05112006 23 -0.94
06112006 23 -0.94
07112006 23 -0.94
08112006 23 -0.94
09112006 23 -0.94
10112006 23 -0.94
11112006 23 -0.94
12112006 23 -0.94
13112006 23 -0.94
14112006 23 -0.95
15112006 23 -0.99
16112006 23 -1.03
17112006 23 -1.06
18112006 23 -1.07
19112006 23 -1.08
20112006 23 -1.10
21112006 23 -1.10
22112006 23 -1.10
23112006 23 -1.10
24112006 23 -1.10
25112006 23 -1.10
26112006 23 -1.10
27112006 23 -1.10
28112006 23 -1.10
29112006 23 -1.10
30112006 23 -1.11
01122006 23 -1.11
02122006 23 -1.11
03122006 23 -1.11
04122006 23 -1.10
05122006 23 -1.09
06122006 23 -1.08
07122006 23 -1.09
08122006 23 -1.08
09122006 23 -1.08
10122006 23 -1.08
11122006 23 -1.08
12122006 23 -1.09
13122006 23 -1.09
14122006 23 -1.09
15122006 23 -1.09
16122006 23 -1.09
17122006 23 -1.09
18122006 23 -1.08
19122006 23 -1.04
20122006 23 -1.01
21122006 23 -1.00
22122006 23 -1.09
23122006 23 -1.10
24122006 23 -1.04
25122006 23 -1.01
26122006 23 -0.98
27122006 23 -0.96
28122006 23 -0.96
29122006 23 -0.94
30122006 23 -0.92
31122006 23 -0.90
