01011948 23 -0.91
02011948 23 -0.91
03011948 23 -0.90
04011948 23 -0.90
05011948 23 -0.90
06011948 23 -0.91
07011948 23 -0.91
08011948 23 -0.91
09011948 23 -0.91
10011948 23 -0.90
11011948 23 -0.89
12011948 23 -0.87
13011948 23 -0.86
14011948 23 -0.85
15011948 23 -0.83
16011948 23 -0.86
17011948 23 -0.89
18011948 23 -0.89
19011948 23 -0.88
20011948 23 -0.90
21011948 23 -0.90
22011948 23 -0.89
23011948 23 -0.88
24011948 23 -0.87
25011948 23 -0.85
26011948 23 -0.84
27011948 23 -0.82
28011948 23 -0.80
29011948 23 -0.78
30011948 23 -0.76
31011948 23 -0.75
01021948 23 -0.80
02021948 23 -0.85
03021948 23 -0.88
04021948 23 -0.88
05021948 23 -0.87
06021948 23 -0.86
07021948 23 -0.84
08021948 23 -0.83
09021948 23 -0.81
10021948 23 -0.79
11021948 23 -0.83
12021948 23 -0.87
13021948 23 -0.90
14021948 23 -0.90
15021948 23 -0.88
16021948 23 -0.87
17021948 23 -0.85
18021948 23 -0.84
19021948 23 -0.82
20021948 23 -0.80
21021948 23 -0.78
22021948 23 -0.75
23021948 23 -0.73
24021948 23 -0.78
25021948 23 -0.78
26021948 23 -0.78
27021948 23 -0.82
28021948 23 -0.86
01031948 23 -0.87
02031948 23 -0.89
03031948 23 -0.90
04031948 23 -0.88
05031948 23 -0.86
06031948 23 -0.86
07031948 23 -0.89
08031948 23 -0.89
09031948 23 -0.87
10031948 23 -0.85
11031948 23 -0.84
12031948 23 -0.87
13031948 23 -0.89
14031948 23 -0.88
15031948 23 -0.89
16031948 23 -0.90
17031948 23 -0.88
18031948 23 -0.88
19031948 23 -0.90
20031948 23 -0.89
21031948 23 -0.88
22031948 23 -0.90
23031948 23 -0.89
24031948 23 -0.90
25031948 23 -0.89
26031948 23 -0.88
27031948 23 -0.90
28031948 23 -0.89
29031948 23 -0.87
30031948 23 -0.86
31031948 23 -0.89
01041948 23 -0.90
02041948 23 -0.88
03041948 23 -0.88
04041948 23 -0.90
05041948 23 -0.90
06041948 23 -0.88
07041948 23 -0.87
08041948 23 -0.85
09041948 23 -0.83
10041948 23 -0.80
11041948 23 -0.79
12041948 23 -0.83
13041948 23 -0.86
14041948 23 -0.86
15041948 23 -0.85
16041948 23 -0.82
17041948 23 -0.80
18041948 23 -0.83
19041948 23 -0.84
20041948 23 -0.83
21041948 23 -0.80
22041948 23 -0.79
23041948 23 -0.82
24041948 23 -0.83
25041948 23 -0.81
26041948 23 -0.79
27041948 23 -0.78
28041948 23 -0.83
29041948 23 -0.84
30041948 23 -0.83
01051948 23 -0.86
02051948 23 -0.87
03051948 23 -0.85
04051948 23 -0.84
05051948 23 -0.87
06051948 23 -0.88
07051948 23 -0.86
08051948 23 -0.85
09051948 23 -0.88
10051948 23 -0.88
11051948 23 -0.88
12051948 23 -0.89
13051948 23 -0.89
14051948 23 -0.89
15051948 23 -0.87
16051948 23 -0.89
17051948 23 -0.90
18051948 23 -0.89
19051948 23 -0.85
20051948 23 -0.81
21051948 23 -0.81
22051948 23 -0.86
23051948 23 -0.88
24051948 23 -0.86
25051948 23 -0.84
26051948 23 -0.81
27051948 23 -0.78
28051948 23 -0.75
29051948 23 -0.71
30051948 23 -0.67
31051948 23 -0.63
01061948 23 -0.60
02061948 23 -0.72
03061948 23 -0.79
04061948 23 -0.78
05061948 23 -0.75
06061948 23 -0.72
07061948 23 -0.69
08061948 23 -0.65
09061948 23 -0.62
10061948 23 -0.59
11061948 23 -0.59
12061948 23 -0.78
13061948 23 -0.86
14061948 23 -0.88
15061948 23 -0.87
16061948 23 -0.84
17061948 23 -0.80
18061948 23 -0.76
19061948 23 -0.72
20061948 23 -0.71
21061948 23 -0.79
22061948 23 -0.82
23061948 23 -0.83
24061948 23 -0.83
25061948 23 -0.81
26061948 23 -0.78
27061948 23 -0.78
28061948 23 -0.83
29061948 23 -0.86
30061948 23 -0.87
01071948 23 -0.84
02071948 23 -0.80
03071948 23 -0.76
04071948 23 -0.70
05071948 23 -0.65
06071948 23 -0.60
07071948 23 -0.55
08071948 23 -0.51
09071948 23 -0.47
10071948 23 -0.48
11071948 23 -0.71
12071948 23 -0.73
13071948 23 -0.65
14071948 23 -0.60
15071948 23 -0.55
16071948 23 -0.51
17071948 23 -0.68
18071948 23 -0.74
19071948 23 -0.69
20071948 23 -0.64
21071948 23 -0.60
22071948 23 -0.56
23071948 23 -0.52
24071948 23 -0.49
25071948 23 -0.45
26071948 23 -0.41
27071948 23 -0.37
28071948 23 -0.32
29071948 23 -0.27
30071948 23 -0.19
31071948 23 -0.11
01081948 23 -0.21
02081948 23 -0.73
03081948 23 -0.81
04081948 23 -0.84
05081948 23 -0.85
06081948 23 -0.84
07081948 23 -0.83
08081948 23 -0.81
09081948 23 -0.79
10081948 23 -0.75
11081948 23 -0.71
12081948 23 -0.74
13081948 23 -0.87
14081948 23 -0.92
15081948 23 -0.90
16081948 23 -0.88
17081948 23 -0.86
18081948 23 -0.83
19081948 23 -0.81
20081948 23 -0.81
21081948 23 -0.78
22081948 23 -0.77
23081948 23 -0.72
24081948 23 -0.67
25081948 23 -0.62
26081948 23 -0.57
27081948 23 -0.53
28081948 23 -0.49
29081948 23 -0.46
30081948 23 -0.73
31081948 23 -0.85
01091948 23 -0.88
02091948 23 -0.88
03091948 23 -0.89
04091948 23 -0.87
05091948 23 -0.85
06091948 23 -0.91
07091948 23 -0.93
08091948 23 -0.91
09091948 23 -0.89
10091948 23 -0.88
11091948 23 -0.87
12091948 23 -0.85
13091948 23 -0.84
14091948 23 -0.83
15091948 23 -0.79
16091948 23 -0.77
17091948 23 -0.87
18091948 23 -0.92
19091948 23 -0.92
20091948 23 -0.89
21091948 23 -0.88
22091948 23 -0.86
23091948 23 -0.86
24091948 23 -0.84
25091948 23 -0.81
26091948 23 -0.77
27091948 23 -0.72
28091948 23 -0.67
29091948 23 -0.63
30091948 23 -0.61
01101948 23 -0.66
02101948 23 -0.81
03101948 23 -0.78
04101948 23 -0.73
05101948 23 -0.67
06101948 23 -0.62
07101948 23 -0.57
08101948 23 -0.53
09101948 23 -0.49
10101948 23 -0.83
11101948 23 -0.95
12101948 23 -0.88
13101948 23 -0.86
14101948 23 -0.83
15101948 23 -0.80
16101948 23 -0.76
17101948 23 -0.72
18101948 23 -0.91
19101948 23 -0.97
20101948 23 -0.98
21101948 23 -0.97
22101948 23 -0.97
23101948 23 -0.97
24101948 23 -0.97
25101948 23 -0.95
26101948 23 -0.94
27101948 23 -0.96
28101948 23 -0.97
29101948 23 -0.96
30101948 23 -0.94
31101948 23 -0.93
01111948 23 -0.92
02111948 23 -0.93
03111948 23 -0.93
04111948 23 -0.94
05111948 23 -0.94
06111948 23 -0.94
07111948 23 -0.94
08111948 23 -0.94
09111948 23 -0.94
10111948 23 -0.94
11111948 23 -0.94
12111948 23 -0.94
13111948 23 -0.94
14111948 23 -0.95
15111948 23 -0.99
16111948 23 -1.03
17111948 23 -1.06
18111948 23 -1.07
19111948 23 -1.08
20111948 23 -1.10
21111948 23 -1.10
22111948 23 -1.10
23111948 23 -1.10
24111948 23 -1.10
25111948 23 -1.10
26111948 23 -1.10
27111948 23 -1.10
28111948 23 -1.10
29111948 23 -1.10
30111948 23 -1.11
01121948 23 -1.11
02121948 23 -1.11
03121948 23 -1.11
04121948 23 -1.10
05121948 23 -1.09
06121948 23 -1.08
07121948 23 -1.09
08121948 23 -1.08
09121948 23 -1.08
10121948 23 -1.08
11121948 23 -1.08
12121948 23 -1.09
13121948 23 -1.09
14121948 23 -1.09
15121948 23 -1.09
16121948 23 -1.09
17121948 23 -1.09
18121948 23 -1.08
19121948 23 -1.04
20121948 23 -1.01
21121948 23 -1.00
22121948 23 -1.09
23121948 23 -1.10
24121948 23 -1.04
25121948 23 -1.01
26121948 23 -0.98
27121948 23 -0.96
28121948 23 -0.96
29121948 23 -0.94
30121948 23 -0.92
31121948 23 -0.90
