01012015 23 -0.91
02012015 23 -0.91
03012015 23 -0.90
04012015 23 -0.90
05012015 23 -0.90
06012015 23 -0.91
07012015 23 -0.91
08012015 23 -0.91
09012015 23 -0.91
10012015 23 -0.90
11012015 23 -0.89
12012015 23 -0.87
13012015 23 -0.86
14012015 23 -0.85
15012015 23 -0.83
16012015 23 -0.86
17012015 23 -0.89
18012015 23 -0.89
19012015 23 -0.88
20012015 23 -0.90
21012015 23 -0.90
22012015 23 -0.89
23012015 23 -0.88
24012015 23 -0.87
25012015 23 -0.85
26012015 23 -0.84
27012015 23 -0.82
28012015 23 -0.80
29012015 23 -0.78
30012015 23 -0.76
31012015 23 -0.75
01022015 23 -0.80
02022015 23 -0.85
03022015 23 -0.88
04022015 23 -0.88
05022015 23 -0.87
06022015 23 -0.86
07022015 23 -0.84
08022015 23 -0.83
09022015 23 -0.81
10022015 23 -0.79
11022015 23 -0.83
12022015 23 -0.87
13022015 23 -0.90
14022015 23 -0.90
15022015 23 -0.88
16022015 23 -0.87
17022015 23 -0.85
18022015 23 -0.84
19022015 23 -0.82
20022015 23 -0.80
21022015 23 -0.78
22022015 23 -0.75
23022015 23 -0.73
24022015 23 -0.78
25022015 23 -0.78
26022015 23 -0.78
27022015 23 -0.82
28022015 23 -0.86
01032015 23 -0.87
02032015 23 -0.89
03032015 23 -0.90
04032015 23 -0.88
05032015 23 -0.86
06032015 23 -0.86
07032015 23 -0.89
08032015 23 -0.89
09032015 23 -0.87
10032015 23 -0.85
11032015 23 -0.84
12032015 23 -0.87
13032015 23 -0.89
14032015 23 -0.88
15032015 23 -0.89
16032015 23 -0.90
17032015 23 -0.88
18032015 23 -0.88
19032015 23 -0.90
20032015 23 -0.89
21032015 23 -0.88
22032015 23 -0.90
23032015 23 -0.89
24032015 23 -0.90
25032015 23 -0.89
26032015 23 -0.88
27032015 23 -0.90
28032015 23 -0.89
29032015 23 -0.87
30032015 23 -0.86
31032015 23 -0.89
01042015 23 -0.90
02042015 23 -0.88
03042015 23 -0.88
04042015 23 -0.90
05042015 23 -0.90
06042015 23 -0.88
07042015 23 -0.87
08042015 23 -0.85
09042015 23 -0.83
10042015 23 -0.80
11042015 23 -0.79
12042015 23 -0.83
13042015 23 -0.86
14042015 23 -0.86
15042015 23 -0.85
16042015 23 -0.82
17042015 23 -0.80
18042015 23 -0.83
19042015 23 -0.84
20042015 23 -0.83
21042015 23 -0.80
22042015 23 -0.79
23042015 23 -0.82
24042015 23 -0.83
25042015 23 -0.81
26042015 23 -0.79
27042015 23 -0.78
28042015 23 -0.83
29042015 23 -0.84
30042015 23 -0.83
01052015 23 -0.86
02052015 23 -0.87
03052015 23 -0.85
04052015 23 -0.84
05052015 23 -0.87
06052015 23 -0.88
07052015 23 -0.86
08052015 23 -0.85
09052015 23 -0.88
10052015 23 -0.88
11052015 23 -0.88
12052015 23 -0.89
13052015 23 -0.89
14052015 23 -0.89
15052015 23 -0.87
16052015 23 -0.89
17052015 23 -0.90
18052015 23 -0.89
19052015 23 -0.85
20052015 23 -0.81
21052015 23 -0.81
22052015 23 -0.86
23052015 23 -0.88
24052015 23 -0.86
25052015 23 -0.84
26052015 23 -0.81
27052015 23 -0.78
28052015 23 -0.75
29052015 23 -0.71
30052015 23 -0.67
31052015 23 -0.63
01062015 23 -0.60
02062015 23 -0.72
03062015 23 -0.79
04062015 23 -0.78
05062015 23 -0.75
06062015 23 -0.72
07062015 23 -0.69
08062015 23 -0.65
09062015 23 -0.62
10062015 23 -0.59
11062015 23 -0.59
12062015 23 -0.78
13062015 23 -0.86
14062015 23 -0.88
15062015 23 -0.87
16062015 23 -0.84
17062015 23 -0.80
18062015 23 -0.76
19062015 23 -0.72
20062015 23 -0.71
21062015 23 -0.79
22062015 23 -0.82
23062015 23 -0.83
24062015 23 -0.83
25062015 23 -0.81
26062015 23 -0.78
27062015 23 -0.78
28062015 23 -0.83
29062015 23 -0.86
30062015 23 -0.87
01072015 23 -0.84
02072015 23 -0.80
03072015 23 -0.76
04072015 23 -0.70
05072015 23 -0.65
06072015 23 -0.60
07072015 23 -0.55
08072015 23 -0.51
09072015 23 -0.47
10072015 23 -0.48
11072015 23 -0.71
12072015 23 -0.73
13072015 23 -0.65
14072015 23 -0.60
15072015 23 -0.55
16072015 23 -0.51
17072015 23 -0.68
18072015 23 -0.74
19072015 23 -0.69
20072015 23 -0.64
21072015 23 -0.60
22072015 23 -0.56
23072015 23 -0.52
24072015 23 -0.49
25072015 23 -0.45
26072015 23 -0.41
27072015 23 -0.37
28072015 23 -0.32
29072015 23 -0.27
30072015 23 -0.19
31072015 23 -0.11
01082015 23 -0.21
02082015 23 -0.73
03082015 23 -0.81
04082015 23 -0.84
05082015 23 -0.85
06082015 23 -0.84
07082015 23 -0.83
08082015 23 -0.81
09082015 23 -0.79
10082015 23 -0.75
11082015 23 -0.71
12082015 23 -0.74
13082015 23 -0.87
14082015 23 -0.92
15082015 23 -0.90
16082015 23 -0.88
17082015 23 -0.86
18082015 23 -0.83
19082015 23 -0.81
20082015 23 -0.81
21082015 23 -0.78
22082015 23 -0.77
23082015 23 -0.72
24082015 23 -0.67
25082015 23 -0.62
26082015 23 -0.57
27082015 23 -0.53
28082015 23 -0.49
29082015 23 -0.46
30082015 23 -0.73
31082015 23 -0.85
01092015 23 -0.88
02092015 23 -0.88
03092015 23 -0.89
04092015 23 -0.87
05092015 23 -0.85
06092015 23 -0.91
07092015 23 -0.93
08092015 23 -0.91
09092015 23 -0.89
10092015 23 -0.88
11092015 23 -0.87
12092015 23 -0.85
13092015 23 -0.84
14092015 23 -0.83
15092015 23 -0.79
16092015 23 -0.77
17092015 23 -0.87
18092015 23 -0.92
19092015 23 -0.92
20092015 23 -0.89
21092015 23 -0.88
22092015 23 -0.86
23092015 23 -0.86
24092015 23 -0.84
25092015 23 -0.81
26092015 23 -0.77
27092015 23 -0.72
28092015 23 -0.67
29092015 23 -0.63
30092015 23 -0.61
01102015 23 -0.66
02102015 23 -0.81
03102015 23 -0.78
04102015 23 -0.73
05102015 23 -0.67
06102015 23 -0.62
07102015 23 -0.57
08102015 23 -0.53
09102015 23 -0.49
10102015 23 -0.83
11102015 23 -0.95
12102015 23 -0.88
13102015 23 -0.86
14102015 23 -0.83
15102015 23 -0.80
16102015 23 -0.76
17102015 23 -0.72
18102015 23 -0.91
19102015 23 -0.97
20102015 23 -0.98
21102015 23 -0.97
22102015 23 -0.97
23102015 23 -0.97
24102015 23 -0.97
25102015 23 -0.95
26102015 23 -0.94
27102015 23 -0.96
28102015 23 -0.97
29102015 23 -0.96
30102015 23 -0.94
31102015 23 -0.93
01112015 23 -0.92
02112015 23 -0.93
03112015 23 -0.93
04112015 23 -0.94
05112015 23 -0.94
06112015 23 -0.94
07112015 23 -0.94
08112015 23 -0.94
09112015 23 -0.94
10112015 23 -0.94
11112015 23 -0.94
12112015 23 -0.94
13112015 23 -0.94
14112015 23 -0.95
15112015 23 -0.99
16112015 23 -1.03
17112015 23 -1.06
18112015 23 -1.07
19112015 23 -1.08
20112015 23 -1.10
21112015 23 -1.10
22112015 23 -1.10
23112015 23 -1.10
24112015 23 -1.10
25112015 23 -1.10
26112015 23 -1.10
27112015 23 -1.10
28112015 23 -1.10
29112015 23 -1.10
30112015 23 -1.11
01122015 23 -1.11
02122015 23 -1.11
03122015 23 -1.11
04122015 23 -1.10
05122015 23 -1.09
06122015 23 -1.08
07122015 23 -1.09
08122015 23 -1.08
09122015 23 -1.08
10122015 23 -1.08
11122015 23 -1.08
12122015 23 -1.09
13122015 23 -1.09
14122015 23 -1.09
15122015 23 -1.09
16122015 23 -1.09
17122015 23 -1.09
18122015 23 -1.08
19122015 23 -1.04
20122015 23 -1.01
21122015 23 -1.00
22122015 23 -1.09
23122015 23 -1.10
24122015 23 -1.04
25122015 23 -1.01
26122015 23 -0.98
27122015 23 -0.96
28122015 23 -0.96
29122015 23 -0.94
30122015 23 -0.92
31122015 23 -0.90
