01011966 23 -0.91
02011966 23 -0.91
03011966 23 -0.90
04011966 23 -0.90
05011966 23 -0.90
06011966 23 -0.91
07011966 23 -0.91
08011966 23 -0.91
09011966 23 -0.91
10011966 23 -0.90
11011966 23 -0.89
12011966 23 -0.87
13011966 23 -0.86
14011966 23 -0.85
15011966 23 -0.83
16011966 23 -0.86
17011966 23 -0.89
18011966 23 -0.89
19011966 23 -0.88
20011966 23 -0.90
21011966 23 -0.90
22011966 23 -0.89
23011966 23 -0.88
24011966 23 -0.87
25011966 23 -0.85
26011966 23 -0.84
27011966 23 -0.82
28011966 23 -0.80
29011966 23 -0.78
30011966 23 -0.76
31011966 23 -0.75
01021966 23 -0.80
02021966 23 -0.85
03021966 23 -0.88
04021966 23 -0.88
05021966 23 -0.87
06021966 23 -0.86
07021966 23 -0.84
08021966 23 -0.83
09021966 23 -0.81
10021966 23 -0.79
11021966 23 -0.83
12021966 23 -0.87
13021966 23 -0.90
14021966 23 -0.90
15021966 23 -0.88
16021966 23 -0.87
17021966 23 -0.85
18021966 23 -0.84
19021966 23 -0.82
20021966 23 -0.80
21021966 23 -0.78
22021966 23 -0.75
23021966 23 -0.73
24021966 23 -0.78
25021966 23 -0.78
26021966 23 -0.78
27021966 23 -0.82
28021966 23 -0.86
01031966 23 -0.87
02031966 23 -0.89
03031966 23 -0.90
04031966 23 -0.88
05031966 23 -0.86
06031966 23 -0.86
07031966 23 -0.89
08031966 23 -0.89
09031966 23 -0.87
10031966 23 -0.85
11031966 23 -0.84
12031966 23 -0.87
13031966 23 -0.89
14031966 23 -0.88
15031966 23 -0.89
16031966 23 -0.90
17031966 23 -0.88
18031966 23 -0.88
19031966 23 -0.90
20031966 23 -0.89
21031966 23 -0.88
22031966 23 -0.90
23031966 23 -0.89
24031966 23 -0.90
25031966 23 -0.89
26031966 23 -0.88
27031966 23 -0.90
28031966 23 -0.89
29031966 23 -0.87
30031966 23 -0.86
31031966 23 -0.89
01041966 23 -0.90
02041966 23 -0.88
03041966 23 -0.88
04041966 23 -0.90
05041966 23 -0.90
06041966 23 -0.88
07041966 23 -0.87
08041966 23 -0.85
09041966 23 -0.83
10041966 23 -0.80
11041966 23 -0.79
12041966 23 -0.83
13041966 23 -0.86
14041966 23 -0.86
15041966 23 -0.85
16041966 23 -0.82
17041966 23 -0.80
18041966 23 -0.83
19041966 23 -0.84
20041966 23 -0.83
21041966 23 -0.80
22041966 23 -0.79
23041966 23 -0.82
24041966 23 -0.83
25041966 23 -0.81
26041966 23 -0.79
27041966 23 -0.78
28041966 23 -0.83
29041966 23 -0.84
30041966 23 -0.83
01051966 23 -0.86
02051966 23 -0.87
03051966 23 -0.85
04051966 23 -0.84
05051966 23 -0.87
06051966 23 -0.88
07051966 23 -0.86
08051966 23 -0.85
09051966 23 -0.88
10051966 23 -0.88
11051966 23 -0.88
12051966 23 -0.89
13051966 23 -0.89
14051966 23 -0.89
15051966 23 -0.87
16051966 23 -0.89
17051966 23 -0.90
18051966 23 -0.89
19051966 23 -0.85
20051966 23 -0.81
21051966 23 -0.81
22051966 23 -0.86
23051966 23 -0.88
24051966 23 -0.86
25051966 23 -0.84
26051966 23 -0.81
27051966 23 -0.78
28051966 23 -0.75
29051966 23 -0.71
30051966 23 -0.67
31051966 23 -0.63
01061966 23 -0.60
02061966 23 -0.72
03061966 23 -0.79
04061966 23 -0.78
05061966 23 -0.75
06061966 23 -0.72
07061966 23 -0.69
08061966 23 -0.65
09061966 23 -0.62
10061966 23 -0.59
11061966 23 -0.59
12061966 23 -0.78
13061966 23 -0.86
14061966 23 -0.88
15061966 23 -0.87
16061966 23 -0.84
17061966 23 -0.80
18061966 23 -0.76
19061966 23 -0.72
20061966 23 -0.71
21061966 23 -0.79
22061966 23 -0.82
23061966 23 -0.83
24061966 23 -0.83
25061966 23 -0.81
26061966 23 -0.78
27061966 23 -0.78
28061966 23 -0.83
29061966 23 -0.86
30061966 23 -0.87
01071966 23 -0.84
02071966 23 -0.80
03071966 23 -0.76
04071966 23 -0.70
05071966 23 -0.65
06071966 23 -0.60
07071966 23 -0.55
08071966 23 -0.51
09071966 23 -0.47
10071966 23 -0.48
11071966 23 -0.71
12071966 23 -0.73
13071966 23 -0.65
14071966 23 -0.60
15071966 23 -0.55
16071966 23 -0.51
17071966 23 -0.68
18071966 23 -0.74
19071966 23 -0.69
20071966 23 -0.64
21071966 23 -0.60
22071966 23 -0.56
23071966 23 -0.52
24071966 23 -0.49
25071966 23 -0.45
26071966 23 -0.41
27071966 23 -0.37
28071966 23 -0.32
29071966 23 -0.27
30071966 23 -0.19
31071966 23 -0.11
01081966 23 -0.21
02081966 23 -0.73
03081966 23 -0.81
04081966 23 -0.84
05081966 23 -0.85
06081966 23 -0.84
07081966 23 -0.83
08081966 23 -0.81
09081966 23 -0.79
10081966 23 -0.75
11081966 23 -0.71
12081966 23 -0.74
13081966 23 -0.87
14081966 23 -0.92
15081966 23 -0.90
16081966 23 -0.88
17081966 23 -0.86
18081966 23 -0.83
19081966 23 -0.81
20081966 23 -0.81
21081966 23 -0.78
22081966 23 -0.77
23081966 23 -0.72
24081966 23 -0.67
25081966 23 -0.62
26081966 23 -0.57
27081966 23 -0.53
28081966 23 -0.49
29081966 23 -0.46
30081966 23 -0.73
31081966 23 -0.85
01091966 23 -0.88
02091966 23 -0.88
03091966 23 -0.89
04091966 23 -0.87
05091966 23 -0.85
06091966 23 -0.91
07091966 23 -0.93
08091966 23 -0.91
09091966 23 -0.89
10091966 23 -0.88
11091966 23 -0.87
12091966 23 -0.85
13091966 23 -0.84
14091966 23 -0.83
15091966 23 -0.79
16091966 23 -0.77
17091966 23 -0.87
18091966 23 -0.92
19091966 23 -0.92
20091966 23 -0.89
21091966 23 -0.88
22091966 23 -0.86
23091966 23 -0.86
24091966 23 -0.84
25091966 23 -0.81
26091966 23 -0.77
27091966 23 -0.72
28091966 23 -0.67
29091966 23 -0.63
30091966 23 -0.61
01101966 23 -0.66
02101966 23 -0.81
03101966 23 -0.78
04101966 23 -0.73
05101966 23 -0.67
06101966 23 -0.62
07101966 23 -0.57
08101966 23 -0.53
09101966 23 -0.49
10101966 23 -0.83
11101966 23 -0.95
12101966 23 -0.88
13101966 23 -0.86
14101966 23 -0.83
15101966 23 -0.80
16101966 23 -0.76
17101966 23 -0.72
18101966 23 -0.91
19101966 23 -0.97
20101966 23 -0.98
21101966 23 -0.97
22101966 23 -0.97
23101966 23 -0.97
24101966 23 -0.97
25101966 23 -0.95
26101966 23 -0.94
27101966 23 -0.96
28101966 23 -0.97
29101966 23 -0.96
30101966 23 -0.94
31101966 23 -0.93
01111966 23 -0.92
02111966 23 -0.93
03111966 23 -0.93
04111966 23 -0.94
05111966 23 -0.94
06111966 23 -0.94
07111966 23 -0.94
08111966 23 -0.94
09111966 23 -0.94
10111966 23 -0.94
11111966 23 -0.94
12111966 23 -0.94
13111966 23 -0.94
14111966 23 -0.95
15111966 23 -0.99
16111966 23 -1.03
17111966 23 -1.06
18111966 23 -1.07
19111966 23 -1.08
20111966 23 -1.10
21111966 23 -1.10
22111966 23 -1.10
23111966 23 -1.10
24111966 23 -1.10
25111966 23 -1.10
26111966 23 -1.10
27111966 23 -1.10
28111966 23 -1.10
29111966 23 -1.10
30111966 23 -1.11
01121966 23 -1.11
02121966 23 -1.11
03121966 23 -1.11
04121966 23 -1.10
05121966 23 -1.09
06121966 23 -1.08
07121966 23 -1.09
08121966 23 -1.08
09121966 23 -1.08
10121966 23 -1.08
11121966 23 -1.08
12121966 23 -1.09
13121966 23 -1.09
14121966 23 -1.09
15121966 23 -1.09
16121966 23 -1.09
17121966 23 -1.09
18121966 23 -1.08
19121966 23 -1.04
20121966 23 -1.01
21121966 23 -1.00
22121966 23 -1.09
23121966 23 -1.10
24121966 23 -1.04
25121966 23 -1.01
26121966 23 -0.98
27121966 23 -0.96
28121966 23 -0.96
29121966 23 -0.94
30121966 23 -0.92
31121966 23 -0.90
