01011902 23 -0.91
02011902 23 -0.91
03011902 23 -0.90
04011902 23 -0.90
05011902 23 -0.90
06011902 23 -0.91
07011902 23 -0.91
08011902 23 -0.91
09011902 23 -0.91
10011902 23 -0.90
11011902 23 -0.89
12011902 23 -0.87
13011902 23 -0.86
14011902 23 -0.85
15011902 23 -0.83
16011902 23 -0.86
17011902 23 -0.89
18011902 23 -0.89
19011902 23 -0.88
20011902 23 -0.90
21011902 23 -0.90
22011902 23 -0.89
23011902 23 -0.88
24011902 23 -0.87
25011902 23 -0.85
26011902 23 -0.84
27011902 23 -0.82
28011902 23 -0.80
29011902 23 -0.78
30011902 23 -0.76
31011902 23 -0.75
01021902 23 -0.80
02021902 23 -0.85
03021902 23 -0.88
04021902 23 -0.88
05021902 23 -0.87
06021902 23 -0.86
07021902 23 -0.84
08021902 23 -0.83
09021902 23 -0.81
10021902 23 -0.79
11021902 23 -0.83
12021902 23 -0.87
13021902 23 -0.90
14021902 23 -0.90
15021902 23 -0.88
16021902 23 -0.87
17021902 23 -0.85
18021902 23 -0.84
19021902 23 -0.82
20021902 23 -0.80
21021902 23 -0.78
22021902 23 -0.75
23021902 23 -0.73
24021902 23 -0.78
25021902 23 -0.78
26021902 23 -0.78
27021902 23 -0.82
28021902 23 -0.86
01031902 23 -0.87
02031902 23 -0.89
03031902 23 -0.90
04031902 23 -0.88
05031902 23 -0.86
06031902 23 -0.86
07031902 23 -0.89
08031902 23 -0.89
09031902 23 -0.87
10031902 23 -0.85
11031902 23 -0.84
12031902 23 -0.87
13031902 23 -0.89
14031902 23 -0.88
15031902 23 -0.89
16031902 23 -0.90
17031902 23 -0.88
18031902 23 -0.88
19031902 23 -0.90
20031902 23 -0.89
21031902 23 -0.88
22031902 23 -0.90
23031902 23 -0.89
24031902 23 -0.90
25031902 23 -0.89
26031902 23 -0.88
27031902 23 -0.90
28031902 23 -0.89
29031902 23 -0.87
30031902 23 -0.86
31031902 23 -0.89
01041902 23 -0.90
02041902 23 -0.88
03041902 23 -0.88
04041902 23 -0.90
05041902 23 -0.90
06041902 23 -0.88
07041902 23 -0.87
08041902 23 -0.85
09041902 23 -0.83
10041902 23 -0.80
11041902 23 -0.79
12041902 23 -0.83
13041902 23 -0.86
14041902 23 -0.86
15041902 23 -0.85
16041902 23 -0.82
17041902 23 -0.80
18041902 23 -0.83
19041902 23 -0.84
20041902 23 -0.83
21041902 23 -0.80
22041902 23 -0.79
23041902 23 -0.82
24041902 23 -0.83
25041902 23 -0.81
26041902 23 -0.79
27041902 23 -0.78
28041902 23 -0.83
29041902 23 -0.84
30041902 23 -0.83
01051902 23 -0.86
02051902 23 -0.87
03051902 23 -0.85
04051902 23 -0.84
05051902 23 -0.87
06051902 23 -0.88
07051902 23 -0.86
08051902 23 -0.85
09051902 23 -0.88
10051902 23 -0.88
11051902 23 -0.88
12051902 23 -0.89
13051902 23 -0.89
14051902 23 -0.89
15051902 23 -0.87
16051902 23 -0.89
17051902 23 -0.90
18051902 23 -0.89
19051902 23 -0.85
20051902 23 -0.81
21051902 23 -0.81
22051902 23 -0.86
23051902 23 -0.88
24051902 23 -0.86
25051902 23 -0.84
26051902 23 -0.81
27051902 23 -0.78
28051902 23 -0.75
29051902 23 -0.71
30051902 23 -0.67
31051902 23 -0.63
01061902 23 -0.60
02061902 23 -0.72
03061902 23 -0.79
04061902 23 -0.78
05061902 23 -0.75
06061902 23 -0.72
07061902 23 -0.69
08061902 23 -0.65
09061902 23 -0.62
10061902 23 -0.59
11061902 23 -0.59
12061902 23 -0.78
13061902 23 -0.86
14061902 23 -0.88
15061902 23 -0.87
16061902 23 -0.84
17061902 23 -0.80
18061902 23 -0.76
19061902 23 -0.72
20061902 23 -0.71
21061902 23 -0.79
22061902 23 -0.82
23061902 23 -0.83
24061902 23 -0.83
25061902 23 -0.81
26061902 23 -0.78
27061902 23 -0.78
28061902 23 -0.83
29061902 23 -0.86
30061902 23 -0.87
01071902 23 -0.84
02071902 23 -0.80
03071902 23 -0.76
04071902 23 -0.70
05071902 23 -0.65
06071902 23 -0.60
07071902 23 -0.55
08071902 23 -0.51
09071902 23 -0.47
10071902 23 -0.48
11071902 23 -0.71
12071902 23 -0.73
13071902 23 -0.65
14071902 23 -0.60
15071902 23 -0.55
16071902 23 -0.51
17071902 23 -0.68
18071902 23 -0.74
19071902 23 -0.69
20071902 23 -0.64
21071902 23 -0.60
22071902 23 -0.56
23071902 23 -0.52
24071902 23 -0.49
25071902 23 -0.45
26071902 23 -0.41
27071902 23 -0.37
28071902 23 -0.32
29071902 23 -0.27
30071902 23 -0.19
31071902 23 -0.11
01081902 23 -0.21
02081902 23 -0.73
03081902 23 -0.81
04081902 23 -0.84
05081902 23 -0.85
06081902 23 -0.84
07081902 23 -0.83
08081902 23 -0.81
09081902 23 -0.79
10081902 23 -0.75
11081902 23 -0.71
12081902 23 -0.74
13081902 23 -0.87
14081902 23 -0.92
15081902 23 -0.90
16081902 23 -0.88
17081902 23 -0.86
18081902 23 -0.83
19081902 23 -0.81
20081902 23 -0.81
21081902 23 -0.78
22081902 23 -0.77
23081902 23 -0.72
24081902 23 -0.67
25081902 23 -0.62
26081902 23 -0.57
27081902 23 -0.53
28081902 23 -0.49
29081902 23 -0.46
30081902 23 -0.73
31081902 23 -0.85
01091902 23 -0.88
02091902 23 -0.88
03091902 23 -0.89
04091902 23 -0.87
05091902 23 -0.85
06091902 23 -0.91
07091902 23 -0.93
08091902 23 -0.91
09091902 23 -0.89
10091902 23 -0.88
11091902 23 -0.87
12091902 23 -0.85
13091902 23 -0.84
14091902 23 -0.83
15091902 23 -0.79
16091902 23 -0.77
17091902 23 -0.87
18091902 23 -0.92
19091902 23 -0.92
20091902 23 -0.89
21091902 23 -0.88
22091902 23 -0.86
23091902 23 -0.86
24091902 23 -0.84
25091902 23 -0.81
26091902 23 -0.77
27091902 23 -0.72
28091902 23 -0.67
29091902 23 -0.63
30091902 23 -0.61
01101902 23 -0.66
02101902 23 -0.81
03101902 23 -0.78
04101902 23 -0.73
05101902 23 -0.67
06101902 23 -0.62
07101902 23 -0.57
08101902 23 -0.53
09101902 23 -0.49
10101902 23 -0.83
11101902 23 -0.95
12101902 23 -0.88
13101902 23 -0.86
14101902 23 -0.83
15101902 23 -0.80
16101902 23 -0.76
17101902 23 -0.72
18101902 23 -0.91
19101902 23 -0.97
20101902 23 -0.98
21101902 23 -0.97
22101902 23 -0.97
23101902 23 -0.97
24101902 23 -0.97
25101902 23 -0.95
26101902 23 -0.94
27101902 23 -0.96
28101902 23 -0.97
29101902 23 -0.96
30101902 23 -0.94
31101902 23 -0.93
01111902 23 -0.92
02111902 23 -0.93
03111902 23 -0.93
04111902 23 -0.94
05111902 23 -0.94
06111902 23 -0.94
07111902 23 -0.94
08111902 23 -0.94
09111902 23 -0.94
10111902 23 -0.94
11111902 23 -0.94
12111902 23 -0.94
13111902 23 -0.94
14111902 23 -0.95
15111902 23 -0.99
16111902 23 -1.03
17111902 23 -1.06
18111902 23 -1.07
19111902 23 -1.08
20111902 23 -1.10
21111902 23 -1.10
22111902 23 -1.10
23111902 23 -1.10
24111902 23 -1.10
25111902 23 -1.10
26111902 23 -1.10
27111902 23 -1.10
28111902 23 -1.10
29111902 23 -1.10
30111902 23 -1.11
01121902 23 -1.11
02121902 23 -1.11
03121902 23 -1.11
04121902 23 -1.10
05121902 23 -1.09
06121902 23 -1.08
07121902 23 -1.09
08121902 23 -1.08
09121902 23 -1.08
10121902 23 -1.08
11121902 23 -1.08
12121902 23 -1.09
13121902 23 -1.09
14121902 23 -1.09
15121902 23 -1.09
16121902 23 -1.09
17121902 23 -1.09
18121902 23 -1.08
19121902 23 -1.04
20121902 23 -1.01
21121902 23 -1.00
22121902 23 -1.09
23121902 23 -1.10
24121902 23 -1.04
25121902 23 -1.01
26121902 23 -0.98
27121902 23 -0.96
28121902 23 -0.96
29121902 23 -0.94
30121902 23 -0.92
31121902 23 -0.90
