01011938 23 -0.91
02011938 23 -0.91
03011938 23 -0.90
04011938 23 -0.90
05011938 23 -0.90
06011938 23 -0.91
07011938 23 -0.91
08011938 23 -0.91
09011938 23 -0.91
10011938 23 -0.90
11011938 23 -0.89
12011938 23 -0.87
13011938 23 -0.86
14011938 23 -0.85
15011938 23 -0.83
16011938 23 -0.86
17011938 23 -0.89
18011938 23 -0.89
19011938 23 -0.88
20011938 23 -0.90
21011938 23 -0.90
22011938 23 -0.89
23011938 23 -0.88
24011938 23 -0.87
25011938 23 -0.85
26011938 23 -0.84
27011938 23 -0.82
28011938 23 -0.80
29011938 23 -0.78
30011938 23 -0.76
31011938 23 -0.75
01021938 23 -0.80
02021938 23 -0.85
03021938 23 -0.88
04021938 23 -0.88
05021938 23 -0.87
06021938 23 -0.86
07021938 23 -0.84
08021938 23 -0.83
09021938 23 -0.81
10021938 23 -0.79
11021938 23 -0.83
12021938 23 -0.87
13021938 23 -0.90
14021938 23 -0.90
15021938 23 -0.88
16021938 23 -0.87
17021938 23 -0.85
18021938 23 -0.84
19021938 23 -0.82
20021938 23 -0.80
21021938 23 -0.78
22021938 23 -0.75
23021938 23 -0.73
24021938 23 -0.78
25021938 23 -0.78
26021938 23 -0.78
27021938 23 -0.82
28021938 23 -0.86
01031938 23 -0.87
02031938 23 -0.89
03031938 23 -0.90
04031938 23 -0.88
05031938 23 -0.86
06031938 23 -0.86
07031938 23 -0.89
08031938 23 -0.89
09031938 23 -0.87
10031938 23 -0.85
11031938 23 -0.84
12031938 23 -0.87
13031938 23 -0.89
14031938 23 -0.88
15031938 23 -0.89
16031938 23 -0.90
17031938 23 -0.88
18031938 23 -0.88
19031938 23 -0.90
20031938 23 -0.89
21031938 23 -0.88
22031938 23 -0.90
23031938 23 -0.89
24031938 23 -0.90
25031938 23 -0.89
26031938 23 -0.88
27031938 23 -0.90
28031938 23 -0.89
29031938 23 -0.87
30031938 23 -0.86
31031938 23 -0.89
01041938 23 -0.90
02041938 23 -0.88
03041938 23 -0.88
04041938 23 -0.90
05041938 23 -0.90
06041938 23 -0.88
07041938 23 -0.87
08041938 23 -0.85
09041938 23 -0.83
10041938 23 -0.80
11041938 23 -0.79
12041938 23 -0.83
13041938 23 -0.86
14041938 23 -0.86
15041938 23 -0.85
16041938 23 -0.82
17041938 23 -0.80
18041938 23 -0.83
19041938 23 -0.84
20041938 23 -0.83
21041938 23 -0.80
22041938 23 -0.79
23041938 23 -0.82
24041938 23 -0.83
25041938 23 -0.81
26041938 23 -0.79
27041938 23 -0.78
28041938 23 -0.83
29041938 23 -0.84
30041938 23 -0.83
01051938 23 -0.86
02051938 23 -0.87
03051938 23 -0.85
04051938 23 -0.84
05051938 23 -0.87
06051938 23 -0.88
07051938 23 -0.86
08051938 23 -0.85
09051938 23 -0.88
10051938 23 -0.88
11051938 23 -0.88
12051938 23 -0.89
13051938 23 -0.89
14051938 23 -0.89
15051938 23 -0.87
16051938 23 -0.89
17051938 23 -0.90
18051938 23 -0.89
19051938 23 -0.85
20051938 23 -0.81
21051938 23 -0.81
22051938 23 -0.86
23051938 23 -0.88
24051938 23 -0.86
25051938 23 -0.84
26051938 23 -0.81
27051938 23 -0.78
28051938 23 -0.75
29051938 23 -0.71
30051938 23 -0.67
31051938 23 -0.63
01061938 23 -0.60
02061938 23 -0.72
03061938 23 -0.79
04061938 23 -0.78
05061938 23 -0.75
06061938 23 -0.72
07061938 23 -0.69
08061938 23 -0.65
09061938 23 -0.62
10061938 23 -0.59
11061938 23 -0.59
12061938 23 -0.78
13061938 23 -0.86
14061938 23 -0.88
15061938 23 -0.87
16061938 23 -0.84
17061938 23 -0.80
18061938 23 -0.76
19061938 23 -0.72
20061938 23 -0.71
21061938 23 -0.79
22061938 23 -0.82
23061938 23 -0.83
24061938 23 -0.83
25061938 23 -0.81
26061938 23 -0.78
27061938 23 -0.78
28061938 23 -0.83
29061938 23 -0.86
30061938 23 -0.87
01071938 23 -0.84
02071938 23 -0.80
03071938 23 -0.76
04071938 23 -0.70
05071938 23 -0.65
06071938 23 -0.60
07071938 23 -0.55
08071938 23 -0.51
09071938 23 -0.47
10071938 23 -0.48
11071938 23 -0.71
12071938 23 -0.73
13071938 23 -0.65
14071938 23 -0.60
15071938 23 -0.55
16071938 23 -0.51
17071938 23 -0.68
18071938 23 -0.74
19071938 23 -0.69
20071938 23 -0.64
21071938 23 -0.60
22071938 23 -0.56
23071938 23 -0.52
24071938 23 -0.49
25071938 23 -0.45
26071938 23 -0.41
27071938 23 -0.37
28071938 23 -0.32
29071938 23 -0.27
30071938 23 -0.19
31071938 23 -0.11
01081938 23 -0.21
02081938 23 -0.73
03081938 23 -0.81
04081938 23 -0.84
05081938 23 -0.85
06081938 23 -0.84
07081938 23 -0.83
08081938 23 -0.81
09081938 23 -0.79
10081938 23 -0.75
11081938 23 -0.71
12081938 23 -0.74
13081938 23 -0.87
14081938 23 -0.92
15081938 23 -0.90
16081938 23 -0.88
17081938 23 -0.86
18081938 23 -0.83
19081938 23 -0.81
20081938 23 -0.81
21081938 23 -0.78
22081938 23 -0.77
23081938 23 -0.72
24081938 23 -0.67
25081938 23 -0.62
26081938 23 -0.57
27081938 23 -0.53
28081938 23 -0.49
29081938 23 -0.46
30081938 23 -0.73
31081938 23 -0.85
01091938 23 -0.88
02091938 23 -0.88
03091938 23 -0.89
04091938 23 -0.87
05091938 23 -0.85
06091938 23 -0.91
07091938 23 -0.93
08091938 23 -0.91
09091938 23 -0.89
10091938 23 -0.88
11091938 23 -0.87
12091938 23 -0.85
13091938 23 -0.84
14091938 23 -0.83
15091938 23 -0.79
16091938 23 -0.77
17091938 23 -0.87
18091938 23 -0.92
19091938 23 -0.92
20091938 23 -0.89
21091938 23 -0.88
22091938 23 -0.86
23091938 23 -0.86
24091938 23 -0.84
25091938 23 -0.81
26091938 23 -0.77
27091938 23 -0.72
28091938 23 -0.67
29091938 23 -0.63
30091938 23 -0.61
01101938 23 -0.66
02101938 23 -0.81
03101938 23 -0.78
04101938 23 -0.73
05101938 23 -0.67
06101938 23 -0.62
07101938 23 -0.57
08101938 23 -0.53
09101938 23 -0.49
10101938 23 -0.83
11101938 23 -0.95
12101938 23 -0.88
13101938 23 -0.86
14101938 23 -0.83
15101938 23 -0.80
16101938 23 -0.76
17101938 23 -0.72
18101938 23 -0.91
19101938 23 -0.97
20101938 23 -0.98
21101938 23 -0.97
22101938 23 -0.97
23101938 23 -0.97
24101938 23 -0.97
25101938 23 -0.95
26101938 23 -0.94
27101938 23 -0.96
28101938 23 -0.97
29101938 23 -0.96
30101938 23 -0.94
31101938 23 -0.93
01111938 23 -0.92
02111938 23 -0.93
03111938 23 -0.93
04111938 23 -0.94
05111938 23 -0.94
06111938 23 -0.94
07111938 23 -0.94
08111938 23 -0.94
09111938 23 -0.94
10111938 23 -0.94
11111938 23 -0.94
12111938 23 -0.94
13111938 23 -0.94
14111938 23 -0.95
15111938 23 -0.99
16111938 23 -1.03
17111938 23 -1.06
18111938 23 -1.07
19111938 23 -1.08
20111938 23 -1.10
21111938 23 -1.10
22111938 23 -1.10
23111938 23 -1.10
24111938 23 -1.10
25111938 23 -1.10
26111938 23 -1.10
27111938 23 -1.10
28111938 23 -1.10
29111938 23 -1.10
30111938 23 -1.11
01121938 23 -1.11
02121938 23 -1.11
03121938 23 -1.11
04121938 23 -1.10
05121938 23 -1.09
06121938 23 -1.08
07121938 23 -1.09
08121938 23 -1.08
09121938 23 -1.08
10121938 23 -1.08
11121938 23 -1.08
12121938 23 -1.09
13121938 23 -1.09
14121938 23 -1.09
15121938 23 -1.09
16121938 23 -1.09
17121938 23 -1.09
18121938 23 -1.08
19121938 23 -1.04
20121938 23 -1.01
21121938 23 -1.00
22121938 23 -1.09
23121938 23 -1.10
24121938 23 -1.04
25121938 23 -1.01
26121938 23 -0.98
27121938 23 -0.96
28121938 23 -0.96
29121938 23 -0.94
30121938 23 -0.92
31121938 23 -0.90
