01011978 23 -0.91
02011978 23 -0.91
03011978 23 -0.90
04011978 23 -0.90
05011978 23 -0.90
06011978 23 -0.91
07011978 23 -0.91
08011978 23 -0.91
09011978 23 -0.91
10011978 23 -0.90
11011978 23 -0.89
12011978 23 -0.87
13011978 23 -0.86
14011978 23 -0.85
15011978 23 -0.83
16011978 23 -0.86
17011978 23 -0.89
18011978 23 -0.89
19011978 23 -0.88
20011978 23 -0.90
21011978 23 -0.90
22011978 23 -0.89
23011978 23 -0.88
24011978 23 -0.87
25011978 23 -0.85
26011978 23 -0.84
27011978 23 -0.82
28011978 23 -0.80
29011978 23 -0.78
30011978 23 -0.76
31011978 23 -0.75
01021978 23 -0.80
02021978 23 -0.85
03021978 23 -0.88
04021978 23 -0.88
05021978 23 -0.87
06021978 23 -0.86
07021978 23 -0.84
08021978 23 -0.83
09021978 23 -0.81
10021978 23 -0.79
11021978 23 -0.83
12021978 23 -0.87
13021978 23 -0.90
14021978 23 -0.90
15021978 23 -0.88
16021978 23 -0.87
17021978 23 -0.85
18021978 23 -0.84
19021978 23 -0.82
20021978 23 -0.80
21021978 23 -0.78
22021978 23 -0.75
23021978 23 -0.73
24021978 23 -0.78
25021978 23 -0.78
26021978 23 -0.78
27021978 23 -0.82
28021978 23 -0.86
01031978 23 -0.87
02031978 23 -0.89
03031978 23 -0.90
04031978 23 -0.88
05031978 23 -0.86
06031978 23 -0.86
07031978 23 -0.89
08031978 23 -0.89
09031978 23 -0.87
10031978 23 -0.85
11031978 23 -0.84
12031978 23 -0.87
13031978 23 -0.89
14031978 23 -0.88
15031978 23 -0.89
16031978 23 -0.90
17031978 23 -0.88
18031978 23 -0.88
19031978 23 -0.90
20031978 23 -0.89
21031978 23 -0.88
22031978 23 -0.90
23031978 23 -0.89
24031978 23 -0.90
25031978 23 -0.89
26031978 23 -0.88
27031978 23 -0.90
28031978 23 -0.89
29031978 23 -0.87
30031978 23 -0.86
31031978 23 -0.89
01041978 23 -0.90
02041978 23 -0.88
03041978 23 -0.88
04041978 23 -0.90
05041978 23 -0.90
06041978 23 -0.88
07041978 23 -0.87
08041978 23 -0.85
09041978 23 -0.83
10041978 23 -0.80
11041978 23 -0.79
12041978 23 -0.83
13041978 23 -0.86
14041978 23 -0.86
15041978 23 -0.85
16041978 23 -0.82
17041978 23 -0.80
18041978 23 -0.83
19041978 23 -0.84
20041978 23 -0.83
21041978 23 -0.80
22041978 23 -0.79
23041978 23 -0.82
24041978 23 -0.83
25041978 23 -0.81
26041978 23 -0.79
27041978 23 -0.78
28041978 23 -0.83
29041978 23 -0.84
30041978 23 -0.83
01051978 23 -0.86
02051978 23 -0.87
03051978 23 -0.85
04051978 23 -0.84
05051978 23 -0.87
06051978 23 -0.88
07051978 23 -0.86
08051978 23 -0.85
09051978 23 -0.88
10051978 23 -0.88
11051978 23 -0.88
12051978 23 -0.89
13051978 23 -0.89
14051978 23 -0.89
15051978 23 -0.87
16051978 23 -0.89
17051978 23 -0.90
18051978 23 -0.89
19051978 23 -0.85
20051978 23 -0.81
21051978 23 -0.81
22051978 23 -0.86
23051978 23 -0.88
24051978 23 -0.86
25051978 23 -0.84
26051978 23 -0.81
27051978 23 -0.78
28051978 23 -0.75
29051978 23 -0.71
30051978 23 -0.67
31051978 23 -0.63
01061978 23 -0.60
02061978 23 -0.72
03061978 23 -0.79
04061978 23 -0.78
05061978 23 -0.75
06061978 23 -0.72
07061978 23 -0.69
08061978 23 -0.65
09061978 23 -0.62
10061978 23 -0.59
11061978 23 -0.59
12061978 23 -0.78
13061978 23 -0.86
14061978 23 -0.88
15061978 23 -0.87
16061978 23 -0.84
17061978 23 -0.80
18061978 23 -0.76
19061978 23 -0.72
20061978 23 -0.71
21061978 23 -0.79
22061978 23 -0.82
23061978 23 -0.83
24061978 23 -0.83
25061978 23 -0.81
26061978 23 -0.78
27061978 23 -0.78
28061978 23 -0.83
29061978 23 -0.86
30061978 23 -0.87
01071978 23 -0.84
02071978 23 -0.80
03071978 23 -0.76
04071978 23 -0.70
05071978 23 -0.65
06071978 23 -0.60
07071978 23 -0.55
08071978 23 -0.51
09071978 23 -0.47
10071978 23 -0.48
11071978 23 -0.71
12071978 23 -0.73
13071978 23 -0.65
14071978 23 -0.60
15071978 23 -0.55
16071978 23 -0.51
17071978 23 -0.68
18071978 23 -0.74
19071978 23 -0.69
20071978 23 -0.64
21071978 23 -0.60
22071978 23 -0.56
23071978 23 -0.52
24071978 23 -0.49
25071978 23 -0.45
26071978 23 -0.41
27071978 23 -0.37
28071978 23 -0.32
29071978 23 -0.27
30071978 23 -0.19
31071978 23 -0.11
01081978 23 -0.21
02081978 23 -0.73
03081978 23 -0.81
04081978 23 -0.84
05081978 23 -0.85
06081978 23 -0.84
07081978 23 -0.83
08081978 23 -0.81
09081978 23 -0.79
10081978 23 -0.75
11081978 23 -0.71
12081978 23 -0.74
13081978 23 -0.87
14081978 23 -0.92
15081978 23 -0.90
16081978 23 -0.88
17081978 23 -0.86
18081978 23 -0.83
19081978 23 -0.81
20081978 23 -0.81
21081978 23 -0.78
22081978 23 -0.77
23081978 23 -0.72
24081978 23 -0.67
25081978 23 -0.62
26081978 23 -0.57
27081978 23 -0.53
28081978 23 -0.49
29081978 23 -0.46
30081978 23 -0.73
31081978 23 -0.85
01091978 23 -0.88
02091978 23 -0.88
03091978 23 -0.89
04091978 23 -0.87
05091978 23 -0.85
06091978 23 -0.91
07091978 23 -0.93
08091978 23 -0.91
09091978 23 -0.89
10091978 23 -0.88
11091978 23 -0.87
12091978 23 -0.85
13091978 23 -0.84
14091978 23 -0.83
15091978 23 -0.79
16091978 23 -0.77
17091978 23 -0.87
18091978 23 -0.92
19091978 23 -0.92
20091978 23 -0.89
21091978 23 -0.88
22091978 23 -0.86
23091978 23 -0.86
24091978 23 -0.84
25091978 23 -0.81
26091978 23 -0.77
27091978 23 -0.72
28091978 23 -0.67
29091978 23 -0.63
30091978 23 -0.61
01101978 23 -0.66
02101978 23 -0.81
03101978 23 -0.78
04101978 23 -0.73
05101978 23 -0.67
06101978 23 -0.62
07101978 23 -0.57
08101978 23 -0.53
09101978 23 -0.49
10101978 23 -0.83
11101978 23 -0.95
12101978 23 -0.88
13101978 23 -0.86
14101978 23 -0.83
15101978 23 -0.80
16101978 23 -0.76
17101978 23 -0.72
18101978 23 -0.91
19101978 23 -0.97
20101978 23 -0.98
21101978 23 -0.97
22101978 23 -0.97
23101978 23 -0.97
24101978 23 -0.97
25101978 23 -0.95
26101978 23 -0.94
27101978 23 -0.96
28101978 23 -0.97
29101978 23 -0.96
30101978 23 -0.94
31101978 23 -0.93
01111978 23 -0.92
02111978 23 -0.93
03111978 23 -0.93
04111978 23 -0.94
05111978 23 -0.94
06111978 23 -0.94
07111978 23 -0.94
08111978 23 -0.94
09111978 23 -0.94
10111978 23 -0.94
11111978 23 -0.94
12111978 23 -0.94
13111978 23 -0.94
14111978 23 -0.95
15111978 23 -0.99
16111978 23 -1.03
17111978 23 -1.06
18111978 23 -1.07
19111978 23 -1.08
20111978 23 -1.10
21111978 23 -1.10
22111978 23 -1.10
23111978 23 -1.10
24111978 23 -1.10
25111978 23 -1.10
26111978 23 -1.10
27111978 23 -1.10
28111978 23 -1.10
29111978 23 -1.10
30111978 23 -1.11
01121978 23 -1.11
02121978 23 -1.11
03121978 23 -1.11
04121978 23 -1.10
05121978 23 -1.09
06121978 23 -1.08
07121978 23 -1.09
08121978 23 -1.08
09121978 23 -1.08
10121978 23 -1.08
11121978 23 -1.08
12121978 23 -1.09
13121978 23 -1.09
14121978 23 -1.09
15121978 23 -1.09
16121978 23 -1.09
17121978 23 -1.09
18121978 23 -1.08
19121978 23 -1.04
20121978 23 -1.01
21121978 23 -1.00
22121978 23 -1.09
23121978 23 -1.10
24121978 23 -1.04
25121978 23 -1.01
26121978 23 -0.98
27121978 23 -0.96
28121978 23 -0.96
29121978 23 -0.94
30121978 23 -0.92
31121978 23 -0.90
