01011933 23 -0.91
02011933 23 -0.91
03011933 23 -0.90
04011933 23 -0.90
05011933 23 -0.90
06011933 23 -0.91
07011933 23 -0.91
08011933 23 -0.91
09011933 23 -0.91
10011933 23 -0.90
11011933 23 -0.89
12011933 23 -0.87
13011933 23 -0.86
14011933 23 -0.85
15011933 23 -0.83
16011933 23 -0.86
17011933 23 -0.89
18011933 23 -0.89
19011933 23 -0.88
20011933 23 -0.90
21011933 23 -0.90
22011933 23 -0.89
23011933 23 -0.88
24011933 23 -0.87
25011933 23 -0.85
26011933 23 -0.84
27011933 23 -0.82
28011933 23 -0.80
29011933 23 -0.78
30011933 23 -0.76
31011933 23 -0.75
01021933 23 -0.80
02021933 23 -0.85
03021933 23 -0.88
04021933 23 -0.88
05021933 23 -0.87
06021933 23 -0.86
07021933 23 -0.84
08021933 23 -0.83
09021933 23 -0.81
10021933 23 -0.79
11021933 23 -0.83
12021933 23 -0.87
13021933 23 -0.90
14021933 23 -0.90
15021933 23 -0.88
16021933 23 -0.87
17021933 23 -0.85
18021933 23 -0.84
19021933 23 -0.82
20021933 23 -0.80
21021933 23 -0.78
22021933 23 -0.75
23021933 23 -0.73
24021933 23 -0.78
25021933 23 -0.78
26021933 23 -0.78
27021933 23 -0.82
28021933 23 -0.86
01031933 23 -0.87
02031933 23 -0.89
03031933 23 -0.90
04031933 23 -0.88
05031933 23 -0.86
06031933 23 -0.86
07031933 23 -0.89
08031933 23 -0.89
09031933 23 -0.87
10031933 23 -0.85
11031933 23 -0.84
12031933 23 -0.87
13031933 23 -0.89
14031933 23 -0.88
15031933 23 -0.89
16031933 23 -0.90
17031933 23 -0.88
18031933 23 -0.88
19031933 23 -0.90
20031933 23 -0.89
21031933 23 -0.88
22031933 23 -0.90
23031933 23 -0.89
24031933 23 -0.90
25031933 23 -0.89
26031933 23 -0.88
27031933 23 -0.90
28031933 23 -0.89
29031933 23 -0.87
30031933 23 -0.86
31031933 23 -0.89
01041933 23 -0.90
02041933 23 -0.88
03041933 23 -0.88
04041933 23 -0.90
05041933 23 -0.90
06041933 23 -0.88
07041933 23 -0.87
08041933 23 -0.85
09041933 23 -0.83
10041933 23 -0.80
11041933 23 -0.79
12041933 23 -0.83
13041933 23 -0.86
14041933 23 -0.86
15041933 23 -0.85
16041933 23 -0.82
17041933 23 -0.80
18041933 23 -0.83
19041933 23 -0.84
20041933 23 -0.83
21041933 23 -0.80
22041933 23 -0.79
23041933 23 -0.82
24041933 23 -0.83
25041933 23 -0.81
26041933 23 -0.79
27041933 23 -0.78
28041933 23 -0.83
29041933 23 -0.84
30041933 23 -0.83
01051933 23 -0.86
02051933 23 -0.87
03051933 23 -0.85
04051933 23 -0.84
05051933 23 -0.87
06051933 23 -0.88
07051933 23 -0.86
08051933 23 -0.85
09051933 23 -0.88
10051933 23 -0.88
11051933 23 -0.88
12051933 23 -0.89
13051933 23 -0.89
14051933 23 -0.89
15051933 23 -0.87
16051933 23 -0.89
17051933 23 -0.90
18051933 23 -0.89
19051933 23 -0.85
20051933 23 -0.81
21051933 23 -0.81
22051933 23 -0.86
23051933 23 -0.88
24051933 23 -0.86
25051933 23 -0.84
26051933 23 -0.81
27051933 23 -0.78
28051933 23 -0.75
29051933 23 -0.71
30051933 23 -0.67
31051933 23 -0.63
01061933 23 -0.60
02061933 23 -0.72
03061933 23 -0.79
04061933 23 -0.78
05061933 23 -0.75
06061933 23 -0.72
07061933 23 -0.69
08061933 23 -0.65
09061933 23 -0.62
10061933 23 -0.59
11061933 23 -0.59
12061933 23 -0.78
13061933 23 -0.86
14061933 23 -0.88
15061933 23 -0.87
16061933 23 -0.84
17061933 23 -0.80
18061933 23 -0.76
19061933 23 -0.72
20061933 23 -0.71
21061933 23 -0.79
22061933 23 -0.82
23061933 23 -0.83
24061933 23 -0.83
25061933 23 -0.81
26061933 23 -0.78
27061933 23 -0.78
28061933 23 -0.83
29061933 23 -0.86
30061933 23 -0.87
01071933 23 -0.84
02071933 23 -0.80
03071933 23 -0.76
04071933 23 -0.70
05071933 23 -0.65
06071933 23 -0.60
07071933 23 -0.55
08071933 23 -0.51
09071933 23 -0.47
10071933 23 -0.48
11071933 23 -0.71
12071933 23 -0.73
13071933 23 -0.65
14071933 23 -0.60
15071933 23 -0.55
16071933 23 -0.51
17071933 23 -0.68
18071933 23 -0.74
19071933 23 -0.69
20071933 23 -0.64
21071933 23 -0.60
22071933 23 -0.56
23071933 23 -0.52
24071933 23 -0.49
25071933 23 -0.45
26071933 23 -0.41
27071933 23 -0.37
28071933 23 -0.32
29071933 23 -0.27
30071933 23 -0.19
31071933 23 -0.11
01081933 23 -0.21
02081933 23 -0.73
03081933 23 -0.81
04081933 23 -0.84
05081933 23 -0.85
06081933 23 -0.84
07081933 23 -0.83
08081933 23 -0.81
09081933 23 -0.79
10081933 23 -0.75
11081933 23 -0.71
12081933 23 -0.74
13081933 23 -0.87
14081933 23 -0.92
15081933 23 -0.90
16081933 23 -0.88
17081933 23 -0.86
18081933 23 -0.83
19081933 23 -0.81
20081933 23 -0.81
21081933 23 -0.78
22081933 23 -0.77
23081933 23 -0.72
24081933 23 -0.67
25081933 23 -0.62
26081933 23 -0.57
27081933 23 -0.53
28081933 23 -0.49
29081933 23 -0.46
30081933 23 -0.73
31081933 23 -0.85
01091933 23 -0.88
02091933 23 -0.88
03091933 23 -0.89
04091933 23 -0.87
05091933 23 -0.85
06091933 23 -0.91
07091933 23 -0.93
08091933 23 -0.91
09091933 23 -0.89
10091933 23 -0.88
11091933 23 -0.87
12091933 23 -0.85
13091933 23 -0.84
14091933 23 -0.83
15091933 23 -0.79
16091933 23 -0.77
17091933 23 -0.87
18091933 23 -0.92
19091933 23 -0.92
20091933 23 -0.89
21091933 23 -0.88
22091933 23 -0.86
23091933 23 -0.86
24091933 23 -0.84
25091933 23 -0.81
26091933 23 -0.77
27091933 23 -0.72
28091933 23 -0.67
29091933 23 -0.63
30091933 23 -0.61
01101933 23 -0.66
02101933 23 -0.81
03101933 23 -0.78
04101933 23 -0.73
05101933 23 -0.67
06101933 23 -0.62
07101933 23 -0.57
08101933 23 -0.53
09101933 23 -0.49
10101933 23 -0.83
11101933 23 -0.95
12101933 23 -0.88
13101933 23 -0.86
14101933 23 -0.83
15101933 23 -0.80
16101933 23 -0.76
17101933 23 -0.72
18101933 23 -0.91
19101933 23 -0.97
20101933 23 -0.98
21101933 23 -0.97
22101933 23 -0.97
23101933 23 -0.97
24101933 23 -0.97
25101933 23 -0.95
26101933 23 -0.94
27101933 23 -0.96
28101933 23 -0.97
29101933 23 -0.96
30101933 23 -0.94
31101933 23 -0.93
01111933 23 -0.92
02111933 23 -0.93
03111933 23 -0.93
04111933 23 -0.94
05111933 23 -0.94
06111933 23 -0.94
07111933 23 -0.94
08111933 23 -0.94
09111933 23 -0.94
10111933 23 -0.94
11111933 23 -0.94
12111933 23 -0.94
13111933 23 -0.94
14111933 23 -0.95
15111933 23 -0.99
16111933 23 -1.03
17111933 23 -1.06
18111933 23 -1.07
19111933 23 -1.08
20111933 23 -1.10
21111933 23 -1.10
22111933 23 -1.10
23111933 23 -1.10
24111933 23 -1.10
25111933 23 -1.10
26111933 23 -1.10
27111933 23 -1.10
28111933 23 -1.10
29111933 23 -1.10
30111933 23 -1.11
01121933 23 -1.11
02121933 23 -1.11
03121933 23 -1.11
04121933 23 -1.10
05121933 23 -1.09
06121933 23 -1.08
07121933 23 -1.09
08121933 23 -1.08
09121933 23 -1.08
10121933 23 -1.08
11121933 23 -1.08
12121933 23 -1.09
13121933 23 -1.09
14121933 23 -1.09
15121933 23 -1.09
16121933 23 -1.09
17121933 23 -1.09
18121933 23 -1.08
19121933 23 -1.04
20121933 23 -1.01
21121933 23 -1.00
22121933 23 -1.09
23121933 23 -1.10
24121933 23 -1.04
25121933 23 -1.01
26121933 23 -0.98
27121933 23 -0.96
28121933 23 -0.96
29121933 23 -0.94
30121933 23 -0.92
31121933 23 -0.90
