01011977 23 -0.91
02011977 23 -0.91
03011977 23 -0.90
04011977 23 -0.90
05011977 23 -0.90
06011977 23 -0.91
07011977 23 -0.91
08011977 23 -0.91
09011977 23 -0.91
10011977 23 -0.90
11011977 23 -0.89
12011977 23 -0.87
13011977 23 -0.86
14011977 23 -0.85
15011977 23 -0.83
16011977 23 -0.86
17011977 23 -0.89
18011977 23 -0.89
19011977 23 -0.88
20011977 23 -0.90
21011977 23 -0.90
22011977 23 -0.89
23011977 23 -0.88
24011977 23 -0.87
25011977 23 -0.85
26011977 23 -0.84
27011977 23 -0.82
28011977 23 -0.80
29011977 23 -0.78
30011977 23 -0.76
31011977 23 -0.75
01021977 23 -0.80
02021977 23 -0.85
03021977 23 -0.88
04021977 23 -0.88
05021977 23 -0.87
06021977 23 -0.86
07021977 23 -0.84
08021977 23 -0.83
09021977 23 -0.81
10021977 23 -0.79
11021977 23 -0.83
12021977 23 -0.87
13021977 23 -0.90
14021977 23 -0.90
15021977 23 -0.88
16021977 23 -0.87
17021977 23 -0.85
18021977 23 -0.84
19021977 23 -0.82
20021977 23 -0.80
21021977 23 -0.78
22021977 23 -0.75
23021977 23 -0.73
24021977 23 -0.78
25021977 23 -0.78
26021977 23 -0.78
27021977 23 -0.82
28021977 23 -0.86
01031977 23 -0.87
02031977 23 -0.89
03031977 23 -0.90
04031977 23 -0.88
05031977 23 -0.86
06031977 23 -0.86
07031977 23 -0.89
08031977 23 -0.89
09031977 23 -0.87
10031977 23 -0.85
11031977 23 -0.84
12031977 23 -0.87
13031977 23 -0.89
14031977 23 -0.88
15031977 23 -0.89
16031977 23 -0.90
17031977 23 -0.88
18031977 23 -0.88
19031977 23 -0.90
20031977 23 -0.89
21031977 23 -0.88
22031977 23 -0.90
23031977 23 -0.89
24031977 23 -0.90
25031977 23 -0.89
26031977 23 -0.88
27031977 23 -0.90
28031977 23 -0.89
29031977 23 -0.87
30031977 23 -0.86
31031977 23 -0.89
01041977 23 -0.90
02041977 23 -0.88
03041977 23 -0.88
04041977 23 -0.90
05041977 23 -0.90
06041977 23 -0.88
07041977 23 -0.87
08041977 23 -0.85
09041977 23 -0.83
10041977 23 -0.80
11041977 23 -0.79
12041977 23 -0.83
13041977 23 -0.86
14041977 23 -0.86
15041977 23 -0.85
16041977 23 -0.82
17041977 23 -0.80
18041977 23 -0.83
19041977 23 -0.84
20041977 23 -0.83
21041977 23 -0.80
22041977 23 -0.79
23041977 23 -0.82
24041977 23 -0.83
25041977 23 -0.81
26041977 23 -0.79
27041977 23 -0.78
28041977 23 -0.83
29041977 23 -0.84
30041977 23 -0.83
01051977 23 -0.86
02051977 23 -0.87
03051977 23 -0.85
04051977 23 -0.84
05051977 23 -0.87
06051977 23 -0.88
07051977 23 -0.86
08051977 23 -0.85
09051977 23 -0.88
10051977 23 -0.88
11051977 23 -0.88
12051977 23 -0.89
13051977 23 -0.89
14051977 23 -0.89
15051977 23 -0.87
16051977 23 -0.89
17051977 23 -0.90
18051977 23 -0.89
19051977 23 -0.85
20051977 23 -0.81
21051977 23 -0.81
22051977 23 -0.86
23051977 23 -0.88
24051977 23 -0.86
25051977 23 -0.84
26051977 23 -0.81
27051977 23 -0.78
28051977 23 -0.75
29051977 23 -0.71
30051977 23 -0.67
31051977 23 -0.63
01061977 23 -0.60
02061977 23 -0.72
03061977 23 -0.79
04061977 23 -0.78
05061977 23 -0.75
06061977 23 -0.72
07061977 23 -0.69
08061977 23 -0.65
09061977 23 -0.62
10061977 23 -0.59
11061977 23 -0.59
12061977 23 -0.78
13061977 23 -0.86
14061977 23 -0.88
15061977 23 -0.87
16061977 23 -0.84
17061977 23 -0.80
18061977 23 -0.76
19061977 23 -0.72
20061977 23 -0.71
21061977 23 -0.79
22061977 23 -0.82
23061977 23 -0.83
24061977 23 -0.83
25061977 23 -0.81
26061977 23 -0.78
27061977 23 -0.78
28061977 23 -0.83
29061977 23 -0.86
30061977 23 -0.87
01071977 23 -0.84
02071977 23 -0.80
03071977 23 -0.76
04071977 23 -0.70
05071977 23 -0.65
06071977 23 -0.60
07071977 23 -0.55
08071977 23 -0.51
09071977 23 -0.47
10071977 23 -0.48
11071977 23 -0.71
12071977 23 -0.73
13071977 23 -0.65
14071977 23 -0.60
15071977 23 -0.55
16071977 23 -0.51
17071977 23 -0.68
18071977 23 -0.74
19071977 23 -0.69
20071977 23 -0.64
21071977 23 -0.60
22071977 23 -0.56
23071977 23 -0.52
24071977 23 -0.49
25071977 23 -0.45
26071977 23 -0.41
27071977 23 -0.37
28071977 23 -0.32
29071977 23 -0.27
30071977 23 -0.19
31071977 23 -0.11
01081977 23 -0.21
02081977 23 -0.73
03081977 23 -0.81
04081977 23 -0.84
05081977 23 -0.85
06081977 23 -0.84
07081977 23 -0.83
08081977 23 -0.81
09081977 23 -0.79
10081977 23 -0.75
11081977 23 -0.71
12081977 23 -0.74
13081977 23 -0.87
14081977 23 -0.92
15081977 23 -0.90
16081977 23 -0.88
17081977 23 -0.86
18081977 23 -0.83
19081977 23 -0.81
20081977 23 -0.81
21081977 23 -0.78
22081977 23 -0.77
23081977 23 -0.72
24081977 23 -0.67
25081977 23 -0.62
26081977 23 -0.57
27081977 23 -0.53
28081977 23 -0.49
29081977 23 -0.46
30081977 23 -0.73
31081977 23 -0.85
01091977 23 -0.88
02091977 23 -0.88
03091977 23 -0.89
04091977 23 -0.87
05091977 23 -0.85
06091977 23 -0.91
07091977 23 -0.93
08091977 23 -0.91
09091977 23 -0.89
10091977 23 -0.88
11091977 23 -0.87
12091977 23 -0.85
13091977 23 -0.84
14091977 23 -0.83
15091977 23 -0.79
16091977 23 -0.77
17091977 23 -0.87
18091977 23 -0.92
19091977 23 -0.92
20091977 23 -0.89
21091977 23 -0.88
22091977 23 -0.86
23091977 23 -0.86
24091977 23 -0.84
25091977 23 -0.81
26091977 23 -0.77
27091977 23 -0.72
28091977 23 -0.67
29091977 23 -0.63
30091977 23 -0.61
01101977 23 -0.66
02101977 23 -0.81
03101977 23 -0.78
04101977 23 -0.73
05101977 23 -0.67
06101977 23 -0.62
07101977 23 -0.57
08101977 23 -0.53
09101977 23 -0.49
10101977 23 -0.83
11101977 23 -0.95
12101977 23 -0.88
13101977 23 -0.86
14101977 23 -0.83
15101977 23 -0.80
16101977 23 -0.76
17101977 23 -0.72
18101977 23 -0.91
19101977 23 -0.97
20101977 23 -0.98
21101977 23 -0.97
22101977 23 -0.97
23101977 23 -0.97
24101977 23 -0.97
25101977 23 -0.95
26101977 23 -0.94
27101977 23 -0.96
28101977 23 -0.97
29101977 23 -0.96
30101977 23 -0.94
31101977 23 -0.93
01111977 23 -0.92
02111977 23 -0.93
03111977 23 -0.93
04111977 23 -0.94
05111977 23 -0.94
06111977 23 -0.94
07111977 23 -0.94
08111977 23 -0.94
09111977 23 -0.94
10111977 23 -0.94
11111977 23 -0.94
12111977 23 -0.94
13111977 23 -0.94
14111977 23 -0.95
15111977 23 -0.99
16111977 23 -1.03
17111977 23 -1.06
18111977 23 -1.07
19111977 23 -1.08
20111977 23 -1.10
21111977 23 -1.10
22111977 23 -1.10
23111977 23 -1.10
24111977 23 -1.10
25111977 23 -1.10
26111977 23 -1.10
27111977 23 -1.10
28111977 23 -1.10
29111977 23 -1.10
30111977 23 -1.11
01121977 23 -1.11
02121977 23 -1.11
03121977 23 -1.11
04121977 23 -1.10
05121977 23 -1.09
06121977 23 -1.08
07121977 23 -1.09
08121977 23 -1.08
09121977 23 -1.08
10121977 23 -1.08
11121977 23 -1.08
12121977 23 -1.09
13121977 23 -1.09
14121977 23 -1.09
15121977 23 -1.09
16121977 23 -1.09
17121977 23 -1.09
18121977 23 -1.08
19121977 23 -1.04
20121977 23 -1.01
21121977 23 -1.00
22121977 23 -1.09
23121977 23 -1.10
24121977 23 -1.04
25121977 23 -1.01
26121977 23 -0.98
27121977 23 -0.96
28121977 23 -0.96
29121977 23 -0.94
30121977 23 -0.92
31121977 23 -0.90
