01011928 23 -0.91
02011928 23 -0.91
03011928 23 -0.90
04011928 23 -0.90
05011928 23 -0.90
06011928 23 -0.91
07011928 23 -0.91
08011928 23 -0.91
09011928 23 -0.91
10011928 23 -0.90
11011928 23 -0.89
12011928 23 -0.87
13011928 23 -0.86
14011928 23 -0.85
15011928 23 -0.83
16011928 23 -0.86
17011928 23 -0.89
18011928 23 -0.89
19011928 23 -0.88
20011928 23 -0.90
21011928 23 -0.90
22011928 23 -0.89
23011928 23 -0.88
24011928 23 -0.87
25011928 23 -0.85
26011928 23 -0.84
27011928 23 -0.82
28011928 23 -0.80
29011928 23 -0.78
30011928 23 -0.76
31011928 23 -0.75
01021928 23 -0.80
02021928 23 -0.85
03021928 23 -0.88
04021928 23 -0.88
05021928 23 -0.87
06021928 23 -0.86
07021928 23 -0.84
08021928 23 -0.83
09021928 23 -0.81
10021928 23 -0.79
11021928 23 -0.83
12021928 23 -0.87
13021928 23 -0.90
14021928 23 -0.90
15021928 23 -0.88
16021928 23 -0.87
17021928 23 -0.85
18021928 23 -0.84
19021928 23 -0.82
20021928 23 -0.80
21021928 23 -0.78
22021928 23 -0.75
23021928 23 -0.73
24021928 23 -0.78
25021928 23 -0.78
26021928 23 -0.78
27021928 23 -0.82
28021928 23 -0.86
01031928 23 -0.87
02031928 23 -0.89
03031928 23 -0.90
04031928 23 -0.88
05031928 23 -0.86
06031928 23 -0.86
07031928 23 -0.89
08031928 23 -0.89
09031928 23 -0.87
10031928 23 -0.85
11031928 23 -0.84
12031928 23 -0.87
13031928 23 -0.89
14031928 23 -0.88
15031928 23 -0.89
16031928 23 -0.90
17031928 23 -0.88
18031928 23 -0.88
19031928 23 -0.90
20031928 23 -0.89
21031928 23 -0.88
22031928 23 -0.90
23031928 23 -0.89
24031928 23 -0.90
25031928 23 -0.89
26031928 23 -0.88
27031928 23 -0.90
28031928 23 -0.89
29031928 23 -0.87
30031928 23 -0.86
31031928 23 -0.89
01041928 23 -0.90
02041928 23 -0.88
03041928 23 -0.88
04041928 23 -0.90
05041928 23 -0.90
06041928 23 -0.88
07041928 23 -0.87
08041928 23 -0.85
09041928 23 -0.83
10041928 23 -0.80
11041928 23 -0.79
12041928 23 -0.83
13041928 23 -0.86
14041928 23 -0.86
15041928 23 -0.85
16041928 23 -0.82
17041928 23 -0.80
18041928 23 -0.83
19041928 23 -0.84
20041928 23 -0.83
21041928 23 -0.80
22041928 23 -0.79
23041928 23 -0.82
24041928 23 -0.83
25041928 23 -0.81
26041928 23 -0.79
27041928 23 -0.78
28041928 23 -0.83
29041928 23 -0.84
30041928 23 -0.83
01051928 23 -0.86
02051928 23 -0.87
03051928 23 -0.85
04051928 23 -0.84
05051928 23 -0.87
06051928 23 -0.88
07051928 23 -0.86
08051928 23 -0.85
09051928 23 -0.88
10051928 23 -0.88
11051928 23 -0.88
12051928 23 -0.89
13051928 23 -0.89
14051928 23 -0.89
15051928 23 -0.87
16051928 23 -0.89
17051928 23 -0.90
18051928 23 -0.89
19051928 23 -0.85
20051928 23 -0.81
21051928 23 -0.81
22051928 23 -0.86
23051928 23 -0.88
24051928 23 -0.86
25051928 23 -0.84
26051928 23 -0.81
27051928 23 -0.78
28051928 23 -0.75
29051928 23 -0.71
30051928 23 -0.67
31051928 23 -0.63
01061928 23 -0.60
02061928 23 -0.72
03061928 23 -0.79
04061928 23 -0.78
05061928 23 -0.75
06061928 23 -0.72
07061928 23 -0.69
08061928 23 -0.65
09061928 23 -0.62
10061928 23 -0.59
11061928 23 -0.59
12061928 23 -0.78
13061928 23 -0.86
14061928 23 -0.88
15061928 23 -0.87
16061928 23 -0.84
17061928 23 -0.80
18061928 23 -0.76
19061928 23 -0.72
20061928 23 -0.71
21061928 23 -0.79
22061928 23 -0.82
23061928 23 -0.83
24061928 23 -0.83
25061928 23 -0.81
26061928 23 -0.78
27061928 23 -0.78
28061928 23 -0.83
29061928 23 -0.86
30061928 23 -0.87
01071928 23 -0.84
02071928 23 -0.80
03071928 23 -0.76
04071928 23 -0.70
05071928 23 -0.65
06071928 23 -0.60
07071928 23 -0.55
08071928 23 -0.51
09071928 23 -0.47
10071928 23 -0.48
11071928 23 -0.71
12071928 23 -0.73
13071928 23 -0.65
14071928 23 -0.60
15071928 23 -0.55
16071928 23 -0.51
17071928 23 -0.68
18071928 23 -0.74
19071928 23 -0.69
20071928 23 -0.64
21071928 23 -0.60
22071928 23 -0.56
23071928 23 -0.52
24071928 23 -0.49
25071928 23 -0.45
26071928 23 -0.41
27071928 23 -0.37
28071928 23 -0.32
29071928 23 -0.27
30071928 23 -0.19
31071928 23 -0.11
01081928 23 -0.21
02081928 23 -0.73
03081928 23 -0.81
04081928 23 -0.84
05081928 23 -0.85
06081928 23 -0.84
07081928 23 -0.83
08081928 23 -0.81
09081928 23 -0.79
10081928 23 -0.75
11081928 23 -0.71
12081928 23 -0.74
13081928 23 -0.87
14081928 23 -0.92
15081928 23 -0.90
16081928 23 -0.88
17081928 23 -0.86
18081928 23 -0.83
19081928 23 -0.81
20081928 23 -0.81
21081928 23 -0.78
22081928 23 -0.77
23081928 23 -0.72
24081928 23 -0.67
25081928 23 -0.62
26081928 23 -0.57
27081928 23 -0.53
28081928 23 -0.49
29081928 23 -0.46
30081928 23 -0.73
31081928 23 -0.85
01091928 23 -0.88
02091928 23 -0.88
03091928 23 -0.89
04091928 23 -0.87
05091928 23 -0.85
06091928 23 -0.91
07091928 23 -0.93
08091928 23 -0.91
09091928 23 -0.89
10091928 23 -0.88
11091928 23 -0.87
12091928 23 -0.85
13091928 23 -0.84
14091928 23 -0.83
15091928 23 -0.79
16091928 23 -0.77
17091928 23 -0.87
18091928 23 -0.92
19091928 23 -0.92
20091928 23 -0.89
21091928 23 -0.88
22091928 23 -0.86
23091928 23 -0.86
24091928 23 -0.84
25091928 23 -0.81
26091928 23 -0.77
27091928 23 -0.72
28091928 23 -0.67
29091928 23 -0.63
30091928 23 -0.61
01101928 23 -0.66
02101928 23 -0.81
03101928 23 -0.78
04101928 23 -0.73
05101928 23 -0.67
06101928 23 -0.62
07101928 23 -0.57
08101928 23 -0.53
09101928 23 -0.49
10101928 23 -0.83
11101928 23 -0.95
12101928 23 -0.88
13101928 23 -0.86
14101928 23 -0.83
15101928 23 -0.80
16101928 23 -0.76
17101928 23 -0.72
18101928 23 -0.91
19101928 23 -0.97
20101928 23 -0.98
21101928 23 -0.97
22101928 23 -0.97
23101928 23 -0.97
24101928 23 -0.97
25101928 23 -0.95
26101928 23 -0.94
27101928 23 -0.96
28101928 23 -0.97
29101928 23 -0.96
30101928 23 -0.94
31101928 23 -0.93
01111928 23 -0.92
02111928 23 -0.93
03111928 23 -0.93
04111928 23 -0.94
05111928 23 -0.94
06111928 23 -0.94
07111928 23 -0.94
08111928 23 -0.94
09111928 23 -0.94
10111928 23 -0.94
11111928 23 -0.94
12111928 23 -0.94
13111928 23 -0.94
14111928 23 -0.95
15111928 23 -0.99
16111928 23 -1.03
17111928 23 -1.06
18111928 23 -1.07
19111928 23 -1.08
20111928 23 -1.10
21111928 23 -1.10
22111928 23 -1.10
23111928 23 -1.10
24111928 23 -1.10
25111928 23 -1.10
26111928 23 -1.10
27111928 23 -1.10
28111928 23 -1.10
29111928 23 -1.10
30111928 23 -1.11
01121928 23 -1.11
02121928 23 -1.11
03121928 23 -1.11
04121928 23 -1.10
05121928 23 -1.09
06121928 23 -1.08
07121928 23 -1.09
08121928 23 -1.08
09121928 23 -1.08
10121928 23 -1.08
11121928 23 -1.08
12121928 23 -1.09
13121928 23 -1.09
14121928 23 -1.09
15121928 23 -1.09
16121928 23 -1.09
17121928 23 -1.09
18121928 23 -1.08
19121928 23 -1.04
20121928 23 -1.01
21121928 23 -1.00
22121928 23 -1.09
23121928 23 -1.10
24121928 23 -1.04
25121928 23 -1.01
26121928 23 -0.98
27121928 23 -0.96
28121928 23 -0.96
29121928 23 -0.94
30121928 23 -0.92
31121928 23 -0.90
