01011962 23 -0.91
02011962 23 -0.91
03011962 23 -0.90
04011962 23 -0.90
05011962 23 -0.90
06011962 23 -0.91
07011962 23 -0.91
08011962 23 -0.91
09011962 23 -0.91
10011962 23 -0.90
11011962 23 -0.89
12011962 23 -0.87
13011962 23 -0.86
14011962 23 -0.85
15011962 23 -0.83
16011962 23 -0.86
17011962 23 -0.89
18011962 23 -0.89
19011962 23 -0.88
20011962 23 -0.90
21011962 23 -0.90
22011962 23 -0.89
23011962 23 -0.88
24011962 23 -0.87
25011962 23 -0.85
26011962 23 -0.84
27011962 23 -0.82
28011962 23 -0.80
29011962 23 -0.78
30011962 23 -0.76
31011962 23 -0.75
01021962 23 -0.80
02021962 23 -0.85
03021962 23 -0.88
04021962 23 -0.88
05021962 23 -0.87
06021962 23 -0.86
07021962 23 -0.84
08021962 23 -0.83
09021962 23 -0.81
10021962 23 -0.79
11021962 23 -0.83
12021962 23 -0.87
13021962 23 -0.90
14021962 23 -0.90
15021962 23 -0.88
16021962 23 -0.87
17021962 23 -0.85
18021962 23 -0.84
19021962 23 -0.82
20021962 23 -0.80
21021962 23 -0.78
22021962 23 -0.75
23021962 23 -0.73
24021962 23 -0.78
25021962 23 -0.78
26021962 23 -0.78
27021962 23 -0.82
28021962 23 -0.86
01031962 23 -0.87
02031962 23 -0.89
03031962 23 -0.90
04031962 23 -0.88
05031962 23 -0.86
06031962 23 -0.86
07031962 23 -0.89
08031962 23 -0.89
09031962 23 -0.87
10031962 23 -0.85
11031962 23 -0.84
12031962 23 -0.87
13031962 23 -0.89
14031962 23 -0.88
15031962 23 -0.89
16031962 23 -0.90
17031962 23 -0.88
18031962 23 -0.88
19031962 23 -0.90
20031962 23 -0.89
21031962 23 -0.88
22031962 23 -0.90
23031962 23 -0.89
24031962 23 -0.90
25031962 23 -0.89
26031962 23 -0.88
27031962 23 -0.90
28031962 23 -0.89
29031962 23 -0.87
30031962 23 -0.86
31031962 23 -0.89
01041962 23 -0.90
02041962 23 -0.88
03041962 23 -0.88
04041962 23 -0.90
05041962 23 -0.90
06041962 23 -0.88
07041962 23 -0.87
08041962 23 -0.85
09041962 23 -0.83
10041962 23 -0.80
11041962 23 -0.79
12041962 23 -0.83
13041962 23 -0.86
14041962 23 -0.86
15041962 23 -0.85
16041962 23 -0.82
17041962 23 -0.80
18041962 23 -0.83
19041962 23 -0.84
20041962 23 -0.83
21041962 23 -0.80
22041962 23 -0.79
23041962 23 -0.82
24041962 23 -0.83
25041962 23 -0.81
26041962 23 -0.79
27041962 23 -0.78
28041962 23 -0.83
29041962 23 -0.84
30041962 23 -0.83
01051962 23 -0.86
02051962 23 -0.87
03051962 23 -0.85
04051962 23 -0.84
05051962 23 -0.87
06051962 23 -0.88
07051962 23 -0.86
08051962 23 -0.85
09051962 23 -0.88
10051962 23 -0.88
11051962 23 -0.88
12051962 23 -0.89
13051962 23 -0.89
14051962 23 -0.89
15051962 23 -0.87
16051962 23 -0.89
17051962 23 -0.90
18051962 23 -0.89
19051962 23 -0.85
20051962 23 -0.81
21051962 23 -0.81
22051962 23 -0.86
23051962 23 -0.88
24051962 23 -0.86
25051962 23 -0.84
26051962 23 -0.81
27051962 23 -0.78
28051962 23 -0.75
29051962 23 -0.71
30051962 23 -0.67
31051962 23 -0.63
01061962 23 -0.60
02061962 23 -0.72
03061962 23 -0.79
04061962 23 -0.78
05061962 23 -0.75
06061962 23 -0.72
07061962 23 -0.69
08061962 23 -0.65
09061962 23 -0.62
10061962 23 -0.59
11061962 23 -0.59
12061962 23 -0.78
13061962 23 -0.86
14061962 23 -0.88
15061962 23 -0.87
16061962 23 -0.84
17061962 23 -0.80
18061962 23 -0.76
19061962 23 -0.72
20061962 23 -0.71
21061962 23 -0.79
22061962 23 -0.82
23061962 23 -0.83
24061962 23 -0.83
25061962 23 -0.81
26061962 23 -0.78
27061962 23 -0.78
28061962 23 -0.83
29061962 23 -0.86
30061962 23 -0.87
01071962 23 -0.84
02071962 23 -0.80
03071962 23 -0.76
04071962 23 -0.70
05071962 23 -0.65
06071962 23 -0.60
07071962 23 -0.55
08071962 23 -0.51
09071962 23 -0.47
10071962 23 -0.48
11071962 23 -0.71
12071962 23 -0.73
13071962 23 -0.65
14071962 23 -0.60
15071962 23 -0.55
16071962 23 -0.51
17071962 23 -0.68
18071962 23 -0.74
19071962 23 -0.69
20071962 23 -0.64
21071962 23 -0.60
22071962 23 -0.56
23071962 23 -0.52
24071962 23 -0.49
25071962 23 -0.45
26071962 23 -0.41
27071962 23 -0.37
28071962 23 -0.32
29071962 23 -0.27
30071962 23 -0.19
31071962 23 -0.11
01081962 23 -0.21
02081962 23 -0.73
03081962 23 -0.81
04081962 23 -0.84
05081962 23 -0.85
06081962 23 -0.84
07081962 23 -0.83
08081962 23 -0.81
09081962 23 -0.79
10081962 23 -0.75
11081962 23 -0.71
12081962 23 -0.74
13081962 23 -0.87
14081962 23 -0.92
15081962 23 -0.90
16081962 23 -0.88
17081962 23 -0.86
18081962 23 -0.83
19081962 23 -0.81
20081962 23 -0.81
21081962 23 -0.78
22081962 23 -0.77
23081962 23 -0.72
24081962 23 -0.67
25081962 23 -0.62
26081962 23 -0.57
27081962 23 -0.53
28081962 23 -0.49
29081962 23 -0.46
30081962 23 -0.73
31081962 23 -0.85
01091962 23 -0.88
02091962 23 -0.88
03091962 23 -0.89
04091962 23 -0.87
05091962 23 -0.85
06091962 23 -0.91
07091962 23 -0.93
08091962 23 -0.91
09091962 23 -0.89
10091962 23 -0.88
11091962 23 -0.87
12091962 23 -0.85
13091962 23 -0.84
14091962 23 -0.83
15091962 23 -0.79
16091962 23 -0.77
17091962 23 -0.87
18091962 23 -0.92
19091962 23 -0.92
20091962 23 -0.89
21091962 23 -0.88
22091962 23 -0.86
23091962 23 -0.86
24091962 23 -0.84
25091962 23 -0.81
26091962 23 -0.77
27091962 23 -0.72
28091962 23 -0.67
29091962 23 -0.63
30091962 23 -0.61
01101962 23 -0.66
02101962 23 -0.81
03101962 23 -0.78
04101962 23 -0.73
05101962 23 -0.67
06101962 23 -0.62
07101962 23 -0.57
08101962 23 -0.53
09101962 23 -0.49
10101962 23 -0.83
11101962 23 -0.95
12101962 23 -0.88
13101962 23 -0.86
14101962 23 -0.83
15101962 23 -0.80
16101962 23 -0.76
17101962 23 -0.72
18101962 23 -0.91
19101962 23 -0.97
20101962 23 -0.98
21101962 23 -0.97
22101962 23 -0.97
23101962 23 -0.97
24101962 23 -0.97
25101962 23 -0.95
26101962 23 -0.94
27101962 23 -0.96
28101962 23 -0.97
29101962 23 -0.96
30101962 23 -0.94
31101962 23 -0.93
01111962 23 -0.92
02111962 23 -0.93
03111962 23 -0.93
04111962 23 -0.94
05111962 23 -0.94
06111962 23 -0.94
07111962 23 -0.94
08111962 23 -0.94
09111962 23 -0.94
10111962 23 -0.94
11111962 23 -0.94
12111962 23 -0.94
13111962 23 -0.94
14111962 23 -0.95
15111962 23 -0.99
16111962 23 -1.03
17111962 23 -1.06
18111962 23 -1.07
19111962 23 -1.08
20111962 23 -1.10
21111962 23 -1.10
22111962 23 -1.10
23111962 23 -1.10
24111962 23 -1.10
25111962 23 -1.10
26111962 23 -1.10
27111962 23 -1.10
28111962 23 -1.10
29111962 23 -1.10
30111962 23 -1.11
01121962 23 -1.11
02121962 23 -1.11
03121962 23 -1.11
04121962 23 -1.10
05121962 23 -1.09
06121962 23 -1.08
07121962 23 -1.09
08121962 23 -1.08
09121962 23 -1.08
10121962 23 -1.08
11121962 23 -1.08
12121962 23 -1.09
13121962 23 -1.09
14121962 23 -1.09
15121962 23 -1.09
16121962 23 -1.09
17121962 23 -1.09
18121962 23 -1.08
19121962 23 -1.04
20121962 23 -1.01
21121962 23 -1.00
22121962 23 -1.09
23121962 23 -1.10
24121962 23 -1.04
25121962 23 -1.01
26121962 23 -0.98
27121962 23 -0.96
28121962 23 -0.96
29121962 23 -0.94
30121962 23 -0.92
31121962 23 -0.90
