01012013 23 -0.91
02012013 23 -0.91
03012013 23 -0.90
04012013 23 -0.90
05012013 23 -0.90
06012013 23 -0.91
07012013 23 -0.91
08012013 23 -0.91
09012013 23 -0.91
10012013 23 -0.90
11012013 23 -0.89
12012013 23 -0.87
13012013 23 -0.86
14012013 23 -0.85
15012013 23 -0.83
16012013 23 -0.86
17012013 23 -0.89
18012013 23 -0.89
19012013 23 -0.88
20012013 23 -0.90
21012013 23 -0.90
22012013 23 -0.89
23012013 23 -0.88
24012013 23 -0.87
25012013 23 -0.85
26012013 23 -0.84
27012013 23 -0.82
28012013 23 -0.80
29012013 23 -0.78
30012013 23 -0.76
31012013 23 -0.75
01022013 23 -0.80
02022013 23 -0.85
03022013 23 -0.88
04022013 23 -0.88
05022013 23 -0.87
06022013 23 -0.86
07022013 23 -0.84
08022013 23 -0.83
09022013 23 -0.81
10022013 23 -0.79
11022013 23 -0.83
12022013 23 -0.87
13022013 23 -0.90
14022013 23 -0.90
15022013 23 -0.88
16022013 23 -0.87
17022013 23 -0.85
18022013 23 -0.84
19022013 23 -0.82
20022013 23 -0.80
21022013 23 -0.78
22022013 23 -0.75
23022013 23 -0.73
24022013 23 -0.78
25022013 23 -0.78
26022013 23 -0.78
27022013 23 -0.82
28022013 23 -0.86
01032013 23 -0.87
02032013 23 -0.89
03032013 23 -0.90
04032013 23 -0.88
05032013 23 -0.86
06032013 23 -0.86
07032013 23 -0.89
08032013 23 -0.89
09032013 23 -0.87
10032013 23 -0.85
11032013 23 -0.84
12032013 23 -0.87
13032013 23 -0.89
14032013 23 -0.88
15032013 23 -0.89
16032013 23 -0.90
17032013 23 -0.88
18032013 23 -0.88
19032013 23 -0.90
20032013 23 -0.89
21032013 23 -0.88
22032013 23 -0.90
23032013 23 -0.89
24032013 23 -0.90
25032013 23 -0.89
26032013 23 -0.88
27032013 23 -0.90
28032013 23 -0.89
29032013 23 -0.87
30032013 23 -0.86
31032013 23 -0.89
01042013 23 -0.90
02042013 23 -0.88
03042013 23 -0.88
04042013 23 -0.90
05042013 23 -0.90
06042013 23 -0.88
07042013 23 -0.87
08042013 23 -0.85
09042013 23 -0.83
10042013 23 -0.80
11042013 23 -0.79
12042013 23 -0.83
13042013 23 -0.86
14042013 23 -0.86
15042013 23 -0.85
16042013 23 -0.82
17042013 23 -0.80
18042013 23 -0.83
19042013 23 -0.84
20042013 23 -0.83
21042013 23 -0.80
22042013 23 -0.79
23042013 23 -0.82
24042013 23 -0.83
25042013 23 -0.81
26042013 23 -0.79
27042013 23 -0.78
28042013 23 -0.83
29042013 23 -0.84
30042013 23 -0.83
01052013 23 -0.86
02052013 23 -0.87
03052013 23 -0.85
04052013 23 -0.84
05052013 23 -0.87
06052013 23 -0.88
07052013 23 -0.86
08052013 23 -0.85
09052013 23 -0.88
10052013 23 -0.88
11052013 23 -0.88
12052013 23 -0.89
13052013 23 -0.89
14052013 23 -0.89
15052013 23 -0.87
16052013 23 -0.89
17052013 23 -0.90
18052013 23 -0.89
19052013 23 -0.85
20052013 23 -0.81
21052013 23 -0.81
22052013 23 -0.86
23052013 23 -0.88
24052013 23 -0.86
25052013 23 -0.84
26052013 23 -0.81
27052013 23 -0.78
28052013 23 -0.75
29052013 23 -0.71
30052013 23 -0.67
31052013 23 -0.63
01062013 23 -0.60
02062013 23 -0.72
03062013 23 -0.79
04062013 23 -0.78
05062013 23 -0.75
06062013 23 -0.72
07062013 23 -0.69
08062013 23 -0.65
09062013 23 -0.62
10062013 23 -0.59
11062013 23 -0.59
12062013 23 -0.78
13062013 23 -0.86
14062013 23 -0.88
15062013 23 -0.87
16062013 23 -0.84
17062013 23 -0.80
18062013 23 -0.76
19062013 23 -0.72
20062013 23 -0.71
21062013 23 -0.79
22062013 23 -0.82
23062013 23 -0.83
24062013 23 -0.83
25062013 23 -0.81
26062013 23 -0.78
27062013 23 -0.78
28062013 23 -0.83
29062013 23 -0.86
30062013 23 -0.87
01072013 23 -0.84
02072013 23 -0.80
03072013 23 -0.76
04072013 23 -0.70
05072013 23 -0.65
06072013 23 -0.60
07072013 23 -0.55
08072013 23 -0.51
09072013 23 -0.47
10072013 23 -0.48
11072013 23 -0.71
12072013 23 -0.73
13072013 23 -0.65
14072013 23 -0.60
15072013 23 -0.55
16072013 23 -0.51
17072013 23 -0.68
18072013 23 -0.74
19072013 23 -0.69
20072013 23 -0.64
21072013 23 -0.60
22072013 23 -0.56
23072013 23 -0.52
24072013 23 -0.49
25072013 23 -0.45
26072013 23 -0.41
27072013 23 -0.37
28072013 23 -0.32
29072013 23 -0.27
30072013 23 -0.19
31072013 23 -0.11
01082013 23 -0.21
02082013 23 -0.73
03082013 23 -0.81
04082013 23 -0.84
05082013 23 -0.85
06082013 23 -0.84
07082013 23 -0.83
08082013 23 -0.81
09082013 23 -0.79
10082013 23 -0.75
11082013 23 -0.71
12082013 23 -0.74
13082013 23 -0.87
14082013 23 -0.92
15082013 23 -0.90
16082013 23 -0.88
17082013 23 -0.86
18082013 23 -0.83
19082013 23 -0.81
20082013 23 -0.81
21082013 23 -0.78
22082013 23 -0.77
23082013 23 -0.72
24082013 23 -0.67
25082013 23 -0.62
26082013 23 -0.57
27082013 23 -0.53
28082013 23 -0.49
29082013 23 -0.46
30082013 23 -0.73
31082013 23 -0.85
01092013 23 -0.88
02092013 23 -0.88
03092013 23 -0.89
04092013 23 -0.87
05092013 23 -0.85
06092013 23 -0.91
07092013 23 -0.93
08092013 23 -0.91
09092013 23 -0.89
10092013 23 -0.88
11092013 23 -0.87
12092013 23 -0.85
13092013 23 -0.84
14092013 23 -0.83
15092013 23 -0.79
16092013 23 -0.77
17092013 23 -0.87
18092013 23 -0.92
19092013 23 -0.92
20092013 23 -0.89
21092013 23 -0.88
22092013 23 -0.86
23092013 23 -0.86
24092013 23 -0.84
25092013 23 -0.81
26092013 23 -0.77
27092013 23 -0.72
28092013 23 -0.67
29092013 23 -0.63
30092013 23 -0.61
01102013 23 -0.66
02102013 23 -0.81
03102013 23 -0.78
04102013 23 -0.73
05102013 23 -0.67
06102013 23 -0.62
07102013 23 -0.57
08102013 23 -0.53
09102013 23 -0.49
10102013 23 -0.83
11102013 23 -0.95
12102013 23 -0.88
13102013 23 -0.86
14102013 23 -0.83
15102013 23 -0.80
16102013 23 -0.76
17102013 23 -0.72
18102013 23 -0.91
19102013 23 -0.97
20102013 23 -0.98
21102013 23 -0.97
22102013 23 -0.97
23102013 23 -0.97
24102013 23 -0.97
25102013 23 -0.95
26102013 23 -0.94
27102013 23 -0.96
28102013 23 -0.97
29102013 23 -0.96
30102013 23 -0.94
31102013 23 -0.93
01112013 23 -0.92
02112013 23 -0.93
03112013 23 -0.93
04112013 23 -0.94
05112013 23 -0.94
06112013 23 -0.94
07112013 23 -0.94
08112013 23 -0.94
09112013 23 -0.94
10112013 23 -0.94
11112013 23 -0.94
12112013 23 -0.94
13112013 23 -0.94
14112013 23 -0.95
15112013 23 -0.99
16112013 23 -1.03
17112013 23 -1.06
18112013 23 -1.07
19112013 23 -1.08
20112013 23 -1.10
21112013 23 -1.10
22112013 23 -1.10
23112013 23 -1.10
24112013 23 -1.10
25112013 23 -1.10
26112013 23 -1.10
27112013 23 -1.10
28112013 23 -1.10
29112013 23 -1.10
30112013 23 -1.11
01122013 23 -1.11
02122013 23 -1.11
03122013 23 -1.11
04122013 23 -1.10
05122013 23 -1.09
06122013 23 -1.08
07122013 23 -1.09
08122013 23 -1.08
09122013 23 -1.08
10122013 23 -1.08
11122013 23 -1.08
12122013 23 -1.09
13122013 23 -1.09
14122013 23 -1.09
15122013 23 -1.09
16122013 23 -1.09
17122013 23 -1.09
18122013 23 -1.08
19122013 23 -1.04
20122013 23 -1.01
21122013 23 -1.00
22122013 23 -1.09
23122013 23 -1.10
24122013 23 -1.04
25122013 23 -1.01
26122013 23 -0.98
27122013 23 -0.96
28122013 23 -0.96
29122013 23 -0.94
30122013 23 -0.92
31122013 23 -0.90
