01011971 23 -0.91
02011971 23 -0.91
03011971 23 -0.90
04011971 23 -0.90
05011971 23 -0.90
06011971 23 -0.91
07011971 23 -0.91
08011971 23 -0.91
09011971 23 -0.91
10011971 23 -0.90
11011971 23 -0.89
12011971 23 -0.87
13011971 23 -0.86
14011971 23 -0.85
15011971 23 -0.83
16011971 23 -0.86
17011971 23 -0.89
18011971 23 -0.89
19011971 23 -0.88
20011971 23 -0.90
21011971 23 -0.90
22011971 23 -0.89
23011971 23 -0.88
24011971 23 -0.87
25011971 23 -0.85
26011971 23 -0.84
27011971 23 -0.82
28011971 23 -0.80
29011971 23 -0.78
30011971 23 -0.76
31011971 23 -0.75
01021971 23 -0.80
02021971 23 -0.85
03021971 23 -0.88
04021971 23 -0.88
05021971 23 -0.87
06021971 23 -0.86
07021971 23 -0.84
08021971 23 -0.83
09021971 23 -0.81
10021971 23 -0.79
11021971 23 -0.83
12021971 23 -0.87
13021971 23 -0.90
14021971 23 -0.90
15021971 23 -0.88
16021971 23 -0.87
17021971 23 -0.85
18021971 23 -0.84
19021971 23 -0.82
20021971 23 -0.80
21021971 23 -0.78
22021971 23 -0.75
23021971 23 -0.73
24021971 23 -0.78
25021971 23 -0.78
26021971 23 -0.78
27021971 23 -0.82
28021971 23 -0.86
01031971 23 -0.87
02031971 23 -0.89
03031971 23 -0.90
04031971 23 -0.88
05031971 23 -0.86
06031971 23 -0.86
07031971 23 -0.89
08031971 23 -0.89
09031971 23 -0.87
10031971 23 -0.85
11031971 23 -0.84
12031971 23 -0.87
13031971 23 -0.89
14031971 23 -0.88
15031971 23 -0.89
16031971 23 -0.90
17031971 23 -0.88
18031971 23 -0.88
19031971 23 -0.90
20031971 23 -0.89
21031971 23 -0.88
22031971 23 -0.90
23031971 23 -0.89
24031971 23 -0.90
25031971 23 -0.89
26031971 23 -0.88
27031971 23 -0.90
28031971 23 -0.89
29031971 23 -0.87
30031971 23 -0.86
31031971 23 -0.89
01041971 23 -0.90
02041971 23 -0.88
03041971 23 -0.88
04041971 23 -0.90
05041971 23 -0.90
06041971 23 -0.88
07041971 23 -0.87
08041971 23 -0.85
09041971 23 -0.83
10041971 23 -0.80
11041971 23 -0.79
12041971 23 -0.83
13041971 23 -0.86
14041971 23 -0.86
15041971 23 -0.85
16041971 23 -0.82
17041971 23 -0.80
18041971 23 -0.83
19041971 23 -0.84
20041971 23 -0.83
21041971 23 -0.80
22041971 23 -0.79
23041971 23 -0.82
24041971 23 -0.83
25041971 23 -0.81
26041971 23 -0.79
27041971 23 -0.78
28041971 23 -0.83
29041971 23 -0.84
30041971 23 -0.83
01051971 23 -0.86
02051971 23 -0.87
03051971 23 -0.85
04051971 23 -0.84
05051971 23 -0.87
06051971 23 -0.88
07051971 23 -0.86
08051971 23 -0.85
09051971 23 -0.88
10051971 23 -0.88
11051971 23 -0.88
12051971 23 -0.89
13051971 23 -0.89
14051971 23 -0.89
15051971 23 -0.87
16051971 23 -0.89
17051971 23 -0.90
18051971 23 -0.89
19051971 23 -0.85
20051971 23 -0.81
21051971 23 -0.81
22051971 23 -0.86
23051971 23 -0.88
24051971 23 -0.86
25051971 23 -0.84
26051971 23 -0.81
27051971 23 -0.78
28051971 23 -0.75
29051971 23 -0.71
30051971 23 -0.67
31051971 23 -0.63
01061971 23 -0.60
02061971 23 -0.72
03061971 23 -0.79
04061971 23 -0.78
05061971 23 -0.75
06061971 23 -0.72
07061971 23 -0.69
08061971 23 -0.65
09061971 23 -0.62
10061971 23 -0.59
11061971 23 -0.59
12061971 23 -0.78
13061971 23 -0.86
14061971 23 -0.88
15061971 23 -0.87
16061971 23 -0.84
17061971 23 -0.80
18061971 23 -0.76
19061971 23 -0.72
20061971 23 -0.71
21061971 23 -0.79
22061971 23 -0.82
23061971 23 -0.83
24061971 23 -0.83
25061971 23 -0.81
26061971 23 -0.78
27061971 23 -0.78
28061971 23 -0.83
29061971 23 -0.86
30061971 23 -0.87
01071971 23 -0.84
02071971 23 -0.80
03071971 23 -0.76
04071971 23 -0.70
05071971 23 -0.65
06071971 23 -0.60
07071971 23 -0.55
08071971 23 -0.51
09071971 23 -0.47
10071971 23 -0.48
11071971 23 -0.71
12071971 23 -0.73
13071971 23 -0.65
14071971 23 -0.60
15071971 23 -0.55
16071971 23 -0.51
17071971 23 -0.68
18071971 23 -0.74
19071971 23 -0.69
20071971 23 -0.64
21071971 23 -0.60
22071971 23 -0.56
23071971 23 -0.52
24071971 23 -0.49
25071971 23 -0.45
26071971 23 -0.41
27071971 23 -0.37
28071971 23 -0.32
29071971 23 -0.27
30071971 23 -0.19
31071971 23 -0.11
01081971 23 -0.21
02081971 23 -0.73
03081971 23 -0.81
04081971 23 -0.84
05081971 23 -0.85
06081971 23 -0.84
07081971 23 -0.83
08081971 23 -0.81
09081971 23 -0.79
10081971 23 -0.75
11081971 23 -0.71
12081971 23 -0.74
13081971 23 -0.87
14081971 23 -0.92
15081971 23 -0.90
16081971 23 -0.88
17081971 23 -0.86
18081971 23 -0.83
19081971 23 -0.81
20081971 23 -0.81
21081971 23 -0.78
22081971 23 -0.77
23081971 23 -0.72
24081971 23 -0.67
25081971 23 -0.62
26081971 23 -0.57
27081971 23 -0.53
28081971 23 -0.49
29081971 23 -0.46
30081971 23 -0.73
31081971 23 -0.85
01091971 23 -0.88
02091971 23 -0.88
03091971 23 -0.89
04091971 23 -0.87
05091971 23 -0.85
06091971 23 -0.91
07091971 23 -0.93
08091971 23 -0.91
09091971 23 -0.89
10091971 23 -0.88
11091971 23 -0.87
12091971 23 -0.85
13091971 23 -0.84
14091971 23 -0.83
15091971 23 -0.79
16091971 23 -0.77
17091971 23 -0.87
18091971 23 -0.92
19091971 23 -0.92
20091971 23 -0.89
21091971 23 -0.88
22091971 23 -0.86
23091971 23 -0.86
24091971 23 -0.84
25091971 23 -0.81
26091971 23 -0.77
27091971 23 -0.72
28091971 23 -0.67
29091971 23 -0.63
30091971 23 -0.61
01101971 23 -0.66
02101971 23 -0.81
03101971 23 -0.78
04101971 23 -0.73
05101971 23 -0.67
06101971 23 -0.62
07101971 23 -0.57
08101971 23 -0.53
09101971 23 -0.49
10101971 23 -0.83
11101971 23 -0.95
12101971 23 -0.88
13101971 23 -0.86
14101971 23 -0.83
15101971 23 -0.80
16101971 23 -0.76
17101971 23 -0.72
18101971 23 -0.91
19101971 23 -0.97
20101971 23 -0.98
21101971 23 -0.97
22101971 23 -0.97
23101971 23 -0.97
24101971 23 -0.97
25101971 23 -0.95
26101971 23 -0.94
27101971 23 -0.96
28101971 23 -0.97
29101971 23 -0.96
30101971 23 -0.94
31101971 23 -0.93
01111971 23 -0.92
02111971 23 -0.93
03111971 23 -0.93
04111971 23 -0.94
05111971 23 -0.94
06111971 23 -0.94
07111971 23 -0.94
08111971 23 -0.94
09111971 23 -0.94
10111971 23 -0.94
11111971 23 -0.94
12111971 23 -0.94
13111971 23 -0.94
14111971 23 -0.95
15111971 23 -0.99
16111971 23 -1.03
17111971 23 -1.06
18111971 23 -1.07
19111971 23 -1.08
20111971 23 -1.10
21111971 23 -1.10
22111971 23 -1.10
23111971 23 -1.10
24111971 23 -1.10
25111971 23 -1.10
26111971 23 -1.10
27111971 23 -1.10
28111971 23 -1.10
29111971 23 -1.10
30111971 23 -1.11
01121971 23 -1.11
02121971 23 -1.11
03121971 23 -1.11
04121971 23 -1.10
05121971 23 -1.09
06121971 23 -1.08
07121971 23 -1.09
08121971 23 -1.08
09121971 23 -1.08
10121971 23 -1.08
11121971 23 -1.08
12121971 23 -1.09
13121971 23 -1.09
14121971 23 -1.09
15121971 23 -1.09
16121971 23 -1.09
17121971 23 -1.09
18121971 23 -1.08
19121971 23 -1.04
20121971 23 -1.01
21121971 23 -1.00
22121971 23 -1.09
23121971 23 -1.10
24121971 23 -1.04
25121971 23 -1.01
26121971 23 -0.98
27121971 23 -0.96
28121971 23 -0.96
29121971 23 -0.94
30121971 23 -0.92
31121971 23 -0.90
