01011922 23 -0.91
02011922 23 -0.91
03011922 23 -0.90
04011922 23 -0.90
05011922 23 -0.90
06011922 23 -0.91
07011922 23 -0.91
08011922 23 -0.91
09011922 23 -0.91
10011922 23 -0.90
11011922 23 -0.89
12011922 23 -0.87
13011922 23 -0.86
14011922 23 -0.85
15011922 23 -0.83
16011922 23 -0.86
17011922 23 -0.89
18011922 23 -0.89
19011922 23 -0.88
20011922 23 -0.90
21011922 23 -0.90
22011922 23 -0.89
23011922 23 -0.88
24011922 23 -0.87
25011922 23 -0.85
26011922 23 -0.84
27011922 23 -0.82
28011922 23 -0.80
29011922 23 -0.78
30011922 23 -0.76
31011922 23 -0.75
01021922 23 -0.80
02021922 23 -0.85
03021922 23 -0.88
04021922 23 -0.88
05021922 23 -0.87
06021922 23 -0.86
07021922 23 -0.84
08021922 23 -0.83
09021922 23 -0.81
10021922 23 -0.79
11021922 23 -0.83
12021922 23 -0.87
13021922 23 -0.90
14021922 23 -0.90
15021922 23 -0.88
16021922 23 -0.87
17021922 23 -0.85
18021922 23 -0.84
19021922 23 -0.82
20021922 23 -0.80
21021922 23 -0.78
22021922 23 -0.75
23021922 23 -0.73
24021922 23 -0.78
25021922 23 -0.78
26021922 23 -0.78
27021922 23 -0.82
28021922 23 -0.86
01031922 23 -0.87
02031922 23 -0.89
03031922 23 -0.90
04031922 23 -0.88
05031922 23 -0.86
06031922 23 -0.86
07031922 23 -0.89
08031922 23 -0.89
09031922 23 -0.87
10031922 23 -0.85
11031922 23 -0.84
12031922 23 -0.87
13031922 23 -0.89
14031922 23 -0.88
15031922 23 -0.89
16031922 23 -0.90
17031922 23 -0.88
18031922 23 -0.88
19031922 23 -0.90
20031922 23 -0.89
21031922 23 -0.88
22031922 23 -0.90
23031922 23 -0.89
24031922 23 -0.90
25031922 23 -0.89
26031922 23 -0.88
27031922 23 -0.90
28031922 23 -0.89
29031922 23 -0.87
30031922 23 -0.86
31031922 23 -0.89
01041922 23 -0.90
02041922 23 -0.88
03041922 23 -0.88
04041922 23 -0.90
05041922 23 -0.90
06041922 23 -0.88
07041922 23 -0.87
08041922 23 -0.85
09041922 23 -0.83
10041922 23 -0.80
11041922 23 -0.79
12041922 23 -0.83
13041922 23 -0.86
14041922 23 -0.86
15041922 23 -0.85
16041922 23 -0.82
17041922 23 -0.80
18041922 23 -0.83
19041922 23 -0.84
20041922 23 -0.83
21041922 23 -0.80
22041922 23 -0.79
23041922 23 -0.82
24041922 23 -0.83
25041922 23 -0.81
26041922 23 -0.79
27041922 23 -0.78
28041922 23 -0.83
29041922 23 -0.84
30041922 23 -0.83
01051922 23 -0.86
02051922 23 -0.87
03051922 23 -0.85
04051922 23 -0.84
05051922 23 -0.87
06051922 23 -0.88
07051922 23 -0.86
08051922 23 -0.85
09051922 23 -0.88
10051922 23 -0.88
11051922 23 -0.88
12051922 23 -0.89
13051922 23 -0.89
14051922 23 -0.89
15051922 23 -0.87
16051922 23 -0.89
17051922 23 -0.90
18051922 23 -0.89
19051922 23 -0.85
20051922 23 -0.81
21051922 23 -0.81
22051922 23 -0.86
23051922 23 -0.88
24051922 23 -0.86
25051922 23 -0.84
26051922 23 -0.81
27051922 23 -0.78
28051922 23 -0.75
29051922 23 -0.71
30051922 23 -0.67
31051922 23 -0.63
01061922 23 -0.60
02061922 23 -0.72
03061922 23 -0.79
04061922 23 -0.78
05061922 23 -0.75
06061922 23 -0.72
07061922 23 -0.69
08061922 23 -0.65
09061922 23 -0.62
10061922 23 -0.59
11061922 23 -0.59
12061922 23 -0.78
13061922 23 -0.86
14061922 23 -0.88
15061922 23 -0.87
16061922 23 -0.84
17061922 23 -0.80
18061922 23 -0.76
19061922 23 -0.72
20061922 23 -0.71
21061922 23 -0.79
22061922 23 -0.82
23061922 23 -0.83
24061922 23 -0.83
25061922 23 -0.81
26061922 23 -0.78
27061922 23 -0.78
28061922 23 -0.83
29061922 23 -0.86
30061922 23 -0.87
01071922 23 -0.84
02071922 23 -0.80
03071922 23 -0.76
04071922 23 -0.70
05071922 23 -0.65
06071922 23 -0.60
07071922 23 -0.55
08071922 23 -0.51
09071922 23 -0.47
10071922 23 -0.48
11071922 23 -0.71
12071922 23 -0.73
13071922 23 -0.65
14071922 23 -0.60
15071922 23 -0.55
16071922 23 -0.51
17071922 23 -0.68
18071922 23 -0.74
19071922 23 -0.69
20071922 23 -0.64
21071922 23 -0.60
22071922 23 -0.56
23071922 23 -0.52
24071922 23 -0.49
25071922 23 -0.45
26071922 23 -0.41
27071922 23 -0.37
28071922 23 -0.32
29071922 23 -0.27
30071922 23 -0.19
31071922 23 -0.11
01081922 23 -0.21
02081922 23 -0.73
03081922 23 -0.81
04081922 23 -0.84
05081922 23 -0.85
06081922 23 -0.84
07081922 23 -0.83
08081922 23 -0.81
09081922 23 -0.79
10081922 23 -0.75
11081922 23 -0.71
12081922 23 -0.74
13081922 23 -0.87
14081922 23 -0.92
15081922 23 -0.90
16081922 23 -0.88
17081922 23 -0.86
18081922 23 -0.83
19081922 23 -0.81
20081922 23 -0.81
21081922 23 -0.78
22081922 23 -0.77
23081922 23 -0.72
24081922 23 -0.67
25081922 23 -0.62
26081922 23 -0.57
27081922 23 -0.53
28081922 23 -0.49
29081922 23 -0.46
30081922 23 -0.73
31081922 23 -0.85
01091922 23 -0.88
02091922 23 -0.88
03091922 23 -0.89
04091922 23 -0.87
05091922 23 -0.85
06091922 23 -0.91
07091922 23 -0.93
08091922 23 -0.91
09091922 23 -0.89
10091922 23 -0.88
11091922 23 -0.87
12091922 23 -0.85
13091922 23 -0.84
14091922 23 -0.83
15091922 23 -0.79
16091922 23 -0.77
17091922 23 -0.87
18091922 23 -0.92
19091922 23 -0.92
20091922 23 -0.89
21091922 23 -0.88
22091922 23 -0.86
23091922 23 -0.86
24091922 23 -0.84
25091922 23 -0.81
26091922 23 -0.77
27091922 23 -0.72
28091922 23 -0.67
29091922 23 -0.63
30091922 23 -0.61
01101922 23 -0.66
02101922 23 -0.81
03101922 23 -0.78
04101922 23 -0.73
05101922 23 -0.67
06101922 23 -0.62
07101922 23 -0.57
08101922 23 -0.53
09101922 23 -0.49
10101922 23 -0.83
11101922 23 -0.95
12101922 23 -0.88
13101922 23 -0.86
14101922 23 -0.83
15101922 23 -0.80
16101922 23 -0.76
17101922 23 -0.72
18101922 23 -0.91
19101922 23 -0.97
20101922 23 -0.98
21101922 23 -0.97
22101922 23 -0.97
23101922 23 -0.97
24101922 23 -0.97
25101922 23 -0.95
26101922 23 -0.94
27101922 23 -0.96
28101922 23 -0.97
29101922 23 -0.96
30101922 23 -0.94
31101922 23 -0.93
01111922 23 -0.92
02111922 23 -0.93
03111922 23 -0.93
04111922 23 -0.94
05111922 23 -0.94
06111922 23 -0.94
07111922 23 -0.94
08111922 23 -0.94
09111922 23 -0.94
10111922 23 -0.94
11111922 23 -0.94
12111922 23 -0.94
13111922 23 -0.94
14111922 23 -0.95
15111922 23 -0.99
16111922 23 -1.03
17111922 23 -1.06
18111922 23 -1.07
19111922 23 -1.08
20111922 23 -1.10
21111922 23 -1.10
22111922 23 -1.10
23111922 23 -1.10
24111922 23 -1.10
25111922 23 -1.10
26111922 23 -1.10
27111922 23 -1.10
28111922 23 -1.10
29111922 23 -1.10
30111922 23 -1.11
01121922 23 -1.11
02121922 23 -1.11
03121922 23 -1.11
04121922 23 -1.10
05121922 23 -1.09
06121922 23 -1.08
07121922 23 -1.09
08121922 23 -1.08
09121922 23 -1.08
10121922 23 -1.08
11121922 23 -1.08
12121922 23 -1.09
13121922 23 -1.09
14121922 23 -1.09
15121922 23 -1.09
16121922 23 -1.09
17121922 23 -1.09
18121922 23 -1.08
19121922 23 -1.04
20121922 23 -1.01
21121922 23 -1.00
22121922 23 -1.09
23121922 23 -1.10
24121922 23 -1.04
25121922 23 -1.01
26121922 23 -0.98
27121922 23 -0.96
28121922 23 -0.96
29121922 23 -0.94
30121922 23 -0.92
31121922 23 -0.90
