01012018 23 -0.91
02012018 23 -0.91
03012018 23 -0.90
04012018 23 -0.90
05012018 23 -0.90
06012018 23 -0.91
07012018 23 -0.91
08012018 23 -0.91
09012018 23 -0.91
10012018 23 -0.90
11012018 23 -0.89
12012018 23 -0.87
13012018 23 -0.86
14012018 23 -0.85
15012018 23 -0.83
16012018 23 -0.86
17012018 23 -0.89
18012018 23 -0.89
19012018 23 -0.88
20012018 23 -0.90
21012018 23 -0.90
22012018 23 -0.89
23012018 23 -0.88
24012018 23 -0.87
25012018 23 -0.85
26012018 23 -0.84
27012018 23 -0.82
28012018 23 -0.80
29012018 23 -0.78
30012018 23 -0.76
31012018 23 -0.75
01022018 23 -0.80
02022018 23 -0.85
03022018 23 -0.88
04022018 23 -0.88
05022018 23 -0.87
06022018 23 -0.86
07022018 23 -0.84
08022018 23 -0.83
09022018 23 -0.81
10022018 23 -0.79
11022018 23 -0.83
12022018 23 -0.87
13022018 23 -0.90
14022018 23 -0.90
15022018 23 -0.88
16022018 23 -0.87
17022018 23 -0.85
18022018 23 -0.84
19022018 23 -0.82
20022018 23 -0.80
21022018 23 -0.78
22022018 23 -0.75
23022018 23 -0.73
24022018 23 -0.78
25022018 23 -0.78
26022018 23 -0.78
27022018 23 -0.82
28022018 23 -0.86
01032018 23 -0.87
02032018 23 -0.89
03032018 23 -0.90
04032018 23 -0.88
05032018 23 -0.86
06032018 23 -0.86
07032018 23 -0.89
08032018 23 -0.89
09032018 23 -0.87
10032018 23 -0.85
11032018 23 -0.84
12032018 23 -0.87
13032018 23 -0.89
14032018 23 -0.88
15032018 23 -0.89
16032018 23 -0.90
17032018 23 -0.88
18032018 23 -0.88
19032018 23 -0.90
20032018 23 -0.89
21032018 23 -0.88
22032018 23 -0.90
23032018 23 -0.89
24032018 23 -0.90
25032018 23 -0.89
26032018 23 -0.88
27032018 23 -0.90
28032018 23 -0.89
29032018 23 -0.87
30032018 23 -0.86
31032018 23 -0.89
01042018 23 -0.90
02042018 23 -0.88
03042018 23 -0.88
04042018 23 -0.90
05042018 23 -0.90
06042018 23 -0.88
07042018 23 -0.87
08042018 23 -0.85
09042018 23 -0.83
10042018 23 -0.80
11042018 23 -0.79
12042018 23 -0.83
13042018 23 -0.86
14042018 23 -0.86
15042018 23 -0.85
16042018 23 -0.82
17042018 23 -0.80
18042018 23 -0.83
19042018 23 -0.84
20042018 23 -0.83
21042018 23 -0.80
22042018 23 -0.79
23042018 23 -0.82
24042018 23 -0.83
25042018 23 -0.81
26042018 23 -0.79
27042018 23 -0.78
28042018 23 -0.83
29042018 23 -0.84
30042018 23 -0.83
01052018 23 -0.86
02052018 23 -0.87
03052018 23 -0.85
04052018 23 -0.84
05052018 23 -0.87
06052018 23 -0.88
07052018 23 -0.86
08052018 23 -0.85
09052018 23 -0.88
10052018 23 -0.88
11052018 23 -0.88
12052018 23 -0.89
13052018 23 -0.89
14052018 23 -0.89
15052018 23 -0.87
16052018 23 -0.89
17052018 23 -0.90
18052018 23 -0.89
19052018 23 -0.85
20052018 23 -0.81
21052018 23 -0.81
22052018 23 -0.86
23052018 23 -0.88
24052018 23 -0.86
25052018 23 -0.84
26052018 23 -0.81
27052018 23 -0.78
28052018 23 -0.75
29052018 23 -0.71
30052018 23 -0.67
31052018 23 -0.63
01062018 23 -0.60
02062018 23 -0.72
03062018 23 -0.79
04062018 23 -0.78
05062018 23 -0.75
06062018 23 -0.72
07062018 23 -0.69
08062018 23 -0.65
09062018 23 -0.62
10062018 23 -0.59
11062018 23 -0.59
12062018 23 -0.78
13062018 23 -0.86
14062018 23 -0.88
15062018 23 -0.87
16062018 23 -0.84
17062018 23 -0.80
18062018 23 -0.76
19062018 23 -0.72
20062018 23 -0.71
21062018 23 -0.79
22062018 23 -0.82
23062018 23 -0.83
24062018 23 -0.83
25062018 23 -0.81
26062018 23 -0.78
27062018 23 -0.78
28062018 23 -0.83
29062018 23 -0.86
30062018 23 -0.87
01072018 23 -0.84
02072018 23 -0.80
03072018 23 -0.76
04072018 23 -0.70
05072018 23 -0.65
06072018 23 -0.60
07072018 23 -0.55
08072018 23 -0.51
09072018 23 -0.47
10072018 23 -0.48
11072018 23 -0.71
12072018 23 -0.73
13072018 23 -0.65
14072018 23 -0.60
15072018 23 -0.55
16072018 23 -0.51
17072018 23 -0.68
18072018 23 -0.74
19072018 23 -0.69
20072018 23 -0.64
21072018 23 -0.60
22072018 23 -0.56
23072018 23 -0.52
24072018 23 -0.49
25072018 23 -0.45
26072018 23 -0.41
27072018 23 -0.37
28072018 23 -0.32
29072018 23 -0.27
30072018 23 -0.19
31072018 23 -0.11
01082018 23 -0.21
02082018 23 -0.73
03082018 23 -0.81
04082018 23 -0.84
05082018 23 -0.85
06082018 23 -0.84
07082018 23 -0.83
08082018 23 -0.81
09082018 23 -0.79
10082018 23 -0.75
11082018 23 -0.71
12082018 23 -0.74
13082018 23 -0.87
14082018 23 -0.92
15082018 23 -0.90
16082018 23 -0.88
17082018 23 -0.86
18082018 23 -0.83
19082018 23 -0.81
20082018 23 -0.81
21082018 23 -0.78
22082018 23 -0.77
23082018 23 -0.72
24082018 23 -0.67
25082018 23 -0.62
26082018 23 -0.57
27082018 23 -0.53
28082018 23 -0.49
29082018 23 -0.46
30082018 23 -0.73
31082018 23 -0.85
01092018 23 -0.88
02092018 23 -0.88
03092018 23 -0.89
04092018 23 -0.87
05092018 23 -0.85
06092018 23 -0.91
07092018 23 -0.93
08092018 23 -0.91
09092018 23 -0.89
10092018 23 -0.88
11092018 23 -0.87
12092018 23 -0.85
13092018 23 -0.84
14092018 23 -0.83
15092018 23 -0.79
16092018 23 -0.77
17092018 23 -0.87
18092018 23 -0.92
19092018 23 -0.92
20092018 23 -0.89
21092018 23 -0.88
22092018 23 -0.86
23092018 23 -0.86
24092018 23 -0.84
25092018 23 -0.81
26092018 23 -0.77
27092018 23 -0.72
28092018 23 -0.67
29092018 23 -0.63
30092018 23 -0.61
01102018 23 -0.66
02102018 23 -0.81
03102018 23 -0.78
04102018 23 -0.73
05102018 23 -0.67
06102018 23 -0.62
07102018 23 -0.57
08102018 23 -0.53
09102018 23 -0.49
10102018 23 -0.83
11102018 23 -0.95
12102018 23 -0.88
13102018 23 -0.86
14102018 23 -0.83
15102018 23 -0.80
16102018 23 -0.76
17102018 23 -0.72
18102018 23 -0.91
19102018 23 -0.97
20102018 23 -0.98
21102018 23 -0.97
22102018 23 -0.97
23102018 23 -0.97
24102018 23 -0.97
25102018 23 -0.95
26102018 23 -0.94
27102018 23 -0.96
28102018 23 -0.97
29102018 23 -0.96
30102018 23 -0.94
31102018 23 -0.93
01112018 23 -0.92
02112018 23 -0.93
03112018 23 -0.93
04112018 23 -0.94
05112018 23 -0.94
06112018 23 -0.94
07112018 23 -0.94
08112018 23 -0.94
09112018 23 -0.94
10112018 23 -0.94
11112018 23 -0.94
12112018 23 -0.94
13112018 23 -0.94
14112018 23 -0.95
15112018 23 -0.99
16112018 23 -1.03
17112018 23 -1.06
18112018 23 -1.07
19112018 23 -1.08
20112018 23 -1.10
21112018 23 -1.10
22112018 23 -1.10
23112018 23 -1.10
24112018 23 -1.10
25112018 23 -1.10
26112018 23 -1.10
27112018 23 -1.10
28112018 23 -1.10
29112018 23 -1.10
30112018 23 -1.11
01122018 23 -1.11
02122018 23 -1.11
03122018 23 -1.11
04122018 23 -1.10
05122018 23 -1.09
06122018 23 -1.08
07122018 23 -1.09
08122018 23 -1.08
09122018 23 -1.08
10122018 23 -1.08
11122018 23 -1.08
12122018 23 -1.09
13122018 23 -1.09
14122018 23 -1.09
15122018 23 -1.09
16122018 23 -1.09
17122018 23 -1.09
18122018 23 -1.08
19122018 23 -1.04
20122018 23 -1.01
21122018 23 -1.00
22122018 23 -1.09
23122018 23 -1.10
24122018 23 -1.04
25122018 23 -1.01
26122018 23 -0.98
27122018 23 -0.96
28122018 23 -0.96
29122018 23 -0.94
30122018 23 -0.92
31122018 23 -0.90
