01011907 23 -0.91
02011907 23 -0.91
03011907 23 -0.90
04011907 23 -0.90
05011907 23 -0.90
06011907 23 -0.91
07011907 23 -0.91
08011907 23 -0.91
09011907 23 -0.91
10011907 23 -0.90
11011907 23 -0.89
12011907 23 -0.87
13011907 23 -0.86
14011907 23 -0.85
15011907 23 -0.83
16011907 23 -0.86
17011907 23 -0.89
18011907 23 -0.89
19011907 23 -0.88
20011907 23 -0.90
21011907 23 -0.90
22011907 23 -0.89
23011907 23 -0.88
24011907 23 -0.87
25011907 23 -0.85
26011907 23 -0.84
27011907 23 -0.82
28011907 23 -0.80
29011907 23 -0.78
30011907 23 -0.76
31011907 23 -0.75
01021907 23 -0.80
02021907 23 -0.85
03021907 23 -0.88
04021907 23 -0.88
05021907 23 -0.87
06021907 23 -0.86
07021907 23 -0.84
08021907 23 -0.83
09021907 23 -0.81
10021907 23 -0.79
11021907 23 -0.83
12021907 23 -0.87
13021907 23 -0.90
14021907 23 -0.90
15021907 23 -0.88
16021907 23 -0.87
17021907 23 -0.85
18021907 23 -0.84
19021907 23 -0.82
20021907 23 -0.80
21021907 23 -0.78
22021907 23 -0.75
23021907 23 -0.73
24021907 23 -0.78
25021907 23 -0.78
26021907 23 -0.78
27021907 23 -0.82
28021907 23 -0.86
01031907 23 -0.87
02031907 23 -0.89
03031907 23 -0.90
04031907 23 -0.88
05031907 23 -0.86
06031907 23 -0.86
07031907 23 -0.89
08031907 23 -0.89
09031907 23 -0.87
10031907 23 -0.85
11031907 23 -0.84
12031907 23 -0.87
13031907 23 -0.89
14031907 23 -0.88
15031907 23 -0.89
16031907 23 -0.90
17031907 23 -0.88
18031907 23 -0.88
19031907 23 -0.90
20031907 23 -0.89
21031907 23 -0.88
22031907 23 -0.90
23031907 23 -0.89
24031907 23 -0.90
25031907 23 -0.89
26031907 23 -0.88
27031907 23 -0.90
28031907 23 -0.89
29031907 23 -0.87
30031907 23 -0.86
31031907 23 -0.89
01041907 23 -0.90
02041907 23 -0.88
03041907 23 -0.88
04041907 23 -0.90
05041907 23 -0.90
06041907 23 -0.88
07041907 23 -0.87
08041907 23 -0.85
09041907 23 -0.83
10041907 23 -0.80
11041907 23 -0.79
12041907 23 -0.83
13041907 23 -0.86
14041907 23 -0.86
15041907 23 -0.85
16041907 23 -0.82
17041907 23 -0.80
18041907 23 -0.83
19041907 23 -0.84
20041907 23 -0.83
21041907 23 -0.80
22041907 23 -0.79
23041907 23 -0.82
24041907 23 -0.83
25041907 23 -0.81
26041907 23 -0.79
27041907 23 -0.78
28041907 23 -0.83
29041907 23 -0.84
30041907 23 -0.83
01051907 23 -0.86
02051907 23 -0.87
03051907 23 -0.85
04051907 23 -0.84
05051907 23 -0.87
06051907 23 -0.88
07051907 23 -0.86
08051907 23 -0.85
09051907 23 -0.88
10051907 23 -0.88
11051907 23 -0.88
12051907 23 -0.89
13051907 23 -0.89
14051907 23 -0.89
15051907 23 -0.87
16051907 23 -0.89
17051907 23 -0.90
18051907 23 -0.89
19051907 23 -0.85
20051907 23 -0.81
21051907 23 -0.81
22051907 23 -0.86
23051907 23 -0.88
24051907 23 -0.86
25051907 23 -0.84
26051907 23 -0.81
27051907 23 -0.78
28051907 23 -0.75
29051907 23 -0.71
30051907 23 -0.67
31051907 23 -0.63
01061907 23 -0.60
02061907 23 -0.72
03061907 23 -0.79
04061907 23 -0.78
05061907 23 -0.75
06061907 23 -0.72
07061907 23 -0.69
08061907 23 -0.65
09061907 23 -0.62
10061907 23 -0.59
11061907 23 -0.59
12061907 23 -0.78
13061907 23 -0.86
14061907 23 -0.88
15061907 23 -0.87
16061907 23 -0.84
17061907 23 -0.80
18061907 23 -0.76
19061907 23 -0.72
20061907 23 -0.71
21061907 23 -0.79
22061907 23 -0.82
23061907 23 -0.83
24061907 23 -0.83
25061907 23 -0.81
26061907 23 -0.78
27061907 23 -0.78
28061907 23 -0.83
29061907 23 -0.86
30061907 23 -0.87
01071907 23 -0.84
02071907 23 -0.80
03071907 23 -0.76
04071907 23 -0.70
05071907 23 -0.65
06071907 23 -0.60
07071907 23 -0.55
08071907 23 -0.51
09071907 23 -0.47
10071907 23 -0.48
11071907 23 -0.71
12071907 23 -0.73
13071907 23 -0.65
14071907 23 -0.60
15071907 23 -0.55
16071907 23 -0.51
17071907 23 -0.68
18071907 23 -0.74
19071907 23 -0.69
20071907 23 -0.64
21071907 23 -0.60
22071907 23 -0.56
23071907 23 -0.52
24071907 23 -0.49
25071907 23 -0.45
26071907 23 -0.41
27071907 23 -0.37
28071907 23 -0.32
29071907 23 -0.27
30071907 23 -0.19
31071907 23 -0.11
01081907 23 -0.21
02081907 23 -0.73
03081907 23 -0.81
04081907 23 -0.84
05081907 23 -0.85
06081907 23 -0.84
07081907 23 -0.83
08081907 23 -0.81
09081907 23 -0.79
10081907 23 -0.75
11081907 23 -0.71
12081907 23 -0.74
13081907 23 -0.87
14081907 23 -0.92
15081907 23 -0.90
16081907 23 -0.88
17081907 23 -0.86
18081907 23 -0.83
19081907 23 -0.81
20081907 23 -0.81
21081907 23 -0.78
22081907 23 -0.77
23081907 23 -0.72
24081907 23 -0.67
25081907 23 -0.62
26081907 23 -0.57
27081907 23 -0.53
28081907 23 -0.49
29081907 23 -0.46
30081907 23 -0.73
31081907 23 -0.85
01091907 23 -0.88
02091907 23 -0.88
03091907 23 -0.89
04091907 23 -0.87
05091907 23 -0.85
06091907 23 -0.91
07091907 23 -0.93
08091907 23 -0.91
09091907 23 -0.89
10091907 23 -0.88
11091907 23 -0.87
12091907 23 -0.85
13091907 23 -0.84
14091907 23 -0.83
15091907 23 -0.79
16091907 23 -0.77
17091907 23 -0.87
18091907 23 -0.92
19091907 23 -0.92
20091907 23 -0.89
21091907 23 -0.88
22091907 23 -0.86
23091907 23 -0.86
24091907 23 -0.84
25091907 23 -0.81
26091907 23 -0.77
27091907 23 -0.72
28091907 23 -0.67
29091907 23 -0.63
30091907 23 -0.61
01101907 23 -0.66
02101907 23 -0.81
03101907 23 -0.78
04101907 23 -0.73
05101907 23 -0.67
06101907 23 -0.62
07101907 23 -0.57
08101907 23 -0.53
09101907 23 -0.49
10101907 23 -0.83
11101907 23 -0.95
12101907 23 -0.88
13101907 23 -0.86
14101907 23 -0.83
15101907 23 -0.80
16101907 23 -0.76
17101907 23 -0.72
18101907 23 -0.91
19101907 23 -0.97
20101907 23 -0.98
21101907 23 -0.97
22101907 23 -0.97
23101907 23 -0.97
24101907 23 -0.97
25101907 23 -0.95
26101907 23 -0.94
27101907 23 -0.96
28101907 23 -0.97
29101907 23 -0.96
30101907 23 -0.94
31101907 23 -0.93
01111907 23 -0.92
02111907 23 -0.93
03111907 23 -0.93
04111907 23 -0.94
05111907 23 -0.94
06111907 23 -0.94
07111907 23 -0.94
08111907 23 -0.94
09111907 23 -0.94
10111907 23 -0.94
11111907 23 -0.94
12111907 23 -0.94
13111907 23 -0.94
14111907 23 -0.95
15111907 23 -0.99
16111907 23 -1.03
17111907 23 -1.06
18111907 23 -1.07
19111907 23 -1.08
20111907 23 -1.10
21111907 23 -1.10
22111907 23 -1.10
23111907 23 -1.10
24111907 23 -1.10
25111907 23 -1.10
26111907 23 -1.10
27111907 23 -1.10
28111907 23 -1.10
29111907 23 -1.10
30111907 23 -1.11
01121907 23 -1.11
02121907 23 -1.11
03121907 23 -1.11
04121907 23 -1.10
05121907 23 -1.09
06121907 23 -1.08
07121907 23 -1.09
08121907 23 -1.08
09121907 23 -1.08
10121907 23 -1.08
11121907 23 -1.08
12121907 23 -1.09
13121907 23 -1.09
14121907 23 -1.09
15121907 23 -1.09
16121907 23 -1.09
17121907 23 -1.09
18121907 23 -1.08
19121907 23 -1.04
20121907 23 -1.01
21121907 23 -1.00
22121907 23 -1.09
23121907 23 -1.10
24121907 23 -1.04
25121907 23 -1.01
26121907 23 -0.98
27121907 23 -0.96
28121907 23 -0.96
29121907 23 -0.94
30121907 23 -0.92
31121907 23 -0.90
