01011916 23 -0.91
02011916 23 -0.91
03011916 23 -0.90
04011916 23 -0.90
05011916 23 -0.90
06011916 23 -0.91
07011916 23 -0.91
08011916 23 -0.91
09011916 23 -0.91
10011916 23 -0.90
11011916 23 -0.89
12011916 23 -0.87
13011916 23 -0.86
14011916 23 -0.85
15011916 23 -0.83
16011916 23 -0.86
17011916 23 -0.89
18011916 23 -0.89
19011916 23 -0.88
20011916 23 -0.90
21011916 23 -0.90
22011916 23 -0.89
23011916 23 -0.88
24011916 23 -0.87
25011916 23 -0.85
26011916 23 -0.84
27011916 23 -0.82
28011916 23 -0.80
29011916 23 -0.78
30011916 23 -0.76
31011916 23 -0.75
01021916 23 -0.80
02021916 23 -0.85
03021916 23 -0.88
04021916 23 -0.88
05021916 23 -0.87
06021916 23 -0.86
07021916 23 -0.84
08021916 23 -0.83
09021916 23 -0.81
10021916 23 -0.79
11021916 23 -0.83
12021916 23 -0.87
13021916 23 -0.90
14021916 23 -0.90
15021916 23 -0.88
16021916 23 -0.87
17021916 23 -0.85
18021916 23 -0.84
19021916 23 -0.82
20021916 23 -0.80
21021916 23 -0.78
22021916 23 -0.75
23021916 23 -0.73
24021916 23 -0.78
25021916 23 -0.78
26021916 23 -0.78
27021916 23 -0.82
28021916 23 -0.86
01031916 23 -0.87
02031916 23 -0.89
03031916 23 -0.90
04031916 23 -0.88
05031916 23 -0.86
06031916 23 -0.86
07031916 23 -0.89
08031916 23 -0.89
09031916 23 -0.87
10031916 23 -0.85
11031916 23 -0.84
12031916 23 -0.87
13031916 23 -0.89
14031916 23 -0.88
15031916 23 -0.89
16031916 23 -0.90
17031916 23 -0.88
18031916 23 -0.88
19031916 23 -0.90
20031916 23 -0.89
21031916 23 -0.88
22031916 23 -0.90
23031916 23 -0.89
24031916 23 -0.90
25031916 23 -0.89
26031916 23 -0.88
27031916 23 -0.90
28031916 23 -0.89
29031916 23 -0.87
30031916 23 -0.86
31031916 23 -0.89
01041916 23 -0.90
02041916 23 -0.88
03041916 23 -0.88
04041916 23 -0.90
05041916 23 -0.90
06041916 23 -0.88
07041916 23 -0.87
08041916 23 -0.85
09041916 23 -0.83
10041916 23 -0.80
11041916 23 -0.79
12041916 23 -0.83
13041916 23 -0.86
14041916 23 -0.86
15041916 23 -0.85
16041916 23 -0.82
17041916 23 -0.80
18041916 23 -0.83
19041916 23 -0.84
20041916 23 -0.83
21041916 23 -0.80
22041916 23 -0.79
23041916 23 -0.82
24041916 23 -0.83
25041916 23 -0.81
26041916 23 -0.79
27041916 23 -0.78
28041916 23 -0.83
29041916 23 -0.84
30041916 23 -0.83
01051916 23 -0.86
02051916 23 -0.87
03051916 23 -0.85
04051916 23 -0.84
05051916 23 -0.87
06051916 23 -0.88
07051916 23 -0.86
08051916 23 -0.85
09051916 23 -0.88
10051916 23 -0.88
11051916 23 -0.88
12051916 23 -0.89
13051916 23 -0.89
14051916 23 -0.89
15051916 23 -0.87
16051916 23 -0.89
17051916 23 -0.90
18051916 23 -0.89
19051916 23 -0.85
20051916 23 -0.81
21051916 23 -0.81
22051916 23 -0.86
23051916 23 -0.88
24051916 23 -0.86
25051916 23 -0.84
26051916 23 -0.81
27051916 23 -0.78
28051916 23 -0.75
29051916 23 -0.71
30051916 23 -0.67
31051916 23 -0.63
01061916 23 -0.60
02061916 23 -0.72
03061916 23 -0.79
04061916 23 -0.78
05061916 23 -0.75
06061916 23 -0.72
07061916 23 -0.69
08061916 23 -0.65
09061916 23 -0.62
10061916 23 -0.59
11061916 23 -0.59
12061916 23 -0.78
13061916 23 -0.86
14061916 23 -0.88
15061916 23 -0.87
16061916 23 -0.84
17061916 23 -0.80
18061916 23 -0.76
19061916 23 -0.72
20061916 23 -0.71
21061916 23 -0.79
22061916 23 -0.82
23061916 23 -0.83
24061916 23 -0.83
25061916 23 -0.81
26061916 23 -0.78
27061916 23 -0.78
28061916 23 -0.83
29061916 23 -0.86
30061916 23 -0.87
01071916 23 -0.84
02071916 23 -0.80
03071916 23 -0.76
04071916 23 -0.70
05071916 23 -0.65
06071916 23 -0.60
07071916 23 -0.55
08071916 23 -0.51
09071916 23 -0.47
10071916 23 -0.48
11071916 23 -0.71
12071916 23 -0.73
13071916 23 -0.65
14071916 23 -0.60
15071916 23 -0.55
16071916 23 -0.51
17071916 23 -0.68
18071916 23 -0.74
19071916 23 -0.69
20071916 23 -0.64
21071916 23 -0.60
22071916 23 -0.56
23071916 23 -0.52
24071916 23 -0.49
25071916 23 -0.45
26071916 23 -0.41
27071916 23 -0.37
28071916 23 -0.32
29071916 23 -0.27
30071916 23 -0.19
31071916 23 -0.11
01081916 23 -0.21
02081916 23 -0.73
03081916 23 -0.81
04081916 23 -0.84
05081916 23 -0.85
06081916 23 -0.84
07081916 23 -0.83
08081916 23 -0.81
09081916 23 -0.79
10081916 23 -0.75
11081916 23 -0.71
12081916 23 -0.74
13081916 23 -0.87
14081916 23 -0.92
15081916 23 -0.90
16081916 23 -0.88
17081916 23 -0.86
18081916 23 -0.83
19081916 23 -0.81
20081916 23 -0.81
21081916 23 -0.78
22081916 23 -0.77
23081916 23 -0.72
24081916 23 -0.67
25081916 23 -0.62
26081916 23 -0.57
27081916 23 -0.53
28081916 23 -0.49
29081916 23 -0.46
30081916 23 -0.73
31081916 23 -0.85
01091916 23 -0.88
02091916 23 -0.88
03091916 23 -0.89
04091916 23 -0.87
05091916 23 -0.85
06091916 23 -0.91
07091916 23 -0.93
08091916 23 -0.91
09091916 23 -0.89
10091916 23 -0.88
11091916 23 -0.87
12091916 23 -0.85
13091916 23 -0.84
14091916 23 -0.83
15091916 23 -0.79
16091916 23 -0.77
17091916 23 -0.87
18091916 23 -0.92
19091916 23 -0.92
20091916 23 -0.89
21091916 23 -0.88
22091916 23 -0.86
23091916 23 -0.86
24091916 23 -0.84
25091916 23 -0.81
26091916 23 -0.77
27091916 23 -0.72
28091916 23 -0.67
29091916 23 -0.63
30091916 23 -0.61
01101916 23 -0.66
02101916 23 -0.81
03101916 23 -0.78
04101916 23 -0.73
05101916 23 -0.67
06101916 23 -0.62
07101916 23 -0.57
08101916 23 -0.53
09101916 23 -0.49
10101916 23 -0.83
11101916 23 -0.95
12101916 23 -0.88
13101916 23 -0.86
14101916 23 -0.83
15101916 23 -0.80
16101916 23 -0.76
17101916 23 -0.72
18101916 23 -0.91
19101916 23 -0.97
20101916 23 -0.98
21101916 23 -0.97
22101916 23 -0.97
23101916 23 -0.97
24101916 23 -0.97
25101916 23 -0.95
26101916 23 -0.94
27101916 23 -0.96
28101916 23 -0.97
29101916 23 -0.96
30101916 23 -0.94
31101916 23 -0.93
01111916 23 -0.92
02111916 23 -0.93
03111916 23 -0.93
04111916 23 -0.94
05111916 23 -0.94
06111916 23 -0.94
07111916 23 -0.94
08111916 23 -0.94
09111916 23 -0.94
10111916 23 -0.94
11111916 23 -0.94
12111916 23 -0.94
13111916 23 -0.94
14111916 23 -0.95
15111916 23 -0.99
16111916 23 -1.03
17111916 23 -1.06
18111916 23 -1.07
19111916 23 -1.08
20111916 23 -1.10
21111916 23 -1.10
22111916 23 -1.10
23111916 23 -1.10
24111916 23 -1.10
25111916 23 -1.10
26111916 23 -1.10
27111916 23 -1.10
28111916 23 -1.10
29111916 23 -1.10
30111916 23 -1.11
01121916 23 -1.11
02121916 23 -1.11
03121916 23 -1.11
04121916 23 -1.10
05121916 23 -1.09
06121916 23 -1.08
07121916 23 -1.09
08121916 23 -1.08
09121916 23 -1.08
10121916 23 -1.08
11121916 23 -1.08
12121916 23 -1.09
13121916 23 -1.09
14121916 23 -1.09
15121916 23 -1.09
16121916 23 -1.09
17121916 23 -1.09
18121916 23 -1.08
19121916 23 -1.04
20121916 23 -1.01
21121916 23 -1.00
22121916 23 -1.09
23121916 23 -1.10
24121916 23 -1.04
25121916 23 -1.01
26121916 23 -0.98
27121916 23 -0.96
28121916 23 -0.96
29121916 23 -0.94
30121916 23 -0.92
31121916 23 -0.90
