01011974 23 -0.91
02011974 23 -0.91
03011974 23 -0.90
04011974 23 -0.90
05011974 23 -0.90
06011974 23 -0.91
07011974 23 -0.91
08011974 23 -0.91
09011974 23 -0.91
10011974 23 -0.90
11011974 23 -0.89
12011974 23 -0.87
13011974 23 -0.86
14011974 23 -0.85
15011974 23 -0.83
16011974 23 -0.86
17011974 23 -0.89
18011974 23 -0.89
19011974 23 -0.88
20011974 23 -0.90
21011974 23 -0.90
22011974 23 -0.89
23011974 23 -0.88
24011974 23 -0.87
25011974 23 -0.85
26011974 23 -0.84
27011974 23 -0.82
28011974 23 -0.80
29011974 23 -0.78
30011974 23 -0.76
31011974 23 -0.75
01021974 23 -0.80
02021974 23 -0.85
03021974 23 -0.88
04021974 23 -0.88
05021974 23 -0.87
06021974 23 -0.86
07021974 23 -0.84
08021974 23 -0.83
09021974 23 -0.81
10021974 23 -0.79
11021974 23 -0.83
12021974 23 -0.87
13021974 23 -0.90
14021974 23 -0.90
15021974 23 -0.88
16021974 23 -0.87
17021974 23 -0.85
18021974 23 -0.84
19021974 23 -0.82
20021974 23 -0.80
21021974 23 -0.78
22021974 23 -0.75
23021974 23 -0.73
24021974 23 -0.78
25021974 23 -0.78
26021974 23 -0.78
27021974 23 -0.82
28021974 23 -0.86
01031974 23 -0.87
02031974 23 -0.89
03031974 23 -0.90
04031974 23 -0.88
05031974 23 -0.86
06031974 23 -0.86
07031974 23 -0.89
08031974 23 -0.89
09031974 23 -0.87
10031974 23 -0.85
11031974 23 -0.84
12031974 23 -0.87
13031974 23 -0.89
14031974 23 -0.88
15031974 23 -0.89
16031974 23 -0.90
17031974 23 -0.88
18031974 23 -0.88
19031974 23 -0.90
20031974 23 -0.89
21031974 23 -0.88
22031974 23 -0.90
23031974 23 -0.89
24031974 23 -0.90
25031974 23 -0.89
26031974 23 -0.88
27031974 23 -0.90
28031974 23 -0.89
29031974 23 -0.87
30031974 23 -0.86
31031974 23 -0.89
01041974 23 -0.90
02041974 23 -0.88
03041974 23 -0.88
04041974 23 -0.90
05041974 23 -0.90
06041974 23 -0.88
07041974 23 -0.87
08041974 23 -0.85
09041974 23 -0.83
10041974 23 -0.80
11041974 23 -0.79
12041974 23 -0.83
13041974 23 -0.86
14041974 23 -0.86
15041974 23 -0.85
16041974 23 -0.82
17041974 23 -0.80
18041974 23 -0.83
19041974 23 -0.84
20041974 23 -0.83
21041974 23 -0.80
22041974 23 -0.79
23041974 23 -0.82
24041974 23 -0.83
25041974 23 -0.81
26041974 23 -0.79
27041974 23 -0.78
28041974 23 -0.83
29041974 23 -0.84
30041974 23 -0.83
01051974 23 -0.86
02051974 23 -0.87
03051974 23 -0.85
04051974 23 -0.84
05051974 23 -0.87
06051974 23 -0.88
07051974 23 -0.86
08051974 23 -0.85
09051974 23 -0.88
10051974 23 -0.88
11051974 23 -0.88
12051974 23 -0.89
13051974 23 -0.89
14051974 23 -0.89
15051974 23 -0.87
16051974 23 -0.89
17051974 23 -0.90
18051974 23 -0.89
19051974 23 -0.85
20051974 23 -0.81
21051974 23 -0.81
22051974 23 -0.86
23051974 23 -0.88
24051974 23 -0.86
25051974 23 -0.84
26051974 23 -0.81
27051974 23 -0.78
28051974 23 -0.75
29051974 23 -0.71
30051974 23 -0.67
31051974 23 -0.63
01061974 23 -0.60
02061974 23 -0.72
03061974 23 -0.79
04061974 23 -0.78
05061974 23 -0.75
06061974 23 -0.72
07061974 23 -0.69
08061974 23 -0.65
09061974 23 -0.62
10061974 23 -0.59
11061974 23 -0.59
12061974 23 -0.78
13061974 23 -0.86
14061974 23 -0.88
15061974 23 -0.87
16061974 23 -0.84
17061974 23 -0.80
18061974 23 -0.76
19061974 23 -0.72
20061974 23 -0.71
21061974 23 -0.79
22061974 23 -0.82
23061974 23 -0.83
24061974 23 -0.83
25061974 23 -0.81
26061974 23 -0.78
27061974 23 -0.78
28061974 23 -0.83
29061974 23 -0.86
30061974 23 -0.87
01071974 23 -0.84
02071974 23 -0.80
03071974 23 -0.76
04071974 23 -0.70
05071974 23 -0.65
06071974 23 -0.60
07071974 23 -0.55
08071974 23 -0.51
09071974 23 -0.47
10071974 23 -0.48
11071974 23 -0.71
12071974 23 -0.73
13071974 23 -0.65
14071974 23 -0.60
15071974 23 -0.55
16071974 23 -0.51
17071974 23 -0.68
18071974 23 -0.74
19071974 23 -0.69
20071974 23 -0.64
21071974 23 -0.60
22071974 23 -0.56
23071974 23 -0.52
24071974 23 -0.49
25071974 23 -0.45
26071974 23 -0.41
27071974 23 -0.37
28071974 23 -0.32
29071974 23 -0.27
30071974 23 -0.19
31071974 23 -0.11
01081974 23 -0.21
02081974 23 -0.73
03081974 23 -0.81
04081974 23 -0.84
05081974 23 -0.85
06081974 23 -0.84
07081974 23 -0.83
08081974 23 -0.81
09081974 23 -0.79
10081974 23 -0.75
11081974 23 -0.71
12081974 23 -0.74
13081974 23 -0.87
14081974 23 -0.92
15081974 23 -0.90
16081974 23 -0.88
17081974 23 -0.86
18081974 23 -0.83
19081974 23 -0.81
20081974 23 -0.81
21081974 23 -0.78
22081974 23 -0.77
23081974 23 -0.72
24081974 23 -0.67
25081974 23 -0.62
26081974 23 -0.57
27081974 23 -0.53
28081974 23 -0.49
29081974 23 -0.46
30081974 23 -0.73
31081974 23 -0.85
01091974 23 -0.88
02091974 23 -0.88
03091974 23 -0.89
04091974 23 -0.87
05091974 23 -0.85
06091974 23 -0.91
07091974 23 -0.93
08091974 23 -0.91
09091974 23 -0.89
10091974 23 -0.88
11091974 23 -0.87
12091974 23 -0.85
13091974 23 -0.84
14091974 23 -0.83
15091974 23 -0.79
16091974 23 -0.77
17091974 23 -0.87
18091974 23 -0.92
19091974 23 -0.92
20091974 23 -0.89
21091974 23 -0.88
22091974 23 -0.86
23091974 23 -0.86
24091974 23 -0.84
25091974 23 -0.81
26091974 23 -0.77
27091974 23 -0.72
28091974 23 -0.67
29091974 23 -0.63
30091974 23 -0.61
01101974 23 -0.66
02101974 23 -0.81
03101974 23 -0.78
04101974 23 -0.73
05101974 23 -0.67
06101974 23 -0.62
07101974 23 -0.57
08101974 23 -0.53
09101974 23 -0.49
10101974 23 -0.83
11101974 23 -0.95
12101974 23 -0.88
13101974 23 -0.86
14101974 23 -0.83
15101974 23 -0.80
16101974 23 -0.76
17101974 23 -0.72
18101974 23 -0.91
19101974 23 -0.97
20101974 23 -0.98
21101974 23 -0.97
22101974 23 -0.97
23101974 23 -0.97
24101974 23 -0.97
25101974 23 -0.95
26101974 23 -0.94
27101974 23 -0.96
28101974 23 -0.97
29101974 23 -0.96
30101974 23 -0.94
31101974 23 -0.93
01111974 23 -0.92
02111974 23 -0.93
03111974 23 -0.93
04111974 23 -0.94
05111974 23 -0.94
06111974 23 -0.94
07111974 23 -0.94
08111974 23 -0.94
09111974 23 -0.94
10111974 23 -0.94
11111974 23 -0.94
12111974 23 -0.94
13111974 23 -0.94
14111974 23 -0.95
15111974 23 -0.99
16111974 23 -1.03
17111974 23 -1.06
18111974 23 -1.07
19111974 23 -1.08
20111974 23 -1.10
21111974 23 -1.10
22111974 23 -1.10
23111974 23 -1.10
24111974 23 -1.10
25111974 23 -1.10
26111974 23 -1.10
27111974 23 -1.10
28111974 23 -1.10
29111974 23 -1.10
30111974 23 -1.11
01121974 23 -1.11
02121974 23 -1.11
03121974 23 -1.11
04121974 23 -1.10
05121974 23 -1.09
06121974 23 -1.08
07121974 23 -1.09
08121974 23 -1.08
09121974 23 -1.08
10121974 23 -1.08
11121974 23 -1.08
12121974 23 -1.09
13121974 23 -1.09
14121974 23 -1.09
15121974 23 -1.09
16121974 23 -1.09
17121974 23 -1.09
18121974 23 -1.08
19121974 23 -1.04
20121974 23 -1.01
21121974 23 -1.00
22121974 23 -1.09
23121974 23 -1.10
24121974 23 -1.04
25121974 23 -1.01
26121974 23 -0.98
27121974 23 -0.96
28121974 23 -0.96
29121974 23 -0.94
30121974 23 -0.92
31121974 23 -0.90
