01011941 23 -0.91
02011941 23 -0.91
03011941 23 -0.90
04011941 23 -0.90
05011941 23 -0.90
06011941 23 -0.91
07011941 23 -0.91
08011941 23 -0.91
09011941 23 -0.91
10011941 23 -0.90
11011941 23 -0.89
12011941 23 -0.87
13011941 23 -0.86
14011941 23 -0.85
15011941 23 -0.83
16011941 23 -0.86
17011941 23 -0.89
18011941 23 -0.89
19011941 23 -0.88
20011941 23 -0.90
21011941 23 -0.90
22011941 23 -0.89
23011941 23 -0.88
24011941 23 -0.87
25011941 23 -0.85
26011941 23 -0.84
27011941 23 -0.82
28011941 23 -0.80
29011941 23 -0.78
30011941 23 -0.76
31011941 23 -0.75
01021941 23 -0.80
02021941 23 -0.85
03021941 23 -0.88
04021941 23 -0.88
05021941 23 -0.87
06021941 23 -0.86
07021941 23 -0.84
08021941 23 -0.83
09021941 23 -0.81
10021941 23 -0.79
11021941 23 -0.83
12021941 23 -0.87
13021941 23 -0.90
14021941 23 -0.90
15021941 23 -0.88
16021941 23 -0.87
17021941 23 -0.85
18021941 23 -0.84
19021941 23 -0.82
20021941 23 -0.80
21021941 23 -0.78
22021941 23 -0.75
23021941 23 -0.73
24021941 23 -0.78
25021941 23 -0.78
26021941 23 -0.78
27021941 23 -0.82
28021941 23 -0.86
01031941 23 -0.87
02031941 23 -0.89
03031941 23 -0.90
04031941 23 -0.88
05031941 23 -0.86
06031941 23 -0.86
07031941 23 -0.89
08031941 23 -0.89
09031941 23 -0.87
10031941 23 -0.85
11031941 23 -0.84
12031941 23 -0.87
13031941 23 -0.89
14031941 23 -0.88
15031941 23 -0.89
16031941 23 -0.90
17031941 23 -0.88
18031941 23 -0.88
19031941 23 -0.90
20031941 23 -0.89
21031941 23 -0.88
22031941 23 -0.90
23031941 23 -0.89
24031941 23 -0.90
25031941 23 -0.89
26031941 23 -0.88
27031941 23 -0.90
28031941 23 -0.89
29031941 23 -0.87
30031941 23 -0.86
31031941 23 -0.89
01041941 23 -0.90
02041941 23 -0.88
03041941 23 -0.88
04041941 23 -0.90
05041941 23 -0.90
06041941 23 -0.88
07041941 23 -0.87
08041941 23 -0.85
09041941 23 -0.83
10041941 23 -0.80
11041941 23 -0.79
12041941 23 -0.83
13041941 23 -0.86
14041941 23 -0.86
15041941 23 -0.85
16041941 23 -0.82
17041941 23 -0.80
18041941 23 -0.83
19041941 23 -0.84
20041941 23 -0.83
21041941 23 -0.80
22041941 23 -0.79
23041941 23 -0.82
24041941 23 -0.83
25041941 23 -0.81
26041941 23 -0.79
27041941 23 -0.78
28041941 23 -0.83
29041941 23 -0.84
30041941 23 -0.83
01051941 23 -0.86
02051941 23 -0.87
03051941 23 -0.85
04051941 23 -0.84
05051941 23 -0.87
06051941 23 -0.88
07051941 23 -0.86
08051941 23 -0.85
09051941 23 -0.88
10051941 23 -0.88
11051941 23 -0.88
12051941 23 -0.89
13051941 23 -0.89
14051941 23 -0.89
15051941 23 -0.87
16051941 23 -0.89
17051941 23 -0.90
18051941 23 -0.89
19051941 23 -0.85
20051941 23 -0.81
21051941 23 -0.81
22051941 23 -0.86
23051941 23 -0.88
24051941 23 -0.86
25051941 23 -0.84
26051941 23 -0.81
27051941 23 -0.78
28051941 23 -0.75
29051941 23 -0.71
30051941 23 -0.67
31051941 23 -0.63
01061941 23 -0.60
02061941 23 -0.72
03061941 23 -0.79
04061941 23 -0.78
05061941 23 -0.75
06061941 23 -0.72
07061941 23 -0.69
08061941 23 -0.65
09061941 23 -0.62
10061941 23 -0.59
11061941 23 -0.59
12061941 23 -0.78
13061941 23 -0.86
14061941 23 -0.88
15061941 23 -0.87
16061941 23 -0.84
17061941 23 -0.80
18061941 23 -0.76
19061941 23 -0.72
20061941 23 -0.71
21061941 23 -0.79
22061941 23 -0.82
23061941 23 -0.83
24061941 23 -0.83
25061941 23 -0.81
26061941 23 -0.78
27061941 23 -0.78
28061941 23 -0.83
29061941 23 -0.86
30061941 23 -0.87
01071941 23 -0.84
02071941 23 -0.80
03071941 23 -0.76
04071941 23 -0.70
05071941 23 -0.65
06071941 23 -0.60
07071941 23 -0.55
08071941 23 -0.51
09071941 23 -0.47
10071941 23 -0.48
11071941 23 -0.71
12071941 23 -0.73
13071941 23 -0.65
14071941 23 -0.60
15071941 23 -0.55
16071941 23 -0.51
17071941 23 -0.68
18071941 23 -0.74
19071941 23 -0.69
20071941 23 -0.64
21071941 23 -0.60
22071941 23 -0.56
23071941 23 -0.52
24071941 23 -0.49
25071941 23 -0.45
26071941 23 -0.41
27071941 23 -0.37
28071941 23 -0.32
29071941 23 -0.27
30071941 23 -0.19
31071941 23 -0.11
01081941 23 -0.21
02081941 23 -0.73
03081941 23 -0.81
04081941 23 -0.84
05081941 23 -0.85
06081941 23 -0.84
07081941 23 -0.83
08081941 23 -0.81
09081941 23 -0.79
10081941 23 -0.75
11081941 23 -0.71
12081941 23 -0.74
13081941 23 -0.87
14081941 23 -0.92
15081941 23 -0.90
16081941 23 -0.88
17081941 23 -0.86
18081941 23 -0.83
19081941 23 -0.81
20081941 23 -0.81
21081941 23 -0.78
22081941 23 -0.77
23081941 23 -0.72
24081941 23 -0.67
25081941 23 -0.62
26081941 23 -0.57
27081941 23 -0.53
28081941 23 -0.49
29081941 23 -0.46
30081941 23 -0.73
31081941 23 -0.85
01091941 23 -0.88
02091941 23 -0.88
03091941 23 -0.89
04091941 23 -0.87
05091941 23 -0.85
06091941 23 -0.91
07091941 23 -0.93
08091941 23 -0.91
09091941 23 -0.89
10091941 23 -0.88
11091941 23 -0.87
12091941 23 -0.85
13091941 23 -0.84
14091941 23 -0.83
15091941 23 -0.79
16091941 23 -0.77
17091941 23 -0.87
18091941 23 -0.92
19091941 23 -0.92
20091941 23 -0.89
21091941 23 -0.88
22091941 23 -0.86
23091941 23 -0.86
24091941 23 -0.84
25091941 23 -0.81
26091941 23 -0.77
27091941 23 -0.72
28091941 23 -0.67
29091941 23 -0.63
30091941 23 -0.61
01101941 23 -0.66
02101941 23 -0.81
03101941 23 -0.78
04101941 23 -0.73
05101941 23 -0.67
06101941 23 -0.62
07101941 23 -0.57
08101941 23 -0.53
09101941 23 -0.49
10101941 23 -0.83
11101941 23 -0.95
12101941 23 -0.88
13101941 23 -0.86
14101941 23 -0.83
15101941 23 -0.80
16101941 23 -0.76
17101941 23 -0.72
18101941 23 -0.91
19101941 23 -0.97
20101941 23 -0.98
21101941 23 -0.97
22101941 23 -0.97
23101941 23 -0.97
24101941 23 -0.97
25101941 23 -0.95
26101941 23 -0.94
27101941 23 -0.96
28101941 23 -0.97
29101941 23 -0.96
30101941 23 -0.94
31101941 23 -0.93
01111941 23 -0.92
02111941 23 -0.93
03111941 23 -0.93
04111941 23 -0.94
05111941 23 -0.94
06111941 23 -0.94
07111941 23 -0.94
08111941 23 -0.94
09111941 23 -0.94
10111941 23 -0.94
11111941 23 -0.94
12111941 23 -0.94
13111941 23 -0.94
14111941 23 -0.95
15111941 23 -0.99
16111941 23 -1.03
17111941 23 -1.06
18111941 23 -1.07
19111941 23 -1.08
20111941 23 -1.10
21111941 23 -1.10
22111941 23 -1.10
23111941 23 -1.10
24111941 23 -1.10
25111941 23 -1.10
26111941 23 -1.10
27111941 23 -1.10
28111941 23 -1.10
29111941 23 -1.10
30111941 23 -1.11
01121941 23 -1.11
02121941 23 -1.11
03121941 23 -1.11
04121941 23 -1.10
05121941 23 -1.09
06121941 23 -1.08
07121941 23 -1.09
08121941 23 -1.08
09121941 23 -1.08
10121941 23 -1.08
11121941 23 -1.08
12121941 23 -1.09
13121941 23 -1.09
14121941 23 -1.09
15121941 23 -1.09
16121941 23 -1.09
17121941 23 -1.09
18121941 23 -1.08
19121941 23 -1.04
20121941 23 -1.01
21121941 23 -1.00
22121941 23 -1.09
23121941 23 -1.10
24121941 23 -1.04
25121941 23 -1.01
26121941 23 -0.98
27121941 23 -0.96
28121941 23 -0.96
29121941 23 -0.94
30121941 23 -0.92
31121941 23 -0.90
