01011976 23 -0.91
02011976 23 -0.91
03011976 23 -0.90
04011976 23 -0.90
05011976 23 -0.90
06011976 23 -0.91
07011976 23 -0.91
08011976 23 -0.91
09011976 23 -0.91
10011976 23 -0.90
11011976 23 -0.89
12011976 23 -0.87
13011976 23 -0.86
14011976 23 -0.85
15011976 23 -0.83
16011976 23 -0.86
17011976 23 -0.89
18011976 23 -0.89
19011976 23 -0.88
20011976 23 -0.90
21011976 23 -0.90
22011976 23 -0.89
23011976 23 -0.88
24011976 23 -0.87
25011976 23 -0.85
26011976 23 -0.84
27011976 23 -0.82
28011976 23 -0.80
29011976 23 -0.78
30011976 23 -0.76
31011976 23 -0.75
01021976 23 -0.80
02021976 23 -0.85
03021976 23 -0.88
04021976 23 -0.88
05021976 23 -0.87
06021976 23 -0.86
07021976 23 -0.84
08021976 23 -0.83
09021976 23 -0.81
10021976 23 -0.79
11021976 23 -0.83
12021976 23 -0.87
13021976 23 -0.90
14021976 23 -0.90
15021976 23 -0.88
16021976 23 -0.87
17021976 23 -0.85
18021976 23 -0.84
19021976 23 -0.82
20021976 23 -0.80
21021976 23 -0.78
22021976 23 -0.75
23021976 23 -0.73
24021976 23 -0.78
25021976 23 -0.78
26021976 23 -0.78
27021976 23 -0.82
28021976 23 -0.86
01031976 23 -0.87
02031976 23 -0.89
03031976 23 -0.90
04031976 23 -0.88
05031976 23 -0.86
06031976 23 -0.86
07031976 23 -0.89
08031976 23 -0.89
09031976 23 -0.87
10031976 23 -0.85
11031976 23 -0.84
12031976 23 -0.87
13031976 23 -0.89
14031976 23 -0.88
15031976 23 -0.89
16031976 23 -0.90
17031976 23 -0.88
18031976 23 -0.88
19031976 23 -0.90
20031976 23 -0.89
21031976 23 -0.88
22031976 23 -0.90
23031976 23 -0.89
24031976 23 -0.90
25031976 23 -0.89
26031976 23 -0.88
27031976 23 -0.90
28031976 23 -0.89
29031976 23 -0.87
30031976 23 -0.86
31031976 23 -0.89
01041976 23 -0.90
02041976 23 -0.88
03041976 23 -0.88
04041976 23 -0.90
05041976 23 -0.90
06041976 23 -0.88
07041976 23 -0.87
08041976 23 -0.85
09041976 23 -0.83
10041976 23 -0.80
11041976 23 -0.79
12041976 23 -0.83
13041976 23 -0.86
14041976 23 -0.86
15041976 23 -0.85
16041976 23 -0.82
17041976 23 -0.80
18041976 23 -0.83
19041976 23 -0.84
20041976 23 -0.83
21041976 23 -0.80
22041976 23 -0.79
23041976 23 -0.82
24041976 23 -0.83
25041976 23 -0.81
26041976 23 -0.79
27041976 23 -0.78
28041976 23 -0.83
29041976 23 -0.84
30041976 23 -0.83
01051976 23 -0.86
02051976 23 -0.87
03051976 23 -0.85
04051976 23 -0.84
05051976 23 -0.87
06051976 23 -0.88
07051976 23 -0.86
08051976 23 -0.85
09051976 23 -0.88
10051976 23 -0.88
11051976 23 -0.88
12051976 23 -0.89
13051976 23 -0.89
14051976 23 -0.89
15051976 23 -0.87
16051976 23 -0.89
17051976 23 -0.90
18051976 23 -0.89
19051976 23 -0.85
20051976 23 -0.81
21051976 23 -0.81
22051976 23 -0.86
23051976 23 -0.88
24051976 23 -0.86
25051976 23 -0.84
26051976 23 -0.81
27051976 23 -0.78
28051976 23 -0.75
29051976 23 -0.71
30051976 23 -0.67
31051976 23 -0.63
01061976 23 -0.60
02061976 23 -0.72
03061976 23 -0.79
04061976 23 -0.78
05061976 23 -0.75
06061976 23 -0.72
07061976 23 -0.69
08061976 23 -0.65
09061976 23 -0.62
10061976 23 -0.59
11061976 23 -0.59
12061976 23 -0.78
13061976 23 -0.86
14061976 23 -0.88
15061976 23 -0.87
16061976 23 -0.84
17061976 23 -0.80
18061976 23 -0.76
19061976 23 -0.72
20061976 23 -0.71
21061976 23 -0.79
22061976 23 -0.82
23061976 23 -0.83
24061976 23 -0.83
25061976 23 -0.81
26061976 23 -0.78
27061976 23 -0.78
28061976 23 -0.83
29061976 23 -0.86
30061976 23 -0.87
01071976 23 -0.84
02071976 23 -0.80
03071976 23 -0.76
04071976 23 -0.70
05071976 23 -0.65
06071976 23 -0.60
07071976 23 -0.55
08071976 23 -0.51
09071976 23 -0.47
10071976 23 -0.48
11071976 23 -0.71
12071976 23 -0.73
13071976 23 -0.65
14071976 23 -0.60
15071976 23 -0.55
16071976 23 -0.51
17071976 23 -0.68
18071976 23 -0.74
19071976 23 -0.69
20071976 23 -0.64
21071976 23 -0.60
22071976 23 -0.56
23071976 23 -0.52
24071976 23 -0.49
25071976 23 -0.45
26071976 23 -0.41
27071976 23 -0.37
28071976 23 -0.32
29071976 23 -0.27
30071976 23 -0.19
31071976 23 -0.11
01081976 23 -0.21
02081976 23 -0.73
03081976 23 -0.81
04081976 23 -0.84
05081976 23 -0.85
06081976 23 -0.84
07081976 23 -0.83
08081976 23 -0.81
09081976 23 -0.79
10081976 23 -0.75
11081976 23 -0.71
12081976 23 -0.74
13081976 23 -0.87
14081976 23 -0.92
15081976 23 -0.90
16081976 23 -0.88
17081976 23 -0.86
18081976 23 -0.83
19081976 23 -0.81
20081976 23 -0.81
21081976 23 -0.78
22081976 23 -0.77
23081976 23 -0.72
24081976 23 -0.67
25081976 23 -0.62
26081976 23 -0.57
27081976 23 -0.53
28081976 23 -0.49
29081976 23 -0.46
30081976 23 -0.73
31081976 23 -0.85
01091976 23 -0.88
02091976 23 -0.88
03091976 23 -0.89
04091976 23 -0.87
05091976 23 -0.85
06091976 23 -0.91
07091976 23 -0.93
08091976 23 -0.91
09091976 23 -0.89
10091976 23 -0.88
11091976 23 -0.87
12091976 23 -0.85
13091976 23 -0.84
14091976 23 -0.83
15091976 23 -0.79
16091976 23 -0.77
17091976 23 -0.87
18091976 23 -0.92
19091976 23 -0.92
20091976 23 -0.89
21091976 23 -0.88
22091976 23 -0.86
23091976 23 -0.86
24091976 23 -0.84
25091976 23 -0.81
26091976 23 -0.77
27091976 23 -0.72
28091976 23 -0.67
29091976 23 -0.63
30091976 23 -0.61
01101976 23 -0.66
02101976 23 -0.81
03101976 23 -0.78
04101976 23 -0.73
05101976 23 -0.67
06101976 23 -0.62
07101976 23 -0.57
08101976 23 -0.53
09101976 23 -0.49
10101976 23 -0.83
11101976 23 -0.95
12101976 23 -0.88
13101976 23 -0.86
14101976 23 -0.83
15101976 23 -0.80
16101976 23 -0.76
17101976 23 -0.72
18101976 23 -0.91
19101976 23 -0.97
20101976 23 -0.98
21101976 23 -0.97
22101976 23 -0.97
23101976 23 -0.97
24101976 23 -0.97
25101976 23 -0.95
26101976 23 -0.94
27101976 23 -0.96
28101976 23 -0.97
29101976 23 -0.96
30101976 23 -0.94
31101976 23 -0.93
01111976 23 -0.92
02111976 23 -0.93
03111976 23 -0.93
04111976 23 -0.94
05111976 23 -0.94
06111976 23 -0.94
07111976 23 -0.94
08111976 23 -0.94
09111976 23 -0.94
10111976 23 -0.94
11111976 23 -0.94
12111976 23 -0.94
13111976 23 -0.94
14111976 23 -0.95
15111976 23 -0.99
16111976 23 -1.03
17111976 23 -1.06
18111976 23 -1.07
19111976 23 -1.08
20111976 23 -1.10
21111976 23 -1.10
22111976 23 -1.10
23111976 23 -1.10
24111976 23 -1.10
25111976 23 -1.10
26111976 23 -1.10
27111976 23 -1.10
28111976 23 -1.10
29111976 23 -1.10
30111976 23 -1.11
01121976 23 -1.11
02121976 23 -1.11
03121976 23 -1.11
04121976 23 -1.10
05121976 23 -1.09
06121976 23 -1.08
07121976 23 -1.09
08121976 23 -1.08
09121976 23 -1.08
10121976 23 -1.08
11121976 23 -1.08
12121976 23 -1.09
13121976 23 -1.09
14121976 23 -1.09
15121976 23 -1.09
16121976 23 -1.09
17121976 23 -1.09
18121976 23 -1.08
19121976 23 -1.04
20121976 23 -1.01
21121976 23 -1.00
22121976 23 -1.09
23121976 23 -1.10
24121976 23 -1.04
25121976 23 -1.01
26121976 23 -0.98
27121976 23 -0.96
28121976 23 -0.96
29121976 23 -0.94
30121976 23 -0.92
31121976 23 -0.90
