01011990 23 -0.91
02011990 23 -0.91
03011990 23 -0.90
04011990 23 -0.90
05011990 23 -0.90
06011990 23 -0.91
07011990 23 -0.91
08011990 23 -0.91
09011990 23 -0.91
10011990 23 -0.90
11011990 23 -0.89
12011990 23 -0.87
13011990 23 -0.86
14011990 23 -0.85
15011990 23 -0.83
16011990 23 -0.86
17011990 23 -0.89
18011990 23 -0.89
19011990 23 -0.88
20011990 23 -0.90
21011990 23 -0.90
22011990 23 -0.89
23011990 23 -0.88
24011990 23 -0.87
25011990 23 -0.85
26011990 23 -0.84
27011990 23 -0.82
28011990 23 -0.80
29011990 23 -0.78
30011990 23 -0.76
31011990 23 -0.75
01021990 23 -0.80
02021990 23 -0.85
03021990 23 -0.88
04021990 23 -0.88
05021990 23 -0.87
06021990 23 -0.86
07021990 23 -0.84
08021990 23 -0.83
09021990 23 -0.81
10021990 23 -0.79
11021990 23 -0.83
12021990 23 -0.87
13021990 23 -0.90
14021990 23 -0.90
15021990 23 -0.88
16021990 23 -0.87
17021990 23 -0.85
18021990 23 -0.84
19021990 23 -0.82
20021990 23 -0.80
21021990 23 -0.78
22021990 23 -0.75
23021990 23 -0.73
24021990 23 -0.78
25021990 23 -0.78
26021990 23 -0.78
27021990 23 -0.82
28021990 23 -0.86
01031990 23 -0.87
02031990 23 -0.89
03031990 23 -0.90
04031990 23 -0.88
05031990 23 -0.86
06031990 23 -0.86
07031990 23 -0.89
08031990 23 -0.89
09031990 23 -0.87
10031990 23 -0.85
11031990 23 -0.84
12031990 23 -0.87
13031990 23 -0.89
14031990 23 -0.88
15031990 23 -0.89
16031990 23 -0.90
17031990 23 -0.88
18031990 23 -0.88
19031990 23 -0.90
20031990 23 -0.89
21031990 23 -0.88
22031990 23 -0.90
23031990 23 -0.89
24031990 23 -0.90
25031990 23 -0.89
26031990 23 -0.88
27031990 23 -0.90
28031990 23 -0.89
29031990 23 -0.87
30031990 23 -0.86
31031990 23 -0.89
01041990 23 -0.90
02041990 23 -0.88
03041990 23 -0.88
04041990 23 -0.90
05041990 23 -0.90
06041990 23 -0.88
07041990 23 -0.87
08041990 23 -0.85
09041990 23 -0.83
10041990 23 -0.80
11041990 23 -0.79
12041990 23 -0.83
13041990 23 -0.86
14041990 23 -0.86
15041990 23 -0.85
16041990 23 -0.82
17041990 23 -0.80
18041990 23 -0.83
19041990 23 -0.84
20041990 23 -0.83
21041990 23 -0.80
22041990 23 -0.79
23041990 23 -0.82
24041990 23 -0.83
25041990 23 -0.81
26041990 23 -0.79
27041990 23 -0.78
28041990 23 -0.83
29041990 23 -0.84
30041990 23 -0.83
01051990 23 -0.86
02051990 23 -0.87
03051990 23 -0.85
04051990 23 -0.84
05051990 23 -0.87
06051990 23 -0.88
07051990 23 -0.86
08051990 23 -0.85
09051990 23 -0.88
10051990 23 -0.88
11051990 23 -0.88
12051990 23 -0.89
13051990 23 -0.89
14051990 23 -0.89
15051990 23 -0.87
16051990 23 -0.89
17051990 23 -0.90
18051990 23 -0.89
19051990 23 -0.85
20051990 23 -0.81
21051990 23 -0.81
22051990 23 -0.86
23051990 23 -0.88
24051990 23 -0.86
25051990 23 -0.84
26051990 23 -0.81
27051990 23 -0.78
28051990 23 -0.75
29051990 23 -0.71
30051990 23 -0.67
31051990 23 -0.63
01061990 23 -0.60
02061990 23 -0.72
03061990 23 -0.79
04061990 23 -0.78
05061990 23 -0.75
06061990 23 -0.72
07061990 23 -0.69
08061990 23 -0.65
09061990 23 -0.62
10061990 23 -0.59
11061990 23 -0.59
12061990 23 -0.78
13061990 23 -0.86
14061990 23 -0.88
15061990 23 -0.87
16061990 23 -0.84
17061990 23 -0.80
18061990 23 -0.76
19061990 23 -0.72
20061990 23 -0.71
21061990 23 -0.79
22061990 23 -0.82
23061990 23 -0.83
24061990 23 -0.83
25061990 23 -0.81
26061990 23 -0.78
27061990 23 -0.78
28061990 23 -0.83
29061990 23 -0.86
30061990 23 -0.87
01071990 23 -0.84
02071990 23 -0.80
03071990 23 -0.76
04071990 23 -0.70
05071990 23 -0.65
06071990 23 -0.60
07071990 23 -0.55
08071990 23 -0.51
09071990 23 -0.47
10071990 23 -0.48
11071990 23 -0.71
12071990 23 -0.73
13071990 23 -0.65
14071990 23 -0.60
15071990 23 -0.55
16071990 23 -0.51
17071990 23 -0.68
18071990 23 -0.74
19071990 23 -0.69
20071990 23 -0.64
21071990 23 -0.60
22071990 23 -0.56
23071990 23 -0.52
24071990 23 -0.49
25071990 23 -0.45
26071990 23 -0.41
27071990 23 -0.37
28071990 23 -0.32
29071990 23 -0.27
30071990 23 -0.19
31071990 23 -0.11
01081990 23 -0.21
02081990 23 -0.73
03081990 23 -0.81
04081990 23 -0.84
05081990 23 -0.85
06081990 23 -0.84
07081990 23 -0.83
08081990 23 -0.81
09081990 23 -0.79
10081990 23 -0.75
11081990 23 -0.71
12081990 23 -0.74
13081990 23 -0.87
14081990 23 -0.92
15081990 23 -0.90
16081990 23 -0.88
17081990 23 -0.86
18081990 23 -0.83
19081990 23 -0.81
20081990 23 -0.81
21081990 23 -0.78
22081990 23 -0.77
23081990 23 -0.72
24081990 23 -0.67
25081990 23 -0.62
26081990 23 -0.57
27081990 23 -0.53
28081990 23 -0.49
29081990 23 -0.46
30081990 23 -0.73
31081990 23 -0.85
01091990 23 -0.88
02091990 23 -0.88
03091990 23 -0.89
04091990 23 -0.87
05091990 23 -0.85
06091990 23 -0.91
07091990 23 -0.93
08091990 23 -0.91
09091990 23 -0.89
10091990 23 -0.88
11091990 23 -0.87
12091990 23 -0.85
13091990 23 -0.84
14091990 23 -0.83
15091990 23 -0.79
16091990 23 -0.77
17091990 23 -0.87
18091990 23 -0.92
19091990 23 -0.92
20091990 23 -0.89
21091990 23 -0.88
22091990 23 -0.86
23091990 23 -0.86
24091990 23 -0.84
25091990 23 -0.81
26091990 23 -0.77
27091990 23 -0.72
28091990 23 -0.67
29091990 23 -0.63
30091990 23 -0.61
01101990 23 -0.66
02101990 23 -0.81
03101990 23 -0.78
04101990 23 -0.73
05101990 23 -0.67
06101990 23 -0.62
07101990 23 -0.57
08101990 23 -0.53
09101990 23 -0.49
10101990 23 -0.83
11101990 23 -0.95
12101990 23 -0.88
13101990 23 -0.86
14101990 23 -0.83
15101990 23 -0.80
16101990 23 -0.76
17101990 23 -0.72
18101990 23 -0.91
19101990 23 -0.97
20101990 23 -0.98
21101990 23 -0.97
22101990 23 -0.97
23101990 23 -0.97
24101990 23 -0.97
25101990 23 -0.95
26101990 23 -0.94
27101990 23 -0.96
28101990 23 -0.97
29101990 23 -0.96
30101990 23 -0.94
31101990 23 -0.93
01111990 23 -0.92
02111990 23 -0.93
03111990 23 -0.93
04111990 23 -0.94
05111990 23 -0.94
06111990 23 -0.94
07111990 23 -0.94
08111990 23 -0.94
09111990 23 -0.94
10111990 23 -0.94
11111990 23 -0.94
12111990 23 -0.94
13111990 23 -0.94
14111990 23 -0.95
15111990 23 -0.99
16111990 23 -1.03
17111990 23 -1.06
18111990 23 -1.07
19111990 23 -1.08
20111990 23 -1.10
21111990 23 -1.10
22111990 23 -1.10
23111990 23 -1.10
24111990 23 -1.10
25111990 23 -1.10
26111990 23 -1.10
27111990 23 -1.10
28111990 23 -1.10
29111990 23 -1.10
30111990 23 -1.11
01121990 23 -1.11
02121990 23 -1.11
03121990 23 -1.11
04121990 23 -1.10
05121990 23 -1.09
06121990 23 -1.08
07121990 23 -1.09
08121990 23 -1.08
09121990 23 -1.08
10121990 23 -1.08
11121990 23 -1.08
12121990 23 -1.09
13121990 23 -1.09
14121990 23 -1.09
15121990 23 -1.09
16121990 23 -1.09
17121990 23 -1.09
18121990 23 -1.08
19121990 23 -1.04
20121990 23 -1.01
21121990 23 -1.00
22121990 23 -1.09
23121990 23 -1.10
24121990 23 -1.04
25121990 23 -1.01
26121990 23 -0.98
27121990 23 -0.96
28121990 23 -0.96
29121990 23 -0.94
30121990 23 -0.92
31121990 23 -0.90
