01011986 23 -0.91
02011986 23 -0.91
03011986 23 -0.90
04011986 23 -0.90
05011986 23 -0.90
06011986 23 -0.91
07011986 23 -0.91
08011986 23 -0.91
09011986 23 -0.91
10011986 23 -0.90
11011986 23 -0.89
12011986 23 -0.87
13011986 23 -0.86
14011986 23 -0.85
15011986 23 -0.83
16011986 23 -0.86
17011986 23 -0.89
18011986 23 -0.89
19011986 23 -0.88
20011986 23 -0.90
21011986 23 -0.90
22011986 23 -0.89
23011986 23 -0.88
24011986 23 -0.87
25011986 23 -0.85
26011986 23 -0.84
27011986 23 -0.82
28011986 23 -0.80
29011986 23 -0.78
30011986 23 -0.76
31011986 23 -0.75
01021986 23 -0.80
02021986 23 -0.85
03021986 23 -0.88
04021986 23 -0.88
05021986 23 -0.87
06021986 23 -0.86
07021986 23 -0.84
08021986 23 -0.83
09021986 23 -0.81
10021986 23 -0.79
11021986 23 -0.83
12021986 23 -0.87
13021986 23 -0.90
14021986 23 -0.90
15021986 23 -0.88
16021986 23 -0.87
17021986 23 -0.85
18021986 23 -0.84
19021986 23 -0.82
20021986 23 -0.80
21021986 23 -0.78
22021986 23 -0.75
23021986 23 -0.73
24021986 23 -0.78
25021986 23 -0.78
26021986 23 -0.78
27021986 23 -0.82
28021986 23 -0.86
01031986 23 -0.87
02031986 23 -0.89
03031986 23 -0.90
04031986 23 -0.88
05031986 23 -0.86
06031986 23 -0.86
07031986 23 -0.89
08031986 23 -0.89
09031986 23 -0.87
10031986 23 -0.85
11031986 23 -0.84
12031986 23 -0.87
13031986 23 -0.89
14031986 23 -0.88
15031986 23 -0.89
16031986 23 -0.90
17031986 23 -0.88
18031986 23 -0.88
19031986 23 -0.90
20031986 23 -0.89
21031986 23 -0.88
22031986 23 -0.90
23031986 23 -0.89
24031986 23 -0.90
25031986 23 -0.89
26031986 23 -0.88
27031986 23 -0.90
28031986 23 -0.89
29031986 23 -0.87
30031986 23 -0.86
31031986 23 -0.89
01041986 23 -0.90
02041986 23 -0.88
03041986 23 -0.88
04041986 23 -0.90
05041986 23 -0.90
06041986 23 -0.88
07041986 23 -0.87
08041986 23 -0.85
09041986 23 -0.83
10041986 23 -0.80
11041986 23 -0.79
12041986 23 -0.83
13041986 23 -0.86
14041986 23 -0.86
15041986 23 -0.85
16041986 23 -0.82
17041986 23 -0.80
18041986 23 -0.83
19041986 23 -0.84
20041986 23 -0.83
21041986 23 -0.80
22041986 23 -0.79
23041986 23 -0.82
24041986 23 -0.83
25041986 23 -0.81
26041986 23 -0.79
27041986 23 -0.78
28041986 23 -0.83
29041986 23 -0.84
30041986 23 -0.83
01051986 23 -0.86
02051986 23 -0.87
03051986 23 -0.85
04051986 23 -0.84
05051986 23 -0.87
06051986 23 -0.88
07051986 23 -0.86
08051986 23 -0.85
09051986 23 -0.88
10051986 23 -0.88
11051986 23 -0.88
12051986 23 -0.89
13051986 23 -0.89
14051986 23 -0.89
15051986 23 -0.87
16051986 23 -0.89
17051986 23 -0.90
18051986 23 -0.89
19051986 23 -0.85
20051986 23 -0.81
21051986 23 -0.81
22051986 23 -0.86
23051986 23 -0.88
24051986 23 -0.86
25051986 23 -0.84
26051986 23 -0.81
27051986 23 -0.78
28051986 23 -0.75
29051986 23 -0.71
30051986 23 -0.67
31051986 23 -0.63
01061986 23 -0.60
02061986 23 -0.72
03061986 23 -0.79
04061986 23 -0.78
05061986 23 -0.75
06061986 23 -0.72
07061986 23 -0.69
08061986 23 -0.65
09061986 23 -0.62
10061986 23 -0.59
11061986 23 -0.59
12061986 23 -0.78
13061986 23 -0.86
14061986 23 -0.88
15061986 23 -0.87
16061986 23 -0.84
17061986 23 -0.80
18061986 23 -0.76
19061986 23 -0.72
20061986 23 -0.71
21061986 23 -0.79
22061986 23 -0.82
23061986 23 -0.83
24061986 23 -0.83
25061986 23 -0.81
26061986 23 -0.78
27061986 23 -0.78
28061986 23 -0.83
29061986 23 -0.86
30061986 23 -0.87
01071986 23 -0.84
02071986 23 -0.80
03071986 23 -0.76
04071986 23 -0.70
05071986 23 -0.65
06071986 23 -0.60
07071986 23 -0.55
08071986 23 -0.51
09071986 23 -0.47
10071986 23 -0.48
11071986 23 -0.71
12071986 23 -0.73
13071986 23 -0.65
14071986 23 -0.60
15071986 23 -0.55
16071986 23 -0.51
17071986 23 -0.68
18071986 23 -0.74
19071986 23 -0.69
20071986 23 -0.64
21071986 23 -0.60
22071986 23 -0.56
23071986 23 -0.52
24071986 23 -0.49
25071986 23 -0.45
26071986 23 -0.41
27071986 23 -0.37
28071986 23 -0.32
29071986 23 -0.27
30071986 23 -0.19
31071986 23 -0.11
01081986 23 -0.21
02081986 23 -0.73
03081986 23 -0.81
04081986 23 -0.84
05081986 23 -0.85
06081986 23 -0.84
07081986 23 -0.83
08081986 23 -0.81
09081986 23 -0.79
10081986 23 -0.75
11081986 23 -0.71
12081986 23 -0.74
13081986 23 -0.87
14081986 23 -0.92
15081986 23 -0.90
16081986 23 -0.88
17081986 23 -0.86
18081986 23 -0.83
19081986 23 -0.81
20081986 23 -0.81
21081986 23 -0.78
22081986 23 -0.77
23081986 23 -0.72
24081986 23 -0.67
25081986 23 -0.62
26081986 23 -0.57
27081986 23 -0.53
28081986 23 -0.49
29081986 23 -0.46
30081986 23 -0.73
31081986 23 -0.85
01091986 23 -0.88
02091986 23 -0.88
03091986 23 -0.89
04091986 23 -0.87
05091986 23 -0.85
06091986 23 -0.91
07091986 23 -0.93
08091986 23 -0.91
09091986 23 -0.89
10091986 23 -0.88
11091986 23 -0.87
12091986 23 -0.85
13091986 23 -0.84
14091986 23 -0.83
15091986 23 -0.79
16091986 23 -0.77
17091986 23 -0.87
18091986 23 -0.92
19091986 23 -0.92
20091986 23 -0.89
21091986 23 -0.88
22091986 23 -0.86
23091986 23 -0.86
24091986 23 -0.84
25091986 23 -0.81
26091986 23 -0.77
27091986 23 -0.72
28091986 23 -0.67
29091986 23 -0.63
30091986 23 -0.61
01101986 23 -0.66
02101986 23 -0.81
03101986 23 -0.78
04101986 23 -0.73
05101986 23 -0.67
06101986 23 -0.62
07101986 23 -0.57
08101986 23 -0.53
09101986 23 -0.49
10101986 23 -0.83
11101986 23 -0.95
12101986 23 -0.88
13101986 23 -0.86
14101986 23 -0.83
15101986 23 -0.80
16101986 23 -0.76
17101986 23 -0.72
18101986 23 -0.91
19101986 23 -0.97
20101986 23 -0.98
21101986 23 -0.97
22101986 23 -0.97
23101986 23 -0.97
24101986 23 -0.97
25101986 23 -0.95
26101986 23 -0.94
27101986 23 -0.96
28101986 23 -0.97
29101986 23 -0.96
30101986 23 -0.94
31101986 23 -0.93
01111986 23 -0.92
02111986 23 -0.93
03111986 23 -0.93
04111986 23 -0.94
05111986 23 -0.94
06111986 23 -0.94
07111986 23 -0.94
08111986 23 -0.94
09111986 23 -0.94
10111986 23 -0.94
11111986 23 -0.94
12111986 23 -0.94
13111986 23 -0.94
14111986 23 -0.95
15111986 23 -0.99
16111986 23 -1.03
17111986 23 -1.06
18111986 23 -1.07
19111986 23 -1.08
20111986 23 -1.10
21111986 23 -1.10
22111986 23 -1.10
23111986 23 -1.10
24111986 23 -1.10
25111986 23 -1.10
26111986 23 -1.10
27111986 23 -1.10
28111986 23 -1.10
29111986 23 -1.10
30111986 23 -1.11
01121986 23 -1.11
02121986 23 -1.11
03121986 23 -1.11
04121986 23 -1.10
05121986 23 -1.09
06121986 23 -1.08
07121986 23 -1.09
08121986 23 -1.08
09121986 23 -1.08
10121986 23 -1.08
11121986 23 -1.08
12121986 23 -1.09
13121986 23 -1.09
14121986 23 -1.09
15121986 23 -1.09
16121986 23 -1.09
17121986 23 -1.09
18121986 23 -1.08
19121986 23 -1.04
20121986 23 -1.01
21121986 23 -1.00
22121986 23 -1.09
23121986 23 -1.10
24121986 23 -1.04
25121986 23 -1.01
26121986 23 -0.98
27121986 23 -0.96
28121986 23 -0.96
29121986 23 -0.94
30121986 23 -0.92
31121986 23 -0.90
