01011945 23 -0.91
02011945 23 -0.91
03011945 23 -0.90
04011945 23 -0.90
05011945 23 -0.90
06011945 23 -0.91
07011945 23 -0.91
08011945 23 -0.91
09011945 23 -0.91
10011945 23 -0.90
11011945 23 -0.89
12011945 23 -0.87
13011945 23 -0.86
14011945 23 -0.85
15011945 23 -0.83
16011945 23 -0.86
17011945 23 -0.89
18011945 23 -0.89
19011945 23 -0.88
20011945 23 -0.90
21011945 23 -0.90
22011945 23 -0.89
23011945 23 -0.88
24011945 23 -0.87
25011945 23 -0.85
26011945 23 -0.84
27011945 23 -0.82
28011945 23 -0.80
29011945 23 -0.78
30011945 23 -0.76
31011945 23 -0.75
01021945 23 -0.80
02021945 23 -0.85
03021945 23 -0.88
04021945 23 -0.88
05021945 23 -0.87
06021945 23 -0.86
07021945 23 -0.84
08021945 23 -0.83
09021945 23 -0.81
10021945 23 -0.79
11021945 23 -0.83
12021945 23 -0.87
13021945 23 -0.90
14021945 23 -0.90
15021945 23 -0.88
16021945 23 -0.87
17021945 23 -0.85
18021945 23 -0.84
19021945 23 -0.82
20021945 23 -0.80
21021945 23 -0.78
22021945 23 -0.75
23021945 23 -0.73
24021945 23 -0.78
25021945 23 -0.78
26021945 23 -0.78
27021945 23 -0.82
28021945 23 -0.86
01031945 23 -0.87
02031945 23 -0.89
03031945 23 -0.90
04031945 23 -0.88
05031945 23 -0.86
06031945 23 -0.86
07031945 23 -0.89
08031945 23 -0.89
09031945 23 -0.87
10031945 23 -0.85
11031945 23 -0.84
12031945 23 -0.87
13031945 23 -0.89
14031945 23 -0.88
15031945 23 -0.89
16031945 23 -0.90
17031945 23 -0.88
18031945 23 -0.88
19031945 23 -0.90
20031945 23 -0.89
21031945 23 -0.88
22031945 23 -0.90
23031945 23 -0.89
24031945 23 -0.90
25031945 23 -0.89
26031945 23 -0.88
27031945 23 -0.90
28031945 23 -0.89
29031945 23 -0.87
30031945 23 -0.86
31031945 23 -0.89
01041945 23 -0.90
02041945 23 -0.88
03041945 23 -0.88
04041945 23 -0.90
05041945 23 -0.90
06041945 23 -0.88
07041945 23 -0.87
08041945 23 -0.85
09041945 23 -0.83
10041945 23 -0.80
11041945 23 -0.79
12041945 23 -0.83
13041945 23 -0.86
14041945 23 -0.86
15041945 23 -0.85
16041945 23 -0.82
17041945 23 -0.80
18041945 23 -0.83
19041945 23 -0.84
20041945 23 -0.83
21041945 23 -0.80
22041945 23 -0.79
23041945 23 -0.82
24041945 23 -0.83
25041945 23 -0.81
26041945 23 -0.79
27041945 23 -0.78
28041945 23 -0.83
29041945 23 -0.84
30041945 23 -0.83
01051945 23 -0.86
02051945 23 -0.87
03051945 23 -0.85
04051945 23 -0.84
05051945 23 -0.87
06051945 23 -0.88
07051945 23 -0.86
08051945 23 -0.85
09051945 23 -0.88
10051945 23 -0.88
11051945 23 -0.88
12051945 23 -0.89
13051945 23 -0.89
14051945 23 -0.89
15051945 23 -0.87
16051945 23 -0.89
17051945 23 -0.90
18051945 23 -0.89
19051945 23 -0.85
20051945 23 -0.81
21051945 23 -0.81
22051945 23 -0.86
23051945 23 -0.88
24051945 23 -0.86
25051945 23 -0.84
26051945 23 -0.81
27051945 23 -0.78
28051945 23 -0.75
29051945 23 -0.71
30051945 23 -0.67
31051945 23 -0.63
01061945 23 -0.60
02061945 23 -0.72
03061945 23 -0.79
04061945 23 -0.78
05061945 23 -0.75
06061945 23 -0.72
07061945 23 -0.69
08061945 23 -0.65
09061945 23 -0.62
10061945 23 -0.59
11061945 23 -0.59
12061945 23 -0.78
13061945 23 -0.86
14061945 23 -0.88
15061945 23 -0.87
16061945 23 -0.84
17061945 23 -0.80
18061945 23 -0.76
19061945 23 -0.72
20061945 23 -0.71
21061945 23 -0.79
22061945 23 -0.82
23061945 23 -0.83
24061945 23 -0.83
25061945 23 -0.81
26061945 23 -0.78
27061945 23 -0.78
28061945 23 -0.83
29061945 23 -0.86
30061945 23 -0.87
01071945 23 -0.84
02071945 23 -0.80
03071945 23 -0.76
04071945 23 -0.70
05071945 23 -0.65
06071945 23 -0.60
07071945 23 -0.55
08071945 23 -0.51
09071945 23 -0.47
10071945 23 -0.48
11071945 23 -0.71
12071945 23 -0.73
13071945 23 -0.65
14071945 23 -0.60
15071945 23 -0.55
16071945 23 -0.51
17071945 23 -0.68
18071945 23 -0.74
19071945 23 -0.69
20071945 23 -0.64
21071945 23 -0.60
22071945 23 -0.56
23071945 23 -0.52
24071945 23 -0.49
25071945 23 -0.45
26071945 23 -0.41
27071945 23 -0.37
28071945 23 -0.32
29071945 23 -0.27
30071945 23 -0.19
31071945 23 -0.11
01081945 23 -0.21
02081945 23 -0.73
03081945 23 -0.81
04081945 23 -0.84
05081945 23 -0.85
06081945 23 -0.84
07081945 23 -0.83
08081945 23 -0.81
09081945 23 -0.79
10081945 23 -0.75
11081945 23 -0.71
12081945 23 -0.74
13081945 23 -0.87
14081945 23 -0.92
15081945 23 -0.90
16081945 23 -0.88
17081945 23 -0.86
18081945 23 -0.83
19081945 23 -0.81
20081945 23 -0.81
21081945 23 -0.78
22081945 23 -0.77
23081945 23 -0.72
24081945 23 -0.67
25081945 23 -0.62
26081945 23 -0.57
27081945 23 -0.53
28081945 23 -0.49
29081945 23 -0.46
30081945 23 -0.73
31081945 23 -0.85
01091945 23 -0.88
02091945 23 -0.88
03091945 23 -0.89
04091945 23 -0.87
05091945 23 -0.85
06091945 23 -0.91
07091945 23 -0.93
08091945 23 -0.91
09091945 23 -0.89
10091945 23 -0.88
11091945 23 -0.87
12091945 23 -0.85
13091945 23 -0.84
14091945 23 -0.83
15091945 23 -0.79
16091945 23 -0.77
17091945 23 -0.87
18091945 23 -0.92
19091945 23 -0.92
20091945 23 -0.89
21091945 23 -0.88
22091945 23 -0.86
23091945 23 -0.86
24091945 23 -0.84
25091945 23 -0.81
26091945 23 -0.77
27091945 23 -0.72
28091945 23 -0.67
29091945 23 -0.63
30091945 23 -0.61
01101945 23 -0.66
02101945 23 -0.81
03101945 23 -0.78
04101945 23 -0.73
05101945 23 -0.67
06101945 23 -0.62
07101945 23 -0.57
08101945 23 -0.53
09101945 23 -0.49
10101945 23 -0.83
11101945 23 -0.95
12101945 23 -0.88
13101945 23 -0.86
14101945 23 -0.83
15101945 23 -0.80
16101945 23 -0.76
17101945 23 -0.72
18101945 23 -0.91
19101945 23 -0.97
20101945 23 -0.98
21101945 23 -0.97
22101945 23 -0.97
23101945 23 -0.97
24101945 23 -0.97
25101945 23 -0.95
26101945 23 -0.94
27101945 23 -0.96
28101945 23 -0.97
29101945 23 -0.96
30101945 23 -0.94
31101945 23 -0.93
01111945 23 -0.92
02111945 23 -0.93
03111945 23 -0.93
04111945 23 -0.94
05111945 23 -0.94
06111945 23 -0.94
07111945 23 -0.94
08111945 23 -0.94
09111945 23 -0.94
10111945 23 -0.94
11111945 23 -0.94
12111945 23 -0.94
13111945 23 -0.94
14111945 23 -0.95
15111945 23 -0.99
16111945 23 -1.03
17111945 23 -1.06
18111945 23 -1.07
19111945 23 -1.08
20111945 23 -1.10
21111945 23 -1.10
22111945 23 -1.10
23111945 23 -1.10
24111945 23 -1.10
25111945 23 -1.10
26111945 23 -1.10
27111945 23 -1.10
28111945 23 -1.10
29111945 23 -1.10
30111945 23 -1.11
01121945 23 -1.11
02121945 23 -1.11
03121945 23 -1.11
04121945 23 -1.10
05121945 23 -1.09
06121945 23 -1.08
07121945 23 -1.09
08121945 23 -1.08
09121945 23 -1.08
10121945 23 -1.08
11121945 23 -1.08
12121945 23 -1.09
13121945 23 -1.09
14121945 23 -1.09
15121945 23 -1.09
16121945 23 -1.09
17121945 23 -1.09
18121945 23 -1.08
19121945 23 -1.04
20121945 23 -1.01
21121945 23 -1.00
22121945 23 -1.09
23121945 23 -1.10
24121945 23 -1.04
25121945 23 -1.01
26121945 23 -0.98
27121945 23 -0.96
28121945 23 -0.96
29121945 23 -0.94
30121945 23 -0.92
31121945 23 -0.90
