01012004 23 -0.91
02012004 23 -0.91
03012004 23 -0.90
04012004 23 -0.90
05012004 23 -0.90
06012004 23 -0.91
07012004 23 -0.91
08012004 23 -0.91
09012004 23 -0.91
10012004 23 -0.90
11012004 23 -0.89
12012004 23 -0.87
13012004 23 -0.86
14012004 23 -0.85
15012004 23 -0.83
16012004 23 -0.86
17012004 23 -0.89
18012004 23 -0.89
19012004 23 -0.88
20012004 23 -0.90
21012004 23 -0.90
22012004 23 -0.89
23012004 23 -0.88
24012004 23 -0.87
25012004 23 -0.85
26012004 23 -0.84
27012004 23 -0.82
28012004 23 -0.80
29012004 23 -0.78
30012004 23 -0.76
31012004 23 -0.75
01022004 23 -0.80
02022004 23 -0.85
03022004 23 -0.88
04022004 23 -0.88
05022004 23 -0.87
06022004 23 -0.86
07022004 23 -0.84
08022004 23 -0.83
09022004 23 -0.81
10022004 23 -0.79
11022004 23 -0.83
12022004 23 -0.87
13022004 23 -0.90
14022004 23 -0.90
15022004 23 -0.88
16022004 23 -0.87
17022004 23 -0.85
18022004 23 -0.84
19022004 23 -0.82
20022004 23 -0.80
21022004 23 -0.78
22022004 23 -0.75
23022004 23 -0.73
24022004 23 -0.78
25022004 23 -0.78
26022004 23 -0.78
27022004 23 -0.82
28022004 23 -0.86
01032004 23 -0.87
02032004 23 -0.89
03032004 23 -0.90
04032004 23 -0.88
05032004 23 -0.86
06032004 23 -0.86
07032004 23 -0.89
08032004 23 -0.89
09032004 23 -0.87
10032004 23 -0.85
11032004 23 -0.84
12032004 23 -0.87
13032004 23 -0.89
14032004 23 -0.88
15032004 23 -0.89
16032004 23 -0.90
17032004 23 -0.88
18032004 23 -0.88
19032004 23 -0.90
20032004 23 -0.89
21032004 23 -0.88
22032004 23 -0.90
23032004 23 -0.89
24032004 23 -0.90
25032004 23 -0.89
26032004 23 -0.88
27032004 23 -0.90
28032004 23 -0.89
29032004 23 -0.87
30032004 23 -0.86
31032004 23 -0.89
01042004 23 -0.90
02042004 23 -0.88
03042004 23 -0.88
04042004 23 -0.90
05042004 23 -0.90
06042004 23 -0.88
07042004 23 -0.87
08042004 23 -0.85
09042004 23 -0.83
10042004 23 -0.80
11042004 23 -0.79
12042004 23 -0.83
13042004 23 -0.86
14042004 23 -0.86
15042004 23 -0.85
16042004 23 -0.82
17042004 23 -0.80
18042004 23 -0.83
19042004 23 -0.84
20042004 23 -0.83
21042004 23 -0.80
22042004 23 -0.79
23042004 23 -0.82
24042004 23 -0.83
25042004 23 -0.81
26042004 23 -0.79
27042004 23 -0.78
28042004 23 -0.83
29042004 23 -0.84
30042004 23 -0.83
01052004 23 -0.86
02052004 23 -0.87
03052004 23 -0.85
04052004 23 -0.84
05052004 23 -0.87
06052004 23 -0.88
07052004 23 -0.86
08052004 23 -0.85
09052004 23 -0.88
10052004 23 -0.88
11052004 23 -0.88
12052004 23 -0.89
13052004 23 -0.89
14052004 23 -0.89
15052004 23 -0.87
16052004 23 -0.89
17052004 23 -0.90
18052004 23 -0.89
19052004 23 -0.85
20052004 23 -0.81
21052004 23 -0.81
22052004 23 -0.86
23052004 23 -0.88
24052004 23 -0.86
25052004 23 -0.84
26052004 23 -0.81
27052004 23 -0.78
28052004 23 -0.75
29052004 23 -0.71
30052004 23 -0.67
31052004 23 -0.63
01062004 23 -0.60
02062004 23 -0.72
03062004 23 -0.79
04062004 23 -0.78
05062004 23 -0.75
06062004 23 -0.72
07062004 23 -0.69
08062004 23 -0.65
09062004 23 -0.62
10062004 23 -0.59
11062004 23 -0.59
12062004 23 -0.78
13062004 23 -0.86
14062004 23 -0.88
15062004 23 -0.87
16062004 23 -0.84
17062004 23 -0.80
18062004 23 -0.76
19062004 23 -0.72
20062004 23 -0.71
21062004 23 -0.79
22062004 23 -0.82
23062004 23 -0.83
24062004 23 -0.83
25062004 23 -0.81
26062004 23 -0.78
27062004 23 -0.78
28062004 23 -0.83
29062004 23 -0.86
30062004 23 -0.87
01072004 23 -0.84
02072004 23 -0.80
03072004 23 -0.76
04072004 23 -0.70
05072004 23 -0.65
06072004 23 -0.60
07072004 23 -0.55
08072004 23 -0.51
09072004 23 -0.47
10072004 23 -0.48
11072004 23 -0.71
12072004 23 -0.73
13072004 23 -0.65
14072004 23 -0.60
15072004 23 -0.55
16072004 23 -0.51
17072004 23 -0.68
18072004 23 -0.74
19072004 23 -0.69
20072004 23 -0.64
21072004 23 -0.60
22072004 23 -0.56
23072004 23 -0.52
24072004 23 -0.49
25072004 23 -0.45
26072004 23 -0.41
27072004 23 -0.37
28072004 23 -0.32
29072004 23 -0.27
30072004 23 -0.19
31072004 23 -0.11
01082004 23 -0.21
02082004 23 -0.73
03082004 23 -0.81
04082004 23 -0.84
05082004 23 -0.85
06082004 23 -0.84
07082004 23 -0.83
08082004 23 -0.81
09082004 23 -0.79
10082004 23 -0.75
11082004 23 -0.71
12082004 23 -0.74
13082004 23 -0.87
14082004 23 -0.92
15082004 23 -0.90
16082004 23 -0.88
17082004 23 -0.86
18082004 23 -0.83
19082004 23 -0.81
20082004 23 -0.81
21082004 23 -0.78
22082004 23 -0.77
23082004 23 -0.72
24082004 23 -0.67
25082004 23 -0.62
26082004 23 -0.57
27082004 23 -0.53
28082004 23 -0.49
29082004 23 -0.46
30082004 23 -0.73
31082004 23 -0.85
01092004 23 -0.88
02092004 23 -0.88
03092004 23 -0.89
04092004 23 -0.87
05092004 23 -0.85
06092004 23 -0.91
07092004 23 -0.93
08092004 23 -0.91
09092004 23 -0.89
10092004 23 -0.88
11092004 23 -0.87
12092004 23 -0.85
13092004 23 -0.84
14092004 23 -0.83
15092004 23 -0.79
16092004 23 -0.77
17092004 23 -0.87
18092004 23 -0.92
19092004 23 -0.92
20092004 23 -0.89
21092004 23 -0.88
22092004 23 -0.86
23092004 23 -0.86
24092004 23 -0.84
25092004 23 -0.81
26092004 23 -0.77
27092004 23 -0.72
28092004 23 -0.67
29092004 23 -0.63
30092004 23 -0.61
01102004 23 -0.66
02102004 23 -0.81
03102004 23 -0.78
04102004 23 -0.73
05102004 23 -0.67
06102004 23 -0.62
07102004 23 -0.57
08102004 23 -0.53
09102004 23 -0.49
10102004 23 -0.83
11102004 23 -0.95
12102004 23 -0.88
13102004 23 -0.86
14102004 23 -0.83
15102004 23 -0.80
16102004 23 -0.76
17102004 23 -0.72
18102004 23 -0.91
19102004 23 -0.97
20102004 23 -0.98
21102004 23 -0.97
22102004 23 -0.97
23102004 23 -0.97
24102004 23 -0.97
25102004 23 -0.95
26102004 23 -0.94
27102004 23 -0.96
28102004 23 -0.97
29102004 23 -0.96
30102004 23 -0.94
31102004 23 -0.93
01112004 23 -0.92
02112004 23 -0.93
03112004 23 -0.93
04112004 23 -0.94
05112004 23 -0.94
06112004 23 -0.94
07112004 23 -0.94
08112004 23 -0.94
09112004 23 -0.94
10112004 23 -0.94
11112004 23 -0.94
12112004 23 -0.94
13112004 23 -0.94
14112004 23 -0.95
15112004 23 -0.99
16112004 23 -1.03
17112004 23 -1.06
18112004 23 -1.07
19112004 23 -1.08
20112004 23 -1.10
21112004 23 -1.10
22112004 23 -1.10
23112004 23 -1.10
24112004 23 -1.10
25112004 23 -1.10
26112004 23 -1.10
27112004 23 -1.10
28112004 23 -1.10
29112004 23 -1.10
30112004 23 -1.11
01122004 23 -1.11
02122004 23 -1.11
03122004 23 -1.11
04122004 23 -1.10
05122004 23 -1.09
06122004 23 -1.08
07122004 23 -1.09
08122004 23 -1.08
09122004 23 -1.08
10122004 23 -1.08
11122004 23 -1.08
12122004 23 -1.09
13122004 23 -1.09
14122004 23 -1.09
15122004 23 -1.09
16122004 23 -1.09
17122004 23 -1.09
18122004 23 -1.08
19122004 23 -1.04
20122004 23 -1.01
21122004 23 -1.00
22122004 23 -1.09
23122004 23 -1.10
24122004 23 -1.04
25122004 23 -1.01
26122004 23 -0.98
27122004 23 -0.96
28122004 23 -0.96
29122004 23 -0.94
30122004 23 -0.92
31122004 23 -0.90
