01011940 23 -0.91
02011940 23 -0.91
03011940 23 -0.90
04011940 23 -0.90
05011940 23 -0.90
06011940 23 -0.91
07011940 23 -0.91
08011940 23 -0.91
09011940 23 -0.91
10011940 23 -0.90
11011940 23 -0.89
12011940 23 -0.87
13011940 23 -0.86
14011940 23 -0.85
15011940 23 -0.83
16011940 23 -0.86
17011940 23 -0.89
18011940 23 -0.89
19011940 23 -0.88
20011940 23 -0.90
21011940 23 -0.90
22011940 23 -0.89
23011940 23 -0.88
24011940 23 -0.87
25011940 23 -0.85
26011940 23 -0.84
27011940 23 -0.82
28011940 23 -0.80
29011940 23 -0.78
30011940 23 -0.76
31011940 23 -0.75
01021940 23 -0.80
02021940 23 -0.85
03021940 23 -0.88
04021940 23 -0.88
05021940 23 -0.87
06021940 23 -0.86
07021940 23 -0.84
08021940 23 -0.83
09021940 23 -0.81
10021940 23 -0.79
11021940 23 -0.83
12021940 23 -0.87
13021940 23 -0.90
14021940 23 -0.90
15021940 23 -0.88
16021940 23 -0.87
17021940 23 -0.85
18021940 23 -0.84
19021940 23 -0.82
20021940 23 -0.80
21021940 23 -0.78
22021940 23 -0.75
23021940 23 -0.73
24021940 23 -0.78
25021940 23 -0.78
26021940 23 -0.78
27021940 23 -0.82
28021940 23 -0.86
01031940 23 -0.87
02031940 23 -0.89
03031940 23 -0.90
04031940 23 -0.88
05031940 23 -0.86
06031940 23 -0.86
07031940 23 -0.89
08031940 23 -0.89
09031940 23 -0.87
10031940 23 -0.85
11031940 23 -0.84
12031940 23 -0.87
13031940 23 -0.89
14031940 23 -0.88
15031940 23 -0.89
16031940 23 -0.90
17031940 23 -0.88
18031940 23 -0.88
19031940 23 -0.90
20031940 23 -0.89
21031940 23 -0.88
22031940 23 -0.90
23031940 23 -0.89
24031940 23 -0.90
25031940 23 -0.89
26031940 23 -0.88
27031940 23 -0.90
28031940 23 -0.89
29031940 23 -0.87
30031940 23 -0.86
31031940 23 -0.89
01041940 23 -0.90
02041940 23 -0.88
03041940 23 -0.88
04041940 23 -0.90
05041940 23 -0.90
06041940 23 -0.88
07041940 23 -0.87
08041940 23 -0.85
09041940 23 -0.83
10041940 23 -0.80
11041940 23 -0.79
12041940 23 -0.83
13041940 23 -0.86
14041940 23 -0.86
15041940 23 -0.85
16041940 23 -0.82
17041940 23 -0.80
18041940 23 -0.83
19041940 23 -0.84
20041940 23 -0.83
21041940 23 -0.80
22041940 23 -0.79
23041940 23 -0.82
24041940 23 -0.83
25041940 23 -0.81
26041940 23 -0.79
27041940 23 -0.78
28041940 23 -0.83
29041940 23 -0.84
30041940 23 -0.83
01051940 23 -0.86
02051940 23 -0.87
03051940 23 -0.85
04051940 23 -0.84
05051940 23 -0.87
06051940 23 -0.88
07051940 23 -0.86
08051940 23 -0.85
09051940 23 -0.88
10051940 23 -0.88
11051940 23 -0.88
12051940 23 -0.89
13051940 23 -0.89
14051940 23 -0.89
15051940 23 -0.87
16051940 23 -0.89
17051940 23 -0.90
18051940 23 -0.89
19051940 23 -0.85
20051940 23 -0.81
21051940 23 -0.81
22051940 23 -0.86
23051940 23 -0.88
24051940 23 -0.86
25051940 23 -0.84
26051940 23 -0.81
27051940 23 -0.78
28051940 23 -0.75
29051940 23 -0.71
30051940 23 -0.67
31051940 23 -0.63
01061940 23 -0.60
02061940 23 -0.72
03061940 23 -0.79
04061940 23 -0.78
05061940 23 -0.75
06061940 23 -0.72
07061940 23 -0.69
08061940 23 -0.65
09061940 23 -0.62
10061940 23 -0.59
11061940 23 -0.59
12061940 23 -0.78
13061940 23 -0.86
14061940 23 -0.88
15061940 23 -0.87
16061940 23 -0.84
17061940 23 -0.80
18061940 23 -0.76
19061940 23 -0.72
20061940 23 -0.71
21061940 23 -0.79
22061940 23 -0.82
23061940 23 -0.83
24061940 23 -0.83
25061940 23 -0.81
26061940 23 -0.78
27061940 23 -0.78
28061940 23 -0.83
29061940 23 -0.86
30061940 23 -0.87
01071940 23 -0.84
02071940 23 -0.80
03071940 23 -0.76
04071940 23 -0.70
05071940 23 -0.65
06071940 23 -0.60
07071940 23 -0.55
08071940 23 -0.51
09071940 23 -0.47
10071940 23 -0.48
11071940 23 -0.71
12071940 23 -0.73
13071940 23 -0.65
14071940 23 -0.60
15071940 23 -0.55
16071940 23 -0.51
17071940 23 -0.68
18071940 23 -0.74
19071940 23 -0.69
20071940 23 -0.64
21071940 23 -0.60
22071940 23 -0.56
23071940 23 -0.52
24071940 23 -0.49
25071940 23 -0.45
26071940 23 -0.41
27071940 23 -0.37
28071940 23 -0.32
29071940 23 -0.27
30071940 23 -0.19
31071940 23 -0.11
01081940 23 -0.21
02081940 23 -0.73
03081940 23 -0.81
04081940 23 -0.84
05081940 23 -0.85
06081940 23 -0.84
07081940 23 -0.83
08081940 23 -0.81
09081940 23 -0.79
10081940 23 -0.75
11081940 23 -0.71
12081940 23 -0.74
13081940 23 -0.87
14081940 23 -0.92
15081940 23 -0.90
16081940 23 -0.88
17081940 23 -0.86
18081940 23 -0.83
19081940 23 -0.81
20081940 23 -0.81
21081940 23 -0.78
22081940 23 -0.77
23081940 23 -0.72
24081940 23 -0.67
25081940 23 -0.62
26081940 23 -0.57
27081940 23 -0.53
28081940 23 -0.49
29081940 23 -0.46
30081940 23 -0.73
31081940 23 -0.85
01091940 23 -0.88
02091940 23 -0.88
03091940 23 -0.89
04091940 23 -0.87
05091940 23 -0.85
06091940 23 -0.91
07091940 23 -0.93
08091940 23 -0.91
09091940 23 -0.89
10091940 23 -0.88
11091940 23 -0.87
12091940 23 -0.85
13091940 23 -0.84
14091940 23 -0.83
15091940 23 -0.79
16091940 23 -0.77
17091940 23 -0.87
18091940 23 -0.92
19091940 23 -0.92
20091940 23 -0.89
21091940 23 -0.88
22091940 23 -0.86
23091940 23 -0.86
24091940 23 -0.84
25091940 23 -0.81
26091940 23 -0.77
27091940 23 -0.72
28091940 23 -0.67
29091940 23 -0.63
30091940 23 -0.61
01101940 23 -0.66
02101940 23 -0.81
03101940 23 -0.78
04101940 23 -0.73
05101940 23 -0.67
06101940 23 -0.62
07101940 23 -0.57
08101940 23 -0.53
09101940 23 -0.49
10101940 23 -0.83
11101940 23 -0.95
12101940 23 -0.88
13101940 23 -0.86
14101940 23 -0.83
15101940 23 -0.80
16101940 23 -0.76
17101940 23 -0.72
18101940 23 -0.91
19101940 23 -0.97
20101940 23 -0.98
21101940 23 -0.97
22101940 23 -0.97
23101940 23 -0.97
24101940 23 -0.97
25101940 23 -0.95
26101940 23 -0.94
27101940 23 -0.96
28101940 23 -0.97
29101940 23 -0.96
30101940 23 -0.94
31101940 23 -0.93
01111940 23 -0.92
02111940 23 -0.93
03111940 23 -0.93
04111940 23 -0.94
05111940 23 -0.94
06111940 23 -0.94
07111940 23 -0.94
08111940 23 -0.94
09111940 23 -0.94
10111940 23 -0.94
11111940 23 -0.94
12111940 23 -0.94
13111940 23 -0.94
14111940 23 -0.95
15111940 23 -0.99
16111940 23 -1.03
17111940 23 -1.06
18111940 23 -1.07
19111940 23 -1.08
20111940 23 -1.10
21111940 23 -1.10
22111940 23 -1.10
23111940 23 -1.10
24111940 23 -1.10
25111940 23 -1.10
26111940 23 -1.10
27111940 23 -1.10
28111940 23 -1.10
29111940 23 -1.10
30111940 23 -1.11
01121940 23 -1.11
02121940 23 -1.11
03121940 23 -1.11
04121940 23 -1.10
05121940 23 -1.09
06121940 23 -1.08
07121940 23 -1.09
08121940 23 -1.08
09121940 23 -1.08
10121940 23 -1.08
11121940 23 -1.08
12121940 23 -1.09
13121940 23 -1.09
14121940 23 -1.09
15121940 23 -1.09
16121940 23 -1.09
17121940 23 -1.09
18121940 23 -1.08
19121940 23 -1.04
20121940 23 -1.01
21121940 23 -1.00
22121940 23 -1.09
23121940 23 -1.10
24121940 23 -1.04
25121940 23 -1.01
26121940 23 -0.98
27121940 23 -0.96
28121940 23 -0.96
29121940 23 -0.94
30121940 23 -0.92
31121940 23 -0.90
