01011919 23 -0.91
02011919 23 -0.91
03011919 23 -0.90
04011919 23 -0.90
05011919 23 -0.90
06011919 23 -0.91
07011919 23 -0.91
08011919 23 -0.91
09011919 23 -0.91
10011919 23 -0.90
11011919 23 -0.89
12011919 23 -0.87
13011919 23 -0.86
14011919 23 -0.85
15011919 23 -0.83
16011919 23 -0.86
17011919 23 -0.89
18011919 23 -0.89
19011919 23 -0.88
20011919 23 -0.90
21011919 23 -0.90
22011919 23 -0.89
23011919 23 -0.88
24011919 23 -0.87
25011919 23 -0.85
26011919 23 -0.84
27011919 23 -0.82
28011919 23 -0.80
29011919 23 -0.78
30011919 23 -0.76
31011919 23 -0.75
01021919 23 -0.80
02021919 23 -0.85
03021919 23 -0.88
04021919 23 -0.88
05021919 23 -0.87
06021919 23 -0.86
07021919 23 -0.84
08021919 23 -0.83
09021919 23 -0.81
10021919 23 -0.79
11021919 23 -0.83
12021919 23 -0.87
13021919 23 -0.90
14021919 23 -0.90
15021919 23 -0.88
16021919 23 -0.87
17021919 23 -0.85
18021919 23 -0.84
19021919 23 -0.82
20021919 23 -0.80
21021919 23 -0.78
22021919 23 -0.75
23021919 23 -0.73
24021919 23 -0.78
25021919 23 -0.78
26021919 23 -0.78
27021919 23 -0.82
28021919 23 -0.86
01031919 23 -0.87
02031919 23 -0.89
03031919 23 -0.90
04031919 23 -0.88
05031919 23 -0.86
06031919 23 -0.86
07031919 23 -0.89
08031919 23 -0.89
09031919 23 -0.87
10031919 23 -0.85
11031919 23 -0.84
12031919 23 -0.87
13031919 23 -0.89
14031919 23 -0.88
15031919 23 -0.89
16031919 23 -0.90
17031919 23 -0.88
18031919 23 -0.88
19031919 23 -0.90
20031919 23 -0.89
21031919 23 -0.88
22031919 23 -0.90
23031919 23 -0.89
24031919 23 -0.90
25031919 23 -0.89
26031919 23 -0.88
27031919 23 -0.90
28031919 23 -0.89
29031919 23 -0.87
30031919 23 -0.86
31031919 23 -0.89
01041919 23 -0.90
02041919 23 -0.88
03041919 23 -0.88
04041919 23 -0.90
05041919 23 -0.90
06041919 23 -0.88
07041919 23 -0.87
08041919 23 -0.85
09041919 23 -0.83
10041919 23 -0.80
11041919 23 -0.79
12041919 23 -0.83
13041919 23 -0.86
14041919 23 -0.86
15041919 23 -0.85
16041919 23 -0.82
17041919 23 -0.80
18041919 23 -0.83
19041919 23 -0.84
20041919 23 -0.83
21041919 23 -0.80
22041919 23 -0.79
23041919 23 -0.82
24041919 23 -0.83
25041919 23 -0.81
26041919 23 -0.79
27041919 23 -0.78
28041919 23 -0.83
29041919 23 -0.84
30041919 23 -0.83
01051919 23 -0.86
02051919 23 -0.87
03051919 23 -0.85
04051919 23 -0.84
05051919 23 -0.87
06051919 23 -0.88
07051919 23 -0.86
08051919 23 -0.85
09051919 23 -0.88
10051919 23 -0.88
11051919 23 -0.88
12051919 23 -0.89
13051919 23 -0.89
14051919 23 -0.89
15051919 23 -0.87
16051919 23 -0.89
17051919 23 -0.90
18051919 23 -0.89
19051919 23 -0.85
20051919 23 -0.81
21051919 23 -0.81
22051919 23 -0.86
23051919 23 -0.88
24051919 23 -0.86
25051919 23 -0.84
26051919 23 -0.81
27051919 23 -0.78
28051919 23 -0.75
29051919 23 -0.71
30051919 23 -0.67
31051919 23 -0.63
01061919 23 -0.60
02061919 23 -0.72
03061919 23 -0.79
04061919 23 -0.78
05061919 23 -0.75
06061919 23 -0.72
07061919 23 -0.69
08061919 23 -0.65
09061919 23 -0.62
10061919 23 -0.59
11061919 23 -0.59
12061919 23 -0.78
13061919 23 -0.86
14061919 23 -0.88
15061919 23 -0.87
16061919 23 -0.84
17061919 23 -0.80
18061919 23 -0.76
19061919 23 -0.72
20061919 23 -0.71
21061919 23 -0.79
22061919 23 -0.82
23061919 23 -0.83
24061919 23 -0.83
25061919 23 -0.81
26061919 23 -0.78
27061919 23 -0.78
28061919 23 -0.83
29061919 23 -0.86
30061919 23 -0.87
01071919 23 -0.84
02071919 23 -0.80
03071919 23 -0.76
04071919 23 -0.70
05071919 23 -0.65
06071919 23 -0.60
07071919 23 -0.55
08071919 23 -0.51
09071919 23 -0.47
10071919 23 -0.48
11071919 23 -0.71
12071919 23 -0.73
13071919 23 -0.65
14071919 23 -0.60
15071919 23 -0.55
16071919 23 -0.51
17071919 23 -0.68
18071919 23 -0.74
19071919 23 -0.69
20071919 23 -0.64
21071919 23 -0.60
22071919 23 -0.56
23071919 23 -0.52
24071919 23 -0.49
25071919 23 -0.45
26071919 23 -0.41
27071919 23 -0.37
28071919 23 -0.32
29071919 23 -0.27
30071919 23 -0.19
31071919 23 -0.11
01081919 23 -0.21
02081919 23 -0.73
03081919 23 -0.81
04081919 23 -0.84
05081919 23 -0.85
06081919 23 -0.84
07081919 23 -0.83
08081919 23 -0.81
09081919 23 -0.79
10081919 23 -0.75
11081919 23 -0.71
12081919 23 -0.74
13081919 23 -0.87
14081919 23 -0.92
15081919 23 -0.90
16081919 23 -0.88
17081919 23 -0.86
18081919 23 -0.83
19081919 23 -0.81
20081919 23 -0.81
21081919 23 -0.78
22081919 23 -0.77
23081919 23 -0.72
24081919 23 -0.67
25081919 23 -0.62
26081919 23 -0.57
27081919 23 -0.53
28081919 23 -0.49
29081919 23 -0.46
30081919 23 -0.73
31081919 23 -0.85
01091919 23 -0.88
02091919 23 -0.88
03091919 23 -0.89
04091919 23 -0.87
05091919 23 -0.85
06091919 23 -0.91
07091919 23 -0.93
08091919 23 -0.91
09091919 23 -0.89
10091919 23 -0.88
11091919 23 -0.87
12091919 23 -0.85
13091919 23 -0.84
14091919 23 -0.83
15091919 23 -0.79
16091919 23 -0.77
17091919 23 -0.87
18091919 23 -0.92
19091919 23 -0.92
20091919 23 -0.89
21091919 23 -0.88
22091919 23 -0.86
23091919 23 -0.86
24091919 23 -0.84
25091919 23 -0.81
26091919 23 -0.77
27091919 23 -0.72
28091919 23 -0.67
29091919 23 -0.63
30091919 23 -0.61
01101919 23 -0.66
02101919 23 -0.81
03101919 23 -0.78
04101919 23 -0.73
05101919 23 -0.67
06101919 23 -0.62
07101919 23 -0.57
08101919 23 -0.53
09101919 23 -0.49
10101919 23 -0.83
11101919 23 -0.95
12101919 23 -0.88
13101919 23 -0.86
14101919 23 -0.83
15101919 23 -0.80
16101919 23 -0.76
17101919 23 -0.72
18101919 23 -0.91
19101919 23 -0.97
20101919 23 -0.98
21101919 23 -0.97
22101919 23 -0.97
23101919 23 -0.97
24101919 23 -0.97
25101919 23 -0.95
26101919 23 -0.94
27101919 23 -0.96
28101919 23 -0.97
29101919 23 -0.96
30101919 23 -0.94
31101919 23 -0.93
01111919 23 -0.92
02111919 23 -0.93
03111919 23 -0.93
04111919 23 -0.94
05111919 23 -0.94
06111919 23 -0.94
07111919 23 -0.94
08111919 23 -0.94
09111919 23 -0.94
10111919 23 -0.94
11111919 23 -0.94
12111919 23 -0.94
13111919 23 -0.94
14111919 23 -0.95
15111919 23 -0.99
16111919 23 -1.03
17111919 23 -1.06
18111919 23 -1.07
19111919 23 -1.08
20111919 23 -1.10
21111919 23 -1.10
22111919 23 -1.10
23111919 23 -1.10
24111919 23 -1.10
25111919 23 -1.10
26111919 23 -1.10
27111919 23 -1.10
28111919 23 -1.10
29111919 23 -1.10
30111919 23 -1.11
01121919 23 -1.11
02121919 23 -1.11
03121919 23 -1.11
04121919 23 -1.10
05121919 23 -1.09
06121919 23 -1.08
07121919 23 -1.09
08121919 23 -1.08
09121919 23 -1.08
10121919 23 -1.08
11121919 23 -1.08
12121919 23 -1.09
13121919 23 -1.09
14121919 23 -1.09
15121919 23 -1.09
16121919 23 -1.09
17121919 23 -1.09
18121919 23 -1.08
19121919 23 -1.04
20121919 23 -1.01
21121919 23 -1.00
22121919 23 -1.09
23121919 23 -1.10
24121919 23 -1.04
25121919 23 -1.01
26121919 23 -0.98
27121919 23 -0.96
28121919 23 -0.96
29121919 23 -0.94
30121919 23 -0.92
31121919 23 -0.90
