01011998 23 -0.91
02011998 23 -0.91
03011998 23 -0.90
04011998 23 -0.90
05011998 23 -0.90
06011998 23 -0.91
07011998 23 -0.91
08011998 23 -0.91
09011998 23 -0.91
10011998 23 -0.90
11011998 23 -0.89
12011998 23 -0.87
13011998 23 -0.86
14011998 23 -0.85
15011998 23 -0.83
16011998 23 -0.86
17011998 23 -0.89
18011998 23 -0.89
19011998 23 -0.88
20011998 23 -0.90
21011998 23 -0.90
22011998 23 -0.89
23011998 23 -0.88
24011998 23 -0.87
25011998 23 -0.85
26011998 23 -0.84
27011998 23 -0.82
28011998 23 -0.80
29011998 23 -0.78
30011998 23 -0.76
31011998 23 -0.75
01021998 23 -0.80
02021998 23 -0.85
03021998 23 -0.88
04021998 23 -0.88
05021998 23 -0.87
06021998 23 -0.86
07021998 23 -0.84
08021998 23 -0.83
09021998 23 -0.81
10021998 23 -0.79
11021998 23 -0.83
12021998 23 -0.87
13021998 23 -0.90
14021998 23 -0.90
15021998 23 -0.88
16021998 23 -0.87
17021998 23 -0.85
18021998 23 -0.84
19021998 23 -0.82
20021998 23 -0.80
21021998 23 -0.78
22021998 23 -0.75
23021998 23 -0.73
24021998 23 -0.78
25021998 23 -0.78
26021998 23 -0.78
27021998 23 -0.82
28021998 23 -0.86
01031998 23 -0.87
02031998 23 -0.89
03031998 23 -0.90
04031998 23 -0.88
05031998 23 -0.86
06031998 23 -0.86
07031998 23 -0.89
08031998 23 -0.89
09031998 23 -0.87
10031998 23 -0.85
11031998 23 -0.84
12031998 23 -0.87
13031998 23 -0.89
14031998 23 -0.88
15031998 23 -0.89
16031998 23 -0.90
17031998 23 -0.88
18031998 23 -0.88
19031998 23 -0.90
20031998 23 -0.89
21031998 23 -0.88
22031998 23 -0.90
23031998 23 -0.89
24031998 23 -0.90
25031998 23 -0.89
26031998 23 -0.88
27031998 23 -0.90
28031998 23 -0.89
29031998 23 -0.87
30031998 23 -0.86
31031998 23 -0.89
01041998 23 -0.90
02041998 23 -0.88
03041998 23 -0.88
04041998 23 -0.90
05041998 23 -0.90
06041998 23 -0.88
07041998 23 -0.87
08041998 23 -0.85
09041998 23 -0.83
10041998 23 -0.80
11041998 23 -0.79
12041998 23 -0.83
13041998 23 -0.86
14041998 23 -0.86
15041998 23 -0.85
16041998 23 -0.82
17041998 23 -0.80
18041998 23 -0.83
19041998 23 -0.84
20041998 23 -0.83
21041998 23 -0.80
22041998 23 -0.79
23041998 23 -0.82
24041998 23 -0.83
25041998 23 -0.81
26041998 23 -0.79
27041998 23 -0.78
28041998 23 -0.83
29041998 23 -0.84
30041998 23 -0.83
01051998 23 -0.86
02051998 23 -0.87
03051998 23 -0.85
04051998 23 -0.84
05051998 23 -0.87
06051998 23 -0.88
07051998 23 -0.86
08051998 23 -0.85
09051998 23 -0.88
10051998 23 -0.88
11051998 23 -0.88
12051998 23 -0.89
13051998 23 -0.89
14051998 23 -0.89
15051998 23 -0.87
16051998 23 -0.89
17051998 23 -0.90
18051998 23 -0.89
19051998 23 -0.85
20051998 23 -0.81
21051998 23 -0.81
22051998 23 -0.86
23051998 23 -0.88
24051998 23 -0.86
25051998 23 -0.84
26051998 23 -0.81
27051998 23 -0.78
28051998 23 -0.75
29051998 23 -0.71
30051998 23 -0.67
31051998 23 -0.63
01061998 23 -0.60
02061998 23 -0.72
03061998 23 -0.79
04061998 23 -0.78
05061998 23 -0.75
06061998 23 -0.72
07061998 23 -0.69
08061998 23 -0.65
09061998 23 -0.62
10061998 23 -0.59
11061998 23 -0.59
12061998 23 -0.78
13061998 23 -0.86
14061998 23 -0.88
15061998 23 -0.87
16061998 23 -0.84
17061998 23 -0.80
18061998 23 -0.76
19061998 23 -0.72
20061998 23 -0.71
21061998 23 -0.79
22061998 23 -0.82
23061998 23 -0.83
24061998 23 -0.83
25061998 23 -0.81
26061998 23 -0.78
27061998 23 -0.78
28061998 23 -0.83
29061998 23 -0.86
30061998 23 -0.87
01071998 23 -0.84
02071998 23 -0.80
03071998 23 -0.76
04071998 23 -0.70
05071998 23 -0.65
06071998 23 -0.60
07071998 23 -0.55
08071998 23 -0.51
09071998 23 -0.47
10071998 23 -0.48
11071998 23 -0.71
12071998 23 -0.73
13071998 23 -0.65
14071998 23 -0.60
15071998 23 -0.55
16071998 23 -0.51
17071998 23 -0.68
18071998 23 -0.74
19071998 23 -0.69
20071998 23 -0.64
21071998 23 -0.60
22071998 23 -0.56
23071998 23 -0.52
24071998 23 -0.49
25071998 23 -0.45
26071998 23 -0.41
27071998 23 -0.37
28071998 23 -0.32
29071998 23 -0.27
30071998 23 -0.19
31071998 23 -0.11
01081998 23 -0.21
02081998 23 -0.73
03081998 23 -0.81
04081998 23 -0.84
05081998 23 -0.85
06081998 23 -0.84
07081998 23 -0.83
08081998 23 -0.81
09081998 23 -0.79
10081998 23 -0.75
11081998 23 -0.71
12081998 23 -0.74
13081998 23 -0.87
14081998 23 -0.92
15081998 23 -0.90
16081998 23 -0.88
17081998 23 -0.86
18081998 23 -0.83
19081998 23 -0.81
20081998 23 -0.81
21081998 23 -0.78
22081998 23 -0.77
23081998 23 -0.72
24081998 23 -0.67
25081998 23 -0.62
26081998 23 -0.57
27081998 23 -0.53
28081998 23 -0.49
29081998 23 -0.46
30081998 23 -0.73
31081998 23 -0.85
01091998 23 -0.88
02091998 23 -0.88
03091998 23 -0.89
04091998 23 -0.87
05091998 23 -0.85
06091998 23 -0.91
07091998 23 -0.93
08091998 23 -0.91
09091998 23 -0.89
10091998 23 -0.88
11091998 23 -0.87
12091998 23 -0.85
13091998 23 -0.84
14091998 23 -0.83
15091998 23 -0.79
16091998 23 -0.77
17091998 23 -0.87
18091998 23 -0.92
19091998 23 -0.92
20091998 23 -0.89
21091998 23 -0.88
22091998 23 -0.86
23091998 23 -0.86
24091998 23 -0.84
25091998 23 -0.81
26091998 23 -0.77
27091998 23 -0.72
28091998 23 -0.67
29091998 23 -0.63
30091998 23 -0.61
01101998 23 -0.66
02101998 23 -0.81
03101998 23 -0.78
04101998 23 -0.73
05101998 23 -0.67
06101998 23 -0.62
07101998 23 -0.57
08101998 23 -0.53
09101998 23 -0.49
10101998 23 -0.83
11101998 23 -0.95
12101998 23 -0.88
13101998 23 -0.86
14101998 23 -0.83
15101998 23 -0.80
16101998 23 -0.76
17101998 23 -0.72
18101998 23 -0.91
19101998 23 -0.97
20101998 23 -0.98
21101998 23 -0.97
22101998 23 -0.97
23101998 23 -0.97
24101998 23 -0.97
25101998 23 -0.95
26101998 23 -0.94
27101998 23 -0.96
28101998 23 -0.97
29101998 23 -0.96
30101998 23 -0.94
31101998 23 -0.93
01111998 23 -0.92
02111998 23 -0.93
03111998 23 -0.93
04111998 23 -0.94
05111998 23 -0.94
06111998 23 -0.94
07111998 23 -0.94
08111998 23 -0.94
09111998 23 -0.94
10111998 23 -0.94
11111998 23 -0.94
12111998 23 -0.94
13111998 23 -0.94
14111998 23 -0.95
15111998 23 -0.99
16111998 23 -1.03
17111998 23 -1.06
18111998 23 -1.07
19111998 23 -1.08
20111998 23 -1.10
21111998 23 -1.10
22111998 23 -1.10
23111998 23 -1.10
24111998 23 -1.10
25111998 23 -1.10
26111998 23 -1.10
27111998 23 -1.10
28111998 23 -1.10
29111998 23 -1.10
30111998 23 -1.11
01121998 23 -1.11
02121998 23 -1.11
03121998 23 -1.11
04121998 23 -1.10
05121998 23 -1.09
06121998 23 -1.08
07121998 23 -1.09
08121998 23 -1.08
09121998 23 -1.08
10121998 23 -1.08
11121998 23 -1.08
12121998 23 -1.09
13121998 23 -1.09
14121998 23 -1.09
15121998 23 -1.09
16121998 23 -1.09
17121998 23 -1.09
18121998 23 -1.08
19121998 23 -1.04
20121998 23 -1.01
21121998 23 -1.00
22121998 23 -1.09
23121998 23 -1.10
24121998 23 -1.04
25121998 23 -1.01
26121998 23 -0.98
27121998 23 -0.96
28121998 23 -0.96
29121998 23 -0.94
30121998 23 -0.92
31121998 23 -0.90
