01011954 23 -0.91
02011954 23 -0.91
03011954 23 -0.90
04011954 23 -0.90
05011954 23 -0.90
06011954 23 -0.91
07011954 23 -0.91
08011954 23 -0.91
09011954 23 -0.91
10011954 23 -0.90
11011954 23 -0.89
12011954 23 -0.87
13011954 23 -0.86
14011954 23 -0.85
15011954 23 -0.83
16011954 23 -0.86
17011954 23 -0.89
18011954 23 -0.89
19011954 23 -0.88
20011954 23 -0.90
21011954 23 -0.90
22011954 23 -0.89
23011954 23 -0.88
24011954 23 -0.87
25011954 23 -0.85
26011954 23 -0.84
27011954 23 -0.82
28011954 23 -0.80
29011954 23 -0.78
30011954 23 -0.76
31011954 23 -0.75
01021954 23 -0.80
02021954 23 -0.85
03021954 23 -0.88
04021954 23 -0.88
05021954 23 -0.87
06021954 23 -0.86
07021954 23 -0.84
08021954 23 -0.83
09021954 23 -0.81
10021954 23 -0.79
11021954 23 -0.83
12021954 23 -0.87
13021954 23 -0.90
14021954 23 -0.90
15021954 23 -0.88
16021954 23 -0.87
17021954 23 -0.85
18021954 23 -0.84
19021954 23 -0.82
20021954 23 -0.80
21021954 23 -0.78
22021954 23 -0.75
23021954 23 -0.73
24021954 23 -0.78
25021954 23 -0.78
26021954 23 -0.78
27021954 23 -0.82
28021954 23 -0.86
01031954 23 -0.87
02031954 23 -0.89
03031954 23 -0.90
04031954 23 -0.88
05031954 23 -0.86
06031954 23 -0.86
07031954 23 -0.89
08031954 23 -0.89
09031954 23 -0.87
10031954 23 -0.85
11031954 23 -0.84
12031954 23 -0.87
13031954 23 -0.89
14031954 23 -0.88
15031954 23 -0.89
16031954 23 -0.90
17031954 23 -0.88
18031954 23 -0.88
19031954 23 -0.90
20031954 23 -0.89
21031954 23 -0.88
22031954 23 -0.90
23031954 23 -0.89
24031954 23 -0.90
25031954 23 -0.89
26031954 23 -0.88
27031954 23 -0.90
28031954 23 -0.89
29031954 23 -0.87
30031954 23 -0.86
31031954 23 -0.89
01041954 23 -0.90
02041954 23 -0.88
03041954 23 -0.88
04041954 23 -0.90
05041954 23 -0.90
06041954 23 -0.88
07041954 23 -0.87
08041954 23 -0.85
09041954 23 -0.83
10041954 23 -0.80
11041954 23 -0.79
12041954 23 -0.83
13041954 23 -0.86
14041954 23 -0.86
15041954 23 -0.85
16041954 23 -0.82
17041954 23 -0.80
18041954 23 -0.83
19041954 23 -0.84
20041954 23 -0.83
21041954 23 -0.80
22041954 23 -0.79
23041954 23 -0.82
24041954 23 -0.83
25041954 23 -0.81
26041954 23 -0.79
27041954 23 -0.78
28041954 23 -0.83
29041954 23 -0.84
30041954 23 -0.83
01051954 23 -0.86
02051954 23 -0.87
03051954 23 -0.85
04051954 23 -0.84
05051954 23 -0.87
06051954 23 -0.88
07051954 23 -0.86
08051954 23 -0.85
09051954 23 -0.88
10051954 23 -0.88
11051954 23 -0.88
12051954 23 -0.89
13051954 23 -0.89
14051954 23 -0.89
15051954 23 -0.87
16051954 23 -0.89
17051954 23 -0.90
18051954 23 -0.89
19051954 23 -0.85
20051954 23 -0.81
21051954 23 -0.81
22051954 23 -0.86
23051954 23 -0.88
24051954 23 -0.86
25051954 23 -0.84
26051954 23 -0.81
27051954 23 -0.78
28051954 23 -0.75
29051954 23 -0.71
30051954 23 -0.67
31051954 23 -0.63
01061954 23 -0.60
02061954 23 -0.72
03061954 23 -0.79
04061954 23 -0.78
05061954 23 -0.75
06061954 23 -0.72
07061954 23 -0.69
08061954 23 -0.65
09061954 23 -0.62
10061954 23 -0.59
11061954 23 -0.59
12061954 23 -0.78
13061954 23 -0.86
14061954 23 -0.88
15061954 23 -0.87
16061954 23 -0.84
17061954 23 -0.80
18061954 23 -0.76
19061954 23 -0.72
20061954 23 -0.71
21061954 23 -0.79
22061954 23 -0.82
23061954 23 -0.83
24061954 23 -0.83
25061954 23 -0.81
26061954 23 -0.78
27061954 23 -0.78
28061954 23 -0.83
29061954 23 -0.86
30061954 23 -0.87
01071954 23 -0.84
02071954 23 -0.80
03071954 23 -0.76
04071954 23 -0.70
05071954 23 -0.65
06071954 23 -0.60
07071954 23 -0.55
08071954 23 -0.51
09071954 23 -0.47
10071954 23 -0.48
11071954 23 -0.71
12071954 23 -0.73
13071954 23 -0.65
14071954 23 -0.60
15071954 23 -0.55
16071954 23 -0.51
17071954 23 -0.68
18071954 23 -0.74
19071954 23 -0.69
20071954 23 -0.64
21071954 23 -0.60
22071954 23 -0.56
23071954 23 -0.52
24071954 23 -0.49
25071954 23 -0.45
26071954 23 -0.41
27071954 23 -0.37
28071954 23 -0.32
29071954 23 -0.27
30071954 23 -0.19
31071954 23 -0.11
01081954 23 -0.21
02081954 23 -0.73
03081954 23 -0.81
04081954 23 -0.84
05081954 23 -0.85
06081954 23 -0.84
07081954 23 -0.83
08081954 23 -0.81
09081954 23 -0.79
10081954 23 -0.75
11081954 23 -0.71
12081954 23 -0.74
13081954 23 -0.87
14081954 23 -0.92
15081954 23 -0.90
16081954 23 -0.88
17081954 23 -0.86
18081954 23 -0.83
19081954 23 -0.81
20081954 23 -0.81
21081954 23 -0.78
22081954 23 -0.77
23081954 23 -0.72
24081954 23 -0.67
25081954 23 -0.62
26081954 23 -0.57
27081954 23 -0.53
28081954 23 -0.49
29081954 23 -0.46
30081954 23 -0.73
31081954 23 -0.85
01091954 23 -0.88
02091954 23 -0.88
03091954 23 -0.89
04091954 23 -0.87
05091954 23 -0.85
06091954 23 -0.91
07091954 23 -0.93
08091954 23 -0.91
09091954 23 -0.89
10091954 23 -0.88
11091954 23 -0.87
12091954 23 -0.85
13091954 23 -0.84
14091954 23 -0.83
15091954 23 -0.79
16091954 23 -0.77
17091954 23 -0.87
18091954 23 -0.92
19091954 23 -0.92
20091954 23 -0.89
21091954 23 -0.88
22091954 23 -0.86
23091954 23 -0.86
24091954 23 -0.84
25091954 23 -0.81
26091954 23 -0.77
27091954 23 -0.72
28091954 23 -0.67
29091954 23 -0.63
30091954 23 -0.61
01101954 23 -0.66
02101954 23 -0.81
03101954 23 -0.78
04101954 23 -0.73
05101954 23 -0.67
06101954 23 -0.62
07101954 23 -0.57
08101954 23 -0.53
09101954 23 -0.49
10101954 23 -0.83
11101954 23 -0.95
12101954 23 -0.88
13101954 23 -0.86
14101954 23 -0.83
15101954 23 -0.80
16101954 23 -0.76
17101954 23 -0.72
18101954 23 -0.91
19101954 23 -0.97
20101954 23 -0.98
21101954 23 -0.97
22101954 23 -0.97
23101954 23 -0.97
24101954 23 -0.97
25101954 23 -0.95
26101954 23 -0.94
27101954 23 -0.96
28101954 23 -0.97
29101954 23 -0.96
30101954 23 -0.94
31101954 23 -0.93
01111954 23 -0.92
02111954 23 -0.93
03111954 23 -0.93
04111954 23 -0.94
05111954 23 -0.94
06111954 23 -0.94
07111954 23 -0.94
08111954 23 -0.94
09111954 23 -0.94
10111954 23 -0.94
11111954 23 -0.94
12111954 23 -0.94
13111954 23 -0.94
14111954 23 -0.95
15111954 23 -0.99
16111954 23 -1.03
17111954 23 -1.06
18111954 23 -1.07
19111954 23 -1.08
20111954 23 -1.10
21111954 23 -1.10
22111954 23 -1.10
23111954 23 -1.10
24111954 23 -1.10
25111954 23 -1.10
26111954 23 -1.10
27111954 23 -1.10
28111954 23 -1.10
29111954 23 -1.10
30111954 23 -1.11
01121954 23 -1.11
02121954 23 -1.11
03121954 23 -1.11
04121954 23 -1.10
05121954 23 -1.09
06121954 23 -1.08
07121954 23 -1.09
08121954 23 -1.08
09121954 23 -1.08
10121954 23 -1.08
11121954 23 -1.08
12121954 23 -1.09
13121954 23 -1.09
14121954 23 -1.09
15121954 23 -1.09
16121954 23 -1.09
17121954 23 -1.09
18121954 23 -1.08
19121954 23 -1.04
20121954 23 -1.01
21121954 23 -1.00
22121954 23 -1.09
23121954 23 -1.10
24121954 23 -1.04
25121954 23 -1.01
26121954 23 -0.98
27121954 23 -0.96
28121954 23 -0.96
29121954 23 -0.94
30121954 23 -0.92
31121954 23 -0.90
