01012019 23 -0.63
02012019 23 -0.62
03012019 23 -0.61
04012019 23 -0.61
05012019 23 -0.61
06012019 23 -0.62
07012019 23 -0.64
08012019 23 -0.63
09012019 23 -0.62
10012019 23 -0.61
11012019 23 -0.60
12012019 23 -0.59
13012019 23 -0.59
14012019 23 -0.58
15012019 23 -0.60
16012019 23 -0.63
17012019 23 -0.68
18012019 23 -0.67
19012019 23 -0.66
20012019 23 -0.65
21012019 23 -0.64
22012019 23 -0.62
23012019 23 -0.61
24012019 23 -0.60
25012019 23 -0.59
26012019 23 -0.58
27012019 23 -0.57
28012019 23 -0.56
29012019 23 -0.56
30012019 23 -0.55
31012019 23 -0.54
01022019 23 -0.54
02022019 23 -0.57
03022019 23 -0.56
04022019 23 -0.58
05022019 23 -0.59
06022019 23 -0.57
07022019 23 -0.56
08022019 23 -0.55
09022019 23 -0.55
10022019 23 -0.57
11022019 23 -0.56
12022019 23 -0.55
13022019 23 -0.59
14022019 23 -0.63
15022019 23 -0.61
16022019 23 -0.60
17022019 23 -0.59
18022019 23 -0.58
19022019 23 -0.57
20022019 23 -0.56
21022019 23 -0.56
22022019 23 -0.54
23022019 23 -0.53
24022019 23 -0.52
25022019 23 -0.52
26022019 23 -0.53
27022019 23 -0.57
28022019 23 -0.56
01032019 23 -0.54
02032019 23 -0.56
03032019 23 -0.56
04032019 23 -0.55
05032019 23 -0.54
06032019 23 -0.56
07032019 23 -0.55
08032019 23 -0.54
09032019 23 -0.53
10032019 23 -0.52
11032019 23 -0.52
12032019 23 -0.51
13032019 23 -0.50
14032019 23 -0.50
15032019 23 -0.49
16032019 23 -0.49
17032019 23 -0.48
18032019 23 -0.48
19032019 23 -0.47
20032019 23 -0.48
21032019 23 -0.48
22032019 23 -0.47
23032019 23 -0.50
24032019 23 -0.50
25032019 23 -0.50
26032019 23 -0.51
27032019 23 -0.51
28032019 23 -0.51
29032019 23 -0.51
30032019 23 -0.51
31032019 23 -0.51
01042019 23 -0.52
02042019 23 -0.52
03042019 23 -0.52
04042019 23 -0.53
05042019 23 -0.53
06042019 23 -0.53
07042019 23 -0.54
08042019 23 -0.54
09042019 23 -0.54
10042019 23 -0.54
11042019 23 -0.55
12042019 23 -0.55
13042019 23 -0.55
14042019 23 -0.55
15042019 23 -0.56
16042019 23 -0.56
17042019 23 -0.56
18042019 23 -0.56
19042019 23 -0.56
20042019 23 -0.56
21042019 23 -0.56
22042019 23 -0.56
23042019 23 -0.56
24042019 23 -0.56
25042019 23 -0.56
26042019 23 -0.56
27042019 23 -0.56
28042019 23 -0.56
29042019 23 -0.56
30042019 23 -0.56
01052019 23 -0.56
02052019 23 -0.55
03052019 23 -0.55
04052019 23 -0.55
05052019 23 -0.55
06052019 23 -0.55
07052019 23 -0.54
08052019 23 -0.55
09052019 23 -0.55
10052019 23 -0.55
11052019 23 -0.54
12052019 23 -0.54
13052019 23 -0.54
14052019 23 -0.54
15052019 23 -0.55
16052019 23 -0.57
17052019 23 -0.57
18052019 23 -0.58
19052019 23 -0.61
20052019 23 -0.61
21052019 23 -0.61
22052019 23 -0.61
23052019 23 -0.60
24052019 23 -0.60
25052019 23 -0.60
26052019 23 -0.59
27052019 23 -0.59
28052019 23 -0.59
29052019 23 -0.59
30052019 23 -0.58
31052019 23 -0.58
01062019 23 -0.57
02062019 23 -0.57
03062019 23 -0.56
04062019 23 -0.56
05062019 23 -0.55
06062019 23 -0.55
07062019 23 -0.54
08062019 23 -0.53
09062019 23 -0.53
10062019 23 -0.52
11062019 23 -0.51
12062019 23 -0.51
13062019 23 -0.50
14062019 23 -0.50
15062019 23 -0.49
16062019 23 -0.49
17062019 23 -0.49
18062019 23 -0.48
19062019 23 -0.48
20062019 23 -0.47
21062019 23 -0.47
22062019 23 -0.46
23062019 23 -0.45
24062019 23 -0.45
25062019 23 -0.44
26062019 23 -0.44
27062019 23 -0.43
28062019 23 -0.43
29062019 23 -0.42
30062019 23 -0.42
01072019 23 -0.41
02072019 23 -0.41
03072019 23 -0.40
04072019 23 -0.40
05072019 23 -0.40
06072019 23 -0.39
07072019 23 -0.39
08072019 23 -0.39
09072019 23 -0.39
10072019 23 -0.39
11072019 23 -0.40
12072019 23 -0.40
13072019 23 -0.40
14072019 23 -0.41
15072019 23 -0.42
16072019 23 -0.43
17072019 23 -0.44
18072019 23 -0.45
19072019 23 -0.47
20072019 23 -0.48
21072019 23 -0.49
22072019 23 -0.50
23072019 23 -0.53
24072019 23 -0.57
25072019 23 -0.66
26072019 23 -0.76
27072019 23 -0.82
28072019 23 -0.87
29072019 23 -0.92
30072019 23 -0.96
31072019 23 -0.99
01082019 23 -1.00
02082019 23 -1.00
03082019 23 -0.90
04082019 23 -0.81
05082019 23 -0.78
06082019 23 -0.77
07082019 23 -0.75
08082019 23 -0.75
09082019 23 -0.74
10082019 23 -0.73
11082019 23 -0.72
12082019 23 -0.72
13082019 23 -0.71
14082019 23 -0.70
15082019 23 -0.67
16082019 23 -0.65
17082019 23 -0.67
18082019 23 -0.83
19082019 23 -0.87
20082019 23 -0.87
21082019 23 -0.87
22082019 23 -0.87
23082019 23 -0.87
24082019 23 -0.87
25082019 23 -0.86
26082019 23 -0.86
27082019 23 -0.86
28082019 23 -0.86
29082019 23 -0.85
30082019 23 -0.84
31082019 23 -0.83
01092019 23 -0.82
02092019 23 -0.82
03092019 23 -0.82
04092019 23 -0.82
05092019 23 -0.77
06092019 23 -0.73
07092019 23 -0.70
08092019 23 -0.68
09092019 23 -0.66
10092019 23 -0.64
11092019 23 -0.62
12092019 23 -0.61
13092019 23 -0.59
14092019 23 -0.58
15092019 23 -0.57
16092019 23 -0.56
17092019 23 -0.56
18092019 23 -0.55
19092019 23 -0.54
20092019 23 -0.53
21092019 23 -0.52
22092019 23 -0.52
23092019 23 -0.51
24092019 23 -0.50
25092019 23 -0.81
26092019 23 -1.00
27092019 23 -1.00
28092019 23 -0.99
29092019 23 -0.99
30092019 23 -0.99
01102019 23 -0.98
02102019 23 -0.90
03102019 23 -0.86
04102019 23 -0.84
05102019 23 -0.82
06102019 23 -0.80
07102019 23 -0.77
08102019 23 -0.76
09102019 23 -0.74
10102019 23 -0.71
11102019 23 -0.70
12102019 23 -0.69
13102019 23 -0.67
14102019 23 -0.66
15102019 23 -0.65
16102019 23 -0.64
17102019 23 -0.64
18102019 23 -0.63
19102019 23 -0.62
20102019 23 -0.61
21102019 23 -0.60
22102019 23 -0.60
23102019 23 -0.59
24102019 23 -0.58
25102019 23 -0.58
26102019 23 -0.57
27102019 23 -0.57
28102019 23 -0.56
29102019 23 -0.71
30102019 23 -0.95
31102019 23 -0.89
01112019 23 -0.86
02112019 23 -0.84
03112019 23 -0.83
04112019 23 -0.94
05112019 23 -0.97
06112019 23 -0.93
07112019 23 -0.89
08112019 23 -0.86
09112019 23 -0.85
10112019 23 -0.86
11112019 23 -0.99
12112019 23 -1.04
13112019 23 -1.05
14112019 23 -1.05
15112019 23 -1.04
16112019 23 -0.98
17112019 23 -0.94
18112019 23 -0.91
19112019 23 -0.88
20112019 23 -0.86
21112019 23 -0.83
22112019 23 -0.81
23112019 23 -0.79
24112019 23 -0.77
25112019 23 -0.75
26112019 23 -0.74
27112019 23 -0.74
28112019 23 -0.73
29112019 23 -0.71
30112019 23 -0.70
01122019 23 -0.70
02122019 23 -0.70
03122019 23 -0.69
04122019 23 -0.70
05122019 23 -0.69
06122019 23 -0.68
07122019 23 -0.68
08122019 23 -0.69
09122019 23 -0.67
10122019 23 -0.66
11122019 23 -0.66
12122019 23 -0.65
13122019 23 -0.64
14122019 23 -0.64
15122019 23 -0.63
16122019 23 -0.62
17122019 23 -0.61
18122019 23 -0.61
19122019 23 -0.60
20122019 23 -0.60
21122019 23 -0.59
22122019 23 -0.61
23122019 23 -0.62
24122019 23 -0.61
25122019 23 -0.60
26122019 23 -0.59
27122019 23 -0.59
28122019 23 -0.58
29122019 23 -0.58
30122019 23 -0.58
31122019 23 -0.57
