01012014 23 -0.91
02012014 23 -0.90
03012014 23 -0.89
04012014 23 -0.88
05012014 23 -0.87
06012014 23 -0.86
07012014 23 -0.86
08012014 23 -0.84
09012014 23 -0.83
10012014 23 -0.82
11012014 23 -0.81
12012014 23 -0.80
13012014 23 -0.79
14012014 23 -0.78
15012014 23 -0.77
16012014 23 -0.76
17012014 23 -0.75
18012014 23 -0.72
19012014 23 -0.70
20012014 23 -0.68
21012014 23 -0.67
22012014 23 -0.65
23012014 23 -0.63
24012014 23 -0.63
25012014 23 -0.76
26012014 23 -0.85
27012014 23 -0.89
28012014 23 -0.92
29012014 23 -0.94
30012014 23 -0.94
31012014 23 -0.94
01022014 23 -0.94
02022014 23 -0.94
03022014 23 -0.93
04022014 23 -0.92
05022014 23 -0.92
06022014 23 -0.93
07022014 23 -0.91
08022014 23 -0.93
09022014 23 -0.95
10022014 23 -0.95
11022014 23 -0.95
12022014 23 -0.96
13022014 23 -0.97
14022014 23 -0.98
15022014 23 -0.98
16022014 23 -0.96
17022014 23 -0.94
18022014 23 -0.94
19022014 23 -0.93
20022014 23 -0.93
21022014 23 -0.92
22022014 23 -0.92
23022014 23 -0.92
24022014 23 -0.91
25022014 23 -0.91
26022014 23 -0.91
27022014 23 -0.91
28022014 23 -0.92
01032014 23 -0.91
02032014 23 -0.89
03032014 23 -0.89
04032014 23 -0.89
05032014 23 -0.89
06032014 23 -0.88
07032014 23 -0.87
08032014 23 -0.86
09032014 23 -0.86
10032014 23 -0.85
11032014 23 -0.85
12032014 23 -0.86
13032014 23 -0.86
14032014 23 -0.86
15032014 23 -0.86
16032014 23 -0.87
17032014 23 -0.87
18032014 23 -0.87
19032014 23 -0.87
20032014 23 -0.87
21032014 23 -0.87
22032014 23 -0.87
23032014 23 -0.87
24032014 23 -0.87
25032014 23 -0.87
26032014 23 -0.88
27032014 23 -0.88
28032014 23 -0.88
29032014 23 -0.88
30032014 23 -0.89
31032014 23 -0.88
01042014 23 -0.88
02042014 23 -0.88
03042014 23 -0.87
04042014 23 -0.86
05042014 23 -0.86
06042014 23 -0.85
07042014 23 -0.85
08042014 23 -0.84
09042014 23 -0.84
10042014 23 -0.84
11042014 23 -0.85
12042014 23 -0.85
13042014 23 -0.85
14042014 23 -0.85
15042014 23 -0.85
16042014 23 -0.85
17042014 23 -0.85
18042014 23 -0.86
19042014 23 -0.88
20042014 23 -0.89
21042014 23 -0.90
22042014 23 -0.89
23042014 23 -0.89
24042014 23 -0.89
25042014 23 -0.89
26042014 23 -0.89
27042014 23 -0.89
28042014 23 -0.89
29042014 23 -0.88
30042014 23 -0.88
01052014 23 -0.89
02052014 23 -0.89
03052014 23 -0.89
04052014 23 -0.89
05052014 23 -0.87
06052014 23 -0.86
07052014 23 -0.84
08052014 23 -0.83
09052014 23 -0.81
10052014 23 -0.80
11052014 23 -0.81
12052014 23 -0.82
13052014 23 -0.82
14052014 23 -0.81
15052014 23 -0.80
16052014 23 -0.79
17052014 23 -0.78
18052014 23 -0.77
19052014 23 -0.75
20052014 23 -0.73
21052014 23 -0.72
22052014 23 -0.72
23052014 23 -0.77
24052014 23 -0.76
25052014 23 -0.73
26052014 23 -0.70
27052014 23 -0.68
28052014 23 -0.66
29052014 23 -0.64
30052014 23 -0.62
31052014 23 -0.61
01062014 23 -0.60
02062014 23 -0.60
03062014 23 -0.60
04062014 23 -0.61
05062014 23 -0.61
06062014 23 -0.61
07062014 23 -0.62
08062014 23 -0.61
09062014 23 -0.61
10062014 23 -0.60
11062014 23 -0.60
12062014 23 -0.59
13062014 23 -0.58
14062014 23 -0.57
15062014 23 -0.56
16062014 23 -0.55
17062014 23 -0.55
18062014 23 -0.54
19062014 23 -0.55
20062014 23 -0.58
21062014 23 -0.66
22062014 23 -0.76
23062014 23 -0.84
24062014 23 -0.87
25062014 23 -0.88
26062014 23 -0.89
27062014 23 -0.88
28062014 23 -0.88
29062014 23 -0.88
30062014 23 -0.88
01072014 23 -0.88
02072014 23 -0.87
03072014 23 -0.86
04072014 23 -0.85
05072014 23 -0.85
06072014 23 -0.84
07072014 23 -0.84
08072014 23 -0.83
09072014 23 -0.83
10072014 23 -0.83
11072014 23 -0.83
12072014 23 -0.82
13072014 23 -0.83
14072014 23 -0.84
15072014 23 -0.84
16072014 23 -0.84
17072014 23 -0.85
18072014 23 -0.85
19072014 23 -0.85
20072014 23 -0.85
21072014 23 -0.85
22072014 23 -0.84
23072014 23 -0.84
24072014 23 -0.83
25072014 23 -0.82
26072014 23 -0.81
27072014 23 -0.80
28072014 23 -0.80
29072014 23 -0.79
30072014 23 -0.79
31072014 23 -0.78
01082014 23 -0.79
02082014 23 -0.82
03082014 23 -0.83
04082014 23 -0.85
05082014 23 -0.86
06082014 23 -0.87
07082014 23 -0.87
08082014 23 -0.86
09082014 23 -0.86
10082014 23 -0.86
11082014 23 -0.86
12082014 23 -0.85
13082014 23 -0.86
14082014 23 -0.86
15082014 23 -0.86
16082014 23 -0.86
17082014 23 -0.86
18082014 23 -0.86
19082014 23 -0.85
20082014 23 -0.85
21082014 23 -0.86
22082014 23 -0.86
23082014 23 -0.88
24082014 23 -0.92
25082014 23 -0.92
26082014 23 -0.91
27082014 23 -0.91
28082014 23 -0.91
29082014 23 -0.90
30082014 23 -0.90
31082014 23 -0.89
01092014 23 -0.89
02092014 23 -0.89
03092014 23 -0.87
04092014 23 -0.85
05092014 23 -0.86
06092014 23 -0.86
07092014 23 -0.85
08092014 23 -0.84
09092014 23 -0.82
10092014 23 -0.80
11092014 23 -0.79
12092014 23 -0.77
13092014 23 -0.85
14092014 23 -0.91
15092014 23 -0.92
16092014 23 -0.92
17092014 23 -0.90
18092014 23 -0.90
19092014 23 -0.90
20092014 23 -0.90
21092014 23 -0.90
22092014 23 -0.90
23092014 23 -0.89
24092014 23 -0.89
25092014 23 -0.90
26092014 23 -0.89
27092014 23 -0.89
28092014 23 -0.89
29092014 23 -0.89
30092014 23 -0.89
01102014 23 -0.89
02102014 23 -0.89
03102014 23 -0.89
04102014 23 -0.89
05102014 23 -0.88
06102014 23 -0.87
07102014 23 -0.86
08102014 23 -0.87
09102014 23 -0.88
10102014 23 -0.88
11102014 23 -0.91
12102014 23 -0.92
13102014 23 -0.91
14102014 23 -0.91
15102014 23 -0.91
16102014 23 -0.91
17102014 23 -0.91
18102014 23 -0.91
19102014 23 -0.91
20102014 23 -0.92
21102014 23 -0.92
22102014 23 -0.92
23102014 23 -0.92
24102014 23 -0.93
25102014 23 -0.94
26102014 23 -0.95
27102014 23 -0.96
28102014 23 -0.96
29102014 23 -0.96
30102014 23 -0.96
31102014 23 -0.95
01112014 23 -0.94
02112014 23 -0.94
03112014 23 -0.93
04112014 23 -0.93
05112014 23 -0.93
06112014 23 -0.93
07112014 23 -0.91
08112014 23 -0.89
09112014 23 -0.89
10112014 23 -0.88
11112014 23 -0.87
12112014 23 -0.86
13112014 23 -0.86
14112014 23 -0.85
15112014 23 -0.84
16112014 23 -0.83
17112014 23 -0.82
18112014 23 -0.81
19112014 23 -0.80
20112014 23 -0.80
21112014 23 -0.80
22112014 23 -0.80
23112014 23 -0.80
24112014 23 -0.79
25112014 23 -0.77
26112014 23 -0.76
27112014 23 -0.76
28112014 23 -0.75
29112014 23 -0.74
30112014 23 -0.75
01122014 23 -0.75
02122014 23 -0.80
03122014 23 -0.90
04122014 23 -0.90
05122014 23 -0.89
06122014 23 -0.89
07122014 23 -0.88
08122014 23 -0.88
09122014 23 -0.87
10122014 23 -0.87
11122014 23 -0.89
12122014 23 -0.92
13122014 23 -0.90
14122014 23 -0.89
15122014 23 -0.89
16122014 23 -0.89
17122014 23 -0.90
18122014 23 -0.89
19122014 23 -0.89
20122014 23 -0.89
21122014 23 -0.89
22122014 23 -0.88
23122014 23 -0.88
24122014 23 -0.88
25122014 23 -0.87
26122014 23 -0.87
27122014 23 -0.86
28122014 23 -0.86
29122014 23 -0.85
30122014 23 -0.85
31122014 23 -0.84
