    DOY     DATE    TRANSPN         WTR_STRESS      OXY_STRESS      
   1.000    01011900  0.00000000E+00  0.00000000E+00  0.12339520E+00
   2.000    02011900  0.00000000E+00  0.00000000E+00  0.81967950E-01
   3.000    03011900  0.75322970E-02  0.00000000E+00  0.86513960E-01
   4.000    04011900  0.11099320E-01  0.00000000E+00  0.52872980E-01
   5.000    05011900  0.43626620E-01  0.00000000E+00  0.17881420E+00
   6.000    06011900  0.56290630E-01  0.00000000E+00  0.27200000E+00
   7.000    07011900  0.59396870E-01  0.00000000E+00  0.34332790E+00
   8.000    08011900  0.13354860E+00  0.00000000E+00  0.28733890E+00
   9.000    09011900  0.20066210E+00  0.00000000E+00  0.37019450E+00
  10.000    10011900  0.22637660E+00  0.00000000E+00  0.36899020E+00
  11.000    11011900  0.24584060E+00  0.00000000E+00  0.63851210E+00
  12.000    12011900  0.26368720E+00  0.00000000E+00  0.74606530E+00
  13.000    13011900  0.28797410E+00  0.00000000E+00  0.68882460E+00
  14.000    14011900  0.31194240E+00  0.00000000E+00  0.64326740E+00
  15.000    15011900  0.33936530E+00  0.00000000E+00  0.64250640E+00
  16.000    16011900  0.37297810E+00  0.00000000E+00  0.57489530E+00
  17.000    17011900  0.39611270E+00  0.00000000E+00  0.55837030E+00
  18.000    18011900  0.46651170E+00  0.00000000E+00  0.52752750E+00
  19.000    19011900  0.56726180E+00  0.00000000E+00  0.67755690E+00
  20.000    20011900  0.60985960E+00  0.00000000E+00  0.55163780E+00
  21.000    21011900  0.65365680E+00  0.00000000E+00  0.44573780E+00
  22.000    22011900  0.76429850E+00  0.00000000E+00  0.43662540E+00
  23.000    23011900  0.80162680E+00  0.00000000E+00  0.43081220E+00
  24.000    24011900  0.88952790E+00  0.00000000E+00  0.42117960E+00
  25.000    25011900  0.10504200E+01  0.00000000E+00  0.43988040E+00
  26.000    26011900  0.11255310E+01  0.00000000E+00  0.41569020E+00
  27.000    27011900  0.11697130E+01  0.00000000E+00  0.36962150E+00
  28.000    28011900  0.12213760E+01  0.00000000E+00  0.41822770E+00
  29.000    29011900  0.12581310E+01  0.00000000E+00  0.42438960E+00
  30.000    30011900  0.13058640E+01  0.00000000E+00  0.37284870E+00
  31.000    31011900  0.13588210E+01  0.00000000E+00  0.36666260E+00
  32.000    01021900  0.14405270E+01  0.00000000E+00  0.35173410E+00
  33.000    02021900  0.15284250E+01  0.00000000E+00  0.35308290E+00
  34.000    03021900  0.16305070E+01  0.00000000E+00  0.33701500E+00
  35.000    04021900  0.17177980E+01  0.00000000E+00  0.33132650E+00
  36.000    05021900  0.18067720E+01  0.00000000E+00  0.34622060E+00
  37.000    06021900  0.19584970E+01  0.00000000E+00  0.36030850E+00
  38.000    07021900  0.20641450E+01  0.00000000E+00  0.35356930E+00
  39.000    08021900  0.21729540E+01  0.00000000E+00  0.34218970E+00
  40.000    09021900  0.22881240E+01  0.00000000E+00  0.38844100E+00
  41.000    10021900  0.24101410E+01  0.00000000E+00  0.41806840E+00
  42.000    11021900  0.24829950E+01  0.00000000E+00  0.46177120E+00
  43.000    12021900  0.25650070E+01  0.00000000E+00  0.46128290E+00
  44.000    13021900  0.26686500E+01  0.00000000E+00  0.44709800E+00
  45.000    14021900  0.27615900E+01  0.00000000E+00  0.45287420E+00
  46.000    15021900  0.28830560E+01  0.00000000E+00  0.48748590E+00
  47.000    16021900  0.29985640E+01  0.00000000E+00  0.48435030E+00
  48.000    17021900  0.31164390E+01  0.00000000E+00  0.45223900E+00
  49.000    18021900  0.32208260E+01  0.00000000E+00  0.52429930E+00
  50.000    19021900  0.33351450E+01  0.00000000E+00  0.54631910E+00
  51.000    20021900  0.34238370E+01  0.00000000E+00  0.54421690E+00
  52.000    21021900  0.35137920E+01  0.00000000E+00  0.53034180E+00
  53.000    22021900  0.37163680E+01  0.00000000E+00  0.56890050E+00
  54.000    23021900  0.38552030E+01  0.00000000E+00  0.58675190E+00
  55.000    24021900  0.39506700E+01  0.00000000E+00  0.53705830E+00
  56.000    25021900  0.40598140E+01  0.00000000E+00  0.52765790E+00
  57.000    26021900  0.44461730E+01  0.00000000E+00  0.54616400E+00
  58.000    27021900  0.46599100E+01  0.00000000E+00  0.54999020E+00
  59.000    28021900  0.48028940E+01  0.00000000E+00  0.51776110E+00
  60.000    29021900  0.52928230E+01  0.00000000E+00  0.54576820E+00
  61.000    01031900  0.57349550E+01  0.00000000E+00  0.59152870E+00
  62.000    02031900  0.62177660E+01  0.00000000E+00  0.59821990E+00
  63.000    03031900  0.64200430E+01  0.00000000E+00  0.57669020E+00
  64.000    04031900  0.65774220E+01  0.00000000E+00  0.56332830E+00
  65.000    05031900  0.67610900E+01  0.00000000E+00  0.52901050E+00
  66.000    06031900  0.69643320E+01  0.00000000E+00  0.52144870E+00
  67.000    07031900  0.72530330E+01  0.00000000E+00  0.52788800E+00
  68.000    08031900  0.74114430E+01  0.00000000E+00  0.51939540E+00
  69.000    09031900  0.75252490E+01  0.00000000E+00  0.52990350E+00
  70.000    10031900  0.77076290E+01  0.00000000E+00  0.47634810E+00
  71.000    11031900  0.80734230E+01  0.00000000E+00  0.46906630E+00
  72.000    12031900  0.86489500E+01  0.00000000E+00  0.53964010E+00
  73.000    13031900  0.92726270E+01  0.00000000E+00  0.55013020E+00
  74.000    14031900  0.97640780E+01  0.00000000E+00  0.54910100E+00
  75.000    15031900  0.10410040E+02  0.00000000E+00  0.55813740E+00
  76.000    16031900  0.11031670E+02  0.00000000E+00  0.55811160E+00
  77.000    17031900  0.11242970E+02  0.00000000E+00  0.54570300E+00
  78.000    18031900  0.11494380E+02  0.00000000E+00  0.51062300E+00
  79.000    19031900  0.12019940E+02  0.00000000E+00  0.53957610E+00
  80.000    20031900  0.12640080E+02  0.00000000E+00  0.49831980E+00
  81.000    21031900  0.13243040E+02  0.00000000E+00  0.55468220E+00
  82.000    22031900  0.13520520E+02  0.00000000E+00  0.53712820E+00
  83.000    23031900  0.14076580E+02  0.00000000E+00  0.54170000E+00
  84.000    24031900  0.14464750E+02  0.00000000E+00  0.52988390E+00
  85.000    25031900  0.14808110E+02  0.00000000E+00  0.50549980E+00
  86.000    26031900  0.15245590E+02  0.00000000E+00  0.47147590E+00
  87.000    27031900  0.15709310E+02  0.00000000E+00  0.45540000E+00
  88.000    28031900  0.16275800E+02  0.00000000E+00  0.44072450E+00
  89.000    29031900  0.16807770E+02  0.00000000E+00  0.43920880E+00
  90.000    30031900  0.17226390E+02  0.00000000E+00  0.48072510E+00
  91.000    31031900  0.17554420E+02  0.00000000E+00  0.48760610E+00
  92.000    01041900  0.17833740E+02  0.00000000E+00  0.50946970E+00
  93.000    02041900  0.18157780E+02  0.00000000E+00  0.50757880E+00
  94.000    03041900  0.18448440E+02  0.00000000E+00  0.51618470E+00
  95.000    04041900  0.18835290E+02  0.00000000E+00  0.50962440E+00
  96.000    05041900  0.19166100E+02  0.00000000E+00  0.49569330E+00
  97.000    06041900  0.19721530E+02  0.00000000E+00  0.46790070E+00
  98.000    07041900  0.20138930E+02  0.00000000E+00  0.48105030E+00
  99.000    08041900  0.20699330E+02  0.00000000E+00  0.45678260E+00
 100.000    09041900  0.20963050E+02  0.00000000E+00  0.51570750E+00
 101.000    10041900  0.21288410E+02  0.00000000E+00  0.54803260E+00
 102.000    11041900  0.21699790E+02  0.00000000E+00  0.55133340E+00
 103.000    12041900  0.22147940E+02  0.00000000E+00  0.52354190E+00
 104.000    13041900  0.22595530E+02  0.00000000E+00  0.51438370E+00
 105.000    14041900  0.22929620E+02  0.00000000E+00  0.54170520E+00
 106.000    15041900  0.23546150E+02  0.00000000E+00  0.58193550E+00
 107.000    16041900  0.24000480E+02  0.00000000E+00  0.55013500E+00
 108.000    17041900  0.24294140E+02  0.00000000E+00  0.57864310E+00
 109.000    18041900  0.24623390E+02  0.00000000E+00  0.53566430E+00
 110.000    19041900  0.25011480E+02  0.00000000E+00  0.51153630E+00
 111.000    20041900  0.25522990E+02  0.00000000E+00  0.50042680E+00
 112.000    21041900  0.26097750E+02  0.00000000E+00  0.49216630E+00
 113.000    22041900  0.26681620E+02  0.00000000E+00  0.50546810E+00
 114.000    23041900  0.27024950E+02  0.00000000E+00  0.52700350E+00
 115.000    24041900  0.27365750E+02  0.00000000E+00  0.53409970E+00
 116.000    25041900  0.27696460E+02  0.00000000E+00  0.54262290E+00
 117.000    26041900  0.28146900E+02  0.00000000E+00  0.52612590E+00
 118.000    27041900  0.28481800E+02  0.00000000E+00  0.54362580E+00
 119.000    28041900  0.28854660E+02  0.00000000E+00  0.53602210E+00
 120.000    29041900  0.29188790E+02  0.00000000E+00  0.54813000E+00
 121.000    30041900  0.29578170E+02  0.00000000E+00  0.53781350E+00
 122.000    01051900  0.30017230E+02  0.00000000E+00  0.72656490E+00
 123.000    02051900  0.30283720E+02  0.00000000E+00  0.80253230E+00
 124.000    03051900  0.30759080E+02  0.00000000E+00  0.57829620E+00
 125.000    04051900  0.31039280E+02  0.00000000E+00  0.56462520E+00
 126.000    05051900  0.31380480E+02  0.00000000E+00  0.54182700E+00
 127.000    06051900  0.31987920E+02  0.00000000E+00  0.51187140E+00
 128.000    07051900  0.32366040E+02  0.00000000E+00  0.49638000E+00
 129.000    08051900  0.32722040E+02  0.00000000E+00  0.49593910E+00
 130.000    09051900  0.33168760E+02  0.00000000E+00  0.49362430E+00
 131.000    10051900  0.33872150E+02  0.00000000E+00  0.44973290E+00
 132.000    11051900  0.34759540E+02  0.00000000E+00  0.46612040E+00
 133.000    12051900  0.35279980E+02  0.00000000E+00  0.47268000E+00
 134.000    13051900  0.35665710E+02  0.00000000E+00  0.48080280E+00
 135.000    14051900  0.36143780E+02  0.00000000E+00  0.48294090E+00
 136.000    15051900  0.36604080E+02  0.00000000E+00  0.59008230E+00
 137.000    16051900  0.36971040E+02  0.00000000E+00  0.80409120E+00
 138.000    17051900  0.37242850E+02  0.00000000E+00  0.57223490E+00
 139.000    18051900  0.37558580E+02  0.00000000E+00  0.54578450E+00
 140.000    19051900  0.37865450E+02  0.00000000E+00  0.53002500E+00
 141.000    20051900  0.38328250E+02  0.00000000E+00  0.50338610E+00
 142.000    21051900  0.38599490E+02  0.00000000E+00  0.49528180E+00
 143.000    22051900  0.38911880E+02  0.00000000E+00  0.49455710E+00
 144.000    23051900  0.39158930E+02  0.00000000E+00  0.50015100E+00
 145.000    24051900  0.39550070E+02  0.00000000E+00  0.48701090E+00
 146.000    25051900  0.39977100E+02  0.00000000E+00  0.48035530E+00
 147.000    26051900  0.40717680E+02  0.00000000E+00  0.44691000E+00
 148.000    27051900  0.41892740E+02  0.00000000E+00  0.42187980E+00
 149.000    28051900  0.42623970E+02  0.00000000E+00  0.44187780E+00
 150.000    29051900  0.43040020E+02  0.00000000E+00  0.57256720E+00
 151.000    30051900  0.43489870E+02  0.00000000E+00  0.83892520E+00
 152.000    31051900  0.44232320E+02  0.00000000E+00  0.54140450E+00
 153.000    01061900  0.45598860E+02  0.00000000E+00  0.47852580E+00
 154.000    02061900  0.46505940E+02  0.00000000E+00  0.46204760E+00
 155.000    03061900  0.47121390E+02  0.00000000E+00  0.46087610E+00
 156.000    04061900  0.47706670E+02  0.00000000E+00  0.46241760E+00
 157.000    05061900  0.48167170E+02  0.00000000E+00  0.45814370E+00
 158.000    06061900  0.48732140E+02  0.00000000E+00  0.44924650E+00
 159.000    07061900  0.49297480E+02  0.00000000E+00  0.43521620E+00
 160.000    08061900  0.49870090E+02  0.00000000E+00  0.44587030E+00
 161.000    09061900  0.50594920E+02  0.00000000E+00  0.45024310E+00
 162.000    10061900  0.51322340E+02  0.00000000E+00  0.43365440E+00
 163.000    11061900  0.52223510E+02  0.00000000E+00  0.43067040E+00
 164.000    12061900  0.52978310E+02  0.00000000E+00  0.78910850E+00
 165.000    13061900  0.53684130E+02  0.00000000E+00  0.85197400E+00
 166.000    14061900  0.54255540E+02  0.00000000E+00  0.53933370E+00
 167.000    15061900  0.54944940E+02  0.00000000E+00  0.49233720E+00
 168.000    16061900  0.55656050E+02  0.00000000E+00  0.47172260E+00
 169.000    17061900  0.56245900E+02  0.00000000E+00  0.46700630E+00
 170.000    18061900  0.56647750E+02  0.00000000E+00  0.47579910E+00
 171.000    19061900  0.57061690E+02  0.00000000E+00  0.46747990E+00
 172.000    20061900  0.57603850E+02  0.00000000E+00  0.45521630E+00
 173.000    21061900  0.58632520E+02  0.00000000E+00  0.43870550E+00
 174.000    22061900  0.60173440E+02  0.00000000E+00  0.42006130E+00
 175.000    23061900  0.61046730E+02  0.00000000E+00  0.42473640E+00
 176.000    24061900  0.61687750E+02  0.00000000E+00  0.43645040E+00
 177.000    25061900  0.62327940E+02  0.00000000E+00  0.45059220E+00
 178.000    26061900  0.62813810E+02  0.00000000E+00  0.68713910E+00
 179.000    27061900  0.63447130E+02  0.00000000E+00  0.87264920E+00
 180.000    28061900  0.64366580E+02  0.00000000E+00  0.55253720E+00
 181.000    29061900  0.65653450E+02  0.00000000E+00  0.50008890E+00
 182.000    30061900  0.66273610E+02  0.00000000E+00  0.48925950E+00
 183.000    01071900  0.66793190E+02  0.00000000E+00  0.47957770E+00
 184.000    02071900  0.67535980E+02  0.00000000E+00  0.47140450E+00
 185.000    03071900  0.68292660E+02  0.00000000E+00  0.47058010E+00
 186.000    04071900  0.69041250E+02  0.00000000E+00  0.45804990E+00
 187.000    05071900  0.70039330E+02  0.00000000E+00  0.44626750E+00
 188.000    06071900  0.70898050E+02  0.00000000E+00  0.44786980E+00
 189.000    07071900  0.71649160E+02  0.00000000E+00  0.44841850E+00
 190.000    08071900  0.72573160E+02  0.00000000E+00  0.44227130E+00
 191.000    09071900  0.73470560E+02  0.00000000E+00  0.45063810E+00
 192.000    10071900  0.74208770E+02  0.00000000E+00  0.76905710E+00
 193.000    11071900  0.74920030E+02  0.00000000E+00  0.89101260E+00
 194.000    12071900  0.75621240E+02  0.00000000E+00  0.55076750E+00
 195.000    13071900  0.76178260E+02  0.00000000E+00  0.51170700E+00
 196.000    14071900  0.76741740E+02  0.00000000E+00  0.49705210E+00
 197.000    15071900  0.77400590E+02  0.00000000E+00  0.48594430E+00
 198.000    16071900  0.77979330E+02  0.00000000E+00  0.47910360E+00
 199.000    17071900  0.78596370E+02  0.00000000E+00  0.47345660E+00
 200.000    18071900  0.79478630E+02  0.00000000E+00  0.46755190E+00
 201.000    19071900  0.80400810E+02  0.00000000E+00  0.45741280E+00
 202.000    20071900  0.81093090E+02  0.00000000E+00  0.45689860E+00
 203.000    21071900  0.81706150E+02  0.00000000E+00  0.45972660E+00
 204.000    22071900  0.82274190E+02  0.00000000E+00  0.47283540E+00
 205.000    23071900  0.82784490E+02  0.00000000E+00  0.47699740E+00
 206.000    24071900  0.83303300E+02  0.00000000E+00  0.72327970E+00
 207.000    25071900  0.83686460E+02  0.00000000E+00  0.89097250E+00
 208.000    26071900  0.84000850E+02  0.00000000E+00  0.65336660E+00
 209.000    27071900  0.84352990E+02  0.00000000E+00  0.52691080E+00
 210.000    28071900  0.84635430E+02  0.00000000E+00  0.72146940E+00
 211.000    29071900  0.84955610E+02  0.00000000E+00  0.89307210E+00
 212.000    30071900  0.85230950E+02  0.00000000E+00  0.61780450E+00
 213.000    31071900  0.85482100E+02  0.00000000E+00  0.61811230E+00
 214.000    01081900  0.85748310E+02  0.00000000E+00  0.65594120E+00
 215.000    02081900  0.86119880E+02  0.00000000E+00  0.90188880E+00
 216.000    03081900  0.86489430E+02  0.00000000E+00  0.87449630E+00
 217.000    04081900  0.86735940E+02  0.00000000E+00  0.45854860E+00
 218.000    05081900  0.87044320E+02  0.00000000E+00  0.63677170E+00
 219.000    06081900  0.87189240E+02  0.00000000E+00  0.88926110E+00
 220.000    07081900  0.87377020E+02  0.00000000E+00  0.43710500E+00
 221.000    08081900  0.87621970E+02  0.00000000E+00  0.90130770E+00
 222.000    09081900  0.87813360E+02  0.00000000E+00  0.87840810E+00
 223.000    10081900  0.88011430E+02  0.00000000E+00  0.89335420E+00
 224.000    11081900  0.88155550E+02  0.00000000E+00  0.67372130E+00
 225.000    12081900  0.88223730E+02  0.00000000E+00  0.65537420E+00
 226.000    13081900  0.88281550E+02  0.00000000E+00  0.89333620E+00
 227.000    14081900  0.88676520E+02  0.00000000E+00  0.89695130E+00
 228.000    15081900  0.88842550E+02  0.00000000E+00  0.88800270E+00
 229.000    16081900  0.88932190E+02  0.00000000E+00  0.83211630E+00
 230.000    17081900  0.89021080E+02  0.00000000E+00  0.64085080E+00
 231.000    18081900  0.89079770E+02  0.00000000E+00  0.86310450E+00
 232.000    19081900  0.89140830E+02  0.00000000E+00  0.89091810E+00
 233.000    20081900  0.89200950E+02  0.00000000E+00  0.88701320E+00
 234.000    21081900  0.89278380E+02  0.00000000E+00  0.55220490E+00
 235.000    22081900  0.89363980E+02  0.00000000E+00  0.89505290E+00
 236.000    23081900  0.89432960E+02  0.00000000E+00  0.83331510E+00
 237.000    24081900  0.89500140E+02  0.00000000E+00  0.46251750E+00
 238.000    25081900  0.89572520E+02  0.00000000E+00  0.62633070E+00
 239.000    26081900  0.89811910E+02  0.00000000E+00  0.83918900E+00
 240.000    27081900  0.89811910E+02  0.00000000E+00  0.00000000E+00
 241.000    28081900  0.89811910E+02  0.00000000E+00  0.00000000E+00
 242.000    29081900  0.89811910E+02  0.00000000E+00  0.00000000E+00
 243.000    30081900  0.89811910E+02  0.00000000E+00  0.00000000E+00
 244.000    31081900  0.89811910E+02  0.00000000E+00  0.00000000E+00
 245.000    01091900  0.89811910E+02  0.00000000E+00  0.00000000E+00
 246.000    02091900  0.89811910E+02  0.00000000E+00  0.00000000E+00
 247.000    03091900  0.89811910E+02  0.00000000E+00  0.00000000E+00
 248.000    04091900  0.89811910E+02  0.00000000E+00  0.00000000E+00
 249.000    05091900  0.89811910E+02  0.00000000E+00  0.00000000E+00
 250.000    06091900  0.89811910E+02  0.00000000E+00  0.00000000E+00
 251.000    07091900  0.89811910E+02  0.00000000E+00  0.00000000E+00
 252.000    08091900  0.89811910E+02  0.00000000E+00  0.00000000E+00
 253.000    09091900  0.89811910E+02  0.00000000E+00  0.00000000E+00
 254.000    10091900  0.89811910E+02  0.00000000E+00  0.00000000E+00
 255.000    11091900  0.89811910E+02  0.00000000E+00  0.00000000E+00
 256.000    12091900  0.89811910E+02  0.00000000E+00  0.00000000E+00
 257.000    13091900  0.89811910E+02  0.00000000E+00  0.00000000E+00
 258.000    14091900  0.89811910E+02  0.00000000E+00  0.00000000E+00
 259.000    15091900  0.89811910E+02  0.00000000E+00  0.00000000E+00
 260.000    16091900  0.89811910E+02  0.00000000E+00  0.00000000E+00
 261.000    17091900  0.89811910E+02  0.00000000E+00  0.00000000E+00
 262.000    18091900  0.89811910E+02  0.00000000E+00  0.00000000E+00
 263.000    19091900  0.89811910E+02  0.00000000E+00  0.00000000E+00
 264.000    20091900  0.89811910E+02  0.00000000E+00  0.00000000E+00
 265.000    21091900  0.89811910E+02  0.00000000E+00  0.00000000E+00
 266.000    22091900  0.89811910E+02  0.00000000E+00  0.00000000E+00
 267.000    23091900  0.89811910E+02  0.00000000E+00  0.00000000E+00
 268.000    24091900  0.89811910E+02  0.00000000E+00  0.00000000E+00
 269.000    25091900  0.89811910E+02  0.00000000E+00  0.00000000E+00
 270.000    26091900  0.89811910E+02  0.00000000E+00  0.00000000E+00
 271.000    27091900  0.89811910E+02  0.00000000E+00  0.00000000E+00
 272.000    28091900  0.89811910E+02  0.00000000E+00  0.00000000E+00
 273.000    29091900  0.89811910E+02  0.00000000E+00  0.00000000E+00
 274.000    30091900  0.89811910E+02  0.00000000E+00  0.00000000E+00
 275.000    01101900  0.89811910E+02  0.00000000E+00  0.00000000E+00
 276.000    02101900  0.89811910E+02  0.00000000E+00  0.00000000E+00
 277.000    03101900  0.89811910E+02  0.00000000E+00  0.00000000E+00
 278.000    04101900  0.89811910E+02  0.00000000E+00  0.00000000E+00
 279.000    05101900  0.89811910E+02  0.00000000E+00  0.00000000E+00
 280.000    06101900  0.89811910E+02  0.00000000E+00  0.00000000E+00
 281.000    07101900  0.89811910E+02  0.00000000E+00  0.00000000E+00
 282.000    08101900  0.89811910E+02  0.00000000E+00  0.00000000E+00
 283.000    09101900  0.89811910E+02  0.00000000E+00  0.00000000E+00
 284.000    10101900  0.89811910E+02  0.00000000E+00  0.00000000E+00
 285.000    11101900  0.89811910E+02  0.00000000E+00  0.00000000E+00
 286.000    12101900  0.89811910E+02  0.00000000E+00  0.00000000E+00
 287.000    13101900  0.89811910E+02  0.00000000E+00  0.00000000E+00
 288.000    14101900  0.89811910E+02  0.00000000E+00  0.00000000E+00
 289.000    15101900  0.89811910E+02  0.00000000E+00  0.00000000E+00
 290.000    16101900  0.89811910E+02  0.00000000E+00  0.00000000E+00
 291.000    17101900  0.89811910E+02  0.00000000E+00  0.00000000E+00
 292.000    18101900  0.89811910E+02  0.00000000E+00  0.00000000E+00
 293.000    19101900  0.89811910E+02  0.00000000E+00  0.00000000E+00
 294.000    20101900  0.89811910E+02  0.00000000E+00  0.00000000E+00
 295.000    21101900  0.89811910E+02  0.00000000E+00  0.00000000E+00
 296.000    22101900  0.89811910E+02  0.00000000E+00  0.00000000E+00
 297.000    23101900  0.89811910E+02  0.00000000E+00  0.00000000E+00
 298.000    24101900  0.89811910E+02  0.00000000E+00  0.00000000E+00
 299.000    25101900  0.89811910E+02  0.00000000E+00  0.00000000E+00
 300.000    26101900  0.89811910E+02  0.00000000E+00  0.00000000E+00
 301.000    27101900  0.89811910E+02  0.00000000E+00  0.00000000E+00
 302.000    28101900  0.89811910E+02  0.00000000E+00  0.00000000E+00
 303.000    29101900  0.89811910E+02  0.00000000E+00  0.00000000E+00
 304.000    30101900  0.89811910E+02  0.00000000E+00  0.00000000E+00
 305.000    31101900  0.89811910E+02  0.00000000E+00  0.00000000E+00
 306.000    01111900  0.89811910E+02  0.00000000E+00  0.00000000E+00
 307.000    02111900  0.89811910E+02  0.00000000E+00  0.00000000E+00
 308.000    03111900  0.89811910E+02  0.00000000E+00  0.00000000E+00
 309.000    04111900  0.89811910E+02  0.00000000E+00  0.00000000E+00
 310.000    05111900  0.89811910E+02  0.00000000E+00  0.00000000E+00
 311.000    06111900  0.89811910E+02  0.00000000E+00  0.00000000E+00
 312.000    07111900  0.89811910E+02  0.00000000E+00  0.00000000E+00
 313.000    08111900  0.89811910E+02  0.00000000E+00  0.00000000E+00
 314.000    09111900  0.89811910E+02  0.00000000E+00  0.00000000E+00
 315.000    10111900  0.89811910E+02  0.00000000E+00  0.00000000E+00
 316.000    11111900  0.89811910E+02  0.00000000E+00  0.00000000E+00
 317.000    12111900  0.89811910E+02  0.00000000E+00  0.00000000E+00
 318.000    13111900  0.89811910E+02  0.00000000E+00  0.00000000E+00
 319.000    14111900  0.89811910E+02  0.00000000E+00  0.00000000E+00
 320.000    15111900  0.89811910E+02  0.00000000E+00  0.00000000E+00
 321.000    16111900  0.89811910E+02  0.00000000E+00  0.00000000E+00
 322.000    17111900  0.89811910E+02  0.00000000E+00  0.00000000E+00
 323.000    18111900  0.89811910E+02  0.00000000E+00  0.00000000E+00
 324.000    19111900  0.89811910E+02  0.00000000E+00  0.00000000E+00
 325.000    20111900  0.89811910E+02  0.00000000E+00  0.00000000E+00
 326.000    21111900  0.89811910E+02  0.00000000E+00  0.00000000E+00
 327.000    22111900  0.89811910E+02  0.00000000E+00  0.00000000E+00
 328.000    23111900  0.89811910E+02  0.00000000E+00  0.00000000E+00
 329.000    24111900  0.89811910E+02  0.00000000E+00  0.00000000E+00
 330.000    25111900  0.89811910E+02  0.00000000E+00  0.00000000E+00
 331.000    26111900  0.89811910E+02  0.00000000E+00  0.00000000E+00
 332.000    27111900  0.89811910E+02  0.00000000E+00  0.00000000E+00
 333.000    28111900  0.89811910E+02  0.00000000E+00  0.00000000E+00
 334.000    29111900  0.89811910E+02  0.00000000E+00  0.00000000E+00
 335.000    30111900  0.89811910E+02  0.00000000E+00  0.00000000E+00
 336.000    01121900  0.89811910E+02  0.00000000E+00  0.00000000E+00
 337.000    02121900  0.89811910E+02  0.00000000E+00  0.00000000E+00
 338.000    03121900  0.89811910E+02  0.00000000E+00  0.00000000E+00
 339.000    04121900  0.89811910E+02  0.00000000E+00  0.00000000E+00
 340.000    05121900  0.89811910E+02  0.00000000E+00  0.00000000E+00
 341.000    06121900  0.89811910E+02  0.00000000E+00  0.00000000E+00
 342.000    07121900  0.89811910E+02  0.00000000E+00  0.00000000E+00
 343.000    08121900  0.89811910E+02  0.00000000E+00  0.00000000E+00
 344.000    09121900  0.89811910E+02  0.00000000E+00  0.00000000E+00
 345.000    10121900  0.89811910E+02  0.00000000E+00  0.00000000E+00
 346.000    11121900  0.89811910E+02  0.00000000E+00  0.00000000E+00
 347.000    12121900  0.89811910E+02  0.00000000E+00  0.00000000E+00
 348.000    13121900  0.89811910E+02  0.00000000E+00  0.00000000E+00
 349.000    14121900  0.89811910E+02  0.00000000E+00  0.00000000E+00
 350.000    15121900  0.89811910E+02  0.00000000E+00  0.00000000E+00
 351.000    16121900  0.89811910E+02  0.00000000E+00  0.00000000E+00
 352.000    17121900  0.89811910E+02  0.00000000E+00  0.00000000E+00
 353.000    18121900  0.89811910E+02  0.00000000E+00  0.00000000E+00
 354.000    19121900  0.89811910E+02  0.00000000E+00  0.00000000E+00
 355.000    20121900  0.89811910E+02  0.00000000E+00  0.00000000E+00
 356.000    21121900  0.89811910E+02  0.00000000E+00  0.00000000E+00
 357.000    22121900  0.89811910E+02  0.00000000E+00  0.00000000E+00
 358.000    23121900  0.89811910E+02  0.00000000E+00  0.00000000E+00
 359.000    24121900  0.89811910E+02  0.00000000E+00  0.00000000E+00
 360.000    25121900  0.89811910E+02  0.00000000E+00  0.00000000E+00
 361.000    26121900  0.89811910E+02  0.00000000E+00  0.00000000E+00
 362.000    27121900  0.89811910E+02  0.00000000E+00  0.00000000E+00
 363.000    28121900  0.89811910E+02  0.00000000E+00  0.00000000E+00
 364.000    29121900  0.89811910E+02  0.00000000E+00  0.00000000E+00
 365.000    30121900  0.89811910E+02  0.00000000E+00  0.00000000E+00
 366.000    31121900  0.89811910E+02  0.00000000E+00  0.00000000E+00
