    DOY     DATE    GROWTH_STG      BRANCH_NO.      NODE_NO.        RUB_ACTVN       LEAF_N/C        LEAF_P/C        MIN_LWP         O2_STRESS       TEMP_STRESS     
   1.000    01011900  EMERGENCE                    1  0.37598950E-01  0.96690490E+00  0.40556890E-01  0.40370440E-02 -0.10906360E-01  0.12339520E+00  0.32634000E+00  0.00000000E+00  0.00000000E+00
   2.000    02011900  EMERGENCE                    1  0.83772280E-01  0.93902480E+00  0.37126140E-01  0.36937750E-02 -0.11931590E-02  0.81967950E-01  0.33621970E+00  0.00000000E+00  0.00000000E+00
   3.000    03011900  EMERGENCE                    1  0.12690910E+00  0.92475560E+00  0.38319850E-01  0.38132700E-02 -0.85229020E+00  0.86513960E-01  0.38966360E+00  0.00000000E+00  0.00000000E+00
   4.000    04011900  EMERGENCE                    1  0.17940610E+00  0.90976860E+00  0.42011470E-01  0.41846640E-02 -0.31256950E+00  0.52872980E-01  0.47240230E+00  0.00000000E+00  0.00000000E+00
   5.000    05011900  EMERGENCE                    1  0.23355190E+00  0.90228940E+00  0.45138090E-01  0.44971600E-02 -0.98367940E+00  0.17881420E+00  0.38683420E+00  0.00000000E+00  0.00000000E+00
   6.000    06011900  EMERGENCE                    1  0.29241350E+00  0.90199650E+00  0.50477560E-01  0.50367370E-02 -0.34546420E+00  0.27200000E+00  0.33259390E+00  0.00000000E+00  0.00000000E+00
   7.000    07011900  EMERGENCE                    1  0.34676400E+00  0.90713630E+00  0.56410500E-01  0.56457850E-02 -0.35979740E+00  0.34332790E+00  0.32622030E+00  0.00000000E+00  0.00000000E+00
   8.000    08011900  EMERGENCE                    1  0.41591880E+00  0.90988810E+00  0.62187500E-01  0.62544090E-02 -0.12023700E+00  0.28733890E+00  0.43790290E+00  0.00000000E+00  0.00000000E+00
   9.000    09011900  EMERGENCE                    1  0.48693710E+00  0.91268170E+00  0.66475630E-01  0.67352960E-02 -0.12080230E+00  0.37019450E+00  0.35443550E+00  0.00000000E+00  0.00000000E+00
  10.000    10011900  EMERGENCE                    1  0.55620200E+00  0.91290530E+00  0.68020260E-01  0.69597500E-02 -0.26322250E+00  0.36899020E+00  0.42043830E+00  0.00000000E+00  0.00000000E+00
  11.000    11011900  EMERGENCE                    1  0.63390290E+00  0.91034170E+00  0.67992600E-01  0.70565120E-02 -0.44385660E+00  0.63851210E+00  0.38253540E+00  0.00000000E+00  0.00000000E+00
  12.000    12011900  EMERGENCE                    1  0.70799170E+00  0.90775850E+00  0.67613790E-01  0.71747690E-02 -0.39863440E+00  0.74606530E+00  0.28186940E+00  0.00000000E+00  0.00000000E+00
  13.000    13011900  EMERGENCE                    1  0.78081100E+00  0.90325390E+00  0.66574570E-01  0.72483120E-02 -0.53318240E+00  0.68882460E+00  0.31654160E+00  0.00000000E+00  0.00000000E+00
  14.000    14011900  EMERGENCE                    1  0.85372600E+00  0.89810360E+00  0.65438920E-01  0.73198360E-02 -0.48842410E+00  0.64326740E+00  0.34032670E+00  0.00000000E+00  0.00000000E+00
  15.000    15011900  EMERGENCE                    1  0.93079270E+00  0.89249630E+00  0.64259040E-01  0.73813900E-02 -0.35336880E+00  0.64250640E+00  0.38025290E+00  0.00000000E+00  0.00000000E+00
  16.000    16011900  EMERGENCE                    1  0.10172280E+01  0.88867110E+00  0.63703250E-01  0.75145390E-02 -0.23427640E+00  0.57489530E+00  0.39676350E+00  0.00000000E+00  0.00000000E+00
  17.000    17011900  EMERGENCE                    1  0.10986600E+01  0.88237650E+00  0.62466940E-01  0.75709740E-02 -0.26913090E+00  0.55837030E+00  0.35619440E+00  0.00000000E+00  0.00000000E+00
  18.000    18011900  EMERGENCE                    1  0.11773150E+01  0.87820140E+00  0.61647630E-01  0.76769240E-02 -0.35967220E+00  0.52752750E+00  0.34564030E+00  0.00000000E+00  0.00000000E+00
  19.000    19011900  EMERGENCE                    1  0.12465470E+01  0.87324160E+00  0.60488000E-01  0.77619010E-02 -0.34468360E+00  0.67755690E+00  0.23481970E+00  0.00000000E+00  0.00000000E+00
  20.000    20011900  EMERGENCE                    1  0.13062650E+01  0.87062000E+00  0.59658410E-01  0.78944170E-02 -0.44033850E+00  0.55163780E+00  0.21954300E+00  0.00000000E+00  0.00000000E+00
  21.000    21011900  EMERGENCE                    1  0.13668520E+01  0.86797220E+00  0.58884510E-01  0.80100490E-02 -0.29482140E+00  0.44573780E+00  0.37064690E+00  0.00000000E+00  0.00000000E+00
  22.000    22011900  EMERGENCE                    1  0.14395500E+01  0.86405810E+00  0.58035500E-01  0.80881910E-02 -0.27701850E+00  0.43662540E+00  0.35599260E+00  0.00000000E+00  0.00000000E+00
  23.000    23011900  EMERGENCE                    1  0.15084820E+01  0.85966880E+00  0.56996250E-01  0.81261860E-02 -0.28145000E+00  0.43081220E+00  0.27726650E+00  0.00000000E+00  0.00000000E+00
  24.000    24011900  EMERGENCE                    1  0.15715500E+01  0.85801400E+00  0.56329730E-01  0.82048570E-02 -0.32475540E+00  0.42117960E+00  0.32590830E+00  0.00000000E+00  0.00000000E+00
  25.000    25011900  EMERGENCE                    1  0.16325270E+01  0.85488500E+00  0.55360220E-01  0.82308330E-02 -0.18171670E+00  0.43988040E+00  0.24889730E+00  0.00000000E+00  0.00000000E+00
  26.000    26011900  EMERGENCE                    1  0.16895310E+01  0.85365050E+00  0.54713910E-01  0.82957760E-02 -0.29217900E+00  0.41569020E+00  0.30305600E+00  0.00000000E+00  0.00000000E+00
  27.000    27011900  EMERGENCE                    1  0.17556840E+01  0.85041620E+00  0.53907690E-01  0.83262750E-02 -0.36789150E+00  0.36962150E+00  0.30963920E+00  0.00000000E+00  0.00000000E+00
  28.000    28011900  EMERGENCE                    1  0.18257600E+01  0.84664870E+00  0.53051560E-01  0.83505130E-02 -0.44958090E+00  0.41822770E+00  0.33841840E+00  0.00000000E+00  0.00000000E+00
  29.000    29011900  EMERGENCE                    1  0.18940750E+01  0.84563570E+00  0.52493980E-01  0.84281040E-02 -0.28287910E+00  0.42438960E+00  0.32620410E+00  0.00000000E+00  0.00000000E+00
  30.000    30011900  EMERGENCE                    1  0.19687340E+01  0.84417140E+00  0.52023650E-01  0.85128060E-02 -0.35806050E+00  0.37284870E+00  0.37556680E+00  0.00000000E+00  0.00000000E+00
  31.000    31011900  EMERGENCE                    1  0.20426920E+01  0.84275820E+00  0.51541350E-01  0.85894730E-02 -0.42885140E+00  0.36666260E+00  0.35191650E+00  0.00000000E+00  0.00000000E+00
  32.000    01021900  EMERGENCE                    1  0.21283220E+01  0.83906560E+00  0.50841660E-01  0.86294210E-02 -0.53157820E+00  0.35173410E+00  0.38588110E+00  0.00000000E+00  0.00000000E+00
  33.000    02021900  EMERGENCE                    1  0.22143560E+01  0.83588310E+00  0.50114710E-01  0.86473770E-02 -0.56490190E+00  0.35308290E+00  0.36497510E+00  0.00000000E+00  0.00000000E+00
  34.000    03021900  EMERGENCE                    1  0.23037590E+01  0.83259930E+00  0.49394040E-01  0.86202970E-02 -0.59978400E+00  0.33701500E+00  0.41773360E+00  0.00000000E+00  0.00000000E+00
  35.000    04021900  EMERGENCE                    1  0.23925040E+01  0.83087860E+00  0.48858240E-01  0.85926770E-02 -0.49726960E+00  0.33132650E+00  0.38750720E+00  0.00000000E+00  0.00000000E+00
  36.000    05021900  FLORAL_INIT.                 1  0.25170250E+01  0.83013980E+00  0.48480680E-01  0.85777660E-02 -0.47960570E+00  0.34622060E+00  0.45450390E+00  0.00000000E+00  0.00000000E+00
  37.000    06021900  FLORAL_INIT.                 1  0.26531140E+01  0.82777860E+00  0.47964180E-01  0.85220210E-02 -0.68982840E+00  0.36030850E+00  0.41093400E+00  0.00000000E+00  0.00000000E+00
  38.000    07021900  FLORAL_INIT.                 1  0.27747460E+01  0.82750720E+00  0.47570900E-01  0.84812870E-02 -0.47130240E+00  0.35356930E+00  0.43413300E+00  0.00000000E+00  0.00000000E+00
  39.000    08021900  FLORAL_INIT.                 1  0.29058190E+01  0.82627480E+00  0.47175990E-01  0.84419620E-02 -0.47805400E+00  0.34218970E+00  0.41700070E+00  0.00000000E+00  0.00000000E+00
  40.000    09021900  FLORAL_INIT.                 1  0.30327490E+01  0.82558030E+00  0.46778320E-01  0.84042260E-02 -0.49462630E+00  0.38844100E+00  0.40536920E+00  0.00000000E+00  0.00000000E+00
  41.000    10021900  FLORAL_INIT.                 1  0.31503970E+01  0.82773700E+00  0.46635290E-01  0.84087130E-02 -0.44442620E+00  0.41806840E+00  0.41267690E+00  0.00000000E+00  0.00000000E+00
  42.000    11021900  FLORAL_INIT.                 1  0.32395140E+01  0.83223020E+00  0.46621910E-01  0.84180450E-02 -0.23412040E+00  0.46177120E+00  0.27136950E+00  0.00000000E+00  0.00000000E+00
  43.000    12021900  FLORAL_INIT.                 1  0.33273430E+01  0.83579820E+00  0.46645320E-01  0.84282570E-02 -0.27853660E+00  0.46128290E+00  0.29656850E+00  0.00000000E+00  0.00000000E+00
  44.000    13021900  FLORAL_INIT.                 1  0.34235180E+01  0.83828330E+00  0.46702290E-01  0.84424060E-02 -0.27927760E+00  0.44709800E+00  0.35007300E+00  0.00000000E+00  0.00000000E+00
  45.000    14021900  FLORAL_INIT.                 1  0.35172820E+01  0.84027450E+00  0.46720370E-01  0.84419000E-02 -0.27862410E+00  0.45287420E+00  0.30773640E+00  0.00000000E+00  0.00000000E+00
  46.000    15021900  JOINTING                     1  0.36161140E+01  0.84208300E+00  0.46795990E-01  0.84511180E-02 -0.34247630E+00  0.48748590E+00  0.28237690E+00  0.00000000E+00  0.00000000E+00
  47.000    16021900  JOINTING                     1  0.37115820E+01  0.84499100E+00  0.47020330E-01  0.84793960E-02 -0.32463670E+00  0.48435030E+00  0.28634340E+00  0.00000000E+00  0.00000000E+00
  48.000    17021900  JOINTING                     1  0.38150960E+01  0.84671130E+00  0.47196290E-01  0.84937100E-02 -0.30852580E+00  0.45223900E+00  0.37172930E+00  0.00000000E+00  0.00000000E+00
  49.000    18021900  JOINTING                     1  0.39091980E+01  0.84860360E+00  0.47319200E-01  0.84916070E-02 -0.25701990E+00  0.52429930E+00  0.25024940E+00  0.00000000E+00  0.00000000E+00
  50.000    19021900  JOINTING                     1  0.39823200E+01  0.85299070E+00  0.47716070E-01  0.85378910E-02 -0.17618930E+00  0.54631910E+00  0.21795160E+00  0.00000000E+00  0.00000000E+00
  51.000    20021900  JOINTING                     1  0.40511250E+01  0.85783330E+00  0.48289770E-01  0.86111470E-02 -0.17059430E+00  0.54421690E+00  0.21737120E+00  0.00000000E+00  0.00000000E+00
  52.000    21021900  JOINTING                     1  0.41284450E+01  0.86061190E+00  0.48700120E-01  0.86535460E-02 -0.15623930E+00  0.53034180E+00  0.23300740E+00  0.00000000E+00  0.00000000E+00
  53.000    22021900  JOINTING                     1  0.42058970E+01  0.86322180E+00  0.49103180E-01  0.86922960E-02 -0.17657750E+00  0.56890050E+00  0.21109200E+00  0.00000000E+00  0.00000000E+00
  54.000    23021900  JOINTING                     1  0.42750620E+01  0.86755490E+00  0.49758910E-01  0.87706240E-02 -0.18967440E+00  0.58675190E+00  0.17537850E+00  0.00000000E+00  0.00000000E+00
  55.000    24021900  JOINTING                     1  0.43496740E+01  0.86998610E+00  0.50206040E-01  0.88124970E-02 -0.18041640E+00  0.53705830E+00  0.26567370E+00  0.00000000E+00  0.00000000E+00
  56.000    25021900  JOINTING                     1  0.44364030E+01  0.87309670E+00  0.50820550E-01  0.88850460E-02 -0.20109730E+00  0.52765790E+00  0.30822230E+00  0.00000000E+00  0.00000000E+00
  57.000    26021900  JOINTING                     1  0.45187040E+01  0.87723610E+00  0.51569560E-01  0.89757510E-02 -0.12597750E+00  0.54616400E+00  0.25029800E+00  0.00000000E+00  0.00000000E+00
  58.000    27021900  JOINTING                     1  0.46018250E+01  0.88063020E+00  0.52234200E-01  0.90605820E-02 -0.19344030E+00  0.54999020E+00  0.21588230E+00  0.00000000E+00  0.00000000E+00
  59.000    28021900  JOINTING                     1  0.46822890E+01  0.88342950E+00  0.52833840E-01  0.91320440E-02 -0.11669830E+00  0.51776110E+00  0.35398150E+00  0.00000000E+00  0.00000000E+00
  60.000    29021900  JOINTING                     1  0.47724580E+01  0.88886450E+00  0.53912020E-01  0.92737960E-02 -0.44211080E-01  0.54576820E+00  0.31549980E+00  0.00000000E+00  0.00000000E+00
  61.000    01031900  ELONGATION                   1  0.48511910E+01  0.89298540E+00  0.54787300E-01  0.93996460E-02 -0.99970880E-01  0.59152870E+00  0.24787450E+00  0.00000000E+00  0.00000000E+00
  62.000    02031900  ELONGATION                   1  0.49226060E+01  0.89919060E+00  0.56129420E-01  0.96166120E-02 -0.58523240E-01  0.59821990E+00  0.22193840E+00  0.00000000E+00  0.00000000E+00
  63.000    03031900  ELONGATION                   1  0.50002940E+01  0.90552640E+00  0.57655160E-01  0.98682680E-02 -0.11854290E+00  0.57669020E+00  0.30302370E+00  0.00000000E+00  0.00000000E+00
  64.000    04031900  ELONGATION                   1  0.50900330E+01  0.91065870E+00  0.59061480E-01  0.10100500E-01 -0.18531780E+00  0.56332830E+00  0.27914330E+00  0.00000000E+00  0.00000000E+00
  65.000    05031900  ELONGATION                   1  0.51952880E+01  0.91595700E+00  0.60621060E-01  0.10367690E-01 -0.21462270E+00  0.52901050E+00  0.35566240E+00  0.00000000E+00  0.00000000E+00
  66.000    06031900  ELONGATION                   1  0.53131300E+01  0.92182970E+00  0.62429540E-01  0.10668920E-01 -0.28367010E+00  0.52144870E+00  0.44155200E+00  0.00000000E+00  0.00000000E+00
  67.000    07031900  ELONGATION                   1  0.54343390E+01  0.92657900E+00  0.64141510E-01  0.10944080E-01 -0.18463850E+00  0.52788800E+00  0.37594100E+00  0.00000000E+00  0.00000000E+00
  68.000    08031900  ELONGATION                   1  0.55441600E+01  0.93163550E+00  0.66202000E-01  0.11275020E-01 -0.16108400E+00  0.51939540E+00  0.39002290E+00  0.00000000E+00  0.00000000E+00
  69.000    09031900  ELONGATION                   1  0.56479740E+01  0.93664990E+00  0.68479010E-01  0.11643850E-01 -0.11311910E+00  0.52990350E+00  0.37310620E+00  0.00000000E+00  0.00000000E+00
  70.000    10031900  ELONGATION                   1  0.57648540E+01  0.94126450E+00  0.70671420E-01  0.12033980E-01 -0.19767150E+00  0.47634810E+00  0.43622410E+00  0.00000000E+00  0.00000000E+00
  71.000    11031900  ELONGATION                   1  0.58931040E+01  0.94268470E+00  0.71763710E-01  0.12217730E-01 -0.22975970E+00  0.46906630E+00  0.54661910E+00  0.00000000E+00  0.00000000E+00
  72.000    12031900  ELONGATION                   1  0.60055930E+01  0.94666770E+00  0.73692800E-01  0.12476210E-01 -0.77765500E-01  0.53964010E+00  0.34285530E+00  0.00000000E+00  0.00000000E+00
  73.000    13031900  ELONGATION                   1  0.60991220E+01  0.94726790E+00  0.74749310E-01  0.12583880E-01 -0.71800290E-01  0.55013020E+00  0.27955400E+00  0.00000000E+00  0.00000000E+00
  74.000    14031900  ELONGATION                   1  0.61847590E+01  0.94818680E+00  0.76027610E-01  0.12738090E-01 -0.60879260E-01  0.54910100E+00  0.34393350E+00  0.00000000E+00  0.00000000E+00
  75.000    15031900  ELONGATION                   1  0.62752170E+01  0.94997150E+00  0.77592050E-01  0.12937520E-01 -0.72075820E-01  0.55813740E+00  0.26289780E+00  0.00000000E+00  0.00000000E+00
  76.000    16031900  ELONGATION                   1  0.63581900E+01  0.95129070E+00  0.79024560E-01  0.13110640E-01 -0.52538980E-01  0.55811160E+00  0.24198710E+00  0.00000000E+00  0.00000000E+00
  77.000    17031900  ELONGATION                   1  0.64421220E+01  0.95259450E+00  0.80422720E-01  0.13282850E-01 -0.97449830E-01  0.54570300E+00  0.33639720E+00  0.00000000E+00  0.00000000E+00
  78.000    18031900  ELONGATION                   1  0.65500140E+01  0.95483250E+00  0.82089790E-01  0.13514280E-01 -0.20563980E+00  0.51062300E+00  0.44472510E+00  0.00000000E+00  0.00000000E+00
  79.000    19031900  ELONGATION                   1  0.66461200E+01  0.95790910E+00  0.84303300E-01  0.13808030E-01 -0.22778610E-01  0.53957610E+00  0.38230970E+00  0.00000000E+00  0.00000000E+00
  80.000    20031900  ELONGATION                   1  0.67705350E+01  0.96080420E+00  0.86211370E-01  0.14071340E-01 -0.59918390E-01  0.49831980E+00  0.52984630E+00  0.00000000E+00  0.00000000E+00
  81.000    21031900  ELONGATION                   1  0.68787660E+01  0.96110600E+00  0.87079670E-01  0.14146880E-01 -0.91322900E-01  0.55468220E+00  0.28393630E+00  0.00000000E+00  0.00000000E+00
  82.000    22031900  ELONGATION                   1  0.69706500E+01  0.96051780E+00  0.87756390E-01  0.14213620E-01 -0.12577470E+00  0.53712820E+00  0.33981720E+00  0.00000000E+00  0.00000000E+00
  83.000    23031900  ELONGATION                   1  0.70646460E+01  0.96077860E+00  0.88925940E-01  0.14363520E-01 -0.12051090E+00  0.54170000E+00  0.26916260E+00  0.00000000E+00  0.00000000E+00
  84.000    24031900  ELONGATION                   1  0.71549970E+01  0.96155020E+00  0.90446360E-01  0.14570150E-01 -0.13846480E+00  0.52988390E+00  0.26384930E+00  0.00000000E+00  0.00000000E+00
  85.000    25031900  ANTHESIS                     1  0.72614770E+01  0.96343700E+00  0.92555690E-01  0.14884900E-01 -0.22250160E+00  0.50549980E+00  0.33050000E+00  0.00000000E+00  0.00000000E+00
  86.000    26031900  ANTHESIS                     1  0.73947510E+01  0.96550540E+00  0.94597070E-01  0.15199960E-01 -0.28059430E+00  0.47147590E+00  0.38609540E+00  0.00000000E+00  0.00000000E+00
  87.000    27031900  ANTHESIS                     1  0.75398640E+01  0.96705030E+00  0.96150870E-01  0.15418620E-01 -0.30807600E+00  0.45540000E+00  0.44973070E+00  0.00000000E+00  0.00000000E+00
  88.000    28031900  ANTHESIS                     1  0.77017170E+01  0.96835320E+00  0.97419090E-01  0.15582270E-01 -0.36159800E+00  0.44072450E+00  0.46878840E+00  0.00000000E+00  0.00000000E+00
  89.000    29031900  ANTHESIS                     1  0.78616050E+01  0.96830470E+00  0.97885100E-01  0.15602990E-01 -0.32562040E+00  0.43920880E+00  0.53440630E+00  0.00000000E+00  0.00000000E+00
  90.000    30031900  ANTHESIS                     1  0.79972520E+01  0.96659370E+00  0.97440380E-01  0.15456650E-01 -0.28228170E+00  0.48072510E+00  0.41155000E+00  0.00000000E+00  0.00000000E+00
  91.000    31031900  SEED_FILL                    1  0.81183250E+01  0.96749600E+00  0.98090520E-01  0.15561960E-01 -0.25539300E+00  0.48760610E+00  0.40358400E+00  0.00000000E+00  0.00000000E+00
  92.000    01041900  SEED_FILL                    1  0.82330320E+01  0.96653750E+00  0.97566360E-01  0.15445100E-01 -0.18751930E+00  0.50946970E+00  0.33927280E+00  0.00000000E+00  0.00000000E+00
  93.000    02041900  SEED_FILL                    1  0.83454080E+01  0.96572870E+00  0.97109630E-01  0.15352690E-01 -0.20114060E+00  0.50757880E+00  0.34582610E+00  0.00000000E+00  0.00000000E+00
  94.000    03041900  SEED_FILL                    1  0.84565010E+01  0.96509070E+00  0.96757560E-01  0.15278170E-01 -0.17688960E+00  0.51618470E+00  0.39997360E+00  0.00000000E+00  0.00000000E+00
  95.000    04041900  SEED_FILL                    1  0.85694980E+01  0.96548930E+00  0.97064100E-01  0.15302830E-01 -0.17617980E+00  0.50962440E+00  0.45000260E+00  0.00000000E+00  0.00000000E+00
  96.000    05041900  SEED_FILL                    1  0.86949660E+01  0.96777270E+00  0.98644520E-01  0.15516470E-01 -0.20345770E-01  0.49569330E+00  0.58972570E+00  0.00000000E+00  0.00000000E+00
  97.000    06041900  SEED_NO._SET                 1  0.88345370E+01  0.96705730E+00  0.97974690E-01  0.15354500E-01 -0.14882740E+00  0.46790070E+00  0.42134880E+00  0.00000000E+00  0.00000000E+00
  98.000    07041900  SEED_NO._SET                 1  0.89582910E+01  0.96688740E+00  0.98201180E-01  0.15338210E-01 -0.20415740E+00  0.48105030E+00  0.35139850E+00  0.00000000E+00  0.00000000E+00
  99.000    08041900  SEED_NO._SET                 1  0.91054140E+01  0.96830250E+00  0.99347540E-01  0.15502840E-01 -0.30721120E+00  0.45678260E+00  0.63584910E+00  0.00000000E+00  0.00000000E+00
 100.000    09041900  SEED_NO._SET                 1  0.92329370E+01  0.96755330E+00  0.99342960E-01  0.15438670E-01 -0.15160190E+00  0.51570750E+00  0.39725760E+00  0.00000000E+00  0.00000000E+00
 101.000    10041900  SEED_NO._SET                 1  0.93377030E+01  0.96697010E+00  0.99636900E-01  0.15417760E-01 -0.15364870E+00  0.54803260E+00  0.32372280E+00  0.00000000E+00  0.00000000E+00
 102.000    11041900  SEED_NO._SET                 1  0.94383990E+01  0.96680670E+00  0.10017150E+00  0.15440480E-01 -0.16604880E+00  0.55133340E+00  0.31568800E+00  0.00000000E+00  0.00000000E+00
 103.000    12041900  SEED_NO._SET                 1  0.95519440E+01  0.96729810E+00  0.10094900E+00  0.15517500E-01 -0.25568090E+00  0.52354190E+00  0.38867020E+00  0.00000000E+00  0.00000000E+00
 104.000    13041900  SEED_MASS_SET                1  0.96825300E+01  0.96744470E+00  0.10123290E+00  0.15523950E-01 -0.25922110E+00  0.51438370E+00  0.40993320E+00  0.00000000E+00  0.00000000E+00
 105.000    14041900  SEED_MASS_SET                1  0.97961480E+01  0.96712610E+00  0.10142070E+00  0.15487010E-01 -0.21015410E+00  0.54170520E+00  0.34799200E+00  0.00000000E+00  0.00000000E+00
 106.000    15041900  SEED_MASS_SET                1  0.98769860E+01  0.96718640E+00  0.10215770E+00  0.15509960E-01 -0.81730830E-01  0.58193550E+00  0.25612430E+00  0.00000000E+00  0.00000000E+00
 107.000    16041900  SEED_MASS_SET                1  0.99732030E+01  0.96712410E+00  0.10244380E+00  0.15493150E-01 -0.20470890E+00  0.55013500E+00  0.29809850E+00  0.00000000E+00  0.00000000E+00
 108.000    17041900  SEED_MASS_SET                1  0.10065830E+02  0.96732170E+00  0.10297620E+00  0.15506230E-01 -0.14247530E+00  0.57864310E+00  0.29687780E+00  0.00000000E+00  0.00000000E+00
 109.000    18041900  SEED_MASS_SET                1  0.10171610E+02  0.96704230E+00  0.10289230E+00  0.15442930E-01 -0.17428020E+00  0.53566430E+00  0.33513570E+00  0.00000000E+00  0.00000000E+00
 110.000    19041900  SEED_MASS_SET                1  0.10291020E+02  0.96690170E+00  0.10284860E+00  0.15394060E-01 -0.22741960E+00  0.51153630E+00  0.35618120E+00  0.00000000E+00  0.00000000E+00
 111.000    20041900  SEED_MASS_SET                1  0.10428700E+02  0.96734070E+00  0.10319140E+00  0.15417220E-01 -0.30750690E+00  0.50042680E+00  0.43261730E+00  0.00000000E+00  0.00000000E+00
 112.000    21041900  SEED_MASS_SET                1  0.10579730E+02  0.96730220E+00  0.10302290E+00  0.15361920E-01 -0.34257220E+00  0.49216630E+00  0.46763000E+00  0.00000000E+00  0.00000000E+00
 113.000    22041900  SEED_MASS_SET                1  0.10730150E+02  0.96627590E+00  0.10199920E+00  0.15167790E-01 -0.35507800E+00  0.50546810E+00  0.39690740E+00  0.00000000E+00  0.00000000E+00
 114.000    23041900  SEED_MASS_SET                1  0.10853120E+02  0.96512220E+00  0.10115560E+00  0.14979000E-01 -0.17933810E+00  0.52700350E+00  0.37217280E+00  0.00000000E+00  0.00000000E+00
 115.000    24041900  SEED_MASS_SET                1  0.10970370E+02  0.96450650E+00  0.10071900E+00  0.14853150E-01 -0.17825250E+00  0.53409970E+00  0.38972670E+00  0.00000000E+00  0.00000000E+00
 116.000    25041900  SEED_MASS_SET                1  0.11081290E+02  0.96402430E+00  0.10039020E+00  0.14740580E-01 -0.15725680E+00  0.54262290E+00  0.41229410E+00  0.00000000E+00  0.00000000E+00
 117.000    26041900  SEED_MASS_SET                1  0.11210800E+02  0.96363660E+00  0.99884650E-01  0.14621350E-01 -0.21816910E+00  0.52612590E+00  0.44593260E+00  0.00000000E+00  0.00000000E+00
 118.000    27041900  SEED_MASS_SET                1  0.11326340E+02  0.96326120E+00  0.99526550E-01  0.14508910E-01 -0.17046830E+00  0.54362580E+00  0.40346190E+00  0.00000000E+00  0.00000000E+00
 119.000    28041900  SEED_MASS_SET                1  0.11446020E+02  0.96242950E+00  0.98719700E-01  0.14341360E-01 -0.17453630E+00  0.53602210E+00  0.41179580E+00  0.00000000E+00  0.00000000E+00
 120.000    29041900  SEED_MASS_SET                1  0.11555560E+02  0.96149110E+00  0.97907690E-01  0.14169610E-01 -0.16882200E+00  0.54813000E+00  0.31776930E+00  0.00000000E+00  0.00000000E+00
 121.000    30041900  SEED_MASS_SET                1  0.11668180E+02  0.96084700E+00  0.97282870E-01  0.14037480E-01 -0.21240760E+00  0.53781350E+00  0.36956740E+00  0.00000000E+00  0.00000000E+00
 122.000    01051900  SEED_MASS_SET                1  0.11792370E+02  0.96020400E+00  0.96567560E-01  0.13902110E-01 -0.21057680E+00  0.72656490E+00  0.35433250E+00  0.00000000E+00  0.00000000E+00
 123.000    02051900  SEED_MASS_SET                1  0.11902460E+02  0.96002830E+00  0.96477250E-01  0.13846420E-01 -0.14734380E+00  0.80253230E+00  0.36938860E+00  0.00000000E+00  0.00000000E+00
 124.000    03051900  SEED_MASS_SET                1  0.12035850E+02  0.95993750E+00  0.96377140E-01  0.13797670E-01 -0.24209600E+00  0.57829620E+00  0.39937790E+00  0.00000000E+00  0.00000000E+00
 125.000    04051900  SEED_MASS_SET                1  0.12150060E+02  0.95924180E+00  0.95919630E-01  0.13677680E-01 -0.13703010E+00  0.56462520E+00  0.37043110E+00  0.00000000E+00  0.00000000E+00
 126.000    05051900  SEED_MASS_SET                1  0.12266390E+02  0.95861830E+00  0.95368380E-01  0.13552390E-01 -0.15974120E+00  0.54182700E+00  0.41625680E+00  0.00000000E+00  0.00000000E+00
 127.000    06051900  SEED_MASS_SET                1  0.12407560E+02  0.95796050E+00  0.94533410E-01  0.13411280E-01 -0.31995540E+00  0.51187140E+00  0.44808110E+00  0.00000000E+00  0.00000000E+00
 128.000    07051900  SEED_MASS_SET                1  0.12539510E+02  0.95721660E+00  0.93755050E-01  0.13271720E-01 -0.17575330E+00  0.49638000E+00  0.47455030E+00  0.00000000E+00  0.00000000E+00
 129.000    08051900  SEED_MASS_SET                1  0.12672980E+02  0.95649830E+00  0.93031120E-01  0.13139300E-01 -0.19419050E+00  0.49593910E+00  0.42057000E+00  0.00000000E+00  0.00000000E+00
 130.000    09051900  SEED_MASS_SET                1  0.12804320E+02  0.95522360E+00  0.91915820E-01  0.12958220E-01 -0.21282250E+00  0.49362430E+00  0.41616520E+00  0.00000000E+00  0.00000000E+00
 131.000    10051900  SEED_MASS_SET                1  0.12963580E+02  0.95544800E+00  0.91760680E-01  0.12937850E-01 -0.34512990E+00  0.44973290E+00  0.75657230E+00  0.00000000E+00  0.00000000E+00
 132.000    11051900  SEED_MASS_SET                1  0.13134850E+02  0.95362410E+00  0.90141950E-01  0.12703010E-01 -0.35363260E+00  0.46612040E+00  0.45720430E+00  0.00000000E+00  0.00000000E+00
 133.000    12051900  SEED_MASS_SET                1  0.13275630E+02  0.95241850E+00  0.89221310E-01  0.12557400E-01 -0.21823690E+00  0.47268000E+00  0.44180310E+00  0.00000000E+00  0.00000000E+00
 134.000    13051900  SEED_MASS_SET                1  0.13401160E+02  0.95152310E+00  0.88591900E-01  0.12449290E-01 -0.16368370E+00  0.48080280E+00  0.44596400E+00  0.00000000E+00  0.00000000E+00
 135.000    14051900  SEED_MASS_SET                1  0.13532070E+02  0.95082580E+00  0.88051720E-01  0.12360690E-01 -0.20574140E+00  0.48294090E+00  0.45070890E+00  0.00000000E+00  0.00000000E+00
 136.000    15051900  SEED_MASS_SET                1  0.13662100E+02  0.95023210E+00  0.87580820E-01  0.12284170E-01 -0.18686520E+00  0.59008230E+00  0.44174880E+00  0.00000000E+00  0.00000000E+00
 137.000    16051900  SEED_MASS_SET                1  0.13790350E+02  0.94968010E+00  0.87211950E-01  0.12221480E-01 -0.18314670E+00  0.80409120E+00  0.42220630E+00  0.00000000E+00  0.00000000E+00
 138.000    17051900  SEED_MASS_SET                1  0.13910010E+02  0.95027560E+00  0.87784100E-01  0.12273770E-01 -0.14309080E+00  0.57223490E+00  0.40295190E+00  0.00000000E+00  0.00000000E+00
 139.000    18051900  SEED_MASS_SET                1  0.14025250E+02  0.95011170E+00  0.87791940E-01  0.12242120E-01 -0.15171390E+00  0.54578450E+00  0.40553930E+00  0.00000000E+00  0.00000000E+00
 140.000    19051900  SEED_MASS_SET                1  0.14138230E+02  0.94992020E+00  0.87694470E-01  0.12197540E-01 -0.15161010E+00  0.53002500E+00  0.39494430E+00  0.00000000E+00  0.00000000E+00
 141.000    20051900  SEED_MASS_SET                1  0.14269200E+02  0.94848290E+00  0.86600350E-01  0.12031770E-01 -0.20431280E+00  0.50338610E+00  0.41978940E+00  0.00000000E+00  0.00000000E+00
 142.000    21051900  SEED_MASS_SET                1  0.14390120E+02  0.94829770E+00  0.86432570E-01  0.11988930E-01 -0.14727500E+00  0.49528180E+00  0.44193210E+00  0.00000000E+00  0.00000000E+00
 143.000    22051900  SEED_MASS_SET                1  0.14514250E+02  0.94761110E+00  0.85893640E-01  0.11898900E-01 -0.11694740E+00  0.49455710E+00  0.43296170E+00  0.00000000E+00  0.00000000E+00
 144.000    23051900  SEED_MASS_SET                1  0.14629900E+02  0.94775540E+00  0.85952580E-01  0.11887580E-01 -0.11882200E+00  0.50015100E+00  0.45491310E+00  0.00000000E+00  0.00000000E+00
 145.000    24051900  SEED_MASS_SET                1  0.14761230E+02  0.94662080E+00  0.85087680E-01  0.11760740E-01 -0.13309040E+00  0.48701090E+00  0.46662820E+00  0.00000000E+00  0.00000000E+00
 146.000    25051900  SEED_MASS_SET                1  0.14891330E+02  0.94647660E+00  0.84926930E-01  0.11729420E-01 -0.16169490E+00  0.48035530E+00  0.48595540E+00  0.00000000E+00  0.00000000E+00
 147.000    26051900  SEED_MASS_SET                1  0.15057080E+02  0.94547810E+00  0.84120230E-01  0.11630920E-01 -0.30458260E+00  0.44691000E+00  0.59759040E+00  0.00000000E+00  0.00000000E+00
 148.000    27051900  SEED_MASS_SET                1  0.15248880E+02  0.94509020E+00  0.83719180E-01  0.11592620E-01 -0.51332920E+00  0.42187980E+00  0.63659650E+00  0.00000000E+00  0.00000000E+00
 149.000    28051900  SEED_MASS_SET                1  0.15422250E+02  0.94277660E+00  0.82264150E-01  0.11393630E-01 -0.29516230E+00  0.44187780E+00  0.48681110E+00  0.00000000E+00  0.00000000E+00
 150.000    29051900  SEED_MASS_SET                1  0.15545360E+02  0.94151350E+00  0.81550830E-01  0.11280070E-01 -0.16182000E+00  0.57256720E+00  0.39865260E+00  0.00000000E+00  0.00000000E+00
 151.000    30051900  SEED_MASS_SET                1  0.15670100E+02  0.94126170E+00  0.81449280E-01  0.11255190E-01 -0.19358760E+00  0.83892520E+00  0.39739390E+00  0.00000000E+00  0.00000000E+00
 152.000    31051900  SEED_MASS_SET                1  0.15819300E+02  0.94159880E+00  0.81710270E-01  0.11281890E-01 -0.32592590E+00  0.54140450E+00  0.49481470E+00  0.00000000E+00  0.00000000E+00
 153.000    01061900  SEED_MASS_SET                1  0.16004790E+02  0.94225790E+00  0.82074740E-01  0.11326770E-01 -0.55282040E+00  0.47852580E+00  0.56113530E+00  0.00000000E+00  0.00000000E+00
 154.000    02061900  SEED_MASS_SET                1  0.16183680E+02  0.94095970E+00  0.81249280E-01  0.11196660E-01 -0.35020780E+00  0.46204760E+00  0.51317750E+00  0.00000000E+00  0.00000000E+00
 155.000    03061900  SEED_MASS_SET                1  0.16336980E+02  0.93963820E+00  0.80445520E-01  0.11062320E-01 -0.22740760E+00  0.46087610E+00  0.45941110E+00  0.00000000E+00  0.00000000E+00
 156.000    04061900  SEED_MASS_SET                1  0.16480040E+02  0.93828290E+00  0.79621550E-01  0.10926150E-01 -0.20763200E+00  0.46241760E+00  0.42325530E+00  0.00000000E+00  0.00000000E+00
 157.000    05061900  SEED_MASS_SET                1  0.16616430E+02  0.93716260E+00  0.78945510E-01  0.10811490E-01 -0.17217550E+00  0.45814370E+00  0.48300290E+00  0.00000000E+00  0.00000000E+00
 158.000    06061900  SEED_MASS_SET                1  0.16763190E+02  0.93655860E+00  0.78563860E-01  0.10741370E-01 -0.21240630E+00  0.44924650E+00  0.50459900E+00  0.00000000E+00  0.00000000E+00
 159.000    07061900  SEED_MASS_SET                1  0.16920930E+02  0.93497930E+00  0.77621370E-01  0.10600860E-01 -0.22073340E+00  0.43521620E+00  0.50992840E+00  0.00000000E+00  0.00000000E+00
 160.000    08061900  SEED_MASS_SET                1  0.17076100E+02  0.93325150E+00  0.76627450E-01  0.10450810E-01 -0.21773570E+00  0.44587030E+00  0.48651610E+00  0.00000000E+00  0.00000000E+00
 161.000    09061900  SEED_MASS_SET                1  0.17218870E+02  0.93190620E+00  0.75877390E-01  0.10333330E-01 -0.25178190E+00  0.45024310E+00  0.47287030E+00  0.00000000E+00  0.00000000E+00
 162.000    10061900  SEED_MASS_SET                1  0.17380690E+02  0.93077920E+00  0.75269420E-01  0.10243190E-01 -0.27975340E+00  0.43365440E+00  0.56997690E+00  0.00000000E+00  0.00000000E+00
 163.000    11061900  SEED_MASS_SET                1  0.17558670E+02  0.92914890E+00  0.74407930E-01  0.10119100E-01 -0.36556870E+00  0.43067040E+00  0.52502150E+00  0.00000000E+00  0.00000000E+00
 164.000    12061900  SEED_MASS_SET                1  0.17721250E+02  0.92740220E+00  0.73508990E-01  0.99833410E-02 -0.32610100E+00  0.78910850E+00  0.48655520E+00  0.00000000E+00  0.00000000E+00
 165.000    13061900  SEED_MASS_SET                1  0.17879110E+02  0.92662180E+00  0.73134680E-01  0.99209010E-02 -0.28483860E+00  0.85197400E+00  0.52443180E+00  0.00000000E+00  0.00000000E+00
 166.000    14061900  SEED_MASS_SET                1  0.18027070E+02  0.92700510E+00  0.73333640E-01  0.99215320E-02 -0.21301570E+00  0.53933370E+00  0.47594070E+00  0.00000000E+00  0.00000000E+00
 167.000    15061900  SEED_MASS_SET                1  0.18183390E+02  0.92649690E+00  0.73080090E-01  0.98601980E-02 -0.23084030E+00  0.49233720E+00  0.45701010E+00  0.00000000E+00  0.00000000E+00
 168.000    16061900  SEED_MASS_SET                1  0.18340600E+02  0.92614210E+00  0.72925190E-01  0.98095450E-02 -0.22151810E+00  0.47172260E+00  0.53165590E+00  0.00000000E+00  0.00000000E+00
 169.000    17061900  SEED_MASS_SET                1  0.18496620E+02  0.92546830E+00  0.72593940E-01  0.97299120E-02 -0.23237400E+00  0.46700630E+00  0.45206160E+00  0.00000000E+00  0.00000000E+00
 170.000    18061900  SEED_MASS_SET                1  0.18632980E+02  0.92461340E+00  0.72171050E-01  0.96345060E-02 -0.16426780E+00  0.47579910E+00  0.42385180E+00  0.00000000E+00  0.00000000E+00
 171.000    19061900  SEED_MASS_SET                1  0.18763030E+02  0.92379660E+00  0.71775310E-01  0.95433610E-02 -0.15404360E+00  0.46747990E+00  0.42680890E+00  0.00000000E+00  0.00000000E+00
 172.000    20061900  SEED_MASS_SET                1  0.18907020E+02  0.92286440E+00  0.71352120E-01  0.94541200E-02 -0.20643640E+00  0.45521630E+00  0.49843470E+00  0.00000000E+00  0.00000000E+00
 173.000    21061900  SEED_MASS_SET                1  0.19085220E+02  0.92170790E+00  0.70855000E-01  0.93622010E-02 -0.40607320E+00  0.43870550E+00  0.62857840E+00  0.00000000E+00  0.00000000E+00
 174.000    22061900  SEED_MASS_SET                1  0.19289960E+02  0.92120490E+00  0.70657090E-01  0.93054700E-02 -0.49676040E+00  0.42006130E+00  0.80260050E+00  0.00000000E+00  0.00000000E+00
 175.000    23061900  SEED_MASS_SET                1  0.19475100E+02  0.91956350E+00  0.69887580E-01  0.91786640E-02 -0.29145320E+00  0.42473640E+00  0.59282710E+00  0.00000000E+00  0.00000000E+00
 176.000    24061900  SEED_MASS_SET                1  0.19640150E+02  0.91878880E+00  0.69517110E-01  0.90993300E-02 -0.23297170E+00  0.43645040E+00  0.52590910E+00  0.00000000E+00  0.00000000E+00
 177.000    25061900  SEED_MASS_SET                1  0.19793960E+02  0.91760420E+00  0.68950810E-01  0.89940380E-02 -0.20598630E+00  0.45059220E+00  0.48269790E+00  0.00000000E+00  0.00000000E+00
 178.000    26061900  SEED_MASS_SET                1  0.19937270E+02  0.91705640E+00  0.68681290E-01  0.89231490E-02 -0.16219440E+00  0.68713910E+00  0.52149810E+00  0.00000000E+00  0.00000000E+00
 179.000    27061900  SEED_MASS_SET                1  0.20086470E+02  0.91674290E+00  0.68499660E-01  0.88634880E-02 -0.20545270E+00  0.87264920E+00  0.47696570E+00  0.00000000E+00  0.00000000E+00
 180.000    28061900  SEED_MASS_SET                1  0.20255840E+02  0.91783380E+00  0.68981240E-01  0.88825740E-02 -0.32762710E+00  0.55253720E+00  0.62329410E+00  0.00000000E+00  0.00000000E+00
 181.000    29061900  SEED_MASS_SET                1  0.20452490E+02  0.91820430E+00  0.69131550E-01  0.88578720E-02 -0.38110420E+00  0.50008890E+00  0.52316570E+00  0.00000000E+00  0.00000000E+00
 182.000    30061900  SEED_MASS_SET                1  0.20617450E+02  0.91740700E+00  0.68731160E-01  0.87631210E-02 -0.20170820E+00  0.48925950E+00  0.52032640E+00  0.00000000E+00  0.00000000E+00
 183.000    01071900  SEED_MASS_SET                1  0.20774320E+02  0.91714910E+00  0.68604050E-01  0.87033900E-02 -0.16179740E+00  0.47957770E+00  0.53791720E+00  0.00000000E+00  0.00000000E+00
 184.000    02071900  SEED_MASS_SET                1  0.20940970E+02  0.91626630E+00  0.68204210E-01  0.86132370E-02 -0.22628510E+00  0.47140450E+00  0.54137620E+00  0.00000000E+00  0.00000000E+00
 185.000    03071900  SEED_MASS_SET                1  0.21102620E+02  0.91538630E+00  0.67793710E-01  0.85235200E-02 -0.22133570E+00  0.47058010E+00  0.47765080E+00  0.00000000E+00  0.00000000E+00
 186.000    04071900  SEED_MASS_SET                1  0.21270910E+02  0.91510800E+00  0.67704650E-01  0.84771960E-02 -0.25352100E+00  0.45804990E+00  0.63839110E+00  0.00000000E+00  0.00000000E+00
 187.000    05071900  SEED_MASS_SET                1  0.21466030E+02  0.91457070E+00  0.67467750E-01  0.84137850E-02 -0.34489570E+00  0.44626750E+00  0.66326740E+00  0.00000000E+00  0.00000000E+00
 188.000    06071900  SEED_MASS_SET                1  0.21652770E+02  0.91338670E+00  0.66903130E-01  0.83145520E-02 -0.23837500E+00  0.44786980E+00  0.53878630E+00  0.00000000E+00  0.00000000E+00
 189.000    07071900  SEED_MASS_SET                1  0.21821830E+02  0.91256310E+00  0.66498160E-01  0.82371110E-02 -0.22463220E+00  0.44841850E+00  0.54768370E+00  0.00000000E+00  0.00000000E+00
 190.000    08071900  SEED_MASS_SET                1  0.22003260E+02  0.91191930E+00  0.66196410E-01  0.81752670E-02 -0.29204970E+00  0.44227130E+00  0.64271120E+00  0.00000000E+00  0.00000000E+00
 191.000    09071900  SEED_MASS_SET                1  0.22181920E+02  0.91082330E+00  0.65642620E-01  0.80820210E-02 -0.28616490E+00  0.45063810E+00  0.54345770E+00  0.00000000E+00  0.00000000E+00
 192.000    10071900  SEED_MASS_SET                1  0.22355490E+02  0.91032440E+00  0.65372410E-01  0.80248860E-02 -0.23746970E+00  0.76905710E+00  0.55888980E+00  0.00000000E+00  0.00000000E+00
 193.000    11071900  SEED_MASS_SET                1  0.22530990E+02  0.91068730E+00  0.65448100E-01  0.80088280E-02 -0.26200960E+00  0.89101260E+00  0.64097270E+00  0.00000000E+00  0.00000000E+00
 194.000    12071900  SEED_MASS_SET                1  0.22713020E+02  0.91211100E+00  0.65949220E-01  0.80389200E-02 -0.22383620E+00  0.55076750E+00  0.58160550E+00  0.00000000E+00  0.00000000E+00
 195.000    13071900  SEED_MASS_SET                1  0.22878080E+02  0.91294910E+00  0.66230070E-01  0.80401700E-02 -0.18194490E+00  0.51170700E+00  0.52475020E+00  0.00000000E+00  0.00000000E+00
 196.000    14071900  SEED_MASS_SET                1  0.23038220E+02  0.91326090E+00  0.66335750E-01  0.80201160E-02 -0.18334940E+00  0.49705210E+00  0.52704090E+00  0.00000000E+00  0.00000000E+00
 197.000    15071900  SEED_MASS_SET                1  0.23205130E+02  0.91286830E+00  0.66138000E-01  0.79647320E-02 -0.21966030E+00  0.48594430E+00  0.51375520E+00  0.00000000E+00  0.00000000E+00
 198.000    16071900  SEED_MASS_SET                1  0.23367160E+02  0.91262950E+00  0.66018240E-01  0.79200040E-02 -0.18809360E+00  0.47910360E+00  0.48660000E+00  0.00000000E+00  0.00000000E+00
 199.000    17071900  SEED_MASS_SET                1  0.23532380E+02  0.91168070E+00  0.65567360E-01  0.78383830E-02 -0.19836480E+00  0.47345660E+00  0.50299830E+00  0.00000000E+00  0.00000000E+00
 200.000    18071900  SEED_MASS_SET                1  0.23703310E+02  0.91080970E+00  0.65157210E-01  0.77646990E-02 -0.22181610E+00  0.46755190E+00  0.53262080E+00  0.00000000E+00  0.00000000E+00
 201.000    19071900  SEED_MASS_SET                1  0.23886700E+02  0.90972600E+00  0.64655890E-01  0.76816330E-02 -0.25105110E+00  0.45741280E+00  0.61346850E+00  0.00000000E+00  0.00000000E+00
 202.000    20071900  SEED_MASS_SET                1  0.24066460E+02  0.90800610E+00  0.63827390E-01  0.75324980E-02 -0.20706060E+00  0.45689860E+00  0.60797420E+00  0.00000000E+00  0.00000000E+00
 203.000    21071900  SEED_MASS_SET                1  0.24242960E+02  0.90695730E+00  0.63238680E-01  0.74047070E-02 -0.18551400E+00  0.45972660E+00  0.59885030E+00  0.00000000E+00  0.00000000E+00
 204.000    22071900  SEED_MASS_SET                1  0.24409460E+02  0.90584020E+00  0.62544630E-01  0.72740580E-02 -0.18600790E+00  0.47283540E+00  0.54455700E+00  0.00000000E+00  0.00000000E+00
 205.000    23071900  SEED_MASS_SET                1  0.24575100E+02  0.90515460E+00  0.61992300E-01  0.71713340E-02 -0.15431570E+00  0.47699740E+00  0.55357080E+00  0.00000000E+00  0.00000000E+00
 206.000    24071900  SEED_MASS_SET                1  0.24741150E+02  0.90495360E+00  0.61596970E-01  0.70947460E-02 -0.18204450E+00  0.72327970E+00  0.53349450E+00  0.00000000E+00  0.00000000E+00
 207.000    25071900  SEED_MASS_SET                1  0.24891530E+02  0.90587910E+00  0.61668670E-01  0.70732060E-02 -0.13326960E+00  0.89097250E+00  0.50566410E+00  0.00000000E+00  0.00000000E+00
 208.000    26071900  END_SEED_FILL                1  0.25034380E+02  0.90735540E+00  0.61968540E-01  0.70744120E-02 -0.96420780E-01  0.65336660E+00  0.47281500E+00  0.00000000E+00  0.00000000E+00
 209.000    27071900  END_SEED_FILL                1  0.25178580E+02  0.90513530E+00  0.60489730E-01  0.68823270E-02 -0.12597170E+00  0.52691080E+00  0.46899150E+00  0.00000000E+00  0.00000000E+00
 210.000    28071900  END_SEED_FILL                1  0.25318480E+02  0.90360420E+00  0.59292700E-01  0.67325750E-02 -0.10193610E+00  0.72146940E+00  0.48580660E+00  0.00000000E+00  0.00000000E+00
 211.000    29071900  END_SEED_FILL                1  0.25466490E+02  0.90224050E+00  0.58158520E-01  0.65947290E-02 -0.10448530E+00  0.89307210E+00  0.47867540E+00  0.00000000E+00  0.00000000E+00
 212.000    30071900  END_SEED_FILL                1  0.25609520E+02  0.90133770E+00  0.57257890E-01  0.64850790E-02 -0.92485080E-01  0.61780450E+00  0.46709940E+00  0.00000000E+00  0.00000000E+00
 213.000    31071900  END_SEED_FILL                1  0.25750350E+02  0.90075230E+00  0.56533090E-01  0.63960990E-02 -0.85302470E-01  0.61811230E+00  0.42559670E+00  0.00000000E+00  0.00000000E+00
 214.000    01081900  END_SEED_FILL                1  0.25892860E+02  0.90025750E+00  0.55867470E-01  0.63141030E-02 -0.88188230E-01  0.65594120E+00  0.48054980E+00  0.00000000E+00  0.00000000E+00
 215.000    02081900  END_SEED_FILL                1  0.26060140E+02  0.89972600E+00  0.55144140E-01  0.62268590E-02 -0.13061640E+00  0.90188880E+00  0.63705050E+00  0.00000000E+00  0.00000000E+00
 216.000    03081900  END_SEED_FILL                1  0.26236550E+02  0.89962200E+00  0.54593020E-01  0.61620890E-02 -0.10787680E+00  0.87449630E+00  0.52120990E+00  0.00000000E+00  0.00000000E+00
 217.000    04081900  END_SEED_FILL                1  0.26394460E+02  0.89996210E+00  0.54318140E-01  0.61305470E-02 -0.76781520E-01  0.45854860E+00  0.53773890E+00  0.00000000E+00  0.00000000E+00
 218.000    05081900  END_SEED_FILL                1  0.26562300E+02  0.90023740E+00  0.54050210E-01  0.61009060E-02 -0.10903710E+00  0.63677170E+00  0.52637170E+00  0.00000000E+00  0.00000000E+00
 219.000    06081900  END_SEED_FILL                1  0.26700180E+02  0.90074000E+00  0.53961310E-01  0.60922440E-02 -0.52039070E-01  0.88926110E+00  0.47994790E+00  0.00000000E+00  0.00000000E+00
 220.000    07081900  END_SEED_FILL                1  0.26854740E+02  0.90112970E+00  0.53861540E-01  0.60824270E-02 -0.80314760E-01  0.43710500E+00  0.47789360E+00  0.00000000E+00  0.00000000E+00
 221.000    08081900  END_SEED_FILL                1  0.27025600E+02  0.90151410E+00  0.53782260E-01  0.60745330E-02 -0.11765600E+00  0.90130770E+00  0.49609850E+00  0.00000000E+00  0.00000000E+00
 222.000    09081900  END_SEED_FILL                1  0.27198670E+02  0.90213480E+00  0.53813660E-01  0.60769040E-02 -0.67698270E-01  0.87840810E+00  0.69034570E+00  0.00000000E+00  0.00000000E+00
 223.000    10081900  END_SEED_FILL                1  0.27381900E+02  0.90293290E+00  0.53947130E-01  0.60917500E-02 -0.63543170E-01  0.89335420E+00  0.59739260E+00  0.00000000E+00  0.00000000E+00
 224.000    11081900  END_SEED_FILL                1  0.27553500E+02  0.90379840E+00  0.54171790E-01  0.61188150E-02 -0.54173720E-01  0.67372130E+00  0.53248220E+00  0.00000000E+00  0.00000000E+00
 225.000    12081900  END_SEED_FILL                1  0.27701730E+02  0.90475610E+00  0.54528420E-01  0.61613580E-02 -0.24904530E-01  0.65537420E+00  0.48972420E+00  0.00000000E+00  0.00000000E+00
 226.000    13081900  END_SEED_FILL                1  0.27847350E+02  0.90565700E+00  0.54943750E-01  0.62104250E-02 -0.20417990E-01  0.89333620E+00  0.56982810E+00  0.00000000E+00  0.00000000E+00
 227.000    14081900  END_SEED_FILL                1  0.28008800E+02  0.90652760E+00  0.55389800E-01  0.62617010E-02 -0.18060810E-01  0.89695130E+00  0.55583560E+00  0.00000000E+00  0.00000000E+00
 228.000    15081900  END_SEED_FILL                1  0.28175900E+02  0.90757590E+00  0.55939060E-01  0.63216930E-02 -0.23053020E-01  0.88800270E+00  0.51874380E+00  0.00000000E+00  0.00000000E+00
 229.000    16081900  END_SEED_FILL                1  0.28345860E+02  0.90880110E+00  0.56599110E-01  0.63947320E-02 -0.29974840E-01  0.83211630E+00  0.52693230E+00  0.00000000E+00  0.00000000E+00
 230.000    17081900  END_SEED_FILL                1  0.28517880E+02  0.90988140E+00  0.57191980E-01  0.64622490E-02 -0.31511400E-01  0.64085080E+00  0.47318670E+00  0.00000000E+00  0.00000000E+00
 231.000    18081900  END_SEED_FILL                1  0.28665130E+02  0.91086990E+00  0.57722410E-01  0.65246990E-02 -0.23008070E-01  0.86310450E+00  0.47184690E+00  0.00000000E+00  0.00000000E+00
 232.000    19081900  END_SEED_FILL                1  0.28815360E+02  0.91182680E+00  0.58220850E-01  0.65850100E-02 -0.22808780E-01  0.89091810E+00  0.48874460E+00  0.00000000E+00  0.00000000E+00
 233.000    20081900  END_SEED_FILL                1  0.28963880E+02  0.91277520E+00  0.58702390E-01  0.66444580E-02 -0.22171380E-01  0.88701320E+00  0.61286510E+00  0.00000000E+00  0.00000000E+00
 234.000    21081900  END_SEED_FILL                1  0.29128900E+02  0.91373370E+00  0.59180010E-01  0.67038850E-02 -0.25982000E-01  0.55220490E+00  0.60259660E+00  0.00000000E+00  0.00000000E+00
 235.000    22081900  END_SEED_FILL                1  0.29289340E+02  0.91466690E+00  0.59641730E-01  0.67621110E-02 -0.25004920E-01  0.89505290E+00  0.58792370E+00  0.00000000E+00  0.00000000E+00
 236.000    23081900  END_SEED_FILL                1  0.29442220E+02  0.91561610E+00  0.60109780E-01  0.68212110E-02 -0.24685250E-01  0.83331510E+00  0.51698520E+00  0.00000000E+00  0.00000000E+00
 237.000    24081900  END_SEED_FILL                1  0.29598370E+02  0.91661340E+00  0.60600470E-01  0.68830750E-02 -0.26833130E-01  0.46251750E+00  0.45903960E+00  0.00000000E+00  0.00000000E+00
 238.000    25081900  END_SEED_FILL                1  0.29719890E+02  0.91760060E+00  0.61090730E-01  0.69457410E-02 -0.26171240E-01  0.62633070E+00  0.54452570E+00  0.00000000E+00  0.00000000E+00
 239.000    26081900  END_SEED_FILL                1  0.29719890E+02  0.99009900E+00  0.00000000E+00  0.00000000E+00 -0.55973760E+00  0.83918900E+00  0.55626300E+00  0.00000000E+00  0.00000000E+00
 240.000    27081900  PLANTING                     1  0.00000000E+00  0.99009900E+00  0.00000000E+00  0.00000000E+00 -0.15271310E-02  0.00000000E+00  0.52287380E+00  0.00000000E+00  0.00000000E+00
 241.000    28081900  PLANTING                     1  0.00000000E+00  0.99009900E+00  0.00000000E+00  0.00000000E+00 -0.15271310E-02  0.00000000E+00  0.58114900E+00  0.00000000E+00  0.00000000E+00
 242.000    29081900  PLANTING                     1  0.00000000E+00  0.99009900E+00  0.00000000E+00  0.00000000E+00 -0.15271310E-02  0.00000000E+00  0.54610460E+00  0.00000000E+00  0.00000000E+00
 243.000    30081900  PLANTING                     1  0.00000000E+00  0.99009900E+00  0.00000000E+00  0.00000000E+00 -0.15271310E-02  0.00000000E+00  0.52040060E+00  0.00000000E+00  0.00000000E+00
 244.000    31081900  PLANTING                     1  0.00000000E+00  0.99009900E+00  0.00000000E+00  0.00000000E+00 -0.15271310E-02  0.00000000E+00  0.52342730E+00  0.00000000E+00  0.00000000E+00
 245.000    01091900  PLANTING                     1  0.00000000E+00  0.99009900E+00  0.00000000E+00  0.00000000E+00 -0.15271310E-02  0.00000000E+00  0.50596850E+00  0.00000000E+00  0.00000000E+00
 246.000    02091900  PLANTING                     1  0.00000000E+00  0.99009900E+00  0.00000000E+00  0.00000000E+00 -0.15271310E-02  0.00000000E+00  0.54195610E+00  0.00000000E+00  0.00000000E+00
 247.000    03091900  PLANTING                     1  0.00000000E+00  0.99009900E+00  0.00000000E+00  0.00000000E+00 -0.15271310E-02  0.00000000E+00  0.54165360E+00  0.00000000E+00  0.00000000E+00
 248.000    04091900  PLANTING                     1  0.00000000E+00  0.99009900E+00  0.00000000E+00  0.00000000E+00 -0.21455170E-02  0.00000000E+00  0.50123430E+00  0.00000000E+00  0.00000000E+00
 249.000    05091900  PLANTING                     1  0.00000000E+00  0.99009900E+00  0.00000000E+00  0.00000000E+00 -0.40433810E-02  0.00000000E+00  0.49506630E+00  0.00000000E+00  0.00000000E+00
 250.000    06091900  PLANTING                     1  0.00000000E+00  0.99009900E+00  0.00000000E+00  0.00000000E+00 -0.48259330E-02  0.00000000E+00  0.54510170E+00  0.00000000E+00  0.00000000E+00
 251.000    07091900  PLANTING                     1  0.00000000E+00  0.99009900E+00  0.00000000E+00  0.00000000E+00 -0.15271310E-02  0.00000000E+00  0.54158500E+00  0.00000000E+00  0.00000000E+00
 252.000    08091900  PLANTING                     1  0.00000000E+00  0.99009900E+00  0.00000000E+00  0.00000000E+00 -0.15271310E-02  0.00000000E+00  0.51781490E+00  0.00000000E+00  0.00000000E+00
 253.000    09091900  PLANTING                     1  0.00000000E+00  0.99009900E+00  0.00000000E+00  0.00000000E+00 -0.15271310E-02  0.00000000E+00  0.52728090E+00  0.00000000E+00  0.00000000E+00
 254.000    10091900  PLANTING                     1  0.00000000E+00  0.99009900E+00  0.00000000E+00  0.00000000E+00 -0.15271310E-02  0.00000000E+00  0.48025450E+00  0.00000000E+00  0.00000000E+00
 255.000    11091900  PLANTING                     1  0.00000000E+00  0.99009900E+00  0.00000000E+00  0.00000000E+00 -0.15271310E-02  0.00000000E+00  0.49217100E+00  0.00000000E+00  0.00000000E+00
 256.000    12091900  PLANTING                     1  0.00000000E+00  0.99009900E+00  0.00000000E+00  0.00000000E+00 -0.15271310E-02  0.00000000E+00  0.49844210E+00  0.00000000E+00  0.00000000E+00
 257.000    13091900  PLANTING                     1  0.00000000E+00  0.99009900E+00  0.00000000E+00  0.00000000E+00 -0.15271310E-02  0.00000000E+00  0.47707700E+00  0.00000000E+00  0.00000000E+00
 258.000    14091900  PLANTING                     1  0.00000000E+00  0.99009900E+00  0.00000000E+00  0.00000000E+00 -0.15271310E-02  0.00000000E+00  0.48448480E+00  0.00000000E+00  0.00000000E+00
 259.000    15091900  PLANTING                     1  0.00000000E+00  0.99009900E+00  0.00000000E+00  0.00000000E+00 -0.15271310E-02  0.00000000E+00  0.52059000E+00  0.00000000E+00  0.00000000E+00
 260.000    16091900  PLANTING                     1  0.00000000E+00  0.99009900E+00  0.00000000E+00  0.00000000E+00 -0.15271310E-02  0.00000000E+00  0.47155660E+00  0.00000000E+00  0.00000000E+00
 261.000    17091900  PLANTING                     1  0.00000000E+00  0.99009900E+00  0.00000000E+00  0.00000000E+00 -0.15271310E-02  0.00000000E+00  0.44930940E+00  0.00000000E+00  0.00000000E+00
 262.000    18091900  PLANTING                     1  0.00000000E+00  0.99009900E+00  0.00000000E+00  0.00000000E+00 -0.21166530E-02  0.00000000E+00  0.53944030E+00  0.00000000E+00  0.00000000E+00
 263.000    19091900  PLANTING                     1  0.00000000E+00  0.99009900E+00  0.00000000E+00  0.00000000E+00 -0.49133710E-02  0.00000000E+00  0.56545810E+00  0.00000000E+00  0.00000000E+00
 264.000    20091900  PLANTING                     1  0.00000000E+00  0.99009900E+00  0.00000000E+00  0.00000000E+00 -0.53420330E-02  0.00000000E+00  0.48267490E+00  0.00000000E+00  0.00000000E+00
 265.000    21091900  PLANTING                     1  0.00000000E+00  0.99009900E+00  0.00000000E+00  0.00000000E+00 -0.15271310E-02  0.00000000E+00  0.49703970E+00  0.00000000E+00  0.00000000E+00
 266.000    22091900  PLANTING                     1  0.00000000E+00  0.99009900E+00  0.00000000E+00  0.00000000E+00 -0.15271310E-02  0.00000000E+00  0.46678290E+00  0.00000000E+00  0.00000000E+00
 267.000    23091900  PLANTING                     1  0.00000000E+00  0.99009900E+00  0.00000000E+00  0.00000000E+00 -0.15271310E-02  0.00000000E+00  0.47355430E+00  0.00000000E+00  0.00000000E+00
 268.000    24091900  PLANTING                     1  0.00000000E+00  0.99009900E+00  0.00000000E+00  0.00000000E+00 -0.15271310E-02  0.00000000E+00  0.48060000E+00  0.00000000E+00  0.00000000E+00
 269.000    25091900  PLANTING                     1  0.00000000E+00  0.99009900E+00  0.00000000E+00  0.00000000E+00 -0.15271310E-02  0.00000000E+00  0.46162620E+00  0.00000000E+00  0.00000000E+00
 270.000    26091900  PLANTING                     1  0.00000000E+00  0.99009900E+00  0.00000000E+00  0.00000000E+00 -0.15271310E-02  0.00000000E+00  0.44935460E+00  0.00000000E+00  0.00000000E+00
 271.000    27091900  PLANTING                     1  0.00000000E+00  0.99009900E+00  0.00000000E+00  0.00000000E+00 -0.15271310E-02  0.00000000E+00  0.45830550E+00  0.00000000E+00  0.00000000E+00
 272.000    28091900  PLANTING                     1  0.00000000E+00  0.99009900E+00  0.00000000E+00  0.00000000E+00 -0.15271310E-02  0.00000000E+00  0.55393670E+00  0.00000000E+00  0.00000000E+00
 273.000    29091900  PLANTING                     1  0.00000000E+00  0.99009900E+00  0.00000000E+00  0.00000000E+00 -0.15271310E-02  0.00000000E+00  0.55314490E+00  0.00000000E+00  0.00000000E+00
 274.000    30091900  PLANTING                     1  0.00000000E+00  0.99009900E+00  0.00000000E+00  0.00000000E+00 -0.15271310E-02  0.00000000E+00  0.58229410E+00  0.00000000E+00  0.00000000E+00
 275.000    01101900  PLANTING                     1  0.00000000E+00  0.99009900E+00  0.00000000E+00  0.00000000E+00 -0.15271310E-02  0.00000000E+00  0.63483390E+00  0.00000000E+00  0.00000000E+00
 276.000    02101900  PLANTING                     1  0.00000000E+00  0.99009900E+00  0.00000000E+00  0.00000000E+00 -0.19374990E-02  0.00000000E+00  0.59809680E+00  0.00000000E+00  0.00000000E+00
 277.000    03101900  PLANTING                     1  0.00000000E+00  0.99009900E+00  0.00000000E+00  0.00000000E+00 -0.28714240E-02  0.00000000E+00  0.46137210E+00  0.00000000E+00  0.00000000E+00
 278.000    04101900  PLANTING                     1  0.00000000E+00  0.99009900E+00  0.00000000E+00  0.00000000E+00 -0.34434300E-02  0.00000000E+00  0.51042730E+00  0.00000000E+00  0.00000000E+00
 279.000    05101900  PLANTING                     1  0.00000000E+00  0.99009900E+00  0.00000000E+00  0.00000000E+00 -0.15271310E-02  0.00000000E+00  0.55555610E+00  0.00000000E+00  0.00000000E+00
 280.000    06101900  PLANTING                     1  0.00000000E+00  0.99009900E+00  0.00000000E+00  0.00000000E+00 -0.15271310E-02  0.00000000E+00  0.51317450E+00  0.00000000E+00  0.00000000E+00
 281.000    07101900  PLANTING                     1  0.00000000E+00  0.99009900E+00  0.00000000E+00  0.00000000E+00 -0.15271310E-02  0.00000000E+00  0.57182530E+00  0.00000000E+00  0.00000000E+00
 282.000    08101900  PLANTING                     1  0.00000000E+00  0.99009900E+00  0.00000000E+00  0.00000000E+00 -0.15271310E-02  0.00000000E+00  0.48104750E+00  0.00000000E+00  0.00000000E+00
 283.000    09101900  PLANTING                     1  0.00000000E+00  0.99009900E+00  0.00000000E+00  0.00000000E+00 -0.15271310E-02  0.00000000E+00  0.43610430E+00  0.00000000E+00  0.00000000E+00
 284.000    10101900  PLANTING                     1  0.00000000E+00  0.99009900E+00  0.00000000E+00  0.00000000E+00 -0.15271310E-02  0.00000000E+00  0.45991510E+00  0.00000000E+00  0.00000000E+00
 285.000    11101900  PLANTING                     1  0.00000000E+00  0.99009900E+00  0.00000000E+00  0.00000000E+00 -0.15271310E-02  0.00000000E+00  0.49580410E+00  0.00000000E+00  0.00000000E+00
 286.000    12101900  PLANTING                     1  0.00000000E+00  0.99009900E+00  0.00000000E+00  0.00000000E+00 -0.15271310E-02  0.00000000E+00  0.42707200E+00  0.00000000E+00  0.00000000E+00
 287.000    13101900  PLANTING                     1  0.00000000E+00  0.99009900E+00  0.00000000E+00  0.00000000E+00 -0.15271310E-02  0.00000000E+00  0.44147600E+00  0.00000000E+00  0.00000000E+00
 288.000    14101900  PLANTING                     1  0.00000000E+00  0.99009900E+00  0.00000000E+00  0.00000000E+00 -0.15271310E-02  0.00000000E+00  0.40167520E+00  0.00000000E+00  0.00000000E+00
 289.000    15101900  PLANTING                     1  0.00000000E+00  0.99009900E+00  0.00000000E+00  0.00000000E+00 -0.15271310E-02  0.00000000E+00  0.42183280E+00  0.00000000E+00  0.00000000E+00
 290.000    16101900  PLANTING                     1  0.00000000E+00  0.99009900E+00  0.00000000E+00  0.00000000E+00 -0.19164960E-02  0.00000000E+00  0.39752510E+00  0.00000000E+00  0.00000000E+00
 291.000    17101900  PLANTING                     1  0.00000000E+00  0.99009900E+00  0.00000000E+00  0.00000000E+00 -0.26769610E-02  0.00000000E+00  0.43710280E+00  0.00000000E+00  0.00000000E+00
 292.000    18101900  PLANTING                     1  0.00000000E+00  0.99009900E+00  0.00000000E+00  0.00000000E+00 -0.30451670E-02  0.00000000E+00  0.49896700E+00  0.00000000E+00  0.00000000E+00
 293.000    19101900  PLANTING                     1  0.00000000E+00  0.99009900E+00  0.00000000E+00  0.00000000E+00 -0.15271310E-02  0.00000000E+00  0.40644220E+00  0.00000000E+00  0.00000000E+00
 294.000    20101900  PLANTING                     1  0.00000000E+00  0.99009900E+00  0.00000000E+00  0.00000000E+00 -0.15271310E-02  0.00000000E+00  0.40899600E+00  0.00000000E+00  0.00000000E+00
 295.000    21101900  PLANTING                     1  0.00000000E+00  0.99009900E+00  0.00000000E+00  0.00000000E+00 -0.15271310E-02  0.00000000E+00  0.37769900E+00  0.00000000E+00  0.00000000E+00
 296.000    22101900  PLANTING                     1  0.00000000E+00  0.99009900E+00  0.00000000E+00  0.00000000E+00 -0.15271310E-02  0.00000000E+00  0.38227850E+00  0.00000000E+00  0.00000000E+00
 297.000    23101900  PLANTING                     1  0.00000000E+00  0.99009900E+00  0.00000000E+00  0.00000000E+00 -0.15271310E-02  0.00000000E+00  0.46219610E+00  0.00000000E+00  0.00000000E+00
 298.000    24101900  PLANTING                     1  0.00000000E+00  0.99009900E+00  0.00000000E+00  0.00000000E+00 -0.15271310E-02  0.00000000E+00  0.45670090E+00  0.00000000E+00  0.00000000E+00
 299.000    25101900  PLANTING                     1  0.00000000E+00  0.99009900E+00  0.00000000E+00  0.00000000E+00 -0.15271310E-02  0.00000000E+00  0.48795470E+00  0.00000000E+00  0.00000000E+00
 300.000    26101900  PLANTING                     1  0.00000000E+00  0.99009900E+00  0.00000000E+00  0.00000000E+00 -0.15271310E-02  0.00000000E+00  0.49828920E+00  0.00000000E+00  0.00000000E+00
 301.000    27101900  PLANTING                     1  0.00000000E+00  0.99009900E+00  0.00000000E+00  0.00000000E+00 -0.15271310E-02  0.00000000E+00  0.44908570E+00  0.00000000E+00  0.00000000E+00
 302.000    28101900  PLANTING                     1  0.00000000E+00  0.99009900E+00  0.00000000E+00  0.00000000E+00 -0.15271310E-02  0.00000000E+00  0.39152220E+00  0.00000000E+00  0.00000000E+00
 303.000    29101900  PLANTING                     1  0.00000000E+00  0.99009900E+00  0.00000000E+00  0.00000000E+00 -0.15271310E-02  0.00000000E+00  0.34345790E+00  0.00000000E+00  0.00000000E+00
 304.000    30101900  PLANTING                     1  0.00000000E+00  0.99009900E+00  0.00000000E+00  0.00000000E+00 -0.18812890E-02  0.00000000E+00  0.39995310E+00  0.00000000E+00  0.00000000E+00
 305.000    31101900  PLANTING                     1  0.00000000E+00  0.99009900E+00  0.00000000E+00  0.00000000E+00 -0.26579250E-02  0.00000000E+00  0.49839360E+00  0.00000000E+00  0.00000000E+00
 306.000    01111900  PLANTING                     1  0.00000000E+00  0.99009900E+00  0.00000000E+00  0.00000000E+00 -0.29508030E-02  0.00000000E+00  0.49096690E+00  0.00000000E+00  0.00000000E+00
 307.000    02111900  PLANTING                     1  0.00000000E+00  0.99009900E+00  0.00000000E+00  0.00000000E+00 -0.15271310E-02  0.00000000E+00  0.43660670E+00  0.00000000E+00  0.00000000E+00
 308.000    03111900  PLANTING                     1  0.00000000E+00  0.99009900E+00  0.00000000E+00  0.00000000E+00 -0.15271310E-02  0.00000000E+00  0.44406560E+00  0.00000000E+00  0.00000000E+00
 309.000    04111900  PLANTING                     1  0.00000000E+00  0.99009900E+00  0.00000000E+00  0.00000000E+00 -0.15271310E-02  0.00000000E+00  0.36794450E+00  0.00000000E+00  0.00000000E+00
 310.000    05111900  PLANTING                     1  0.00000000E+00  0.99009900E+00  0.00000000E+00  0.00000000E+00 -0.15271310E-02  0.00000000E+00  0.31436320E+00  0.00000000E+00  0.00000000E+00
 311.000    06111900  PLANTING                     1  0.00000000E+00  0.99009900E+00  0.00000000E+00  0.00000000E+00 -0.15271310E-02  0.00000000E+00  0.36218300E+00  0.00000000E+00  0.00000000E+00
 312.000    07111900  PLANTING                     1  0.00000000E+00  0.99009900E+00  0.00000000E+00  0.00000000E+00 -0.15271310E-02  0.00000000E+00  0.22825640E+00  0.00000000E+00  0.00000000E+00
 313.000    08111900  PLANTING                     1  0.00000000E+00  0.99009900E+00  0.00000000E+00  0.00000000E+00 -0.15271310E-02  0.00000000E+00  0.19630040E+00  0.00000000E+00  0.00000000E+00
 314.000    09111900  PLANTING                     1  0.00000000E+00  0.99009900E+00  0.00000000E+00  0.00000000E+00 -0.15271310E-02  0.00000000E+00  0.19290140E+00  0.00000000E+00  0.00000000E+00
 315.000    10111900  PLANTING                     1  0.00000000E+00  0.99009900E+00  0.00000000E+00  0.00000000E+00 -0.15271310E-02  0.00000000E+00  0.21197330E+00  0.00000000E+00  0.00000000E+00
 316.000    11111900  PLANTING                     1  0.00000000E+00  0.99009900E+00  0.00000000E+00  0.00000000E+00 -0.15271310E-02  0.00000000E+00  0.20786690E+00  0.00000000E+00  0.00000000E+00
 317.000    12111900  PLANTING                     1  0.00000000E+00  0.99009900E+00  0.00000000E+00  0.00000000E+00 -0.15271310E-02  0.00000000E+00  0.22474180E+00  0.00000000E+00  0.00000000E+00
 318.000    13111900  PLANTING                     1  0.00000000E+00  0.99009900E+00  0.00000000E+00  0.00000000E+00 -0.17669970E-02  0.00000000E+00  0.18107400E+00  0.00000000E+00  0.00000000E+00
 319.000    14111900  PLANTING                     1  0.00000000E+00  0.99009900E+00  0.00000000E+00  0.00000000E+00 -0.22128580E-02  0.00000000E+00  0.18321180E+00  0.00000000E+00  0.00000000E+00
 320.000    15111900  PLANTING                     1  0.00000000E+00  0.99009900E+00  0.00000000E+00  0.00000000E+00 -0.22410840E-02  0.00000000E+00  0.21175310E+00  0.00000000E+00  0.00000000E+00
 321.000    16111900  PLANTING                     1  0.00000000E+00  0.99009900E+00  0.00000000E+00  0.00000000E+00 -0.15271310E-02  0.00000000E+00  0.23389370E+00  0.00000000E+00  0.00000000E+00
 322.000    17111900  PLANTING                     1  0.00000000E+00  0.99009900E+00  0.00000000E+00  0.00000000E+00 -0.15271310E-02  0.00000000E+00  0.22415010E+00  0.00000000E+00  0.00000000E+00
 323.000    18111900  PLANTING                     1  0.00000000E+00  0.99009900E+00  0.00000000E+00  0.00000000E+00 -0.15271310E-02  0.00000000E+00  0.21015850E+00  0.00000000E+00  0.00000000E+00
 324.000    19111900  PLANTING                     1  0.00000000E+00  0.99009900E+00  0.00000000E+00  0.00000000E+00 -0.15271310E-02  0.00000000E+00  0.27790630E+00  0.00000000E+00  0.00000000E+00
 325.000    20111900  PLANTING                     1  0.00000000E+00  0.99009900E+00  0.00000000E+00  0.00000000E+00 -0.15271310E-02  0.00000000E+00  0.35103590E+00  0.00000000E+00  0.00000000E+00
 326.000    21111900  PLANTING                     1  0.00000000E+00  0.99009900E+00  0.00000000E+00  0.00000000E+00 -0.15271310E-02  0.00000000E+00  0.37090080E+00  0.00000000E+00  0.00000000E+00
 327.000    22111900  PLANTING                     1  0.00000000E+00  0.99009900E+00  0.00000000E+00  0.00000000E+00 -0.15271310E-02  0.00000000E+00  0.41578580E+00  0.00000000E+00  0.00000000E+00
 328.000    23111900  PLANTING                     1  0.00000000E+00  0.99009900E+00  0.00000000E+00  0.00000000E+00 -0.15271310E-02  0.00000000E+00  0.37465720E+00  0.00000000E+00  0.00000000E+00
 329.000    24111900  PLANTING                     1  0.00000000E+00  0.99009900E+00  0.00000000E+00  0.00000000E+00 -0.15271310E-02  0.00000000E+00  0.35194270E+00  0.00000000E+00  0.00000000E+00
 330.000    25111900  PLANTING                     1  0.00000000E+00  0.99009900E+00  0.00000000E+00  0.00000000E+00 -0.15271310E-02  0.00000000E+00  0.38961580E+00  0.00000000E+00  0.00000000E+00
 331.000    26111900  PLANTING                     1  0.00000000E+00  0.99009900E+00  0.00000000E+00  0.00000000E+00 -0.15271310E-02  0.00000000E+00  0.40443800E+00  0.00000000E+00  0.00000000E+00
 332.000    27111900  PLANTING                     1  0.00000000E+00  0.99009900E+00  0.00000000E+00  0.00000000E+00 -0.15271310E-02  0.00000000E+00  0.43636020E+00  0.00000000E+00  0.00000000E+00
 333.000    28111900  PLANTING                     1  0.00000000E+00  0.99009900E+00  0.00000000E+00  0.00000000E+00 -0.15271310E-02  0.00000000E+00  0.35730520E+00  0.00000000E+00  0.00000000E+00
 334.000    29111900  PLANTING                     1  0.00000000E+00  0.99009900E+00  0.00000000E+00  0.00000000E+00 -0.15271310E-02  0.00000000E+00  0.32900160E+00  0.00000000E+00  0.00000000E+00
 335.000    30111900  PLANTING                     1  0.00000000E+00  0.99009900E+00  0.00000000E+00  0.00000000E+00 -0.15271310E-02  0.00000000E+00  0.29963520E+00  0.00000000E+00  0.00000000E+00
 336.000    01121900  PLANTING                     1  0.00000000E+00  0.99009900E+00  0.00000000E+00  0.00000000E+00 -0.15271310E-02  0.00000000E+00  0.25799130E+00  0.00000000E+00  0.00000000E+00
 337.000    02121900  PLANTING                     1  0.00000000E+00  0.99009900E+00  0.00000000E+00  0.00000000E+00 -0.15271310E-02  0.00000000E+00  0.27924680E+00  0.00000000E+00  0.00000000E+00
 338.000    03121900  PLANTING                     1  0.00000000E+00  0.99009900E+00  0.00000000E+00  0.00000000E+00 -0.15271310E-02  0.00000000E+00  0.24775600E+00  0.00000000E+00  0.00000000E+00
 339.000    04121900  PLANTING                     1  0.00000000E+00  0.99009900E+00  0.00000000E+00  0.00000000E+00 -0.15271310E-02  0.00000000E+00  0.29183130E+00  0.00000000E+00  0.00000000E+00
 340.000    05121900  PLANTING                     1  0.00000000E+00  0.99009900E+00  0.00000000E+00  0.00000000E+00 -0.15271310E-02  0.00000000E+00  0.30877480E+00  0.00000000E+00  0.00000000E+00
 341.000    06121900  PLANTING                     1  0.00000000E+00  0.99009900E+00  0.00000000E+00  0.00000000E+00 -0.15271310E-02  0.00000000E+00  0.29702800E+00  0.00000000E+00  0.00000000E+00
 342.000    07121900  PLANTING                     1  0.00000000E+00  0.99009900E+00  0.00000000E+00  0.00000000E+00 -0.15271310E-02  0.00000000E+00  0.30705240E+00  0.00000000E+00  0.00000000E+00
 343.000    08121900  PLANTING                     1  0.00000000E+00  0.99009900E+00  0.00000000E+00  0.00000000E+00 -0.15271310E-02  0.00000000E+00  0.25165800E+00  0.00000000E+00  0.00000000E+00
 344.000    09121900  PLANTING                     1  0.00000000E+00  0.99009900E+00  0.00000000E+00  0.00000000E+00 -0.15271310E-02  0.00000000E+00  0.27037160E+00  0.00000000E+00  0.00000000E+00
 345.000    10121900  PLANTING                     1  0.00000000E+00  0.99009900E+00  0.00000000E+00  0.00000000E+00 -0.15271310E-02  0.00000000E+00  0.27501640E+00  0.00000000E+00  0.00000000E+00
 346.000    11121900  PLANTING                     1  0.00000000E+00  0.99009900E+00  0.00000000E+00  0.00000000E+00 -0.15271310E-02  0.00000000E+00  0.29597460E+00  0.00000000E+00  0.00000000E+00
 347.000    12121900  PLANTING                     1  0.00000000E+00  0.99009900E+00  0.00000000E+00  0.00000000E+00 -0.15271310E-02  0.00000000E+00  0.29333250E+00  0.00000000E+00  0.00000000E+00
 348.000    13121900  PLANTING                     1  0.00000000E+00  0.99009900E+00  0.00000000E+00  0.00000000E+00 -0.15271310E-02  0.00000000E+00  0.34489750E+00  0.00000000E+00  0.00000000E+00
 349.000    14121900  PLANTING                     1  0.00000000E+00  0.99009900E+00  0.00000000E+00  0.00000000E+00 -0.15271310E-02  0.00000000E+00  0.34223200E+00  0.00000000E+00  0.00000000E+00
 350.000    15121900  PLANTING                     1  0.00000000E+00  0.99009900E+00  0.00000000E+00  0.00000000E+00 -0.15271310E-02  0.00000000E+00  0.34468000E+00  0.00000000E+00  0.00000000E+00
 351.000    16121900  PLANTING                     1  0.00000000E+00  0.99009900E+00  0.00000000E+00  0.00000000E+00 -0.15271310E-02  0.00000000E+00  0.33878630E+00  0.00000000E+00  0.00000000E+00
 352.000    17121900  PLANTING                     1  0.00000000E+00  0.99009900E+00  0.00000000E+00  0.00000000E+00 -0.15271310E-02  0.00000000E+00  0.36890770E+00  0.00000000E+00  0.00000000E+00
 353.000    18121900  PLANTING                     1  0.00000000E+00  0.99009900E+00  0.00000000E+00  0.00000000E+00 -0.15271310E-02  0.00000000E+00  0.31569940E+00  0.00000000E+00  0.00000000E+00
 354.000    19121900  PLANTING                     1  0.00000000E+00  0.99009900E+00  0.00000000E+00  0.00000000E+00 -0.15271310E-02  0.00000000E+00  0.32195930E+00  0.00000000E+00  0.00000000E+00
 355.000    20121900  PLANTING                     1  0.00000000E+00  0.99009900E+00  0.00000000E+00  0.00000000E+00 -0.15271310E-02  0.00000000E+00  0.31813460E+00  0.00000000E+00  0.00000000E+00
 356.000    21121900  PLANTING                     1  0.00000000E+00  0.99009900E+00  0.00000000E+00  0.00000000E+00 -0.15271310E-02  0.00000000E+00  0.28424130E+00  0.00000000E+00  0.00000000E+00
 357.000    22121900  PLANTING                     1  0.00000000E+00  0.99009900E+00  0.00000000E+00  0.00000000E+00 -0.15271310E-02  0.00000000E+00  0.31156630E+00  0.00000000E+00  0.00000000E+00
 358.000    23121900  PLANTING                     1  0.00000000E+00  0.99009900E+00  0.00000000E+00  0.00000000E+00 -0.15271310E-02  0.00000000E+00  0.30654040E+00  0.00000000E+00  0.00000000E+00
 359.000    24121900  PLANTING                     1  0.00000000E+00  0.99009900E+00  0.00000000E+00  0.00000000E+00 -0.15271310E-02  0.00000000E+00  0.29856790E+00  0.00000000E+00  0.00000000E+00
 360.000    25121900  PLANTING                     1  0.00000000E+00  0.99009900E+00  0.00000000E+00  0.00000000E+00 -0.15271310E-02  0.00000000E+00  0.30012670E+00  0.00000000E+00  0.00000000E+00
 361.000    26121900  PLANTING                     1  0.00000000E+00  0.99009900E+00  0.00000000E+00  0.00000000E+00 -0.15271310E-02  0.00000000E+00  0.21281790E+00  0.00000000E+00  0.00000000E+00
 362.000    27121900  PLANTING                     1  0.00000000E+00  0.99009900E+00  0.00000000E+00  0.00000000E+00 -0.15271310E-02  0.00000000E+00  0.18565810E+00  0.00000000E+00  0.00000000E+00
 363.000    28121900  PLANTING                     1  0.00000000E+00  0.99009900E+00  0.00000000E+00  0.00000000E+00 -0.15271310E-02  0.00000000E+00  0.21194310E+00  0.00000000E+00  0.00000000E+00
 364.000    29121900  PLANTING                     1  0.00000000E+00  0.99009900E+00  0.00000000E+00  0.00000000E+00 -0.15271310E-02  0.00000000E+00  0.30188130E+00  0.00000000E+00  0.00000000E+00
 365.000    30121900  PLANTING                     1  0.00000000E+00  0.99009900E+00  0.00000000E+00  0.00000000E+00 -0.15271310E-02  0.00000000E+00  0.23212620E+00  0.00000000E+00  0.00000000E+00
 366.000    31121900  PLANTING                     1  0.00000000E+00  0.99009900E+00  0.00000000E+00  0.00000000E+00 -0.15271310E-02  0.00000000E+00  0.22989000E+00  0.00000000E+00  0.00000000E+00
