    DOY     DATE    TRANSPN         WTR_STRESS      OXY_STRESS      
   1.000    01011901  0.00000000E+00  0.00000000E+00  0.39952600E+00
   2.000    02011901  0.00000000E+00  0.00000000E+00  0.28089150E+00
   3.000    03011901  0.00000000E+00  0.00000000E+00  0.33366020E+00
   4.000    04011901  0.00000000E+00  0.00000000E+00  0.51713420E+00
   5.000    05011901  0.94142290E-02  0.00000000E+00  0.45273980E+00
   6.000    06011901  0.37426640E-01  0.00000000E+00  0.51958230E+00
   7.000    07011901  0.90363820E-01  0.00000000E+00  0.58755770E+00
   8.000    08011901  0.99600210E-01  0.00000000E+00  0.55136930E+00
   9.000    09011901  0.16972540E+00  0.00000000E+00  0.47276620E+00
  10.000    10011901  0.20309200E+00  0.00000000E+00  0.40110420E+00
  11.000    11011901  0.22447650E+00  0.00000000E+00  0.41647760E+00
  12.000    12011901  0.27147610E+00  0.00000000E+00  0.38511530E+00
  13.000    13011901  0.30234330E+00  0.00000000E+00  0.36116640E+00
  14.000    14011901  0.33650410E+00  0.00000000E+00  0.36699280E+00
  15.000    15011901  0.35195620E+00  0.00000000E+00  0.39747050E+00
  16.000    16011901  0.37602140E+00  0.00000000E+00  0.41336530E+00
  17.000    17011901  0.41142390E+00  0.00000000E+00  0.38309840E+00
  18.000    18011901  0.46007610E+00  0.00000000E+00  0.45768160E+00
  19.000    19011901  0.51140740E+00  0.00000000E+00  0.70868310E+00
  20.000    20011901  0.54724490E+00  0.00000000E+00  0.94532350E+00
  21.000    21011901  0.60846500E+00  0.00000000E+00  0.97192580E+00
  22.000    22011901  0.68161000E+00  0.00000000E+00  0.97680790E+00
  23.000    23011901  0.73354480E+00  0.00000000E+00  0.97548260E+00
  24.000    24011901  0.81240840E+00  0.00000000E+00  0.97476390E+00
  25.000    25011901  0.88720790E+00  0.00000000E+00  0.97503660E+00
  26.000    26011901  0.96932840E+00  0.00000000E+00  0.97343140E+00
  27.000    27011901  0.10568350E+01  0.00000000E+00  0.97114610E+00
  28.000    28011901  0.11277190E+01  0.00000000E+00  0.97067890E+00
  29.000    29011901  0.11661310E+01  0.00000000E+00  0.97106690E+00
  30.000    30011901  0.12356640E+01  0.00000000E+00  0.96810450E+00
  31.000    31011901  0.12932900E+01  0.00000000E+00  0.96673270E+00
  32.000    01021901  0.13716890E+01  0.00000000E+00  0.96934700E+00
  33.000    02021901  0.14594650E+01  0.00000000E+00  0.97100440E+00
  34.000    03021901  0.15170910E+01  0.00000000E+00  0.97153990E+00
  35.000    04021901  0.15717080E+01  0.00000000E+00  0.97620870E+00
  36.000    05021901  0.16548790E+01  0.00000000E+00  0.97807650E+00
  37.000    06021901  0.17416570E+01  0.00000000E+00  0.97750160E+00
  38.000    07021901  0.18451120E+01  0.00000000E+00  0.97775920E+00
  39.000    08021901  0.19140820E+01  0.00000000E+00  0.97709600E+00
  40.000    09021901  0.19892430E+01  0.00000000E+00  0.97139990E+00
  41.000    10021901  0.20825960E+01  0.00000000E+00  0.95792070E+00
  42.000    11021901  0.22010320E+01  0.00000000E+00  0.83825130E+00
  43.000    12021901  0.23571580E+01  0.00000000E+00  0.36152180E+00
  44.000    13021901  0.27585160E+01  0.00000000E+00  0.37258680E+00
  45.000    14021901  0.31668750E+01  0.00000000E+00  0.29812460E+00
  46.000    15021901  0.36348450E+01  0.00000000E+00  0.34254970E+00
  47.000    16021901  0.39662300E+01  0.00000000E+00  0.77861870E+00
  48.000    17021901  0.43043330E+01  0.00000000E+00  0.95414480E+00
  49.000    18021901  0.45157400E+01  0.00000000E+00  0.98445420E+00
  50.000    19021901  0.46989720E+01  0.00000000E+00  0.98940170E+00
  51.000    20021901  0.48791150E+01  0.00000000E+00  0.99084010E+00
  52.000    21021901  0.51336280E+01  0.00000000E+00  0.99199100E+00
  53.000    22021901  0.53819610E+01  0.00000000E+00  0.99265560E+00
  54.000    23021901  0.55747710E+01  0.00000000E+00  0.99286610E+00
  55.000    24021901  0.57841740E+01  0.00000000E+00  0.99342910E+00
  56.000    25021901  0.59304530E+01  0.00000000E+00  0.99351030E+00
  57.000    26021901  0.64130140E+01  0.00000000E+00  0.99143630E+00
  58.000    27021901  0.68953330E+01  0.00000000E+00  0.99108790E+00
  59.000    28021901  0.74246650E+01  0.00000000E+00  0.98986890E+00
  60.000    01031901  0.76289700E+01  0.00000000E+00  0.98739580E+00
  61.000    02031901  0.80732620E+01  0.00000000E+00  0.98407570E+00
  62.000    03031901  0.83856920E+01  0.00000000E+00  0.98001040E+00
  63.000    04031901  0.86124870E+01  0.00000000E+00  0.97136850E+00
  64.000    05031901  0.91388810E+01  0.00000000E+00  0.95071260E+00
  65.000    06031901  0.98669820E+01  0.00000000E+00  0.80314980E+00
  66.000    07031901  0.10475660E+02  0.00000000E+00  0.40791910E+00
  67.000    08031901  0.10931950E+02  0.00000000E+00  0.43481200E+00
  68.000    09031901  0.11612890E+02  0.00000000E+00  0.37916920E+00
  69.000    10031901  0.12431620E+02  0.00000000E+00  0.23620820E+00
  70.000    11031901  0.12910670E+02  0.00000000E+00  0.23313020E+00
  71.000    12031901  0.13347620E+02  0.00000000E+00  0.25459760E+00
  72.000    13031901  0.14080930E+02  0.00000000E+00  0.20484010E+00
  73.000    14031901  0.15049940E+02  0.00000000E+00  0.21054770E+00
  74.000    15031901  0.15694870E+02  0.00000000E+00  0.23466220E+00
  75.000    16031901  0.16408330E+02  0.00000000E+00  0.24292920E+00
  76.000    17031901  0.17181490E+02  0.00000000E+00  0.28588480E+00
  77.000    18031901  0.17967650E+02  0.00000000E+00  0.84638750E+00
  78.000    19031901  0.18675600E+02  0.00000000E+00  0.97406630E+00
  79.000    20031901  0.19775440E+02  0.00000000E+00  0.98726830E+00
  80.000    21031901  0.20378780E+02  0.00000000E+00  0.99052930E+00
  81.000    22031901  0.21244010E+02  0.00000000E+00  0.99188680E+00
  82.000    23031901  0.22258600E+02  0.00000000E+00  0.99233160E+00
  83.000    24031901  0.22927300E+02  0.00000000E+00  0.99260460E+00
  84.000    25031901  0.23546740E+02  0.00000000E+00  0.99290310E+00
  85.000    26031901  0.24709590E+02  0.00000000E+00  0.99101990E+00
  86.000    27031901  0.25917280E+02  0.00000000E+00  0.99080400E+00
  87.000    28031901  0.26873070E+02  0.00000000E+00  0.98906350E+00
  88.000    29031901  0.27882010E+02  0.00000000E+00  0.98569130E+00
  89.000    30031901  0.28997620E+02  0.00000000E+00  0.97466680E+00
  90.000    31031901  0.30393870E+02  0.00000000E+00  0.65891770E+00
  91.000    01041901  0.31096930E+02  0.00000000E+00  0.28838700E+00
  92.000    02041901  0.32154060E+02  0.00000000E+00  0.45741520E+00
  93.000    03041901  0.32920300E+02  0.00000000E+00  0.45872330E+00
  94.000    04041901  0.33754670E+02  0.00000000E+00  0.40296820E+00
  95.000    05041901  0.34588810E+02  0.00000000E+00  0.40779720E+00
  96.000    06041901  0.35982230E+02  0.00000000E+00  0.37409120E+00
  97.000    07041901  0.37333990E+02  0.00000000E+00  0.42601960E+00
  98.000    08041901  0.38445280E+02  0.00000000E+00  0.58565110E+00
  99.000    09041901  0.39832400E+02  0.00000000E+00  0.72376540E+00
 100.000    10041901  0.41314750E+02  0.00000000E+00  0.34565660E+00
 101.000    11041901  0.42212980E+02  0.00000000E+00  0.24134240E+00
 102.000    12041901  0.43566100E+02  0.00000000E+00  0.24820390E+00
 103.000    13041901  0.45182730E+02  0.00000000E+00  0.20015900E+00
 104.000    14041901  0.46225010E+02  0.00000000E+00  0.18967240E+00
 105.000    15041901  0.47012130E+02  0.00000000E+00  0.22715940E+00
 106.000    16041901  0.48637830E+02  0.00000000E+00  0.77884740E+00
 107.000    17041901  0.50197080E+02  0.00000000E+00  0.96200530E+00
 108.000    18041901  0.52073520E+02  0.00000000E+00  0.98465210E+00
 109.000    19041901  0.53612400E+02  0.00000000E+00  0.98911720E+00
 110.000    20041901  0.54600610E+02  0.00000000E+00  0.99072510E+00
 111.000    21041901  0.56003840E+02  0.00000000E+00  0.99165160E+00
 112.000    22041901  0.57854360E+02  0.00000000E+00  0.99203560E+00
 113.000    23041901  0.60421260E+02  0.00000000E+00  0.99203150E+00
 114.000    24041901  0.62681730E+02  0.00000000E+00  0.99254410E+00
 115.000    25041901  0.64274480E+02  0.00000000E+00  0.98966930E+00
 116.000    26041901  0.65991120E+02  0.00000000E+00  0.98566400E+00
 117.000    27041901  0.67422960E+02  0.00000000E+00  0.98066570E+00
 118.000    28041901  0.68971560E+02  0.00000000E+00  0.89609010E+00
 119.000    29041901  0.70703840E+02  0.00000000E+00  0.32184850E+00
 120.000    30041901  0.72396210E+02  0.00000000E+00  0.22886640E+00
 121.000    01051901  0.74219720E+02  0.00000000E+00  0.21528210E+00
 122.000    02051901  0.76319210E+02  0.00000000E+00  0.22043860E+00
 123.000    03051901  0.78162230E+02  0.00000000E+00  0.42947670E+00
 124.000    04051901  0.79616080E+02  0.00000000E+00  0.42796770E+00
 125.000    05051901  0.81107200E+02  0.00000000E+00  0.45881040E+00
 126.000    06051901  0.82205100E+02  0.00000000E+00  0.44962240E+00
 127.000    07051901  0.83681050E+02  0.00000000E+00  0.54200060E+00
 128.000    08051901  0.84973460E+02  0.00000000E+00  0.65247880E+00
 129.000    09051901  0.86226530E+02  0.00000000E+00  0.79831340E+00
 130.000    10051901  0.87870050E+02  0.00000000E+00  0.89139550E+00
 131.000    11051901  0.89448640E+02  0.00000000E+00  0.94878350E+00
 132.000    12051901  0.90787660E+02  0.00000000E+00  0.97472660E+00
 133.000    13051901  0.92338270E+02  0.00000000E+00  0.98143530E+00
 134.000    14051901  0.93637270E+02  0.00000000E+00  0.98406180E+00
 135.000    15051901  0.94805380E+02  0.00000000E+00  0.98159310E+00
 136.000    16051901  0.96580100E+02  0.00000000E+00  0.98681400E+00
 137.000    17051901  0.98552120E+02  0.00000000E+00  0.98643310E+00
 138.000    18051901  0.99411710E+02  0.00000000E+00  0.98860420E+00
 139.000    19051901  0.10083870E+03  0.00000000E+00  0.98785710E+00
 140.000    20051901  0.10270390E+03  0.00000000E+00  0.98706850E+00
 141.000    21051901  0.10448580E+03  0.00000000E+00  0.98789920E+00
 142.000    22051901  0.10643460E+03  0.00000000E+00  0.98386800E+00
 143.000    23051901  0.10829210E+03  0.00000000E+00  0.99206760E+00
 144.000    24051901  0.11015510E+03  0.00000000E+00  0.98164250E+00
 145.000    25051901  0.11210050E+03  0.00000000E+00  0.97981260E+00
 146.000    26051901  0.11373280E+03  0.00000000E+00  0.97139810E+00
 147.000    27051901  0.11511050E+03  0.00000000E+00  0.49898040E+00
 148.000    28051901  0.11676680E+03  0.00000000E+00  0.31525750E+00
 149.000    29051901  0.11856110E+03  0.00000000E+00  0.25613600E+00
 150.000    30051901  0.12005190E+03  0.00000000E+00  0.26525120E+00
 151.000    31051901  0.12190420E+03  0.00000000E+00  0.26988880E+00
 152.000    01061901  0.12376970E+03  0.00000000E+00  0.40555420E+00
 153.000    02061901  0.12557870E+03  0.00000000E+00  0.40710580E+00
 154.000    03061901  0.12735280E+03  0.00000000E+00  0.72698280E+00
 155.000    04061901  0.13008870E+03  0.00000000E+00  0.83913410E+00
 156.000    05061901  0.13260230E+03  0.00000000E+00  0.91442750E+00
 157.000    06061901  0.13447800E+03  0.00000000E+00  0.96858550E+00
 158.000    07061901  0.13679590E+03  0.00000000E+00  0.95776240E+00
 159.000    08061901  0.14029900E+03  0.00000000E+00  0.94125940E+00
 160.000    09061901  0.14452210E+03  0.00000000E+00  0.97975070E+00
 161.000    10061901  0.14861120E+03  0.00000000E+00  0.98871170E+00
 162.000    11061901  0.15258940E+03  0.00000000E+00  0.98905040E+00
 163.000    12061901  0.15602770E+03  0.00000000E+00  0.99103370E+00
 164.000    13061901  0.15805510E+03  0.00000000E+00  0.99156560E+00
 165.000    14061901  0.15970840E+03  0.00000000E+00  0.99206750E+00
 166.000    15061901  0.16106680E+03  0.00000000E+00  0.99227790E+00
 167.000    16061901  0.16241710E+03  0.00000000E+00  0.99242340E+00
 168.000    17061901  0.16451790E+03  0.00000000E+00  0.99222390E+00
 169.000    18061901  0.16649980E+03  0.00000000E+00  0.99242200E+00
 170.000    19061901  0.16838100E+03  0.00000000E+00  0.99234980E+00
 171.000    20061901  0.17047980E+03  0.00000000E+00  0.99265900E+00
 172.000    21061901  0.17255080E+03  0.00000000E+00  0.99250000E+00
 173.000    22061901  0.17510420E+03  0.00000000E+00  0.89550940E+00
 174.000    23061901  0.17780350E+03  0.00000000E+00  0.85128280E+00
 175.000    24061901  0.17965480E+03  0.00000000E+00  0.85767810E+00
 176.000    25061901  0.18159250E+03  0.00000000E+00  0.56871560E+00
 177.000    26061901  0.18302100E+03  0.00000000E+00  0.26319830E-01
 178.000    27061901  0.18445830E+03  0.00000000E+00  0.28211100E+00
 179.000    28061901  0.18589650E+03  0.00000000E+00  0.13425000E+00
 180.000    29061901  0.18724410E+03  0.00000000E+00  0.67418860E-01
 181.000    30061901  0.18855710E+03  0.00000000E+00  0.27316170E+00
 182.000    01071901  0.18979690E+03  0.00000000E+00  0.71232850E+00
 183.000    02071901  0.19097030E+03  0.00000000E+00  0.92949130E+00
 184.000    03071901  0.19208790E+03  0.00000000E+00  0.96751520E+00
 185.000    04071901  0.19311220E+03  0.00000000E+00  0.97114300E+00
 186.000    05071901  0.19416340E+03  0.00000000E+00  0.98525690E+00
 187.000    06071901  0.19515750E+03  0.00000000E+00  0.98788060E+00
 188.000    07071901  0.19591280E+03  0.00000000E+00  0.98916050E+00
 189.000    08071901  0.19639450E+03  0.00000000E+00  0.99004770E+00
 190.000    09071901  0.19688670E+03  0.00000000E+00  0.99056940E+00
 191.000    10071901  0.19739610E+03  0.00000000E+00  0.99097730E+00
 192.000    11071901  0.19785580E+03  0.00000000E+00  0.99129780E+00
 193.000    12071901  0.19824720E+03  0.00000000E+00  0.99155470E+00
 194.000    13071901  0.19858470E+03  0.00000000E+00  0.99172500E+00
 195.000    14071901  0.19884760E+03  0.00000000E+00  0.99184850E+00
 196.000    15071901  0.19908030E+03  0.00000000E+00  0.99193250E+00
 197.000    16071901  0.19923970E+03  0.00000000E+00  0.99206810E+00
 198.000    17071901  0.19944800E+03  0.00000000E+00  0.99208040E+00
 199.000    18071901  0.19961650E+03  0.00000000E+00  0.99217780E+00
 200.000    19071901  0.19980030E+03  0.00000000E+00  0.99224060E+00
 201.000    20071901  0.19994570E+03  0.00000000E+00  0.99233920E+00
 202.000    21071901  0.20010130E+03  0.00000000E+00  0.95212850E+00
 203.000    22071901  0.20028470E+03  0.00000000E+00  0.97398480E+00
 204.000    23071901  0.20044000E+03  0.00000000E+00  0.91868460E+00
 205.000    24071901  0.20070730E+03  0.00000000E+00  0.13548810E+00
 206.000    25071901  0.20090020E+03  0.00000000E+00  0.35230180E+00
 207.000    26071901  0.20137640E+03  0.00000000E+00  0.10565220E+00
 208.000    27071901  0.20137640E+03  0.00000000E+00  0.00000000E+00
 209.000    28071901  0.20137640E+03  0.00000000E+00  0.00000000E+00
 210.000    29071901  0.20137640E+03  0.00000000E+00  0.00000000E+00
 211.000    30071901  0.20137640E+03  0.00000000E+00  0.00000000E+00
 212.000    31071901  0.20137640E+03  0.00000000E+00  0.00000000E+00
 213.000    01081901  0.20137640E+03  0.00000000E+00  0.00000000E+00
 214.000    02081901  0.20137640E+03  0.00000000E+00  0.00000000E+00
 215.000    03081901  0.20137640E+03  0.00000000E+00  0.00000000E+00
 216.000    04081901  0.20137640E+03  0.00000000E+00  0.00000000E+00
 217.000    05081901  0.20137640E+03  0.00000000E+00  0.00000000E+00
 218.000    06081901  0.20137640E+03  0.00000000E+00  0.00000000E+00
 219.000    07081901  0.20137640E+03  0.00000000E+00  0.00000000E+00
 220.000    08081901  0.20137640E+03  0.00000000E+00  0.00000000E+00
 221.000    09081901  0.20137640E+03  0.00000000E+00  0.00000000E+00
 222.000    10081901  0.20137640E+03  0.00000000E+00  0.00000000E+00
 223.000    11081901  0.20137640E+03  0.00000000E+00  0.00000000E+00
 224.000    12081901  0.20137640E+03  0.00000000E+00  0.00000000E+00
 225.000    13081901  0.20137640E+03  0.00000000E+00  0.00000000E+00
 226.000    14081901  0.20137640E+03  0.00000000E+00  0.00000000E+00
 227.000    15081901  0.20137640E+03  0.00000000E+00  0.00000000E+00
 228.000    16081901  0.20137640E+03  0.00000000E+00  0.00000000E+00
 229.000    17081901  0.20137640E+03  0.00000000E+00  0.00000000E+00
 230.000    18081901  0.20137640E+03  0.00000000E+00  0.00000000E+00
 231.000    19081901  0.20137640E+03  0.00000000E+00  0.00000000E+00
 232.000    20081901  0.20137640E+03  0.00000000E+00  0.00000000E+00
 233.000    21081901  0.20137640E+03  0.00000000E+00  0.00000000E+00
 234.000    22081901  0.20137640E+03  0.00000000E+00  0.00000000E+00
 235.000    23081901  0.20137640E+03  0.00000000E+00  0.00000000E+00
 236.000    24081901  0.20137640E+03  0.00000000E+00  0.00000000E+00
 237.000    25081901  0.20137640E+03  0.00000000E+00  0.00000000E+00
 238.000    26081901  0.20137640E+03  0.00000000E+00  0.00000000E+00
 239.000    27081901  0.20137640E+03  0.00000000E+00  0.00000000E+00
 240.000    28081901  0.20137640E+03  0.00000000E+00  0.00000000E+00
 241.000    29081901  0.20137640E+03  0.00000000E+00  0.00000000E+00
 242.000    30081901  0.20137640E+03  0.00000000E+00  0.00000000E+00
 243.000    31081901  0.20137640E+03  0.00000000E+00  0.00000000E+00
 244.000    01091901  0.20137640E+03  0.00000000E+00  0.00000000E+00
 245.000    02091901  0.20137640E+03  0.00000000E+00  0.00000000E+00
 246.000    03091901  0.20137640E+03  0.00000000E+00  0.00000000E+00
 247.000    04091901  0.20137640E+03  0.00000000E+00  0.00000000E+00
 248.000    05091901  0.20137640E+03  0.00000000E+00  0.00000000E+00
 249.000    06091901  0.20137640E+03  0.00000000E+00  0.00000000E+00
 250.000    07091901  0.20137640E+03  0.00000000E+00  0.00000000E+00
 251.000    08091901  0.20137640E+03  0.00000000E+00  0.00000000E+00
 252.000    09091901  0.20137640E+03  0.00000000E+00  0.00000000E+00
 253.000    10091901  0.20137640E+03  0.00000000E+00  0.00000000E+00
 254.000    11091901  0.20137640E+03  0.00000000E+00  0.00000000E+00
 255.000    12091901  0.20137640E+03  0.00000000E+00  0.00000000E+00
 256.000    13091901  0.20137640E+03  0.00000000E+00  0.00000000E+00
 257.000    14091901  0.20137640E+03  0.00000000E+00  0.00000000E+00
 258.000    15091901  0.20137640E+03  0.00000000E+00  0.00000000E+00
 259.000    16091901  0.20137640E+03  0.00000000E+00  0.00000000E+00
 260.000    17091901  0.20137640E+03  0.00000000E+00  0.00000000E+00
 261.000    18091901  0.20137640E+03  0.00000000E+00  0.00000000E+00
 262.000    19091901  0.20137640E+03  0.00000000E+00  0.00000000E+00
 263.000    20091901  0.20137640E+03  0.00000000E+00  0.00000000E+00
 264.000    21091901  0.20137640E+03  0.00000000E+00  0.00000000E+00
 265.000    22091901  0.20137640E+03  0.00000000E+00  0.00000000E+00
 266.000    23091901  0.20137640E+03  0.00000000E+00  0.00000000E+00
 267.000    24091901  0.20137640E+03  0.00000000E+00  0.00000000E+00
 268.000    25091901  0.20137640E+03  0.00000000E+00  0.00000000E+00
 269.000    26091901  0.20137640E+03  0.00000000E+00  0.00000000E+00
 270.000    27091901  0.20137640E+03  0.00000000E+00  0.00000000E+00
 271.000    28091901  0.20137640E+03  0.00000000E+00  0.00000000E+00
 272.000    29091901  0.20137640E+03  0.00000000E+00  0.00000000E+00
 273.000    30091901  0.20137640E+03  0.00000000E+00  0.00000000E+00
 274.000    01101901  0.20137640E+03  0.00000000E+00  0.00000000E+00
 275.000    02101901  0.20137640E+03  0.00000000E+00  0.00000000E+00
 276.000    03101901  0.20137640E+03  0.00000000E+00  0.00000000E+00
 277.000    04101901  0.20137640E+03  0.00000000E+00  0.00000000E+00
 278.000    05101901  0.20137640E+03  0.00000000E+00  0.00000000E+00
 279.000    06101901  0.20137640E+03  0.00000000E+00  0.00000000E+00
 280.000    07101901  0.20137640E+03  0.00000000E+00  0.00000000E+00
 281.000    08101901  0.20137640E+03  0.00000000E+00  0.00000000E+00
 282.000    09101901  0.20137640E+03  0.00000000E+00  0.00000000E+00
 283.000    10101901  0.20137640E+03  0.00000000E+00  0.00000000E+00
 284.000    11101901  0.20137640E+03  0.00000000E+00  0.00000000E+00
 285.000    12101901  0.20137640E+03  0.00000000E+00  0.00000000E+00
 286.000    13101901  0.20137640E+03  0.00000000E+00  0.00000000E+00
 287.000    14101901  0.20137640E+03  0.00000000E+00  0.00000000E+00
 288.000    15101901  0.20137640E+03  0.00000000E+00  0.00000000E+00
 289.000    16101901  0.20137640E+03  0.00000000E+00  0.00000000E+00
 290.000    17101901  0.20137640E+03  0.00000000E+00  0.00000000E+00
 291.000    18101901  0.20137640E+03  0.00000000E+00  0.00000000E+00
 292.000    19101901  0.20137640E+03  0.00000000E+00  0.00000000E+00
 293.000    20101901  0.20137640E+03  0.00000000E+00  0.00000000E+00
 294.000    21101901  0.20137640E+03  0.00000000E+00  0.00000000E+00
 295.000    22101901  0.20137640E+03  0.00000000E+00  0.00000000E+00
 296.000    23101901  0.20137640E+03  0.00000000E+00  0.00000000E+00
 297.000    24101901  0.20137640E+03  0.00000000E+00  0.00000000E+00
 298.000    25101901  0.20137640E+03  0.00000000E+00  0.00000000E+00
 299.000    26101901  0.20137640E+03  0.00000000E+00  0.00000000E+00
 300.000    27101901  0.20137640E+03  0.00000000E+00  0.00000000E+00
 301.000    28101901  0.20137640E+03  0.00000000E+00  0.00000000E+00
 302.000    29101901  0.20137640E+03  0.00000000E+00  0.00000000E+00
 303.000    30101901  0.20137640E+03  0.00000000E+00  0.00000000E+00
 304.000    31101901  0.20137640E+03  0.00000000E+00  0.00000000E+00
 305.000    01111901  0.20137640E+03  0.00000000E+00  0.00000000E+00
 306.000    02111901  0.20137640E+03  0.00000000E+00  0.00000000E+00
 307.000    03111901  0.20137640E+03  0.00000000E+00  0.00000000E+00
 308.000    04111901  0.20137640E+03  0.00000000E+00  0.00000000E+00
 309.000    05111901  0.20137640E+03  0.00000000E+00  0.00000000E+00
 310.000    06111901  0.20137640E+03  0.00000000E+00  0.00000000E+00
 311.000    07111901  0.20137640E+03  0.00000000E+00  0.00000000E+00
 312.000    08111901  0.20137640E+03  0.00000000E+00  0.00000000E+00
 313.000    09111901  0.20137640E+03  0.00000000E+00  0.00000000E+00
 314.000    10111901  0.20137640E+03  0.00000000E+00  0.00000000E+00
 315.000    11111901  0.20137640E+03  0.00000000E+00  0.00000000E+00
 316.000    12111901  0.20137640E+03  0.00000000E+00  0.00000000E+00
 317.000    13111901  0.20137640E+03  0.00000000E+00  0.00000000E+00
 318.000    14111901  0.20137640E+03  0.00000000E+00  0.00000000E+00
 319.000    15111901  0.20137640E+03  0.00000000E+00  0.00000000E+00
 320.000    16111901  0.20137640E+03  0.00000000E+00  0.00000000E+00
 321.000    17111901  0.20137640E+03  0.00000000E+00  0.00000000E+00
 322.000    18111901  0.20137640E+03  0.00000000E+00  0.00000000E+00
 323.000    19111901  0.20137640E+03  0.00000000E+00  0.00000000E+00
 324.000    20111901  0.20137640E+03  0.00000000E+00  0.00000000E+00
 325.000    21111901  0.20137640E+03  0.00000000E+00  0.00000000E+00
 326.000    22111901  0.20137640E+03  0.00000000E+00  0.00000000E+00
 327.000    23111901  0.20137640E+03  0.00000000E+00  0.00000000E+00
 328.000    24111901  0.20137640E+03  0.00000000E+00  0.00000000E+00
 329.000    25111901  0.20137640E+03  0.00000000E+00  0.00000000E+00
 330.000    26111901  0.20137640E+03  0.00000000E+00  0.00000000E+00
 331.000    27111901  0.20137640E+03  0.00000000E+00  0.00000000E+00
 332.000    28111901  0.20137640E+03  0.00000000E+00  0.00000000E+00
 333.000    29111901  0.20137640E+03  0.00000000E+00  0.00000000E+00
 334.000    30111901  0.20137640E+03  0.00000000E+00  0.00000000E+00
 335.000    01121901  0.20137640E+03  0.00000000E+00  0.00000000E+00
 336.000    02121901  0.20137640E+03  0.00000000E+00  0.00000000E+00
 337.000    03121901  0.20137640E+03  0.00000000E+00  0.00000000E+00
 338.000    04121901  0.20137640E+03  0.00000000E+00  0.00000000E+00
 339.000    05121901  0.20137640E+03  0.00000000E+00  0.00000000E+00
 340.000    06121901  0.20137640E+03  0.00000000E+00  0.00000000E+00
 341.000    07121901  0.20137640E+03  0.00000000E+00  0.00000000E+00
 342.000    08121901  0.20137640E+03  0.00000000E+00  0.00000000E+00
 343.000    09121901  0.20137640E+03  0.00000000E+00  0.00000000E+00
 344.000    10121901  0.20137640E+03  0.00000000E+00  0.00000000E+00
 345.000    11121901  0.20137640E+03  0.00000000E+00  0.00000000E+00
 346.000    12121901  0.20137640E+03  0.00000000E+00  0.00000000E+00
 347.000    13121901  0.20137640E+03  0.00000000E+00  0.00000000E+00
 348.000    14121901  0.20137640E+03  0.00000000E+00  0.00000000E+00
 349.000    15121901  0.20137640E+03  0.00000000E+00  0.00000000E+00
 350.000    16121901  0.20137640E+03  0.00000000E+00  0.00000000E+00
 351.000    17121901  0.20137640E+03  0.00000000E+00  0.00000000E+00
 352.000    18121901  0.20137640E+03  0.00000000E+00  0.00000000E+00
 353.000    19121901  0.20137640E+03  0.00000000E+00  0.00000000E+00
 354.000    20121901  0.20137640E+03  0.00000000E+00  0.00000000E+00
 355.000    21121901  0.20137640E+03  0.00000000E+00  0.00000000E+00
 356.000    22121901  0.20137640E+03  0.00000000E+00  0.00000000E+00
 357.000    23121901  0.20137640E+03  0.00000000E+00  0.00000000E+00
 358.000    24121901  0.20137640E+03  0.00000000E+00  0.00000000E+00
 359.000    25121901  0.20137640E+03  0.00000000E+00  0.00000000E+00
 360.000    26121901  0.20137640E+03  0.00000000E+00  0.00000000E+00
 361.000    27121901  0.20137640E+03  0.00000000E+00  0.00000000E+00
 362.000    28121901  0.20137640E+03  0.00000000E+00  0.00000000E+00
 363.000    29121901  0.20137640E+03  0.00000000E+00  0.00000000E+00
 364.000    30121901  0.20137640E+03  0.00000000E+00  0.00000000E+00
 365.000    31121901  0.20137640E+03  0.00000000E+00  0.00000000E+00
