    DOY     DATE    GROWTH_STG      BRANCH_NO.      NODE_NO.        RUB_ACTVN       LEAF_N/C        LEAF_P/C        MIN_LWP         O2_STRESS       TEMP_STRESS     
   1.000    01011901  EMERGENCE                    1  0.20614820E-01  0.97231020E+00  0.39048180E-01  0.38912200E-02 -0.61910130E-02  0.39952600E+00  0.20017110E+00  0.00000000E+00  0.00000000E+00
   2.000    02011901  EMERGENCE                    1  0.64527440E-01  0.94977930E+00  0.37958990E-01  0.37884010E-02 -0.27016350E-02  0.28089150E+00  0.16232610E+00  0.00000000E+00  0.00000000E+00
   3.000    03011901  EMERGENCE                    1  0.99647550E-01  0.94322530E+00  0.42138060E-01  0.42765420E-02 -0.26186360E-02  0.33366020E+00  0.17006900E+00  0.00000000E+00  0.00000000E+00
   4.000    04011901  EMERGENCE                    1  0.14224720E+00  0.93858280E+00  0.48314820E-01  0.51492540E-02 -0.26246030E-02  0.51713420E+00  0.27188020E+00  0.00000000E+00  0.00000000E+00
   5.000    05011901  EMERGENCE                    1  0.20677780E+00  0.93220260E+00  0.54722270E-01  0.61488170E-02 -0.51462330E+00  0.45273980E+00  0.24562700E+00  0.00000000E+00  0.00000000E+00
   6.000    06011901  EMERGENCE                    1  0.26743300E+00  0.93249830E+00  0.61864950E-01  0.73419160E-02 -0.20731270E-01  0.51958230E+00  0.36205090E+00  0.00000000E+00  0.00000000E+00
   7.000    07011901  EMERGENCE                    1  0.34491230E+00  0.93334040E+00  0.70559270E-01  0.87368790E-02 -0.14314060E+00  0.58755770E+00  0.31562680E+00  0.00000000E+00  0.00000000E+00
   8.000    08011901  EMERGENCE                    1  0.42732290E+00  0.93989260E+00  0.83438820E-01  0.10675180E-01 -0.83821570E-01  0.55136930E+00  0.47333140E+00  0.00000000E+00  0.00000000E+00
   9.000    09011901  EMERGENCE                    1  0.51721810E+00  0.94996890E+00  0.97332490E-01  0.12690590E-01 -0.18382130E+00  0.47276620E+00  0.32540100E+00  0.00000000E+00  0.00000000E+00
  10.000    10011901  EMERGENCE                    1  0.57996140E+00  0.96031190E+00  0.11299710E+00  0.14752790E-01 -0.15883200E+00  0.40110420E+00  0.26025450E+00  0.00000000E+00  0.00000000E+00
  11.000    11011901  EMERGENCE                    1  0.64902600E+00  0.96933490E+00  0.13107790E+00  0.16958810E-01 -0.13769120E+00  0.41647760E+00  0.38809160E+00  0.00000000E+00  0.00000000E+00
  12.000    12011901  EMERGENCE                    1  0.72997120E+00  0.97459490E+00  0.14423200E+00  0.18508190E-01 -0.34244350E+00  0.38511530E+00  0.34697280E+00  0.00000000E+00  0.00000000E+00
  13.000    13011901  EMERGENCE                    1  0.80210270E+00  0.97717590E+00  0.15299270E+00  0.19541630E-01 -0.28636530E+00  0.36116640E+00  0.33734270E+00  0.00000000E+00  0.00000000E+00
  14.000    14011901  EMERGENCE                    1  0.87256130E+00  0.97917200E+00  0.16058850E+00  0.20462050E-01 -0.25411220E+00  0.36699280E+00  0.31802420E+00  0.00000000E+00  0.00000000E+00
  15.000    15011901  EMERGENCE                    1  0.94043830E+00  0.98153660E+00  0.16888530E+00  0.21501550E-01 -0.79646810E-01  0.39747050E+00  0.38841100E+00  0.00000000E+00  0.00000000E+00
  16.000    16011901  EMERGENCE                    1  0.10266940E+01  0.98319120E+00  0.17418590E+00  0.22165690E-01 -0.17950860E+00  0.41336530E+00  0.45413220E+00  0.00000000E+00  0.00000000E+00
  17.000    17011901  EMERGENCE                    1  0.11105120E+01  0.98295360E+00  0.17510830E+00  0.22281660E-01 -0.18038400E+00  0.38309840E+00  0.36815340E+00  0.00000000E+00  0.00000000E+00
  18.000    18011901  EMERGENCE                    1  0.11953360E+01  0.98247980E+00  0.17476060E+00  0.22283760E-01 -0.43286650E+00  0.45768160E+00  0.43397460E+00  0.00000000E+00  0.00000000E+00
  19.000    19011901  EMERGENCE                    1  0.12949880E+01  0.98278220E+00  0.17585930E+00  0.22515300E-01 -0.34986660E+00  0.70868310E+00  0.43436670E+00  0.00000000E+00  0.00000000E+00
  20.000    20011901  EMERGENCE                    1  0.13914410E+01  0.98310410E+00  0.17875980E+00  0.23103390E-01 -0.20493400E+00  0.94532350E+00  0.31451610E+00  0.00000000E+00  0.00000000E+00
  21.000    21011901  EMERGENCE                    1  0.14731640E+01  0.98320710E+00  0.18258550E+00  0.23973280E-01 -0.43172100E+00  0.97192580E+00  0.24666910E+00  0.00000000E+00  0.00000000E+00
  22.000    22011901  EMERGENCE                    1  0.15432680E+01  0.98354790E+00  0.18714700E+00  0.24913610E-01 -0.51115740E+00  0.97680790E+00  0.20848380E+00  0.00000000E+00  0.00000000E+00
  23.000    23011901  EMERGENCE                    1  0.16136470E+01  0.98388850E+00  0.19095960E+00  0.25704960E-01 -0.41521050E+00  0.97548260E+00  0.24489620E+00  0.00000000E+00  0.00000000E+00
  24.000    24011901  EMERGENCE                    1  0.16966090E+01  0.98417470E+00  0.19329780E+00  0.26223210E-01 -0.46467870E+00  0.97476390E+00  0.24548010E+00  0.00000000E+00  0.00000000E+00
  25.000    25011901  EMERGENCE                    1  0.17822410E+01  0.98433010E+00  0.19490420E+00  0.26580980E-01 -0.51745430E+00  0.97503660E+00  0.26205690E+00  0.00000000E+00  0.00000000E+00
  26.000    26011901  EMERGENCE                    1  0.18724540E+01  0.98447980E+00  0.19590170E+00  0.26778910E-01 -0.62267780E+00  0.97343140E+00  0.34998250E+00  0.00000000E+00  0.00000000E+00
  27.000    27011901  EMERGENCE                    1  0.19705860E+01  0.98471010E+00  0.19637280E+00  0.26848500E-01 -0.49393680E+00  0.97114610E+00  0.38110370E+00  0.00000000E+00  0.00000000E+00
  28.000    28011901  EMERGENCE                    1  0.20756830E+01  0.98442730E+00  0.19512330E+00  0.26701480E-01 -0.45960050E+00  0.97067890E+00  0.37817730E+00  0.00000000E+00  0.00000000E+00
  29.000    29011901  EMERGENCE                    1  0.21711270E+01  0.98451150E+00  0.19661450E+00  0.27010440E-01 -0.22190390E+00  0.97106690E+00  0.34678080E+00  0.00000000E+00  0.00000000E+00
  30.000    30011901  EMERGENCE                    1  0.22697160E+01  0.98512130E+00  0.19953720E+00  0.27536610E-01 -0.34497190E+00  0.96810450E+00  0.41285790E+00  0.00000000E+00  0.00000000E+00
  31.000    31011901  EMERGENCE                    1  0.23740680E+01  0.98574730E+00  0.20243520E+00  0.28050680E-01 -0.33136740E+00  0.96673270E+00  0.42814300E+00  0.00000000E+00  0.00000000E+00
  32.000    01021901  FLORAL_INIT.                 1  0.24759090E+01  0.98580550E+00  0.20368570E+00  0.28309090E-01 -0.26926710E+00  0.96934700E+00  0.42730470E+00  0.00000000E+00  0.00000000E+00
  33.000    02021901  FLORAL_INIT.                 1  0.25719380E+01  0.98519850E+00  0.20236340E+00  0.28191930E-01 -0.35418680E+00  0.97100440E+00  0.32634230E+00  0.00000000E+00  0.00000000E+00
  34.000    03021901  FLORAL_INIT.                 1  0.26619870E+01  0.98483390E+00  0.20195250E+00  0.28200160E-01 -0.27980410E+00  0.97153990E+00  0.32931370E+00  0.00000000E+00  0.00000000E+00
  35.000    04021901  FLORAL_INIT.                 1  0.27269490E+01  0.98465050E+00  0.20348340E+00  0.28488130E-01 -0.27105410E+00  0.97620870E+00  0.16167000E+00  0.00000000E+00  0.00000000E+00
  36.000    05021901  FLORAL_INIT.                 1  0.27749810E+01  0.98496000E+00  0.20725620E+00  0.29115330E-01 -0.26240550E+00  0.97807650E+00  0.12124980E+00  0.00000000E+00  0.00000000E+00
  37.000    06021901  FLORAL_INIT.                 1  0.28287970E+01  0.98503050E+00  0.20919460E+00  0.29480890E-01 -0.37471950E+00  0.97750160E+00  0.13701400E+00  0.00000000E+00  0.00000000E+00
  38.000    07021901  FLORAL_INIT.                 1  0.28845470E+01  0.98494920E+00  0.21039620E+00  0.29721830E-01 -0.42038640E+00  0.97775920E+00  0.22378840E+00  0.00000000E+00  0.00000000E+00
  39.000    08021901  FLORAL_INIT.                 1  0.29438310E+01  0.98529740E+00  0.21315690E+00  0.30167170E-01 -0.24170480E+00  0.97709600E+00  0.20072340E+00  0.00000000E+00  0.00000000E+00
  40.000    09021901  FLORAL_INIT.                 1  0.30093430E+01  0.98513460E+00  0.21348360E+00  0.30251950E-01 -0.30596580E+00  0.97139990E+00  0.21300140E+00  0.00000000E+00  0.00000000E+00
  41.000    10021901  FLORAL_INIT.                 1  0.30672950E+01  0.98553640E+00  0.21706520E+00  0.30749450E-01 -0.31511580E+00  0.95792070E+00  0.14466060E+00  0.00000000E+00  0.00000000E+00
  42.000    11021901  FLORAL_INIT.                 1  0.31249890E+01  0.98511260E+00  0.21667580E+00  0.30708040E-01 -0.37006240E+00  0.83825130E+00  0.16382480E+00  0.00000000E+00  0.00000000E+00
  43.000    12021901  FLORAL_INIT.                 1  0.31829740E+01  0.98539370E+00  0.21797820E+00  0.30845410E-01 -0.25818250E+00  0.36152180E+00  0.25481480E+00  0.00000000E+00  0.00000000E+00
  44.000    13021901  FLORAL_INIT.                 1  0.32808740E+01  0.98640250E+00  0.21760620E+00  0.30595700E-01 -0.28006280E+00  0.37258680E+00  0.50579620E+00  0.00000000E+00  0.00000000E+00
  45.000    14021901  FLORAL_INIT.                 1  0.33782580E+01  0.98586170E+00  0.21193180E+00  0.29533550E-01 -0.20829210E+00  0.29812460E+00  0.27595340E+00  0.00000000E+00  0.00000000E+00
  46.000    15021901  FLORAL_INIT.                 1  0.34432280E+01  0.98474730E+00  0.20638800E+00  0.28532920E-01 -0.23847230E+00  0.34254970E+00  0.20565850E+00  0.00000000E+00  0.00000000E+00
  47.000    16021901  FLORAL_INIT.                 1  0.35097530E+01  0.98397050E+00  0.20217700E+00  0.27768070E-01 -0.28186200E+00  0.77861870E+00  0.23860760E+00  0.00000000E+00  0.00000000E+00
  48.000    17021901  FLORAL_INIT.                 1  0.35718590E+01  0.98366330E+00  0.20169830E+00  0.27643150E-01 -0.37048870E+00  0.95414480E+00  0.13154960E+00  0.00000000E+00  0.00000000E+00
  49.000    18021901  JOINTING                     1  0.36286840E+01  0.98413670E+00  0.20544810E+00  0.28172930E-01 -0.55376500E+00  0.98445420E+00  0.13254780E+00  0.00000000E+00  0.00000000E+00
  50.000    19021901  JOINTING                     1  0.36870750E+01  0.98462590E+00  0.20914270E+00  0.28722250E-01 -0.55169250E+00  0.98940170E+00  0.28693040E+00  0.00000000E+00  0.00000000E+00
  51.000    20021901  JOINTING                     1  0.37645800E+01  0.98475780E+00  0.21013000E+00  0.28972550E-01 -0.49956630E+00  0.99084010E+00  0.22757150E+00  0.00000000E+00  0.00000000E+00
  52.000    21021901  JOINTING                     1  0.38341240E+01  0.98490350E+00  0.21139650E+00  0.29325890E-01 -0.73284100E+00  0.99199100E+00  0.24815270E+00  0.00000000E+00  0.00000000E+00
  53.000    22021901  JOINTING                     1  0.38980020E+01  0.98504850E+00  0.21255500E+00  0.29690570E-01 -0.58807490E+00  0.99265560E+00  0.15760300E+00  0.00000000E+00  0.00000000E+00
  54.000    23021901  JOINTING                     1  0.39618730E+01  0.98460390E+00  0.21099550E+00  0.29692580E-01 -0.50463280E+00  0.99286610E+00  0.23705350E+00  0.00000000E+00  0.00000000E+00
  55.000    24021901  JOINTING                     1  0.40405980E+01  0.98431810E+00  0.20920490E+00  0.29673370E-01 -0.58442740E+00  0.99342910E+00  0.28390600E+00  0.00000000E+00  0.00000000E+00
  56.000    25021901  JOINTING                     1  0.41267700E+01  0.98499870E+00  0.21096590E+00  0.30158510E-01 -0.32250380E+00  0.99351030E+00  0.39861300E+00  0.00000000E+00  0.00000000E+00
  57.000    26021901  JOINTING                     1  0.42217730E+01  0.98593100E+00  0.21379750E+00  0.30750530E-01 -0.21982560E+00  0.99143630E+00  0.34555510E+00  0.00000000E+00  0.00000000E+00
  58.000    27021901  JOINTING                     1  0.43195430E+01  0.98494650E+00  0.21020560E+00  0.30328610E-01 -0.23805380E+00  0.99108790E+00  0.29221650E+00  0.00000000E+00  0.00000000E+00
  59.000    28021901  JOINTING                     1  0.44063290E+01  0.98505870E+00  0.21175600E+00  0.30654700E-01 -0.46078590E+00  0.98986890E+00  0.27283970E+00  0.00000000E+00  0.00000000E+00
  60.000    01031901  JOINTING                     1  0.44842590E+01  0.98528580E+00  0.21391960E+00  0.31059090E-01 -0.31001710E+00  0.98739580E+00  0.35650560E+00  0.00000000E+00  0.00000000E+00
  61.000    02031901  JOINTING                     1  0.45857630E+01  0.98576220E+00  0.21564220E+00  0.31406120E-01 -0.18318530E+00  0.98407570E+00  0.41632100E+00  0.00000000E+00  0.00000000E+00
  62.000    03031901  JOINTING                     1  0.46848600E+01  0.98555390E+00  0.21522920E+00  0.31451610E-01 -0.19190850E+00  0.98001040E+00  0.34783410E+00  0.00000000E+00  0.00000000E+00
  63.000    04031901  JOINTING                     1  0.47700650E+01  0.98564240E+00  0.21670580E+00  0.31753360E-01 -0.22684910E+00  0.97136850E+00  0.33948630E+00  0.00000000E+00  0.00000000E+00
  64.000    05031901  ELONGATION                   1  0.48636860E+01  0.98632750E+00  0.22010130E+00  0.32304670E-01 -0.19453650E+00  0.95071260E+00  0.47709840E+00  0.00000000E+00  0.00000000E+00
  65.000    06031901  ELONGATION                   1  0.49668480E+01  0.98584860E+00  0.21811460E+00  0.32060730E-01 -0.32414040E+00  0.80314980E+00  0.32404070E+00  0.00000000E+00  0.00000000E+00
  66.000    07031901  ELONGATION                   1  0.50454220E+01  0.98551730E+00  0.21719580E+00  0.31936490E-01 -0.22986920E+00  0.40791910E+00  0.27090070E+00  0.00000000E+00  0.00000000E+00
  67.000    08031901  ELONGATION                   1  0.51225120E+01  0.98490490E+00  0.21373810E+00  0.31385450E-01 -0.42647060E+00  0.43481200E+00  0.22532700E+00  0.00000000E+00  0.00000000E+00
  68.000    09031901  ELONGATION                   1  0.51914660E+01  0.98434140E+00  0.21040690E+00  0.30833520E-01 -0.22900760E+00  0.37916920E+00  0.23572260E+00  0.00000000E+00  0.00000000E+00
  69.000    10031901  ELONGATION                   1  0.52698030E+01  0.98363370E+00  0.20591960E+00  0.30120650E-01 -0.47428380E+00  0.23620820E+00  0.20477880E+00  0.00000000E+00  0.00000000E+00
  70.000    11031901  ELONGATION                   1  0.53561640E+01  0.98379500E+00  0.20405390E+00  0.29771730E-01 -0.66647100E+00  0.23313020E+00  0.26439990E+00  0.00000000E+00  0.00000000E+00
  71.000    12031901  ELONGATION                   1  0.54496380E+01  0.98327170E+00  0.19933470E+00  0.28981000E-01 -0.50727900E+00  0.25459760E+00  0.28007390E+00  0.00000000E+00  0.00000000E+00
  72.000    13031901  ELONGATION                   1  0.55422430E+01  0.98274710E+00  0.19473010E+00  0.28202000E-01 -0.85486500E+00  0.20484010E+00  0.23346700E+00  0.00000000E+00  0.00000000E+00
  73.000    14031901  ELONGATION                   1  0.56398550E+01  0.98219840E+00  0.19009380E+00  0.27429160E-01 -0.11214620E+01  0.21054770E+00  0.25415420E+00  0.00000000E+00  0.00000000E+00
  74.000    15031901  ELONGATION                   1  0.57397000E+01  0.98216620E+00  0.18734560E+00  0.26934160E-01 -0.63315840E+00  0.23466220E+00  0.32663490E+00  0.00000000E+00  0.00000000E+00
  75.000    16031901  ELONGATION                   1  0.58503960E+01  0.98211150E+00  0.18455190E+00  0.26443370E-01 -0.82148140E+00  0.24292920E+00  0.38800490E+00  0.00000000E+00  0.00000000E+00
  76.000    17031901  ELONGATION                   1  0.59762940E+01  0.98209240E+00  0.18185810E+00  0.25990090E-01 -0.75486820E+00  0.28588480E+00  0.46166110E+00  0.00000000E+00  0.00000000E+00
  77.000    18031901  ELONGATION                   1  0.61063450E+01  0.98195030E+00  0.17969420E+00  0.25648010E-01 -0.89358980E+00  0.84638750E+00  0.37259690E+00  0.00000000E+00  0.00000000E+00
  78.000    19031901  ELONGATION                   1  0.62241690E+01  0.98121220E+00  0.17841300E+00  0.25514260E-01 -0.77054480E+00  0.97406630E+00  0.42842390E+00  0.00000000E+00  0.00000000E+00
  79.000    20031901  ELONGATION                   1  0.63301790E+01  0.98208950E+00  0.18269490E+00  0.26213720E-01 -0.53627220E+00  0.98726830E+00  0.30452520E+00  0.00000000E+00  0.00000000E+00
  80.000    21031901  ELONGATION                   1  0.64271930E+01  0.98242600E+00  0.18575540E+00  0.26803680E-01 -0.62887260E+00  0.99052930E+00  0.36870350E+00  0.00000000E+00  0.00000000E+00
  81.000    22031901  ELONGATION                   1  0.65186550E+01  0.98281890E+00  0.18877800E+00  0.27436690E-01 -0.23247850E+00  0.99188680E+00  0.39640210E+00  0.00000000E+00  0.00000000E+00
  82.000    23031901  ELONGATION                   1  0.66265360E+01  0.98311110E+00  0.19111660E+00  0.28006190E-01 -0.50523060E+00  0.99233160E+00  0.30812120E+00  0.00000000E+00  0.00000000E+00
  83.000    24031901  ELONGATION                   1  0.67250440E+01  0.98285280E+00  0.19180460E+00  0.28353810E-01 -0.57691780E+00  0.99260460E+00  0.38631990E+00  0.00000000E+00  0.00000000E+00
  84.000    25031901  ELONGATION                   1  0.68277030E+01  0.98391700E+00  0.19650520E+00  0.29319390E-01 -0.57032280E+00  0.99290310E+00  0.35376720E+00  0.00000000E+00  0.00000000E+00
  85.000    26031901  ELONGATION                   1  0.69426920E+01  0.98364360E+00  0.19669930E+00  0.29637320E-01 -0.52767300E+00  0.99101990E+00  0.49328510E+00  0.00000000E+00  0.00000000E+00
  86.000    27031901  ELONGATION                   1  0.70592570E+01  0.98418870E+00  0.19975840E+00  0.30392960E-01 -0.28729270E+00  0.99080400E+00  0.34120700E+00  0.00000000E+00  0.00000000E+00
  87.000    28031901  ELONGATION                   1  0.71690440E+01  0.98353080E+00  0.19874800E+00  0.30551050E-01 -0.72959620E+00  0.98906350E+00  0.37991230E+00  0.00000000E+00  0.00000000E+00
  88.000    29031901  ANTHESIS                     1  0.72894150E+01  0.98386310E+00  0.20084060E+00  0.31210850E-01 -0.83595140E+00  0.98569130E+00  0.27169790E+00  0.00000000E+00  0.00000000E+00
  89.000    30031901  ANTHESIS                     1  0.74135280E+01  0.98423840E+00  0.20308550E+00  0.31905680E-01 -0.96573490E+00  0.97466680E+00  0.32781670E+00  0.00000000E+00  0.00000000E+00
  90.000    31031901  ANTHESIS                     1  0.75501190E+01  0.98422950E+00  0.20374670E+00  0.32360660E-01 -0.10831530E+01  0.65891770E+00  0.38630480E+00  0.00000000E+00  0.00000000E+00
  91.000    01041901  ANTHESIS                     1  0.76624910E+01  0.98375430E+00  0.20253850E+00  0.32413670E-01 -0.47675370E+00  0.28838700E+00  0.35376000E+00  0.00000000E+00  0.00000000E+00
  92.000    02041901  ANTHESIS                     1  0.77862320E+01  0.98313210E+00  0.19995170E+00  0.32197220E-01 -0.57688530E+00  0.45741520E+00  0.35211950E+00  0.00000000E+00  0.00000000E+00
  93.000    03041901  ANTHESIS                     1  0.78999890E+01  0.98220070E+00  0.19647320E+00  0.31843730E-01 -0.40189340E+00  0.45872330E+00  0.34593380E+00  0.00000000E+00  0.00000000E+00
  94.000    04041901  SEED_FILL                    1  0.80208380E+01  0.98262260E+00  0.19762680E+00  0.32271410E-01 -0.54504680E+00  0.40296820E+00  0.33032750E+00  0.00000000E+00  0.00000000E+00
  95.000    05041901  SEED_FILL                    1  0.81280530E+01  0.98342270E+00  0.19909390E+00  0.32802400E-01 -0.50461980E+00  0.40779720E+00  0.30645310E+00  0.00000000E+00  0.00000000E+00
  96.000    06041901  SEED_FILL                    1  0.82697110E+01  0.98384700E+00  0.19840830E+00  0.33033030E-01 -0.90319820E+00  0.37409120E+00  0.39444170E+00  0.00000000E+00  0.00000000E+00
  97.000    07041901  SEED_FILL                    1  0.84249040E+01  0.98376220E+00  0.19619190E+00  0.33012700E-01 -0.89133360E+00  0.42601960E+00  0.42463170E+00  0.00000000E+00  0.00000000E+00
  98.000    08041901  SEED_FILL                    1  0.85789700E+01  0.98296760E+00  0.19218320E+00  0.32713090E-01 -0.74470920E+00  0.58565110E+00  0.42862110E+00  0.00000000E+00  0.00000000E+00
  99.000    09041901  SEED_FILL                    1  0.87201150E+01  0.98287110E+00  0.19106430E+00  0.32918720E-01 -0.86359540E+00  0.72376540E+00  0.35666060E+00  0.00000000E+00  0.00000000E+00
 100.000    10041901  SEED_NO._SET                 1  0.88557820E+01  0.98298300E+00  0.19086500E+00  0.33317850E-01 -0.89685620E+00  0.34565660E+00  0.37877620E+00  0.00000000E+00  0.00000000E+00
 101.000    11041901  SEED_NO._SET                 1  0.89718380E+01  0.98186260E+00  0.18667250E+00  0.32985280E-01 -0.48460160E+00  0.24134240E+00  0.32193300E+00  0.00000000E+00  0.00000000E+00
 102.000    12041901  SEED_NO._SET                 1  0.91058470E+01  0.98205430E+00  0.18565830E+00  0.33224620E-01 -0.79163180E+00  0.24820390E+00  0.33756380E+00  0.00000000E+00  0.00000000E+00
 103.000    13041901  SEED_NO._SET                 1  0.92501800E+01  0.98153860E+00  0.18214180E+00  0.32990590E-01 -0.96543420E+00  0.20015900E+00  0.32123980E+00  0.00000000E+00  0.00000000E+00
 104.000    14041901  SEED_NO._SET                 1  0.93727150E+01  0.98008320E+00  0.17651910E+00  0.32286350E-01 -0.59685910E+00  0.18967240E+00  0.30869500E+00  0.00000000E+00  0.00000000E+00
 105.000    15041901  SEED_NO._SET                 1  0.94736910E+01  0.97908630E+00  0.17261670E+00  0.31816900E-01 -0.53621980E+00  0.22715940E+00  0.33110490E+00  0.00000000E+00  0.00000000E+00
 106.000    16041901  SEED_MASS_SET                1  0.96054530E+01  0.97891510E+00  0.17029780E+00  0.31700010E-01 -0.59892950E+00  0.77884740E+00  0.32853710E+00  0.00000000E+00  0.00000000E+00
 107.000    17041901  SEED_MASS_SET                1  0.97497370E+01  0.97909580E+00  0.16923740E+00  0.31959120E-01 -0.83488380E+00  0.96200530E+00  0.37920560E+00  0.00000000E+00  0.00000000E+00
 108.000    18041901  SEED_MASS_SET                1  0.99149050E+01  0.97932790E+00  0.16851840E+00  0.32420450E-01 -0.10474470E+01  0.98465210E+00  0.45735560E+00  0.00000000E+00  0.00000000E+00
 109.000    19041901  SEED_MASS_SET                1  0.10068010E+02  0.97743640E+00  0.16347860E+00  0.32083510E-01 -0.88310860E+00  0.98911720E+00  0.38326170E+00  0.00000000E+00  0.00000000E+00
 110.000    20041901  SEED_MASS_SET                1  0.10194190E+02  0.97679130E+00  0.16171600E+00  0.32367730E-01 -0.69151260E+00  0.99072510E+00  0.30914330E+00  0.00000000E+00  0.00000000E+00
 111.000    21041901  SEED_MASS_SET                1  0.10328280E+02  0.97632650E+00  0.16003000E+00  0.32709920E-01 -0.83341680E+00  0.99165160E+00  0.30623920E+00  0.00000000E+00  0.00000000E+00
 112.000    22041901  SEED_MASS_SET                1  0.10484480E+02  0.97666760E+00  0.15985330E+00  0.33409370E-01 -0.11126360E+01  0.99203560E+00  0.44773730E+00  0.00000000E+00  0.00000000E+00
 113.000    23041901  SEED_MASS_SET                1  0.10670090E+02  0.97756590E+00  0.16078570E+00  0.34367410E-01 -0.13521530E+01  0.99203150E+00  0.59188290E+00  0.00000000E+00  0.00000000E+00
 114.000    24041901  SEED_MASS_SET                1  0.10854900E+02  0.97646890E+00  0.15785230E+00  0.34424080E-01 -0.12296320E+01  0.99254410E+00  0.40060300E+00  0.00000000E+00  0.00000000E+00
 115.000    25041901  SEED_MASS_SET                1  0.11008620E+02  0.97482790E+00  0.15401730E+00  0.34206300E-01 -0.81572590E+00  0.98966930E+00  0.33031590E+00  0.00000000E+00  0.00000000E+00
 116.000    26041901  SEED_MASS_SET                1  0.11167010E+02  0.97424880E+00  0.15218700E+00  0.34446690E-01 -0.85525800E+00  0.98566400E+00  0.37457460E+00  0.00000000E+00  0.00000000E+00
 117.000    27041901  SEED_MASS_SET                1  0.11311160E+02  0.97255720E+00  0.14829190E+00  0.34164610E-01 -0.69765190E+00  0.98066570E+00  0.34690410E+00  0.00000000E+00  0.00000000E+00
 118.000    28041901  SEED_MASS_SET                1  0.11454190E+02  0.97203590E+00  0.14671070E+00  0.34403540E-01 -0.71371650E+00  0.89609010E+00  0.31664160E+00  0.00000000E+00  0.00000000E+00
 119.000    29041901  SEED_MASS_SET                1  0.11603380E+02  0.97137250E+00  0.14467270E+00  0.34475670E-01 -0.80381330E+00  0.32184850E+00  0.39341740E+00  0.00000000E+00  0.00000000E+00
 120.000    30041901  SEED_MASS_SET                1  0.11748950E+02  0.97001770E+00  0.14125980E+00  0.34046330E-01 -0.74001140E+00  0.22886640E+00  0.33752170E+00  0.00000000E+00  0.00000000E+00
 121.000    01051901  SEED_MASS_SET                1  0.11901220E+02  0.96914780E+00  0.13868010E+00  0.33766290E-01 -0.80970240E+00  0.21528210E+00  0.41271720E+00  0.00000000E+00  0.00000000E+00
 122.000    02051901  SEED_MASS_SET                1  0.12057560E+02  0.96768490E+00  0.13522120E+00  0.33215400E-01 -0.95961650E+00  0.22043860E+00  0.37049730E+00  0.00000000E+00  0.00000000E+00
 123.000    03051901  SEED_MASS_SET                1  0.12207860E+02  0.96614540E+00  0.13196280E+00  0.32702570E-01 -0.83284260E+00  0.42947670E+00  0.32411870E+00  0.00000000E+00  0.00000000E+00
 124.000    04051901  SEED_MASS_SET                1  0.12342810E+02  0.96461750E+00  0.12912220E+00  0.32278790E-01 -0.67075430E+00  0.42796770E+00  0.34808110E+00  0.00000000E+00  0.00000000E+00
 125.000    05051901  SEED_MASS_SET                1  0.12477980E+02  0.96310390E+00  0.12644440E+00  0.31913250E-01 -0.65832790E+00  0.45881040E+00  0.37447470E+00  0.00000000E+00  0.00000000E+00
 126.000    06051901  SEED_MASS_SET                1  0.12609810E+02  0.96150660E+00  0.12379220E+00  0.31551190E-01 -0.46321540E+00  0.44962240E+00  0.39429710E+00  0.00000000E+00  0.00000000E+00
 127.000    07051901  SEED_MASS_SET                1  0.12754580E+02  0.96088230E+00  0.12252570E+00  0.31583680E-01 -0.64551440E+00  0.54200060E+00  0.38303700E+00  0.00000000E+00  0.00000000E+00
 128.000    08051901  SEED_MASS_SET                1  0.12895980E+02  0.96017400E+00  0.12128980E+00  0.31605250E-01 -0.65999000E+00  0.65247880E+00  0.37284170E+00  0.00000000E+00  0.00000000E+00
 129.000    09051901  SEED_MASS_SET                1  0.13038770E+02  0.95925370E+00  0.11990080E+00  0.31603860E-01 -0.56448220E+00  0.79831340E+00  0.38395870E+00  0.00000000E+00  0.00000000E+00
 130.000    10051901  SEED_MASS_SET                1  0.13194970E+02  0.95895380E+00  0.11933300E+00  0.31887340E-01 -0.68827970E+00  0.89139550E+00  0.39033680E+00  0.00000000E+00  0.00000000E+00
 131.000    11051901  SEED_MASS_SET                1  0.13349390E+02  0.95838720E+00  0.11850950E+00  0.32119840E-01 -0.66334010E+00  0.94878350E+00  0.38103280E+00  0.00000000E+00  0.00000000E+00
 132.000    12051901  SEED_MASS_SET                1  0.13494520E+02  0.95817900E+00  0.11819850E+00  0.32492240E-01 -0.58246310E+00  0.97472660E+00  0.39960670E+00  0.00000000E+00  0.00000000E+00
 133.000    13051901  SEED_MASS_SET                1  0.13644560E+02  0.95712960E+00  0.11682860E+00  0.32624470E-01 -0.62704590E+00  0.98143530E+00  0.40001580E+00  0.00000000E+00  0.00000000E+00
 134.000    14051901  SEED_MASS_SET                1  0.13785920E+02  0.95567450E+00  0.11498700E+00  0.32617970E-01 -0.55021090E+00  0.98406180E+00  0.43088160E+00  0.00000000E+00  0.00000000E+00
 135.000    15051901  SEED_MASS_SET                1  0.13912400E+02  0.95825250E+00  0.11810280E+00  0.33906740E-01 -0.25878620E+00  0.98159310E+00  0.36549710E+00  0.00000000E+00  0.00000000E+00
 136.000    16051901  SEED_MASS_SET                1  0.14030360E+02  0.95584370E+00  0.11517800E+00  0.33385490E-01 -0.27739050E+00  0.98681400E+00  0.37863610E+00  0.00000000E+00  0.00000000E+00
 137.000    17051901  SEED_MASS_SET                1  0.14174720E+02  0.95499120E+00  0.11405400E+00  0.33497340E-01 -0.64190740E+00  0.98643310E+00  0.36050570E+00  0.00000000E+00  0.00000000E+00
 138.000    18051901  SEED_MASS_SET                1  0.14277710E+02  0.95609980E+00  0.11542090E+00  0.34186560E-01 -0.16573850E+00  0.98860420E+00  0.42308210E+00  0.00000000E+00  0.00000000E+00
 139.000    19051901  SEED_MASS_SET                1  0.14396510E+02  0.95480310E+00  0.11380600E+00  0.33992360E-01 -0.22258070E+00  0.98785710E+00  0.33234880E+00  0.00000000E+00  0.00000000E+00
 140.000    20051901  SEED_MASS_SET                1  0.14534110E+02  0.95379440E+00  0.11251870E+00  0.34020760E-01 -0.51323340E+00  0.98706850E+00  0.37590270E+00  0.00000000E+00  0.00000000E+00
 141.000    21051901  SEED_MASS_SET                1  0.14662850E+02  0.95288250E+00  0.11138120E+00  0.34055470E-01 -0.39386920E+00  0.98789920E+00  0.37489530E+00  0.00000000E+00  0.00000000E+00
 142.000    22051901  SEED_MASS_SET                1  0.14818980E+02  0.95260090E+00  0.11097710E+00  0.34397420E-01 -0.64615800E+00  0.98386800E+00  0.42514580E+00  0.00000000E+00  0.00000000E+00
 143.000    23051901  SEED_MASS_SET                1  0.14982280E+02  0.95222530E+00  0.11046940E+00  0.34707360E-01 -0.65948870E+00  0.99206760E+00  0.41741230E+00  0.00000000E+00  0.00000000E+00
 144.000    24051901  SEED_MASS_SET                1  0.15143600E+02  0.95172040E+00  0.10983800E+00  0.34952130E-01 -0.65387460E+00  0.98164250E+00  0.40260390E+00  0.00000000E+00  0.00000000E+00
 145.000    25051901  SEED_MASS_SET                1  0.15298900E+02  0.95100340E+00  0.10898920E+00  0.35099900E-01 -0.61513960E+00  0.97981260E+00  0.40921100E+00  0.00000000E+00  0.00000000E+00
 146.000    26051901  SEED_MASS_SET                1  0.15418300E+02  0.95021720E+00  0.10807230E+00  0.35103470E-01 -0.44890420E+00  0.97139810E+00  0.30812690E+00  0.00000000E+00  0.00000000E+00
 147.000    27051901  SEED_MASS_SET                1  0.15544300E+02  0.94956470E+00  0.10731850E+00  0.35174580E-01 -0.46288750E+00  0.49898040E+00  0.33573760E+00  0.00000000E+00  0.00000000E+00
 148.000    28051901  SEED_MASS_SET                1  0.15692410E+02  0.94894140E+00  0.10660780E+00  0.35239920E-01 -0.55788020E+00  0.31525750E+00  0.37650340E+00  0.00000000E+00  0.00000000E+00
 149.000    29051901  SEED_MASS_SET                1  0.15847830E+02  0.94739810E+00  0.10494770E+00  0.34920730E-01 -0.60281920E+00  0.25613600E+00  0.36714120E+00  0.00000000E+00  0.00000000E+00
 150.000    30051901  SEED_MASS_SET                1  0.15991520E+02  0.94512480E+00  0.10263610E+00  0.34318690E-01 -0.48337330E+00  0.26525120E+00  0.36861540E+00  0.00000000E+00  0.00000000E+00
 151.000    31051901  SEED_MASS_SET                1  0.16153660E+02  0.94396390E+00  0.10157650E+00  0.34158810E-01 -0.62612510E+00  0.26988880E+00  0.40967120E+00  0.00000000E+00  0.00000000E+00
 152.000    01061901  SEED_MASS_SET                1  0.16316000E+02  0.94226620E+00  0.10004350E+00  0.33807930E-01 -0.62389760E+00  0.40555420E+00  0.43346330E+00  0.00000000E+00  0.00000000E+00
 153.000    02061901  SEED_MASS_SET                1  0.16482740E+02  0.94123860E+00  0.99169070E-01  0.33703700E-01 -0.57646120E+00  0.40710580E+00  0.44971560E+00  0.00000000E+00  0.00000000E+00
 154.000    03061901  SEED_MASS_SET                1  0.16652130E+02  0.94022760E+00  0.98318340E-01  0.33631490E-01 -0.55787740E+00  0.72698280E+00  0.44465830E+00  0.00000000E+00  0.00000000E+00
 155.000    04061901  SEED_MASS_SET                1  0.16843060E+02  0.94037110E+00  0.98469850E-01  0.33928800E-01 -0.79813050E+00  0.83913410E+00  0.58426440E+00  0.00000000E+00  0.00000000E+00
 156.000    05061901  SEED_MASS_SET                1  0.17033430E+02  0.94014960E+00  0.98209080E-01  0.34092340E-01 -0.69429500E+00  0.91442750E+00  0.50085230E+00  0.00000000E+00  0.00000000E+00
 157.000    06061901  SEED_MASS_SET                1  0.17197570E+02  0.93969020E+00  0.97709080E-01  0.34199950E-01 -0.53941200E+00  0.96858550E+00  0.40358660E+00  0.00000000E+00  0.00000000E+00
 158.000    07061901  SEED_MASS_SET                1  0.17365160E+02  0.93996070E+00  0.97911750E-01  0.34595590E-01 -0.65029550E+00  0.95776240E+00  0.48156280E+00  0.00000000E+00  0.00000000E+00
 159.000    08061901  SEED_MASS_SET                1  0.17557260E+02  0.94112280E+00  0.98920250E-01  0.35250400E-01 -0.92878140E+00  0.94125940E+00  0.63278780E+00  0.00000000E+00  0.00000000E+00
 160.000    09061901  SEED_MASS_SET                1  0.17759020E+02  0.94369320E+00  0.10120780E+00  0.36305350E-01 -0.10325080E+01  0.97975070E+00  0.88141460E+00  0.00000000E+00  0.00000000E+00
 161.000    10061901  SEED_MASS_SET                1  0.17965110E+02  0.94931670E+00  0.10689770E+00  0.38806990E-01 -0.10180820E+01  0.98871170E+00  0.92862170E+00  0.00000000E+00  0.00000000E+00
 162.000    11061901  SEED_MASS_SET                1  0.18173630E+02  0.95459670E+00  0.11354920E+00  0.41772490E-01 -0.10010260E+01  0.98905040E+00  0.96761930E+00  0.00000000E+00  0.00000000E+00
 163.000    12061901  SEED_MASS_SET                1  0.18385010E+02  0.95606970E+00  0.11567020E+00  0.42851140E-01 -0.87976400E+00  0.99103370E+00  0.55179760E+00  0.00000000E+00  0.00000000E+00
 164.000    13061901  SEED_MASS_SET                1  0.18570160E+02  0.95619460E+00  0.11587540E+00  0.43239570E-01 -0.61913370E+00  0.99156560E+00  0.52019310E+00  0.00000000E+00  0.00000000E+00
 165.000    14061901  SEED_MASS_SET                1  0.18738570E+02  0.95601220E+00  0.11561680E+00  0.43407040E-01 -0.52563610E+00  0.99206750E+00  0.42935160E+00  0.00000000E+00  0.00000000E+00
 166.000    15061901  SEED_MASS_SET                1  0.18891430E+02  0.95573120E+00  0.11521310E+00  0.43483450E-01 -0.46380480E+00  0.99227790E+00  0.45047520E+00  0.00000000E+00  0.00000000E+00
 167.000    16061901  SEED_MASS_SET                1  0.19046850E+02  0.95609310E+00  0.11572920E+00  0.43881320E-01 -0.47232060E+00  0.99242340E+00  0.44458200E+00  0.00000000E+00  0.00000000E+00
 168.000    17061901  SEED_MASS_SET                1  0.19228780E+02  0.95644940E+00  0.11624430E+00  0.44320370E-01 -0.61472980E+00  0.99222390E+00  0.49611460E+00  0.00000000E+00  0.00000000E+00
 169.000    18061901  SEED_MASS_SET                1  0.19412010E+02  0.95657260E+00  0.11642910E+00  0.44620350E-01 -0.59116300E+00  0.99242200E+00  0.49094360E+00  0.00000000E+00  0.00000000E+00
 170.000    19061901  SEED_MASS_SET                1  0.19596230E+02  0.95610470E+00  0.11569170E+00  0.43948660E-01 -0.59254320E+00  0.99234980E+00  0.55614380E+00  0.00000000E+00  0.00000000E+00
 171.000    20061901  SEED_MASS_SET                1  0.19783730E+02  0.95458770E+00  0.11341570E+00  0.41765790E-01 -0.59328920E+00  0.99265900E+00  0.42440120E+00  0.00000000E+00  0.00000000E+00
 172.000    21061901  SEED_MASS_SET                1  0.19964370E+02  0.95288930E+00  0.11102350E+00  0.39538240E-01 -0.63219800E+00  0.99250000E+00  0.49675370E+00  0.00000000E+00  0.00000000E+00
 173.000    22061901  SEED_MASS_SET                1  0.20157480E+02  0.95164170E+00  0.10929980E+00  0.37815010E-01 -0.65512340E+00  0.89550940E+00  0.59479910E+00  0.00000000E+00  0.00000000E+00
 174.000    23061901  SEED_MASS_SET                1  0.20353430E+02  0.95135150E+00  0.10876970E+00  0.36781700E-01 -0.61058920E+00  0.85128280E+00  0.52714480E+00  0.00000000E+00  0.00000000E+00
 175.000    24061901  SEED_MASS_SET                1  0.20539410E+02  0.94981880E+00  0.10659780E+00  0.35380280E-01 -0.45213920E+00  0.85767810E+00  0.50556910E+00  0.00000000E+00  0.00000000E+00
 176.000    25061901  SEED_MASS_SET                1  0.20727780E+02  0.94918820E+00  0.10561590E+00  0.34518870E-01 -0.45041800E+00  0.56871560E+00  0.48625740E+00  0.00000000E+00  0.00000000E+00
 177.000    26061901  END_SEED_FILL                1  0.20908350E+02  0.94485920E+00  0.99473490E-01  0.32127840E-01 -0.33533690E+00  0.26319830E-01  0.52810390E+00  0.00000000E+00  0.00000000E+00
 178.000    27061901  END_SEED_FILL                1  0.21084110E+02  0.94126990E+00  0.94364340E-01  0.30243400E-01 -0.37990660E+00  0.28211100E+00  0.51082640E+00  0.00000000E+00  0.00000000E+00
 179.000    28061901  END_SEED_FILL                1  0.21262250E+02  0.93840490E+00  0.90520290E-01  0.28747610E-01 -0.38755730E+00  0.13425000E+00  0.47139660E+00  0.00000000E+00  0.00000000E+00
 180.000    29061901  END_SEED_FILL                1  0.21438710E+02  0.93561110E+00  0.86954740E-01  0.27316330E-01 -0.35129040E+00  0.67418860E-01  0.48714240E+00  0.00000000E+00  0.00000000E+00
 181.000    30061901  END_SEED_FILL                1  0.21617390E+02  0.93336300E+00  0.84040780E-01  0.26116490E-01 -0.34490190E+00  0.27316170E+00  0.51269170E+00  0.00000000E+00  0.00000000E+00
 182.000    01071901  END_SEED_FILL                1  0.21798220E+02  0.93181390E+00  0.81788590E-01  0.25175670E-01 -0.32815680E+00  0.71232850E+00  0.51782700E+00  0.00000000E+00  0.00000000E+00
 183.000    02071901  END_SEED_FILL                1  0.21979080E+02  0.93094310E+00  0.80119890E-01  0.24437530E-01 -0.30860450E+00  0.92949130E+00  0.50781540E+00  0.00000000E+00  0.00000000E+00
 184.000    03071901  END_SEED_FILL                1  0.22156950E+02  0.93054660E+00  0.78922890E-01  0.23849550E-01 -0.30908700E+00  0.96751520E+00  0.46420540E+00  0.00000000E+00  0.00000000E+00
 185.000    04071901  END_SEED_FILL                1  0.22336320E+02  0.93038080E+00  0.78021270E-01  0.23359560E-01 -0.29514720E+00  0.97114300E+00  0.47009980E+00  0.00000000E+00  0.00000000E+00
 186.000    05071901  END_SEED_FILL                1  0.22517210E+02  0.93035180E+00  0.77310670E-01  0.22941330E-01 -0.30131380E+00  0.98525690E+00  0.47159760E+00  0.00000000E+00  0.00000000E+00
 187.000    06071901  END_SEED_FILL                1  0.22699950E+02  0.93042120E+00  0.76721740E-01  0.22578280E-01 -0.32991970E+00  0.98788060E+00  0.46717250E+00  0.00000000E+00  0.00000000E+00
 188.000    07071901  END_SEED_FILL                1  0.22876380E+02  0.93066320E+00  0.76409920E-01  0.22308490E-01 -0.24633560E+00  0.98916050E+00  0.50607540E+00  0.00000000E+00  0.00000000E+00
 189.000    08071901  END_SEED_FILL                1  0.23037950E+02  0.93102040E+00  0.76363510E-01  0.22119620E-01 -0.23153930E+00  0.99004770E+00  0.47404000E+00  0.00000000E+00  0.00000000E+00
 190.000    09071901  END_SEED_FILL                1  0.23214840E+02  0.93134490E+00  0.76397840E-01  0.21957110E-01 -0.20900540E+00  0.99056940E+00  0.62363860E+00  0.00000000E+00  0.00000000E+00
 191.000    10071901  END_SEED_FILL                1  0.23406030E+02  0.93174040E+00  0.76558430E-01  0.21840280E-01 -0.20612370E+00  0.99097730E+00  0.56920870E+00  0.00000000E+00  0.00000000E+00
 192.000    11071901  END_SEED_FILL                1  0.23594620E+02  0.93218860E+00  0.76806710E-01  0.21757320E-01 -0.17548870E+00  0.99129780E+00  0.51713450E+00  0.00000000E+00  0.00000000E+00
 193.000    12071901  END_SEED_FILL                1  0.23772740E+02  0.93273560E+00  0.77261700E-01  0.21734100E-01 -0.15626210E+00  0.99155470E+00  0.49474600E+00  0.00000000E+00  0.00000000E+00
 194.000    13071901  END_SEED_FILL                1  0.23954630E+02  0.93330480E+00  0.77822310E-01  0.21741390E-01 -0.13150270E+00  0.99172500E+00  0.51028230E+00  0.00000000E+00  0.00000000E+00
 195.000    14071901  END_SEED_FILL                1  0.24144170E+02  0.93392190E+00  0.78504200E-01  0.21781940E-01 -0.96518040E-01  0.99184850E+00  0.58926440E+00  0.00000000E+00  0.00000000E+00
 196.000    15071901  END_SEED_FILL                1  0.24336440E+02  0.93462000E+00  0.79365410E-01  0.21866320E-01 -0.80672520E-01  0.99193250E+00  0.56380790E+00  0.00000000E+00  0.00000000E+00
 197.000    16071901  END_SEED_FILL                1  0.24522550E+02  0.93542840E+00  0.80418950E-01  0.21994450E-01 -0.57207180E-01  0.99206810E+00  0.55799880E+00  0.00000000E+00  0.00000000E+00
 198.000    17071901  END_SEED_FILL                1  0.24706230E+02  0.93625960E+00  0.81547690E-01  0.22136470E-01 -0.68780590E-01  0.99208040E+00  0.58520770E+00  0.00000000E+00  0.00000000E+00
 199.000    18071901  END_SEED_FILL                1  0.24893770E+02  0.93701340E+00  0.82540750E-01  0.22248580E-01 -0.63090070E-01  0.99217780E+00  0.56439240E+00  0.00000000E+00  0.00000000E+00
 200.000    19071901  END_SEED_FILL                1  0.25084680E+02  0.93779290E+00  0.83504440E-01  0.22369280E-01 -0.61429950E-01  0.99224060E+00  0.52778870E+00  0.00000000E+00  0.00000000E+00
 201.000    20071901  END_SEED_FILL                1  0.25267010E+02  0.93861680E+00  0.84473400E-01  0.22508450E-01 -0.59864250E-01  0.99233920E+00  0.49535320E+00  0.00000000E+00  0.00000000E+00
 202.000    21071901  END_SEED_FILL                1  0.25460410E+02  0.93946930E+00  0.85448980E-01  0.22668300E-01 -0.49910650E-01  0.95212850E+00  0.53464410E+00  0.00000000E+00  0.00000000E+00
 203.000    22071901  END_SEED_FILL                1  0.25642530E+02  0.94036610E+00  0.86459930E-01  0.22867140E-01 -0.57832160E-01  0.97398480E+00  0.53560980E+00  0.00000000E+00  0.00000000E+00
 204.000    23071901  END_SEED_FILL                1  0.25831070E+02  0.94131760E+00  0.87527640E-01  0.23097960E-01 -0.46538000E-01  0.91868460E+00  0.57551430E+00  0.00000000E+00  0.00000000E+00
 205.000    24071901  END_SEED_FILL                1  0.26008170E+02  0.94222590E+00  0.88560220E-01  0.23326260E-01 -0.80551030E-01  0.13548810E+00  0.61427270E+00  0.00000000E+00  0.00000000E+00
 206.000    25071901  END_SEED_FILL                1  0.26200050E+02  0.94281880E+00  0.89268840E-01  0.23449890E-01 -0.52024420E-01  0.35230180E+00  0.50390410E+00  0.00000000E+00  0.00000000E+00
 207.000    26071901  END_SEED_FILL                1  0.26228760E+02  0.99009900E+00  0.00000000E+00  0.00000000E+00 -0.68055990E+00  0.10565220E+00  0.55834940E+00  0.00000000E+00  0.00000000E+00
 208.000    27071901  PLANTING                     1  0.00000000E+00  0.99009900E+00  0.00000000E+00  0.00000000E+00 -0.44935060E-02  0.00000000E+00  0.84457230E+00  0.00000000E+00  0.00000000E+00
 209.000    28071901  PLANTING                     1  0.00000000E+00  0.99009900E+00  0.00000000E+00  0.00000000E+00 -0.43193110E-02  0.00000000E+00  0.64150160E+00  0.00000000E+00  0.00000000E+00
 210.000    29071901  PLANTING                     1  0.00000000E+00  0.99009900E+00  0.00000000E+00  0.00000000E+00 -0.41276790E-02  0.00000000E+00  0.60794360E+00  0.00000000E+00  0.00000000E+00
 211.000    30071901  PLANTING                     1  0.00000000E+00  0.99009900E+00  0.00000000E+00  0.00000000E+00 -0.47456400E-02  0.00000000E+00  0.58688110E+00  0.00000000E+00  0.00000000E+00
 212.000    31071901  PLANTING                     1  0.00000000E+00  0.99009900E+00  0.00000000E+00  0.00000000E+00 -0.53141950E-02  0.00000000E+00  0.63226610E+00  0.00000000E+00  0.00000000E+00
 213.000    01081901  PLANTING                     1  0.00000000E+00  0.99009900E+00  0.00000000E+00  0.00000000E+00 -0.46328000E-02  0.00000000E+00  0.62681200E+00  0.00000000E+00  0.00000000E+00
 214.000    02081901  PLANTING                     1  0.00000000E+00  0.99009900E+00  0.00000000E+00  0.00000000E+00 -0.72924850E-02  0.00000000E+00  0.70667780E+00  0.00000000E+00  0.00000000E+00
 215.000    03081901  PLANTING                     1  0.00000000E+00  0.99009900E+00  0.00000000E+00  0.00000000E+00 -0.73975990E-02  0.00000000E+00  0.73586030E+00  0.00000000E+00  0.00000000E+00
 216.000    04081901  PLANTING                     1  0.00000000E+00  0.99009900E+00  0.00000000E+00  0.00000000E+00 -0.75117620E-02  0.00000000E+00  0.71703610E+00  0.00000000E+00  0.00000000E+00
 217.000    05081901  PLANTING                     1  0.00000000E+00  0.99009900E+00  0.00000000E+00  0.00000000E+00 -0.76246780E-02  0.00000000E+00  0.71788960E+00  0.00000000E+00  0.00000000E+00
 218.000    06081901  PLANTING                     1  0.00000000E+00  0.99009900E+00  0.00000000E+00  0.00000000E+00 -0.77507300E-02  0.00000000E+00  0.70738410E+00  0.00000000E+00  0.00000000E+00
 219.000    07081901  PLANTING                     1  0.00000000E+00  0.99009900E+00  0.00000000E+00  0.00000000E+00 -0.78787040E-02  0.00000000E+00  0.68600770E+00  0.00000000E+00  0.00000000E+00
 220.000    08081901  PLANTING                     1  0.00000000E+00  0.99009900E+00  0.00000000E+00  0.00000000E+00 -0.79274410E-02  0.00000000E+00  0.62094170E+00  0.00000000E+00  0.00000000E+00
 221.000    09081901  PLANTING                     1  0.00000000E+00  0.99009900E+00  0.00000000E+00  0.00000000E+00 -0.39181930E-02  0.00000000E+00  0.73882590E+00  0.00000000E+00  0.00000000E+00
 222.000    10081901  PLANTING                     1  0.00000000E+00  0.99009900E+00  0.00000000E+00  0.00000000E+00 -0.40480960E-02  0.00000000E+00  0.70486670E+00  0.00000000E+00  0.00000000E+00
 223.000    11081901  PLANTING                     1  0.00000000E+00  0.99009900E+00  0.00000000E+00  0.00000000E+00 -0.42593690E-02  0.00000000E+00  0.72129250E+00  0.00000000E+00  0.00000000E+00
 224.000    12081901  PLANTING                     1  0.00000000E+00  0.99009900E+00  0.00000000E+00  0.00000000E+00 -0.50048830E-02  0.00000000E+00  0.72884000E+00  0.00000000E+00  0.00000000E+00
 225.000    13081901  PLANTING                     1  0.00000000E+00  0.99009900E+00  0.00000000E+00  0.00000000E+00 -0.56929580E-02  0.00000000E+00  0.78977930E+00  0.00000000E+00  0.00000000E+00
 226.000    14081901  PLANTING                     1  0.00000000E+00  0.99009900E+00  0.00000000E+00  0.00000000E+00 -0.60135010E-02  0.00000000E+00  0.94522920E+00  0.00000000E+00  0.00000000E+00
 227.000    15081901  PLANTING                     1  0.00000000E+00  0.99009900E+00  0.00000000E+00  0.00000000E+00 -0.54280910E-02  0.00000000E+00  0.93621390E+00  0.00000000E+00  0.00000000E+00
 228.000    16081901  PLANTING                     1  0.00000000E+00  0.99009900E+00  0.00000000E+00  0.00000000E+00 -0.53734860E-02  0.00000000E+00  0.70547060E+00  0.00000000E+00  0.00000000E+00
 229.000    17081901  PLANTING                     1  0.00000000E+00  0.99009900E+00  0.00000000E+00  0.00000000E+00 -0.49963600E-02  0.00000000E+00  0.64565300E+00  0.00000000E+00  0.00000000E+00
 230.000    18081901  PLANTING                     1  0.00000000E+00  0.99009900E+00  0.00000000E+00  0.00000000E+00 -0.53568650E-02  0.00000000E+00  0.67312870E+00  0.00000000E+00  0.00000000E+00
 231.000    19081901  PLANTING                     1  0.00000000E+00  0.99009900E+00  0.00000000E+00  0.00000000E+00 -0.40191790E-02  0.00000000E+00  0.66858860E+00  0.00000000E+00  0.00000000E+00
 232.000    20081901  PLANTING                     1  0.00000000E+00  0.99009900E+00  0.00000000E+00  0.00000000E+00 -0.27941510E-02  0.00000000E+00  0.69656940E+00  0.00000000E+00  0.00000000E+00
 233.000    21081901  PLANTING                     1  0.00000000E+00  0.99009900E+00  0.00000000E+00  0.00000000E+00 -0.43220190E-02  0.00000000E+00  0.87348640E+00  0.00000000E+00  0.00000000E+00
 234.000    22081901  PLANTING                     1  0.00000000E+00  0.99009900E+00  0.00000000E+00  0.00000000E+00 -0.42989400E-02  0.00000000E+00  0.72139920E+00  0.00000000E+00  0.00000000E+00
 235.000    23081901  PLANTING                     1  0.00000000E+00  0.99009900E+00  0.00000000E+00  0.00000000E+00 -0.29769620E-02  0.00000000E+00  0.69818790E+00  0.00000000E+00  0.00000000E+00
 236.000    24081901  PLANTING                     1  0.00000000E+00  0.99009900E+00  0.00000000E+00  0.00000000E+00 -0.31694890E-02  0.00000000E+00  0.72756410E+00  0.00000000E+00  0.00000000E+00
 237.000    25081901  PLANTING                     1  0.00000000E+00  0.99009900E+00  0.00000000E+00  0.00000000E+00 -0.37694250E-02  0.00000000E+00  0.72547540E+00  0.00000000E+00  0.00000000E+00
 238.000    26081901  PLANTING                     1  0.00000000E+00  0.99009900E+00  0.00000000E+00  0.00000000E+00 -0.41681220E-02  0.00000000E+00  0.73973550E+00  0.00000000E+00  0.00000000E+00
 239.000    27081901  PLANTING                     1  0.00000000E+00  0.99009900E+00  0.00000000E+00  0.00000000E+00 -0.39727070E-02  0.00000000E+00  0.69635430E+00  0.00000000E+00  0.00000000E+00
 240.000    28081901  PLANTING                     1  0.00000000E+00  0.99009900E+00  0.00000000E+00  0.00000000E+00 -0.39775740E-02  0.00000000E+00  0.75474170E+00  0.00000000E+00  0.00000000E+00
 241.000    29081901  PLANTING                     1  0.00000000E+00  0.99009900E+00  0.00000000E+00  0.00000000E+00 -0.42053350E-02  0.00000000E+00  0.78605590E+00  0.00000000E+00  0.00000000E+00
 242.000    30081901  PLANTING                     1  0.00000000E+00  0.99009900E+00  0.00000000E+00  0.00000000E+00 -0.72872670E-02  0.00000000E+00  0.78553730E+00  0.00000000E+00  0.00000000E+00
 243.000    31081901  PLANTING                     1  0.00000000E+00  0.99009900E+00  0.00000000E+00  0.00000000E+00 -0.74131090E-02  0.00000000E+00  0.86647720E+00  0.00000000E+00  0.00000000E+00
 244.000    01091901  PLANTING                     1  0.00000000E+00  0.99009900E+00  0.00000000E+00  0.00000000E+00 -0.75251330E-02  0.00000000E+00  0.82346360E+00  0.00000000E+00  0.00000000E+00
 245.000    02091901  PLANTING                     1  0.00000000E+00  0.99009900E+00  0.00000000E+00  0.00000000E+00 -0.76233280E-02  0.00000000E+00  0.74116280E+00  0.00000000E+00  0.00000000E+00
 246.000    03091901  PLANTING                     1  0.00000000E+00  0.99009900E+00  0.00000000E+00  0.00000000E+00 -0.77338760E-02  0.00000000E+00  0.73541320E+00  0.00000000E+00  0.00000000E+00
 247.000    04091901  PLANTING                     1  0.00000000E+00  0.99009900E+00  0.00000000E+00  0.00000000E+00 -0.78472990E-02  0.00000000E+00  0.70342990E+00  0.00000000E+00  0.00000000E+00
 248.000    05091901  PLANTING                     1  0.00000000E+00  0.99009900E+00  0.00000000E+00  0.00000000E+00 -0.79355330E-02  0.00000000E+00  0.72961260E+00  0.00000000E+00  0.00000000E+00
 249.000    06091901  PLANTING                     1  0.00000000E+00  0.99009900E+00  0.00000000E+00  0.00000000E+00 -0.79921800E-02  0.00000000E+00  0.68261360E+00  0.00000000E+00  0.00000000E+00
 250.000    07091901  PLANTING                     1  0.00000000E+00  0.99009900E+00  0.00000000E+00  0.00000000E+00 -0.23725440E-02  0.00000000E+00  0.62063280E+00  0.00000000E+00  0.00000000E+00
 251.000    08091901  PLANTING                     1  0.00000000E+00  0.99009900E+00  0.00000000E+00  0.00000000E+00 -0.33386080E-02  0.00000000E+00  0.67803280E+00  0.00000000E+00  0.00000000E+00
 252.000    09091901  PLANTING                     1  0.00000000E+00  0.99009900E+00  0.00000000E+00  0.00000000E+00 -0.26790900E-02  0.00000000E+00  0.64409290E+00  0.00000000E+00  0.00000000E+00
 253.000    10091901  PLANTING                     1  0.00000000E+00  0.99009900E+00  0.00000000E+00  0.00000000E+00 -0.35643740E-02  0.00000000E+00  0.64288670E+00  0.00000000E+00  0.00000000E+00
 254.000    11091901  PLANTING                     1  0.00000000E+00  0.99009900E+00  0.00000000E+00  0.00000000E+00 -0.40676440E-02  0.00000000E+00  0.71438580E+00  0.00000000E+00  0.00000000E+00
 255.000    12091901  PLANTING                     1  0.00000000E+00  0.99009900E+00  0.00000000E+00  0.00000000E+00 -0.45517350E-02  0.00000000E+00  0.82112260E+00  0.00000000E+00  0.00000000E+00
 256.000    13091901  PLANTING                     1  0.00000000E+00  0.99009900E+00  0.00000000E+00  0.00000000E+00 -0.51180650E-02  0.00000000E+00  0.86378030E+00  0.00000000E+00  0.00000000E+00
 257.000    14091901  PLANTING                     1  0.00000000E+00  0.99009900E+00  0.00000000E+00  0.00000000E+00 -0.47750280E-02  0.00000000E+00  0.63449690E+00  0.00000000E+00  0.00000000E+00
 258.000    15091901  PLANTING                     1  0.00000000E+00  0.99009900E+00  0.00000000E+00  0.00000000E+00 -0.41045950E-02  0.00000000E+00  0.76284680E+00  0.00000000E+00  0.00000000E+00
 259.000    16091901  PLANTING                     1  0.00000000E+00  0.99009900E+00  0.00000000E+00  0.00000000E+00 -0.40991660E-02  0.00000000E+00  0.61958970E+00  0.00000000E+00  0.00000000E+00
 260.000    17091901  PLANTING                     1  0.00000000E+00  0.99009900E+00  0.00000000E+00  0.00000000E+00 -0.44132370E-02  0.00000000E+00  0.66633660E+00  0.00000000E+00  0.00000000E+00
 261.000    18091901  PLANTING                     1  0.00000000E+00  0.99009900E+00  0.00000000E+00  0.00000000E+00 -0.39013560E-02  0.00000000E+00  0.61792690E+00  0.00000000E+00  0.00000000E+00
 262.000    19091901  PLANTING                     1  0.00000000E+00  0.99009900E+00  0.00000000E+00  0.00000000E+00 -0.31871290E-02  0.00000000E+00  0.60184970E+00  0.00000000E+00  0.00000000E+00
 263.000    20091901  PLANTING                     1  0.00000000E+00  0.99009900E+00  0.00000000E+00  0.00000000E+00 -0.24590750E-02  0.00000000E+00  0.65996140E+00  0.00000000E+00  0.00000000E+00
 264.000    21091901  PLANTING                     1  0.00000000E+00  0.99009900E+00  0.00000000E+00  0.00000000E+00 -0.38289050E-02  0.00000000E+00  0.70606350E+00  0.00000000E+00  0.00000000E+00
 265.000    22091901  PLANTING                     1  0.00000000E+00  0.99009900E+00  0.00000000E+00  0.00000000E+00 -0.25547950E-02  0.00000000E+00  0.67406060E+00  0.00000000E+00  0.00000000E+00
 266.000    23091901  PLANTING                     1  0.00000000E+00  0.99009900E+00  0.00000000E+00  0.00000000E+00 -0.26743890E-02  0.00000000E+00  0.77801030E+00  0.00000000E+00  0.00000000E+00
 267.000    24091901  PLANTING                     1  0.00000000E+00  0.99009900E+00  0.00000000E+00  0.00000000E+00 -0.36435440E-02  0.00000000E+00  0.76156070E+00  0.00000000E+00  0.00000000E+00
 268.000    25091901  PLANTING                     1  0.00000000E+00  0.99009900E+00  0.00000000E+00  0.00000000E+00 -0.39362930E-02  0.00000000E+00  0.95013910E+00  0.00000000E+00  0.00000000E+00
 269.000    26091901  PLANTING                     1  0.00000000E+00  0.99009900E+00  0.00000000E+00  0.00000000E+00 -0.39574380E-02  0.00000000E+00  0.76288940E+00  0.00000000E+00  0.00000000E+00
 270.000    27091901  PLANTING                     1  0.00000000E+00  0.99009900E+00  0.00000000E+00  0.00000000E+00 -0.44463140E-02  0.00000000E+00  0.50651970E+00  0.00000000E+00  0.00000000E+00
 271.000    28091901  PLANTING                     1  0.00000000E+00  0.99009900E+00  0.00000000E+00  0.00000000E+00 -0.73694580E-02  0.00000000E+00  0.41624640E+00  0.00000000E+00  0.00000000E+00
 272.000    29091901  PLANTING                     1  0.00000000E+00  0.99009900E+00  0.00000000E+00  0.00000000E+00 -0.74445560E-02  0.00000000E+00  0.46691650E+00  0.00000000E+00  0.00000000E+00
 273.000    30091901  PLANTING                     1  0.00000000E+00  0.99009900E+00  0.00000000E+00  0.00000000E+00 -0.75257740E-02  0.00000000E+00  0.41579230E+00  0.00000000E+00  0.00000000E+00
 274.000    01101901  PLANTING                     1  0.00000000E+00  0.99009900E+00  0.00000000E+00  0.00000000E+00 -0.76083360E-02  0.00000000E+00  0.44229740E+00  0.00000000E+00  0.00000000E+00
 275.000    02101901  PLANTING                     1  0.00000000E+00  0.99009900E+00  0.00000000E+00  0.00000000E+00 -0.77135430E-02  0.00000000E+00  0.47797080E+00  0.00000000E+00  0.00000000E+00
 276.000    03101901  PLANTING                     1  0.00000000E+00  0.99009900E+00  0.00000000E+00  0.00000000E+00 -0.77767510E-02  0.00000000E+00  0.46374600E+00  0.00000000E+00  0.00000000E+00
 277.000    04101901  PLANTING                     1  0.00000000E+00  0.99009900E+00  0.00000000E+00  0.00000000E+00 -0.78885170E-02  0.00000000E+00  0.46009620E+00  0.00000000E+00  0.00000000E+00
 278.000    05101901  PLANTING                     1  0.00000000E+00  0.99009900E+00  0.00000000E+00  0.00000000E+00 -0.79233050E-02  0.00000000E+00  0.51864250E+00  0.00000000E+00  0.00000000E+00
 279.000    06101901  PLANTING                     1  0.00000000E+00  0.99009900E+00  0.00000000E+00  0.00000000E+00 -0.24917010E-02  0.00000000E+00  0.61420590E+00  0.00000000E+00  0.00000000E+00
 280.000    07101901  PLANTING                     1  0.00000000E+00  0.99009900E+00  0.00000000E+00  0.00000000E+00 -0.26328370E-02  0.00000000E+00  0.57972380E+00  0.00000000E+00  0.00000000E+00
 281.000    08101901  PLANTING                     1  0.00000000E+00  0.99009900E+00  0.00000000E+00  0.00000000E+00 -0.24284430E-02  0.00000000E+00  0.55175020E+00  0.00000000E+00  0.00000000E+00
 282.000    09101901  PLANTING                     1  0.00000000E+00  0.99009900E+00  0.00000000E+00  0.00000000E+00 -0.23753390E-02  0.00000000E+00  0.43711760E+00  0.00000000E+00  0.00000000E+00
 283.000    10101901  PLANTING                     1  0.00000000E+00  0.99009900E+00  0.00000000E+00  0.00000000E+00 -0.25138740E-02  0.00000000E+00  0.45005340E+00  0.00000000E+00  0.00000000E+00
 284.000    11101901  PLANTING                     1  0.00000000E+00  0.99009900E+00  0.00000000E+00  0.00000000E+00 -0.31027100E-02  0.00000000E+00  0.42973040E+00  0.00000000E+00  0.00000000E+00
 285.000    12101901  PLANTING                     1  0.00000000E+00  0.99009900E+00  0.00000000E+00  0.00000000E+00 -0.34029550E-02  0.00000000E+00  0.45558140E+00  0.00000000E+00  0.00000000E+00
 286.000    13101901  PLANTING                     1  0.00000000E+00  0.99009900E+00  0.00000000E+00  0.00000000E+00 -0.36032310E-02  0.00000000E+00  0.39320330E+00  0.00000000E+00  0.00000000E+00
 287.000    14101901  PLANTING                     1  0.00000000E+00  0.99009900E+00  0.00000000E+00  0.00000000E+00 -0.34971730E-02  0.00000000E+00  0.42261830E+00  0.00000000E+00  0.00000000E+00
 288.000    15101901  PLANTING                     1  0.00000000E+00  0.99009900E+00  0.00000000E+00  0.00000000E+00 -0.29076660E-02  0.00000000E+00  0.43705420E+00  0.00000000E+00  0.00000000E+00
 289.000    16101901  PLANTING                     1  0.00000000E+00  0.99009900E+00  0.00000000E+00  0.00000000E+00 -0.28785870E-02  0.00000000E+00  0.47496560E+00  0.00000000E+00  0.00000000E+00
 290.000    17101901  PLANTING                     1  0.00000000E+00  0.99009900E+00  0.00000000E+00  0.00000000E+00 -0.34413850E-02  0.00000000E+00  0.42609170E+00  0.00000000E+00  0.00000000E+00
 291.000    18101901  PLANTING                     1  0.00000000E+00  0.99009900E+00  0.00000000E+00  0.00000000E+00 -0.29851820E-02  0.00000000E+00  0.43242170E+00  0.00000000E+00  0.00000000E+00
 292.000    19101901  PLANTING                     1  0.00000000E+00  0.99009900E+00  0.00000000E+00  0.00000000E+00 -0.27877030E-02  0.00000000E+00  0.46534700E+00  0.00000000E+00  0.00000000E+00
 293.000    20101901  PLANTING                     1  0.00000000E+00  0.99009900E+00  0.00000000E+00  0.00000000E+00 -0.24447450E-02  0.00000000E+00  0.48090690E+00  0.00000000E+00  0.00000000E+00
 294.000    21101901  PLANTING                     1  0.00000000E+00  0.99009900E+00  0.00000000E+00  0.00000000E+00 -0.23193040E-02  0.00000000E+00  0.52801510E+00  0.00000000E+00  0.00000000E+00
 295.000    22101901  PLANTING                     1  0.00000000E+00  0.99009900E+00  0.00000000E+00  0.00000000E+00 -0.23660750E-02  0.00000000E+00  0.55706920E+00  0.00000000E+00  0.00000000E+00
 296.000    23101901  PLANTING                     1  0.00000000E+00  0.99009900E+00  0.00000000E+00  0.00000000E+00 -0.23732090E-02  0.00000000E+00  0.58421500E+00  0.00000000E+00  0.00000000E+00
 297.000    24101901  PLANTING                     1  0.00000000E+00  0.99009900E+00  0.00000000E+00  0.00000000E+00 -0.28541490E-02  0.00000000E+00  0.58870070E+00  0.00000000E+00  0.00000000E+00
 298.000    25101901  PLANTING                     1  0.00000000E+00  0.99009900E+00  0.00000000E+00  0.00000000E+00 -0.31065320E-02  0.00000000E+00  0.53155590E+00  0.00000000E+00  0.00000000E+00
 299.000    26101901  PLANTING                     1  0.00000000E+00  0.99009900E+00  0.00000000E+00  0.00000000E+00 -0.31463730E-02  0.00000000E+00  0.45141180E+00  0.00000000E+00  0.00000000E+00
 300.000    27101901  PLANTING                     1  0.00000000E+00  0.99009900E+00  0.00000000E+00  0.00000000E+00 -0.72436990E-02  0.00000000E+00  0.23687310E+00  0.00000000E+00  0.00000000E+00
 301.000    28101901  PLANTING                     1  0.00000000E+00  0.99009900E+00  0.00000000E+00  0.00000000E+00 -0.73503000E-02  0.00000000E+00  0.26407710E+00  0.00000000E+00  0.00000000E+00
 302.000    29101901  PLANTING                     1  0.00000000E+00  0.99009900E+00  0.00000000E+00  0.00000000E+00 -0.73958200E-02  0.00000000E+00  0.20824060E+00  0.00000000E+00  0.00000000E+00
 303.000    30101901  PLANTING                     1  0.00000000E+00  0.99009900E+00  0.00000000E+00  0.00000000E+00 -0.74737660E-02  0.00000000E+00  0.24112560E+00  0.00000000E+00  0.00000000E+00
 304.000    31101901  PLANTING                     1  0.00000000E+00  0.99009900E+00  0.00000000E+00  0.00000000E+00 -0.75382220E-02  0.00000000E+00  0.23068170E+00  0.00000000E+00  0.00000000E+00
 305.000    01111901  PLANTING                     1  0.00000000E+00  0.99009900E+00  0.00000000E+00  0.00000000E+00 -0.76010020E-02  0.00000000E+00  0.25368130E+00  0.00000000E+00  0.00000000E+00
 306.000    02111901  PLANTING                     1  0.00000000E+00  0.99009900E+00  0.00000000E+00  0.00000000E+00 -0.76697600E-02  0.00000000E+00  0.26958550E+00  0.00000000E+00  0.00000000E+00
 307.000    03111901  PLANTING                     1  0.00000000E+00  0.99009900E+00  0.00000000E+00  0.00000000E+00 -0.76935690E-02  0.00000000E+00  0.36093980E+00  0.00000000E+00  0.00000000E+00
 308.000    04111901  PLANTING                     1  0.00000000E+00  0.99009900E+00  0.00000000E+00  0.00000000E+00 -0.23502220E-02  0.00000000E+00  0.37811530E+00  0.00000000E+00  0.00000000E+00
 309.000    05111901  PLANTING                     1  0.00000000E+00  0.99009900E+00  0.00000000E+00  0.00000000E+00 -0.23419060E-02  0.00000000E+00  0.38743690E+00  0.00000000E+00  0.00000000E+00
 310.000    06111901  PLANTING                     1  0.00000000E+00  0.99009900E+00  0.00000000E+00  0.00000000E+00 -0.23020450E-02  0.00000000E+00  0.36107400E+00  0.00000000E+00  0.00000000E+00
 311.000    07111901  PLANTING                     1  0.00000000E+00  0.99009900E+00  0.00000000E+00  0.00000000E+00 -0.23671110E-02  0.00000000E+00  0.33993930E+00  0.00000000E+00  0.00000000E+00
 312.000    08111901  PLANTING                     1  0.00000000E+00  0.99009900E+00  0.00000000E+00  0.00000000E+00 -0.23849840E-02  0.00000000E+00  0.32097810E+00  0.00000000E+00  0.00000000E+00
 313.000    09111901  PLANTING                     1  0.00000000E+00  0.99009900E+00  0.00000000E+00  0.00000000E+00 -0.23816490E-02  0.00000000E+00  0.31478680E+00  0.00000000E+00  0.00000000E+00
 314.000    10111901  PLANTING                     1  0.00000000E+00  0.99009900E+00  0.00000000E+00  0.00000000E+00 -0.24930510E-02  0.00000000E+00  0.32952310E+00  0.00000000E+00  0.00000000E+00
 315.000    11111901  PLANTING                     1  0.00000000E+00  0.99009900E+00  0.00000000E+00  0.00000000E+00 -0.26710760E-02  0.00000000E+00  0.38433000E+00  0.00000000E+00  0.00000000E+00
 316.000    12111901  PLANTING                     1  0.00000000E+00  0.99009900E+00  0.00000000E+00  0.00000000E+00 -0.26537890E-02  0.00000000E+00  0.35949600E+00  0.00000000E+00  0.00000000E+00
 317.000    13111901  PLANTING                     1  0.00000000E+00  0.99009900E+00  0.00000000E+00  0.00000000E+00 -0.26085180E-02  0.00000000E+00  0.35930170E+00  0.00000000E+00  0.00000000E+00
 318.000    14111901  PLANTING                     1  0.00000000E+00  0.99009900E+00  0.00000000E+00  0.00000000E+00 -0.25724160E-02  0.00000000E+00  0.36395530E+00  0.00000000E+00  0.00000000E+00
 319.000    15111901  PLANTING                     1  0.00000000E+00  0.99009900E+00  0.00000000E+00  0.00000000E+00 -0.26960050E-02  0.00000000E+00  0.34715430E+00  0.00000000E+00  0.00000000E+00
 320.000    16111901  PLANTING                     1  0.00000000E+00  0.99009900E+00  0.00000000E+00  0.00000000E+00 -0.27831000E-02  0.00000000E+00  0.35399950E+00  0.00000000E+00  0.00000000E+00
 321.000    17111901  PLANTING                     1  0.00000000E+00  0.99009900E+00  0.00000000E+00  0.00000000E+00 -0.27774780E-02  0.00000000E+00  0.35829370E+00  0.00000000E+00  0.00000000E+00
 322.000    18111901  PLANTING                     1  0.00000000E+00  0.99009900E+00  0.00000000E+00  0.00000000E+00 -0.28114140E-02  0.00000000E+00  0.35473990E+00  0.00000000E+00  0.00000000E+00
 323.000    19111901  PLANTING                     1  0.00000000E+00  0.99009900E+00  0.00000000E+00  0.00000000E+00 -0.27931980E-02  0.00000000E+00  0.33318080E+00  0.00000000E+00  0.00000000E+00
 324.000    20111901  PLANTING                     1  0.00000000E+00  0.99009900E+00  0.00000000E+00  0.00000000E+00 -0.23209420E-02  0.00000000E+00  0.30099060E+00  0.00000000E+00  0.00000000E+00
 325.000    21111901  PLANTING                     1  0.00000000E+00  0.99009900E+00  0.00000000E+00  0.00000000E+00 -0.23425790E-02  0.00000000E+00  0.31421030E+00  0.00000000E+00  0.00000000E+00
 326.000    22111901  PLANTING                     1  0.00000000E+00  0.99009900E+00  0.00000000E+00  0.00000000E+00 -0.24624740E-02  0.00000000E+00  0.33011210E+00  0.00000000E+00  0.00000000E+00
 327.000    23111901  PLANTING                     1  0.00000000E+00  0.99009900E+00  0.00000000E+00  0.00000000E+00 -0.27094990E-02  0.00000000E+00  0.29609820E+00  0.00000000E+00  0.00000000E+00
 328.000    24111901  PLANTING                     1  0.00000000E+00  0.99009900E+00  0.00000000E+00  0.00000000E+00 -0.26325780E-02  0.00000000E+00  0.26683970E+00  0.00000000E+00  0.00000000E+00
 329.000    25111901  PLANTING                     1  0.00000000E+00  0.99009900E+00  0.00000000E+00  0.00000000E+00 -0.33033920E-02  0.00000000E+00  0.23869600E+00  0.00000000E+00  0.00000000E+00
 330.000    26111901  PLANTING                     1  0.00000000E+00  0.99009900E+00  0.00000000E+00  0.00000000E+00 -0.71784550E-02  0.00000000E+00  0.25892360E+00  0.00000000E+00  0.00000000E+00
 331.000    27111901  PLANTING                     1  0.00000000E+00  0.99009900E+00  0.00000000E+00  0.00000000E+00 -0.71623740E-02  0.00000000E+00  0.16923750E+00  0.00000000E+00  0.00000000E+00
 332.000    28111901  PLANTING                     1  0.00000000E+00  0.99009900E+00  0.00000000E+00  0.00000000E+00 -0.71841780E-02  0.00000000E+00  0.17492910E+00  0.00000000E+00  0.00000000E+00
 333.000    29111901  PLANTING                     1  0.00000000E+00  0.99009900E+00  0.00000000E+00  0.00000000E+00 -0.72056710E-02  0.00000000E+00  0.17294550E+00  0.00000000E+00  0.00000000E+00
 334.000    30111901  PLANTING                     1  0.00000000E+00  0.99009900E+00  0.00000000E+00  0.00000000E+00 -0.71793830E-02  0.00000000E+00  0.26747530E+00  0.00000000E+00  0.00000000E+00
 335.000    01121901  PLANTING                     1  0.00000000E+00  0.99009900E+00  0.00000000E+00  0.00000000E+00 -0.70878350E-02  0.00000000E+00  0.31607040E+00  0.00000000E+00  0.00000000E+00
 336.000    02121901  PLANTING                     1  0.00000000E+00  0.99009900E+00  0.00000000E+00  0.00000000E+00 -0.62794280E-02  0.00000000E+00  0.33652800E+00  0.00000000E+00  0.00000000E+00
 337.000    03121901  PLANTING                     1  0.00000000E+00  0.99009900E+00  0.00000000E+00  0.00000000E+00 -0.22561780E-02  0.00000000E+00  0.33283210E+00  0.00000000E+00  0.00000000E+00
 338.000    04121901  PLANTING                     1  0.00000000E+00  0.99009900E+00  0.00000000E+00  0.00000000E+00 -0.22520310E-02  0.00000000E+00  0.31857180E+00  0.00000000E+00  0.00000000E+00
 339.000    05121901  PLANTING                     1  0.00000000E+00  0.99009900E+00  0.00000000E+00  0.00000000E+00 -0.22539230E-02  0.00000000E+00  0.34563200E+00  0.00000000E+00  0.00000000E+00
 340.000    06121901  PLANTING                     1  0.00000000E+00  0.99009900E+00  0.00000000E+00  0.00000000E+00 -0.22539440E-02  0.00000000E+00  0.38715430E+00  0.00000000E+00  0.00000000E+00
 341.000    07121901  PLANTING                     1  0.00000000E+00  0.99009900E+00  0.00000000E+00  0.00000000E+00 -0.22530150E-02  0.00000000E+00  0.38469400E+00  0.00000000E+00  0.00000000E+00
 342.000    08121901  PLANTING                     1  0.00000000E+00  0.99009900E+00  0.00000000E+00  0.00000000E+00 -0.22638990E-02  0.00000000E+00  0.33381010E+00  0.00000000E+00  0.00000000E+00
 343.000    09121901  PLANTING                     1  0.00000000E+00  0.99009900E+00  0.00000000E+00  0.00000000E+00 -0.24547570E-02  0.00000000E+00  0.29947770E+00  0.00000000E+00  0.00000000E+00
 344.000    10121901  PLANTING                     1  0.00000000E+00  0.99009900E+00  0.00000000E+00  0.00000000E+00 -0.25964590E-02  0.00000000E+00  0.31771240E+00  0.00000000E+00  0.00000000E+00
 345.000    11121901  PLANTING                     1  0.00000000E+00  0.99009900E+00  0.00000000E+00  0.00000000E+00 -0.24962250E-02  0.00000000E+00  0.37159170E+00  0.00000000E+00  0.00000000E+00
 346.000    12121901  PLANTING                     1  0.00000000E+00  0.99009900E+00  0.00000000E+00  0.00000000E+00 -0.25344570E-02  0.00000000E+00  0.39117990E+00  0.00000000E+00  0.00000000E+00
 347.000    13121901  PLANTING                     1  0.00000000E+00  0.99009900E+00  0.00000000E+00  0.00000000E+00 -0.24824850E-02  0.00000000E+00  0.35022660E+00  0.00000000E+00  0.00000000E+00
 348.000    14121901  PLANTING                     1  0.00000000E+00  0.99009900E+00  0.00000000E+00  0.00000000E+00 -0.25514230E-02  0.00000000E+00  0.26382400E+00  0.00000000E+00  0.00000000E+00
 349.000    15121901  PLANTING                     1  0.00000000E+00  0.99009900E+00  0.00000000E+00  0.00000000E+00 -0.26057310E-02  0.00000000E+00  0.23767540E+00  0.00000000E+00  0.00000000E+00
 350.000    16121901  PLANTING                     1  0.00000000E+00  0.99009900E+00  0.00000000E+00  0.00000000E+00 -0.26815970E-02  0.00000000E+00  0.19465160E+00  0.00000000E+00  0.00000000E+00
 351.000    17121901  PLANTING                     1  0.00000000E+00  0.99009900E+00  0.00000000E+00  0.00000000E+00 -0.26225650E-02  0.00000000E+00  0.20966510E+00  0.00000000E+00  0.00000000E+00
 352.000    18121901  PLANTING                     1  0.00000000E+00  0.99009900E+00  0.00000000E+00  0.00000000E+00 -0.25131560E-02  0.00000000E+00  0.28544700E+00  0.00000000E+00  0.00000000E+00
 353.000    19121901  PLANTING                     1  0.00000000E+00  0.99009900E+00  0.00000000E+00  0.00000000E+00 -0.26340820E-02  0.00000000E+00  0.28913670E+00  0.00000000E+00  0.00000000E+00
 354.000    20121901  PLANTING                     1  0.00000000E+00  0.99009900E+00  0.00000000E+00  0.00000000E+00 -0.23709170E-02  0.00000000E+00  0.26718600E+00  0.00000000E+00  0.00000000E+00
 355.000    21121901  PLANTING                     1  0.00000000E+00  0.99009900E+00  0.00000000E+00  0.00000000E+00 -0.24072370E-02  0.00000000E+00  0.24450550E+00  0.00000000E+00  0.00000000E+00
 356.000    22121901  PLANTING                     1  0.00000000E+00  0.99009900E+00  0.00000000E+00  0.00000000E+00 -0.24487600E-02  0.00000000E+00  0.21747930E+00  0.00000000E+00  0.00000000E+00
 357.000    23121901  PLANTING                     1  0.00000000E+00  0.99009900E+00  0.00000000E+00  0.00000000E+00 -0.25181270E-02  0.00000000E+00  0.18287240E+00  0.00000000E+00  0.00000000E+00
 358.000    24121901  PLANTING                     1  0.00000000E+00  0.99009900E+00  0.00000000E+00  0.00000000E+00 -0.25228090E-02  0.00000000E+00  0.21227940E+00  0.00000000E+00  0.00000000E+00
 359.000    25121901  PLANTING                     1  0.00000000E+00  0.99009900E+00  0.00000000E+00  0.00000000E+00 -0.24889030E-02  0.00000000E+00  0.24046690E+00  0.00000000E+00  0.00000000E+00
 360.000    26121901  PLANTING                     1  0.00000000E+00  0.99009900E+00  0.00000000E+00  0.00000000E+00 -0.26109540E-02  0.00000000E+00  0.18021630E+00  0.00000000E+00  0.00000000E+00
 361.000    27121901  PLANTING                     1  0.00000000E+00  0.99009900E+00  0.00000000E+00  0.00000000E+00 -0.26312370E-02  0.00000000E+00  0.18066060E+00  0.00000000E+00  0.00000000E+00
 362.000    28121901  PLANTING                     1  0.00000000E+00  0.99009900E+00  0.00000000E+00  0.00000000E+00 -0.26096370E-02  0.00000000E+00  0.20273450E+00  0.00000000E+00  0.00000000E+00
 363.000    29121901  PLANTING                     1  0.00000000E+00  0.99009900E+00  0.00000000E+00  0.00000000E+00 -0.25074430E-02  0.00000000E+00  0.26004790E+00  0.00000000E+00  0.00000000E+00
 364.000    30121901  PLANTING                     1  0.00000000E+00  0.99009900E+00  0.00000000E+00  0.00000000E+00 -0.26137460E-02  0.00000000E+00  0.22398310E+00  0.00000000E+00  0.00000000E+00
 365.000    31121901  PLANTING                     1  0.00000000E+00  0.99009900E+00  0.00000000E+00  0.00000000E+00 -0.22988490E-02  0.00000000E+00  0.23677380E+00  0.00000000E+00  0.00000000E+00
