    DOY     DATE    GROWTH_STG      BRANCH_NO.      NODE_NO.        RUB_ACTVN       LEAF_N/C        LEAF_P/C        MIN_LWP         O2_STRESS       TEMP_STRESS     
010111901dh        1.000    01011901  EMERGENCE                    1  0.2061482E-001  0.9723102E+000  0.3904818E-001  0.3891220E-002 -0.6191013E-002  0.3995260E+000  0.2001711E+000
010111901dh        2.000    02011901  EMERGENCE                    1  0.6452744E-001  0.9497793E+000  0.3795899E-001  0.3788401E-002 -0.2701635E-002  0.2808915E+000  0.1623261E+000
010111901dh        3.000    03011901  EMERGENCE                    1  0.9964755E-001  0.9432253E+000  0.4213806E-001  0.4276542E-002 -0.2618636E-002  0.3336602E+000  0.1700690E+000
010111901dh        4.000    04011901  EMERGENCE                    1  0.1422472E+000  0.9385828E+000  0.4831482E-001  0.5149254E-002 -0.2624603E-002  0.5171342E+000  0.2718802E+000
010111901dh        5.000    05011901  EMERGENCE                    1  0.2067778E+000  0.9322026E+000  0.5472227E-001  0.6148817E-002 -0.5146233E+000  0.4527398E+000  0.2456270E+000
010111901dh        6.000    06011901  EMERGENCE                    1  0.2674330E+000  0.9324983E+000  0.6186495E-001  0.7341916E-002 -0.2073127E-001  0.5195823E+000  0.3620509E+000
010111901dh        7.000    07011901  EMERGENCE                    1  0.3449123E+000  0.9333404E+000  0.7055927E-001  0.8736879E-002 -0.1431406E+000  0.5875577E+000  0.3156268E+000
010111901dh        8.000    08011901  EMERGENCE                    1  0.4273229E+000  0.9398926E+000  0.8343882E-001  0.1067518E-001 -0.8382157E-001  0.5513693E+000  0.4733314E+000
010111901dh        9.000    09011901  EMERGENCE                    1  0.5172181E+000  0.9499689E+000  0.9733249E-001  0.1269059E-001 -0.1838213E+000  0.4727662E+000  0.3254010E+000
010111901dh       10.000    10011901  EMERGENCE                    1  0.5799614E+000  0.9603119E+000  0.1129971E+000  0.1475279E-001 -0.1588320E+000  0.4011042E+000  0.2602545E+000
010111901dh       11.000    11011901  EMERGENCE                    1  0.6490260E+000  0.9693349E+000  0.1310779E+000  0.1695881E-001 -0.1376912E+000  0.4164776E+000  0.3880916E+000
010111901dh       12.000    12011901  EMERGENCE                    1  0.7299712E+000  0.9745949E+000  0.1442320E+000  0.1850819E-001 -0.3424435E+000  0.3851153E+000  0.3469728E+000
010111901dh       13.000    13011901  EMERGENCE                    1  0.8021027E+000  0.9771759E+000  0.1529927E+000  0.1954163E-001 -0.2863653E+000  0.3611664E+000  0.3373427E+000
010111901dh       14.000    14011901  EMERGENCE                    1  0.8725613E+000  0.9791720E+000  0.1605885E+000  0.2046205E-001 -0.2541122E+000  0.3669928E+000  0.3180242E+000
010111901dh       15.000    15011901  EMERGENCE                    1  0.9404383E+000  0.9815366E+000  0.1688853E+000  0.2150155E-001 -0.7964681E-001  0.3974705E+000  0.3884110E+000
010111901dh       16.000    16011901  EMERGENCE                    1  0.1026694E+001  0.9831912E+000  0.1741859E+000  0.2216569E-001 -0.1795086E+000  0.4133653E+000  0.4541322E+000
010111901dh       17.000    17011901  EMERGENCE                    1  0.1110512E+001  0.9829536E+000  0.1751083E+000  0.2228166E-001 -0.1803840E+000  0.3830984E+000  0.3681534E+000
010111901dh       18.000    18011901  EMERGENCE                    1  0.1195336E+001  0.9824798E+000  0.1747606E+000  0.2228376E-001 -0.4328665E+000  0.4576816E+000  0.4339746E+000
010111901dh       19.000    19011901  EMERGENCE                    1  0.1294988E+001  0.9827822E+000  0.1758593E+000  0.2251530E-001 -0.3498666E+000  0.7086831E+000  0.4343667E+000
010111901dh       20.000    20011901  EMERGENCE                    1  0.1391441E+001  0.9831041E+000  0.1787598E+000  0.2310339E-001 -0.2049340E+000  0.9453235E+000  0.3145161E+000
010111901dh       21.000    21011901  EMERGENCE                    1  0.1473164E+001  0.9832071E+000  0.1825855E+000  0.2397328E-001 -0.4317210E+000  0.9719258E+000  0.2466691E+000
010111901dh       22.000    22011901  EMERGENCE                    1  0.1543268E+001  0.9835479E+000  0.1871470E+000  0.2491361E-001 -0.5111574E+000  0.9768079E+000  0.2084838E+000
010111901dh       23.000    23011901  EMERGENCE                    1  0.1613647E+001  0.9838885E+000  0.1909596E+000  0.2570496E-001 -0.4152105E+000  0.9754826E+000  0.2448962E+000
010111901dh       24.000    24011901  EMERGENCE                    1  0.1696609E+001  0.9841747E+000  0.1932978E+000  0.2622321E-001 -0.4646787E+000  0.9747639E+000  0.2454801E+000
010111901dh       25.000    25011901  EMERGENCE                    1  0.1782241E+001  0.9843301E+000  0.1949042E+000  0.2658098E-001 -0.5174543E+000  0.9750366E+000  0.2620569E+000
010111901dh       26.000    26011901  EMERGENCE                    1  0.1872454E+001  0.9844798E+000  0.1959017E+000  0.2677891E-001 -0.6226778E+000  0.9734314E+000  0.3499825E+000
010111901dh       27.000    27011901  EMERGENCE                    1  0.1970586E+001  0.9847101E+000  0.1963728E+000  0.2684850E-001 -0.4939368E+000  0.9711461E+000  0.3811037E+000
010111901dh       28.000    28011901  EMERGENCE                    1  0.2075683E+001  0.9844273E+000  0.1951233E+000  0.2670148E-001 -0.4596005E+000  0.9706789E+000  0.3781773E+000
010111901dh       29.000    29011901  EMERGENCE                    1  0.2171127E+001  0.9845115E+000  0.1966145E+000  0.2701044E-001 -0.2219039E+000  0.9710669E+000  0.3467808E+000
010111901dh       30.000    30011901  EMERGENCE                    1  0.2269716E+001  0.9851213E+000  0.1995372E+000  0.2753661E-001 -0.3449719E+000  0.9681045E+000  0.4128579E+000
010111901dh       31.000    31011901  EMERGENCE                    1  0.2374068E+001  0.9857473E+000  0.2024352E+000  0.2805068E-001 -0.3313674E+000  0.9667327E+000  0.4281430E+000
010111901dh       32.000    01021901  FLORAL_INIT.                 1  0.2475909E+001  0.9858055E+000  0.2036857E+000  0.2830909E-001 -0.2692671E+000  0.9693470E+000  0.4273047E+000
010111901dh       33.000    02021901  FLORAL_INIT.                 1  0.2571938E+001  0.9851985E+000  0.2023634E+000  0.2819193E-001 -0.3541868E+000  0.9710044E+000  0.3263423E+000
010111901dh       34.000    03021901  FLORAL_INIT.                 1  0.2661987E+001  0.9848339E+000  0.2019525E+000  0.2820016E-001 -0.2798041E+000  0.9715399E+000  0.3293137E+000
010111901dh       35.000    04021901  FLORAL_INIT.                 1  0.2726949E+001  0.9846505E+000  0.2034834E+000  0.2848813E-001 -0.2710541E+000  0.9762087E+000  0.1616700E+000
010111901dh       36.000    05021901  FLORAL_INIT.                 1  0.2774981E+001  0.9849600E+000  0.2072562E+000  0.2911533E-001 -0.2624055E+000  0.9780765E+000  0.1212498E+000
010111901dh       37.000    06021901  FLORAL_INIT.                 1  0.2828797E+001  0.9850305E+000  0.2091946E+000  0.2948089E-001 -0.3747195E+000  0.9775016E+000  0.1370140E+000
010111901dh       38.000    07021901  FLORAL_INIT.                 1  0.2884547E+001  0.9849492E+000  0.2103962E+000  0.2972183E-001 -0.4203864E+000  0.9777592E+000  0.2237884E+000
010111901dh       39.000    08021901  FLORAL_INIT.                 1  0.2943831E+001  0.9852974E+000  0.2131569E+000  0.3016717E-001 -0.2417048E+000  0.9770960E+000  0.2007234E+000
010111901dh       40.000    09021901  FLORAL_INIT.                 1  0.3009343E+001  0.9851346E+000  0.2134836E+000  0.3025195E-001 -0.3059658E+000  0.9713999E+000  0.2130014E+000
010111901dh       41.000    10021901  FLORAL_INIT.                 1  0.3067295E+001  0.9855364E+000  0.2170652E+000  0.3074945E-001 -0.3151158E+000  0.9579207E+000  0.1446606E+000
010111901dh       42.000    11021901  FLORAL_INIT.                 1  0.3124989E+001  0.9851126E+000  0.2166758E+000  0.3070804E-001 -0.3700624E+000  0.8382513E+000  0.1638248E+000
010111901dh       43.000    12021901  FLORAL_INIT.                 1  0.3182974E+001  0.9853937E+000  0.2179782E+000  0.3084541E-001 -0.2581825E+000  0.3615218E+000  0.2548148E+000
010111901dh       44.000    13021901  FLORAL_INIT.                 1  0.3280874E+001  0.9864025E+000  0.2176062E+000  0.3059570E-001 -0.2800628E+000  0.3725868E+000  0.5057962E+000
010111901dh       45.000    14021901  FLORAL_INIT.                 1  0.3378258E+001  0.9858617E+000  0.2119318E+000  0.2953355E-001 -0.2082921E+000  0.2981246E+000  0.2759534E+000
010111901dh       46.000    15021901  FLORAL_INIT.                 1  0.3443228E+001  0.9847473E+000  0.2063880E+000  0.2853292E-001 -0.2384723E+000  0.3425497E+000  0.2056585E+000
010111901dh       47.000    16021901  FLORAL_INIT.                 1  0.3509753E+001  0.9839705E+000  0.2021770E+000  0.2776807E-001 -0.2818620E+000  0.7786187E+000  0.2386076E+000
010111901dh       48.000    17021901  FLORAL_INIT.                 1  0.3571859E+001  0.9836633E+000  0.2016983E+000  0.2764315E-001 -0.3704887E+000  0.9541448E+000  0.1315496E+000
010111901dh       49.000    18021901  JOINTING                     1  0.3628684E+001  0.9841367E+000  0.2054481E+000  0.2817293E-001 -0.5537650E+000  0.9844542E+000  0.1325478E+000
010111901dh       50.000    19021901  JOINTING                     1  0.3687075E+001  0.9846259E+000  0.2091427E+000  0.2872225E-001 -0.5516925E+000  0.9894017E+000  0.2869304E+000
010111901dh       51.000    20021901  JOINTING                     1  0.3764580E+001  0.9847578E+000  0.2101300E+000  0.2897255E-001 -0.4995663E+000  0.9908401E+000  0.2275715E+000
010111901dh       52.000    21021901  JOINTING                     1  0.3834124E+001  0.9849035E+000  0.2113965E+000  0.2932589E-001 -0.7328410E+000  0.9919910E+000  0.2481527E+000
010111901dh       53.000    22021901  JOINTING                     1  0.3898002E+001  0.9850485E+000  0.2125550E+000  0.2969057E-001 -0.5880749E+000  0.9926556E+000  0.1576030E+000
010111901dh       54.000    23021901  JOINTING                     1  0.3961873E+001  0.9846039E+000  0.2109955E+000  0.2969258E-001 -0.5046328E+000  0.9928661E+000  0.2370535E+000
010111901dh       55.000    24021901  JOINTING                     1  0.4040598E+001  0.9843181E+000  0.2092049E+000  0.2967337E-001 -0.5844274E+000  0.9934291E+000  0.2839060E+000
010111901dh       56.000    25021901  JOINTING                     1  0.4126770E+001  0.9849987E+000  0.2109659E+000  0.3015851E-001 -0.3225038E+000  0.9935103E+000  0.3986130E+000
010111901dh       57.000    26021901  JOINTING                     1  0.4221773E+001  0.9859310E+000  0.2137975E+000  0.3075053E-001 -0.2198256E+000  0.9914363E+000  0.3455551E+000
010111901dh       58.000    27021901  JOINTING                     1  0.4319543E+001  0.9849465E+000  0.2102056E+000  0.3032861E-001 -0.2380538E+000  0.9910879E+000  0.2922165E+000
010111901dh       59.000    28021901  JOINTING                     1  0.4406329E+001  0.9850587E+000  0.2117560E+000  0.3065470E-001 -0.4607859E+000  0.9898689E+000  0.2728397E+000
010111901dh       60.000    01031901  JOINTING                     1  0.4484259E+001  0.9852858E+000  0.2139196E+000  0.3105909E-001 -0.3100171E+000  0.9873958E+000  0.3565056E+000
010111901dh       61.000    02031901  JOINTING                     1  0.4585763E+001  0.9857622E+000  0.2156422E+000  0.3140612E-001 -0.1831853E+000  0.9840757E+000  0.4163210E+000
010111901dh       62.000    03031901  JOINTING                     1  0.4684860E+001  0.9855539E+000  0.2152292E+000  0.3145161E-001 -0.1919085E+000  0.9800104E+000  0.3478341E+000
010111901dh       63.000    04031901  JOINTING                     1  0.4770065E+001  0.9856424E+000  0.2167058E+000  0.3175336E-001 -0.2268491E+000  0.9713685E+000  0.3394863E+000
010111901dh       64.000    05031901  ELONGATION                   1  0.4863686E+001  0.9863275E+000  0.2201013E+000  0.3230467E-001 -0.1945365E+000  0.9507126E+000  0.4770984E+000
010111901dh       65.000    06031901  ELONGATION                   1  0.4966848E+001  0.9858486E+000  0.2181146E+000  0.3206073E-001 -0.3241404E+000  0.8031498E+000  0.3240407E+000
010111901dh       66.000    07031901  ELONGATION                   1  0.5045422E+001  0.9855173E+000  0.2171958E+000  0.3193649E-001 -0.2298692E+000  0.4079191E+000  0.2709007E+000
010111901dh       67.000    08031901  ELONGATION                   1  0.5122512E+001  0.9849049E+000  0.2137381E+000  0.3138545E-001 -0.4264706E+000  0.4348120E+000  0.2253270E+000
010111901dh       68.000    09031901  ELONGATION                   1  0.5191466E+001  0.9843414E+000  0.2104069E+000  0.3083352E-001 -0.2290076E+000  0.3791692E+000  0.2357226E+000
010111901dh       69.000    10031901  ELONGATION                   1  0.5269803E+001  0.9836337E+000  0.2059196E+000  0.3012065E-001 -0.4742838E+000  0.2362082E+000  0.2047788E+000
010111901dh       70.000    11031901  ELONGATION                   1  0.5356164E+001  0.9837950E+000  0.2040539E+000  0.2977173E-001 -0.6664710E+000  0.2331302E+000  0.2643999E+000
010111901dh       71.000    12031901  ELONGATION                   1  0.5449638E+001  0.9832717E+000  0.1993347E+000  0.2898100E-001 -0.5072790E+000  0.2545976E+000  0.2800739E+000
010111901dh       72.000    13031901  ELONGATION                   1  0.5542243E+001  0.9827471E+000  0.1947301E+000  0.2820200E-001 -0.8548650E+000  0.2048401E+000  0.2334670E+000
010111901dh       73.000    14031901  ELONGATION                   1  0.5639855E+001  0.9821984E+000  0.1900938E+000  0.2742916E-001 -0.1121462E+001  0.2105477E+000  0.2541542E+000
010111901dh       74.000    15031901  ELONGATION                   1  0.5739700E+001  0.9821662E+000  0.1873456E+000  0.2693416E-001 -0.6331584E+000  0.2346622E+000  0.3266349E+000
010111901dh       75.000    16031901  ELONGATION                   1  0.5850396E+001  0.9821115E+000  0.1845519E+000  0.2644337E-001 -0.8214814E+000  0.2429292E+000  0.3880049E+000
010111901dh       76.000    17031901  ELONGATION                   1  0.5976294E+001  0.9820924E+000  0.1818581E+000  0.2599009E-001 -0.7548682E+000  0.2858848E+000  0.4616611E+000
010111901dh       77.000    18031901  ELONGATION                   1  0.6106345E+001  0.9819503E+000  0.1796942E+000  0.2564801E-001 -0.8935898E+000  0.8463875E+000  0.3725969E+000
010111901dh       78.000    19031901  ELONGATION                   1  0.6224169E+001  0.9812122E+000  0.1784130E+000  0.2551426E-001 -0.7705448E+000  0.9740663E+000  0.4284239E+000
010111901dh       79.000    20031901  ELONGATION                   1  0.6330179E+001  0.9820895E+000  0.1826949E+000  0.2621372E-001 -0.5362722E+000  0.9872683E+000  0.3045252E+000
010111901dh       80.000    21031901  ELONGATION                   1  0.6427193E+001  0.9824260E+000  0.1857554E+000  0.2680368E-001 -0.6288726E+000  0.9905293E+000  0.3687035E+000
010111901dh       81.000    22031901  ELONGATION                   1  0.6518655E+001  0.9828189E+000  0.1887780E+000  0.2743669E-001 -0.2324785E+000  0.9918868E+000  0.3964021E+000
010111901dh       82.000    23031901  ELONGATION                   1  0.6626536E+001  0.9831111E+000  0.1911166E+000  0.2800619E-001 -0.5052306E+000  0.9923316E+000  0.3081212E+000
010111901dh       83.000    24031901  ELONGATION                   1  0.6725044E+001  0.9828528E+000  0.1918046E+000  0.2835381E-001 -0.5769178E+000  0.9926046E+000  0.3863199E+000
010111901dh       84.000    25031901  ELONGATION                   1  0.6827703E+001  0.9839170E+000  0.1965052E+000  0.2931939E-001 -0.5703228E+000  0.9929031E+000  0.3537672E+000
010111901dh       85.000    26031901  ELONGATION                   1  0.6942692E+001  0.9836436E+000  0.1966993E+000  0.2963732E-001 -0.5276730E+000  0.9910199E+000  0.4932851E+000
010111901dh       86.000    27031901  ELONGATION                   1  0.7059257E+001  0.9841887E+000  0.1997584E+000  0.3039296E-001 -0.2872927E+000  0.9908040E+000  0.3412070E+000
010111901dh       87.000    28031901  ELONGATION                   1  0.7169044E+001  0.9835308E+000  0.1987480E+000  0.3055105E-001 -0.7295962E+000  0.9890635E+000  0.3799123E+000
010111901dh       88.000    29031901  ANTHESIS                     1  0.7289415E+001  0.9838631E+000  0.2008406E+000  0.3121085E-001 -0.8359514E+000  0.9856913E+000  0.2716979E+000
010111901dh       89.000    30031901  ANTHESIS                     1  0.7413528E+001  0.9842384E+000  0.2030855E+000  0.3190568E-001 -0.9657349E+000  0.9746668E+000  0.3278167E+000
010111901dh       90.000    31031901  ANTHESIS                     1  0.7550119E+001  0.9842295E+000  0.2037467E+000  0.3236066E-001 -0.1083153E+001  0.6589177E+000  0.3863048E+000
010111901dh       91.000    01041901  ANTHESIS                     1  0.7662491E+001  0.9837543E+000  0.2025385E+000  0.3241367E-001 -0.4767537E+000  0.2883870E+000  0.3537600E+000
010111901dh       92.000    02041901  ANTHESIS                     1  0.7786232E+001  0.9831321E+000  0.1999517E+000  0.3219722E-001 -0.5768853E+000  0.4574152E+000  0.3521195E+000
010111901dh       93.000    03041901  ANTHESIS                     1  0.7899989E+001  0.9822007E+000  0.1964732E+000  0.3184373E-001 -0.4018934E+000  0.4587233E+000  0.3459338E+000
010111901dh       94.000    04041901  SEED_FILL                    1  0.8020838E+001  0.9826226E+000  0.1976268E+000  0.3227141E-001 -0.5450468E+000  0.4029682E+000  0.3303275E+000
010111901dh       95.000    05041901  SEED_FILL                    1  0.8128053E+001  0.9834227E+000  0.1990939E+000  0.3280240E-001 -0.5046198E+000  0.4077972E+000  0.3064531E+000
010111901dh       96.000    06041901  SEED_FILL                    1  0.8269711E+001  0.9838470E+000  0.1984083E+000  0.3303303E-001 -0.9031982E+000  0.3740912E+000  0.3944417E+000
010111901dh       97.000    07041901  SEED_FILL                    1  0.8424904E+001  0.9837622E+000  0.1961919E+000  0.3301270E-001 -0.8913336E+000  0.4260196E+000  0.4246317E+000
010111901dh       98.000    08041901  SEED_FILL                    1  0.8578970E+001  0.9829676E+000  0.1921832E+000  0.3271309E-001 -0.7447092E+000  0.5856511E+000  0.4286211E+000
010111901dh       99.000    09041901  SEED_FILL                    1  0.8720115E+001  0.9828711E+000  0.1910643E+000  0.3291872E-001 -0.8635954E+000  0.7237654E+000  0.3566606E+000
010111901dh      100.000    10041901  SEED_NO._SET                 1  0.8855782E+001  0.9829830E+000  0.1908650E+000  0.3331785E-001 -0.8968562E+000  0.3456566E+000  0.3787762E+000
010111901dh      101.000    11041901  SEED_NO._SET                 1  0.8971838E+001  0.9818626E+000  0.1866725E+000  0.3298528E-001 -0.4846016E+000  0.2413424E+000  0.3219330E+000
010111901dh      102.000    12041901  SEED_NO._SET                 1  0.9105847E+001  0.9820543E+000  0.1856583E+000  0.3322462E-001 -0.7916318E+000  0.2482039E+000  0.3375638E+000
010111901dh      103.000    13041901  SEED_NO._SET                 1  0.9250180E+001  0.9815386E+000  0.1821418E+000  0.3299059E-001 -0.9654342E+000  0.2001590E+000  0.3212398E+000
010111901dh      104.000    14041901  SEED_NO._SET                 1  0.9372715E+001  0.9800832E+000  0.1765191E+000  0.3228635E-001 -0.5968591E+000  0.1896724E+000  0.3086950E+000
010111901dh      105.000    15041901  SEED_NO._SET                 1  0.9473691E+001  0.9790863E+000  0.1726167E+000  0.3181690E-001 -0.5362198E+000  0.2271594E+000  0.3311049E+000
010111901dh      106.000    16041901  SEED_MASS_SET                1  0.9605453E+001  0.9789151E+000  0.1702978E+000  0.3170001E-001 -0.5989295E+000  0.7788474E+000  0.3285371E+000
010111901dh      107.000    17041901  SEED_MASS_SET                1  0.9749737E+001  0.9790958E+000  0.1692374E+000  0.3195912E-001 -0.8348838E+000  0.9620053E+000  0.3792056E+000
010111901dh      108.000    18041901  SEED_MASS_SET                1  0.9914905E+001  0.9793279E+000  0.1685184E+000  0.3242045E-001 -0.1047447E+001  0.9846521E+000  0.4573556E+000
010111901dh      109.000    19041901  SEED_MASS_SET                1  0.1006801E+002  0.9774364E+000  0.1634786E+000  0.3208351E-001 -0.8831086E+000  0.9891172E+000  0.3832617E+000
010111901dh      110.000    20041901  SEED_MASS_SET                1  0.1019419E+002  0.9767913E+000  0.1617160E+000  0.3236773E-001 -0.6915126E+000  0.9907251E+000  0.3091433E+000
010111901dh      111.000    21041901  SEED_MASS_SET                1  0.1032828E+002  0.9763265E+000  0.1600300E+000  0.3270992E-001 -0.8334168E+000  0.9916516E+000  0.3062392E+000
010111901dh      112.000    22041901  SEED_MASS_SET                1  0.1048448E+002  0.9766676E+000  0.1598533E+000  0.3340937E-001 -0.1112636E+001  0.9920356E+000  0.4477373E+000
010111901dh      113.000    23041901  SEED_MASS_SET                1  0.1067009E+002  0.9775659E+000  0.1607857E+000  0.3436741E-001 -0.1352153E+001  0.9920315E+000  0.5918829E+000
010111901dh      114.000    24041901  SEED_MASS_SET                1  0.1085490E+002  0.9764689E+000  0.1578523E+000  0.3442408E-001 -0.1229632E+001  0.9925441E+000  0.4006030E+000
010111901dh      115.000    25041901  SEED_MASS_SET                1  0.1100862E+002  0.9748279E+000  0.1540173E+000  0.3420630E-001 -0.8157259E+000  0.9896693E+000  0.3303159E+000
010111901dh      116.000    26041901  SEED_MASS_SET                1  0.1116701E+002  0.9742488E+000  0.1521870E+000  0.3444669E-001 -0.8552580E+000  0.9856640E+000  0.3745746E+000
010111901dh      117.000    27041901  SEED_MASS_SET                1  0.1131116E+002  0.9725572E+000  0.1482919E+000  0.3416461E-001 -0.6976519E+000  0.9806657E+000  0.3469041E+000
010111901dh      118.000    28041901  SEED_MASS_SET                1  0.1145419E+002  0.9720359E+000  0.1467107E+000  0.3440354E-001 -0.7137165E+000  0.8960901E+000  0.3166416E+000
010111901dh      119.000    29041901  SEED_MASS_SET                1  0.1160338E+002  0.9713725E+000  0.1446727E+000  0.3447567E-001 -0.8038133E+000  0.3218485E+000  0.3934174E+000
010111901dh      120.000    30041901  SEED_MASS_SET                1  0.1174895E+002  0.9700177E+000  0.1412598E+000  0.3404633E-001 -0.7400114E+000  0.2288664E+000  0.3375217E+000
010111901dh      121.000    01051901  SEED_MASS_SET                1  0.1190122E+002  0.9691478E+000  0.1386801E+000  0.3376629E-001 -0.8097024E+000  0.2152821E+000  0.4127172E+000
010111901dh      122.000    02051901  SEED_MASS_SET                1  0.1205756E+002  0.9676849E+000  0.1352212E+000  0.3321540E-001 -0.9596165E+000  0.2204386E+000  0.3704973E+000
010111901dh      123.000    03051901  SEED_MASS_SET                1  0.1220786E+002  0.9661454E+000  0.1319628E+000  0.3270257E-001 -0.8328426E+000  0.4294767E+000  0.3241187E+000
010111901dh      124.000    04051901  SEED_MASS_SET                1  0.1234281E+002  0.9646175E+000  0.1291222E+000  0.3227879E-001 -0.6707543E+000  0.4279677E+000  0.3480811E+000
010111901dh      125.000    05051901  SEED_MASS_SET                1  0.1247798E+002  0.9631039E+000  0.1264444E+000  0.3191325E-001 -0.6583279E+000  0.4588104E+000  0.3744747E+000
010111901dh      126.000    06051901  SEED_MASS_SET                1  0.1260981E+002  0.9615066E+000  0.1237922E+000  0.3155119E-001 -0.4632154E+000  0.4496224E+000  0.3942971E+000
010111901dh      127.000    07051901  SEED_MASS_SET                1  0.1275458E+002  0.9608823E+000  0.1225257E+000  0.3158368E-001 -0.6455144E+000  0.5420006E+000  0.3830370E+000
010111901dh      128.000    08051901  SEED_MASS_SET                1  0.1289598E+002  0.9601740E+000  0.1212898E+000  0.3160525E-001 -0.6599900E+000  0.6524788E+000  0.3728417E+000
010111901dh      129.000    09051901  SEED_MASS_SET                1  0.1303877E+002  0.9592537E+000  0.1199008E+000  0.3160386E-001 -0.5644822E+000  0.7983134E+000  0.3839587E+000
010111901dh      130.000    10051901  SEED_MASS_SET                1  0.1319497E+002  0.9589538E+000  0.1193330E+000  0.3188734E-001 -0.6882797E+000  0.8913955E+000  0.3903368E+000
010111901dh      131.000    11051901  SEED_MASS_SET                1  0.1334939E+002  0.9583872E+000  0.1185095E+000  0.3211984E-001 -0.6633401E+000  0.9487835E+000  0.3810328E+000
010111901dh      132.000    12051901  SEED_MASS_SET                1  0.1349452E+002  0.9581790E+000  0.1181985E+000  0.3249224E-001 -0.5824631E+000  0.9747266E+000  0.3996067E+000
010111901dh      133.000    13051901  SEED_MASS_SET                1  0.1364456E+002  0.9571296E+000  0.1168286E+000  0.3262447E-001 -0.6270459E+000  0.9814353E+000  0.4000158E+000
010111901dh      134.000    14051901  SEED_MASS_SET                1  0.1378592E+002  0.9556745E+000  0.1149870E+000  0.3261797E-001 -0.5502109E+000  0.9840618E+000  0.4308816E+000
010111901dh      135.000    15051901  SEED_MASS_SET                1  0.1391240E+002  0.9582525E+000  0.1181028E+000  0.3390674E-001 -0.2587862E+000  0.9815931E+000  0.3654971E+000
010111901dh      136.000    16051901  SEED_MASS_SET                1  0.1403036E+002  0.9558437E+000  0.1151780E+000  0.3338549E-001 -0.2773905E+000  0.9868140E+000  0.3786361E+000
010111901dh      137.000    17051901  SEED_MASS_SET                1  0.1417472E+002  0.9549912E+000  0.1140540E+000  0.3349734E-001 -0.6419074E+000  0.9864331E+000  0.3605057E+000
010111901dh      138.000    18051901  SEED_MASS_SET                1  0.1427771E+002  0.9560998E+000  0.1154209E+000  0.3418656E-001 -0.1657385E+000  0.9886042E+000  0.4230821E+000
010111901dh      139.000    19051901  SEED_MASS_SET                1  0.1439651E+002  0.9548031E+000  0.1138060E+000  0.3399236E-001 -0.2225807E+000  0.9878571E+000  0.3323488E+000
010111901dh      140.000    20051901  SEED_MASS_SET                1  0.1453411E+002  0.9537944E+000  0.1125187E+000  0.3402076E-001 -0.5132334E+000  0.9870685E+000  0.3759027E+000
010111901dh      141.000    21051901  SEED_MASS_SET                1  0.1466285E+002  0.9528825E+000  0.1113812E+000  0.3405547E-001 -0.3938692E+000  0.9878992E+000  0.3748953E+000
010111901dh      142.000    22051901  SEED_MASS_SET                1  0.1481898E+002  0.9526009E+000  0.1109771E+000  0.3439742E-001 -0.6461580E+000  0.9838680E+000  0.4251458E+000
010111901dh      143.000    23051901  SEED_MASS_SET                1  0.1498228E+002  0.9522253E+000  0.1104694E+000  0.3470736E-001 -0.6594887E+000  0.9920676E+000  0.4174123E+000
010111901dh      144.000    24051901  SEED_MASS_SET                1  0.1514360E+002  0.9517204E+000  0.1098380E+000  0.3495213E-001 -0.6538746E+000  0.9816425E+000  0.4026039E+000
010111901dh      145.000    25051901  SEED_MASS_SET                1  0.1529890E+002  0.9510034E+000  0.1089892E+000  0.3509990E-001 -0.6151396E+000  0.9798126E+000  0.4092110E+000
010111901dh      146.000    26051901  SEED_MASS_SET                1  0.1541830E+002  0.9502172E+000  0.1080723E+000  0.3510347E-001 -0.4489042E+000  0.9713981E+000  0.3081269E+000
010111901dh      147.000    27051901  SEED_MASS_SET                1  0.1554430E+002  0.9495647E+000  0.1073185E+000  0.3517458E-001 -0.4628875E+000  0.4989804E+000  0.3357376E+000
010111901dh      148.000    28051901  SEED_MASS_SET                1  0.1569241E+002  0.9489414E+000  0.1066078E+000  0.3523992E-001 -0.5578802E+000  0.3152575E+000  0.3765034E+000
010111901dh      149.000    29051901  SEED_MASS_SET                1  0.1584783E+002  0.9473981E+000  0.1049477E+000  0.3492073E-001 -0.6028192E+000  0.2561360E+000  0.3671412E+000
010111901dh      150.000    30051901  SEED_MASS_SET                1  0.1599152E+002  0.9451248E+000  0.1026361E+000  0.3431869E-001 -0.4833733E+000  0.2652512E+000  0.3686154E+000
010111901dh      151.000    31051901  SEED_MASS_SET                1  0.1615366E+002  0.9439639E+000  0.1015765E+000  0.3415881E-001 -0.6261251E+000  0.2698888E+000  0.4096712E+000
010111901dh      152.000    01061901  SEED_MASS_SET                1  0.1631600E+002  0.9422662E+000  0.1000435E+000  0.3380793E-001 -0.6238976E+000  0.4055542E+000  0.4334633E+000
010111901dh      153.000    02061901  SEED_MASS_SET                1  0.1648274E+002  0.9412386E+000  0.9916907E-001  0.3370370E-001 -0.5764612E+000  0.4071058E+000  0.4497156E+000
010111901dh      154.000    03061901  SEED_MASS_SET                1  0.1665213E+002  0.9402276E+000  0.9831834E-001  0.3363149E-001 -0.5578774E+000  0.7269828E+000  0.4446583E+000
010111901dh      155.000    04061901  SEED_MASS_SET                1  0.1684306E+002  0.9403711E+000  0.9846985E-001  0.3392880E-001 -0.7981305E+000  0.8391341E+000  0.5842644E+000
010111901dh      156.000    05061901  SEED_MASS_SET                1  0.1703343E+002  0.9401496E+000  0.9820908E-001  0.3409234E-001 -0.6942950E+000  0.9144275E+000  0.5008523E+000
010111901dh      157.000    06061901  SEED_MASS_SET                1  0.1719757E+002  0.9396902E+000  0.9770908E-001  0.3419995E-001 -0.5394120E+000  0.9685855E+000  0.4035866E+000
010111901dh      158.000    07061901  SEED_MASS_SET                1  0.1736516E+002  0.9399607E+000  0.9791175E-001  0.3459559E-001 -0.6502955E+000  0.9577624E+000  0.4815628E+000
010111901dh      159.000    08061901  SEED_MASS_SET                1  0.1755726E+002  0.9411228E+000  0.9892025E-001  0.3525040E-001 -0.9287814E+000  0.9412594E+000  0.6327878E+000
010111901dh      160.000    09061901  SEED_MASS_SET                1  0.1775902E+002  0.9436932E+000  0.1012078E+000  0.3630535E-001 -0.1032508E+001  0.9797507E+000  0.8814146E+000
010111901dh      161.000    10061901  SEED_MASS_SET                1  0.1796511E+002  0.9493167E+000  0.1068977E+000  0.3880699E-001 -0.1018082E+001  0.9887117E+000  0.9286217E+000
010111901dh      162.000    11061901  SEED_MASS_SET                1  0.1817363E+002  0.9545967E+000  0.1135492E+000  0.4177249E-001 -0.1001026E+001  0.9890504E+000  0.9676193E+000
010111901dh      163.000    12061901  SEED_MASS_SET                1  0.1838501E+002  0.9560697E+000  0.1156702E+000  0.4285114E-001 -0.8797640E+000  0.9910337E+000  0.5517976E+000
010111901dh      164.000    13061901  SEED_MASS_SET                1  0.1857016E+002  0.9561946E+000  0.1158754E+000  0.4323957E-001 -0.6191337E+000  0.9915656E+000  0.5201931E+000
010111901dh      165.000    14061901  SEED_MASS_SET                1  0.1873857E+002  0.9560122E+000  0.1156168E+000  0.4340704E-001 -0.5256361E+000  0.9920675E+000  0.4293516E+000
010111901dh      166.000    15061901  SEED_MASS_SET                1  0.1889143E+002  0.9557312E+000  0.1152131E+000  0.4348345E-001 -0.4638048E+000  0.9922779E+000  0.4504752E+000
010111901dh      167.000    16061901  SEED_MASS_SET                1  0.1904685E+002  0.9560931E+000  0.1157292E+000  0.4388132E-001 -0.4723206E+000  0.9924234E+000  0.4445820E+000
010111901dh      168.000    17061901  SEED_MASS_SET                1  0.1922878E+002  0.9564494E+000  0.1162443E+000  0.4432037E-001 -0.6147298E+000  0.9922239E+000  0.4961146E+000
010111901dh      169.000    18061901  SEED_MASS_SET                1  0.1941201E+002  0.9565726E+000  0.1164291E+000  0.4462035E-001 -0.5911630E+000  0.9924220E+000  0.4909436E+000
010111901dh      170.000    19061901  SEED_MASS_SET                1  0.1959623E+002  0.9561047E+000  0.1156917E+000  0.4394866E-001 -0.5925432E+000  0.9923498E+000  0.5561438E+000
010111901dh      171.000    20061901  SEED_MASS_SET                1  0.1978373E+002  0.9545877E+000  0.1134157E+000  0.4176579E-001 -0.5932892E+000  0.9926590E+000  0.4244012E+000
010111901dh      172.000    21061901  SEED_MASS_SET                1  0.1996437E+002  0.9528893E+000  0.1110235E+000  0.3953824E-001 -0.6321980E+000  0.9925000E+000  0.4967537E+000
010111901dh      173.000    22061901  SEED_MASS_SET                1  0.2015748E+002  0.9516417E+000  0.1092998E+000  0.3781501E-001 -0.6551234E+000  0.8955094E+000  0.5947991E+000
010111901dh      174.000    23061901  SEED_MASS_SET                1  0.2035343E+002  0.9513515E+000  0.1087697E+000  0.3678170E-001 -0.6105892E+000  0.8512828E+000  0.5271448E+000
010111901dh      175.000    24061901  SEED_MASS_SET                1  0.2053941E+002  0.9498188E+000  0.1065978E+000  0.3538028E-001 -0.4521392E+000  0.8576781E+000  0.5055691E+000
010111901dh      176.000    25061901  SEED_MASS_SET                1  0.2072778E+002  0.9491882E+000  0.1056159E+000  0.3451887E-001 -0.4504180E+000  0.5687156E+000  0.4862574E+000
010111901dh      177.000    26061901  END_SEED_FILL                1  0.2090835E+002  0.9448592E+000  0.9947349E-001  0.3212784E-001 -0.3353369E+000  0.2631983E-001  0.5281039E+000
010111901dh      178.000    27061901  END_SEED_FILL                1  0.2108411E+002  0.9412699E+000  0.9436434E-001  0.3024340E-001 -0.3799066E+000  0.2821110E+000  0.5108264E+000
010111901dh      179.000    28061901  END_SEED_FILL                1  0.2126225E+002  0.9384049E+000  0.9052029E-001  0.2874761E-001 -0.3875573E+000  0.1342500E+000  0.4713966E+000
010111901dh      180.000    29061901  END_SEED_FILL                1  0.2143871E+002  0.9356111E+000  0.8695474E-001  0.2731633E-001 -0.3512904E+000  0.6741886E-001  0.4871424E+000
010111901dh      181.000    30061901  END_SEED_FILL                1  0.2161739E+002  0.9333630E+000  0.8404078E-001  0.2611649E-001 -0.3449019E+000  0.2731617E+000  0.5126917E+000
010111901dh      182.000    01071901  END_SEED_FILL                1  0.2179822E+002  0.9318139E+000  0.8178859E-001  0.2517567E-001 -0.3281568E+000  0.7123285E+000  0.5178270E+000
010111901dh      183.000    02071901  END_SEED_FILL                1  0.2197908E+002  0.9309431E+000  0.8011989E-001  0.2443753E-001 -0.3086045E+000  0.9294913E+000  0.5078154E+000
010111901dh      184.000    03071901  END_SEED_FILL                1  0.2215695E+002  0.9305466E+000  0.7892289E-001  0.2384955E-001 -0.3090870E+000  0.9675152E+000  0.4642054E+000
010111901dh      185.000    04071901  END_SEED_FILL                1  0.2233632E+002  0.9303808E+000  0.7802127E-001  0.2335956E-001 -0.2951472E+000  0.9711430E+000  0.4700998E+000
010111901dh      186.000    05071901  END_SEED_FILL                1  0.2251721E+002  0.9303518E+000  0.7731067E-001  0.2294133E-001 -0.3013138E+000  0.9852569E+000  0.4715976E+000
010111901dh      187.000    06071901  END_SEED_FILL                1  0.2269995E+002  0.9304212E+000  0.7672174E-001  0.2257828E-001 -0.3299197E+000  0.9878806E+000  0.4671725E+000
010111901dh      188.000    07071901  END_SEED_FILL                1  0.2287638E+002  0.9306632E+000  0.7640992E-001  0.2230849E-001 -0.2463356E+000  0.9891605E+000  0.5060754E+000
010111901dh      189.000    08071901  END_SEED_FILL                1  0.2303795E+002  0.9310204E+000  0.7636351E-001  0.2211962E-001 -0.2315393E+000  0.9900477E+000  0.4740400E+000
010111901dh      190.000    09071901  END_SEED_FILL                1  0.2321484E+002  0.9313449E+000  0.7639784E-001  0.2195711E-001 -0.2090054E+000  0.9905694E+000  0.6236386E+000
010111901dh      191.000    10071901  END_SEED_FILL                1  0.2340603E+002  0.9317404E+000  0.7655843E-001  0.2184028E-001 -0.2061237E+000  0.9909773E+000  0.5692087E+000
010111901dh      192.000    11071901  END_SEED_FILL                1  0.2359462E+002  0.9321886E+000  0.7680671E-001  0.2175732E-001 -0.1754887E+000  0.9912978E+000  0.5171345E+000
010111901dh      193.000    12071901  END_SEED_FILL                1  0.2377274E+002  0.9327356E+000  0.7726170E-001  0.2173410E-001 -0.1562621E+000  0.9915547E+000  0.4947460E+000
010111901dh      194.000    13071901  END_SEED_FILL                1  0.2395463E+002  0.9333048E+000  0.7782231E-001  0.2174139E-001 -0.1315027E+000  0.9917250E+000  0.5102823E+000
010111901dh      195.000    14071901  END_SEED_FILL                1  0.2414417E+002  0.9339219E+000  0.7850420E-001  0.2178194E-001 -0.9651804E-001  0.9918485E+000  0.5892644E+000
010111901dh      196.000    15071901  END_SEED_FILL                1  0.2433644E+002  0.9346200E+000  0.7936541E-001  0.2186632E-001 -0.8067252E-001  0.9919325E+000  0.5638079E+000
010111901dh      197.000    16071901  END_SEED_FILL                1  0.2452255E+002  0.9354284E+000  0.8041895E-001  0.2199445E-001 -0.5720718E-001  0.9920681E+000  0.5579988E+000
010111901dh      198.000    17071901  END_SEED_FILL                1  0.2470623E+002  0.9362596E+000  0.8154769E-001  0.2213647E-001 -0.6878059E-001  0.9920804E+000  0.5852077E+000
010111901dh      199.000    18071901  END_SEED_FILL                1  0.2489377E+002  0.9370134E+000  0.8254075E-001  0.2224858E-001 -0.6309007E-001  0.9921778E+000  0.5643924E+000
010111901dh      200.000    19071901  END_SEED_FILL                1  0.2508468E+002  0.9377929E+000  0.8350444E-001  0.2236928E-001 -0.6142995E-001  0.9922406E+000  0.5277887E+000
010111901dh      201.000    20071901  END_SEED_FILL                1  0.2526701E+002  0.9386168E+000  0.8447340E-001  0.2250845E-001 -0.5986425E-001  0.9923392E+000  0.4953532E+000
010111901dh      202.000    21071901  END_SEED_FILL                1  0.2546041E+002  0.9394693E+000  0.8544898E-001  0.2266830E-001 -0.4991065E-001  0.9521285E+000  0.5346441E+000
010111901dh      203.000    22071901  END_SEED_FILL                1  0.2564253E+002  0.9403661E+000  0.8645993E-001  0.2286714E-001 -0.5783216E-001  0.9739848E+000  0.5356098E+000
010111901dh      204.000    23071901  END_SEED_FILL                1  0.2583107E+002  0.9413176E+000  0.8752764E-001  0.2309796E-001 -0.4653800E-001  0.9186846E+000  0.5755143E+000
010111901dh      205.000    24071901  END_SEED_FILL                1  0.2600817E+002  0.9422259E+000  0.8856022E-001  0.2332626E-001 -0.8055103E-001  0.1354881E+000  0.6142727E+000
010111901dh      206.000    25071901  END_SEED_FILL                1  0.2620005E+002  0.9428188E+000  0.8926884E-001  0.2344989E-001 -0.5202442E-001  0.3523018E+000  0.5039041E+000
010111901dh      207.000    26071901  END_SEED_FILL                1  0.2622876E+002  0.9900990E+000  0.0000000E+000  0.0000000E+000 -0.6805599E+000  0.1056522E+000  0.5583494E+000
010111901dh      208.000    27071901  PLANTING                     1  0.0000000E+000  0.9900990E+000  0.0000000E+000  0.0000000E+000 -0.4493506E-002  0.0000000E+000  0.8445723E+000
010111901dh      209.000    28071901  PLANTING                     1  0.0000000E+000  0.9900990E+000  0.0000000E+000  0.0000000E+000 -0.4319311E-002  0.0000000E+000  0.6415016E+000
010111901dh      210.000    29071901  PLANTING                     1  0.0000000E+000  0.9900990E+000  0.0000000E+000  0.0000000E+000 -0.4127679E-002  0.0000000E+000  0.6079436E+000
010111901dh      211.000    30071901  PLANTING                     1  0.0000000E+000  0.9900990E+000  0.0000000E+000  0.0000000E+000 -0.4745640E-002  0.0000000E+000  0.5868811E+000
010111901dh      212.000    31071901  PLANTING                     1  0.0000000E+000  0.9900990E+000  0.0000000E+000  0.0000000E+000 -0.5314195E-002  0.0000000E+000  0.6322661E+000
010111901dh      213.000    01081901  PLANTING                     1  0.0000000E+000  0.9900990E+000  0.0000000E+000  0.0000000E+000 -0.4632800E-002  0.0000000E+000  0.6268120E+000
010111901dh      214.000    02081901  PLANTING                     1  0.0000000E+000  0.9900990E+000  0.0000000E+000  0.0000000E+000 -0.7292485E-002  0.0000000E+000  0.7066778E+000
010111901dh      215.000    03081901  PLANTING                     1  0.0000000E+000  0.9900990E+000  0.0000000E+000  0.0000000E+000 -0.7397599E-002  0.0000000E+000  0.7358603E+000
010111901dh      216.000    04081901  PLANTING                     1  0.0000000E+000  0.9900990E+000  0.0000000E+000  0.0000000E+000 -0.7511762E-002  0.0000000E+000  0.7170361E+000
010111901dh      217.000    05081901  PLANTING                     1  0.0000000E+000  0.9900990E+000  0.0000000E+000  0.0000000E+000 -0.7624678E-002  0.0000000E+000  0.7178896E+000
010111901dh      218.000    06081901  PLANTING                     1  0.0000000E+000  0.9900990E+000  0.0000000E+000  0.0000000E+000 -0.7750730E-002  0.0000000E+000  0.7073841E+000
010111901dh      219.000    07081901  PLANTING                     1  0.0000000E+000  0.9900990E+000  0.0000000E+000  0.0000000E+000 -0.7878704E-002  0.0000000E+000  0.6860077E+000
010111901dh      220.000    08081901  PLANTING                     1  0.0000000E+000  0.9900990E+000  0.0000000E+000  0.0000000E+000 -0.7927441E-002  0.0000000E+000  0.6209417E+000
010111901dh      221.000    09081901  PLANTING                     1  0.0000000E+000  0.9900990E+000  0.0000000E+000  0.0000000E+000 -0.3918193E-002  0.0000000E+000  0.7388259E+000
010111901dh      222.000    10081901  PLANTING                     1  0.0000000E+000  0.9900990E+000  0.0000000E+000  0.0000000E+000 -0.4048096E-002  0.0000000E+000  0.7048667E+000
010111901dh      223.000    11081901  PLANTING                     1  0.0000000E+000  0.9900990E+000  0.0000000E+000  0.0000000E+000 -0.4259369E-002  0.0000000E+000  0.7212925E+000
010111901dh      224.000    12081901  PLANTING                     1  0.0000000E+000  0.9900990E+000  0.0000000E+000  0.0000000E+000 -0.5004883E-002  0.0000000E+000  0.7288400E+000
010111901dh      225.000    13081901  PLANTING                     1  0.0000000E+000  0.9900990E+000  0.0000000E+000  0.0000000E+000 -0.5692958E-002  0.0000000E+000  0.7897793E+000
010111901dh      226.000    14081901  PLANTING                     1  0.0000000E+000  0.9900990E+000  0.0000000E+000  0.0000000E+000 -0.6013501E-002  0.0000000E+000  0.9452292E+000
010111901dh      227.000    15081901  PLANTING                     1  0.0000000E+000  0.9900990E+000  0.0000000E+000  0.0000000E+000 -0.5428091E-002  0.0000000E+000  0.9362139E+000
010111901dh      228.000    16081901  PLANTING                     1  0.0000000E+000  0.9900990E+000  0.0000000E+000  0.0000000E+000 -0.5373486E-002  0.0000000E+000  0.7054706E+000
010111901dh      229.000    17081901  PLANTING                     1  0.0000000E+000  0.9900990E+000  0.0000000E+000  0.0000000E+000 -0.4996360E-002  0.0000000E+000  0.6456530E+000
010111901dh      230.000    18081901  PLANTING                     1  0.0000000E+000  0.9900990E+000  0.0000000E+000  0.0000000E+000 -0.5356865E-002  0.0000000E+000  0.6731287E+000
010111901dh      231.000    19081901  PLANTING                     1  0.0000000E+000  0.9900990E+000  0.0000000E+000  0.0000000E+000 -0.4019179E-002  0.0000000E+000  0.6685886E+000
010111901dh      232.000    20081901  PLANTING                     1  0.0000000E+000  0.9900990E+000  0.0000000E+000  0.0000000E+000 -0.2794151E-002  0.0000000E+000  0.6965694E+000
010111901dh      233.000    21081901  PLANTING                     1  0.0000000E+000  0.9900990E+000  0.0000000E+000  0.0000000E+000 -0.4322019E-002  0.0000000E+000  0.8734864E+000
010111901dh      234.000    22081901  PLANTING                     1  0.0000000E+000  0.9900990E+000  0.0000000E+000  0.0000000E+000 -0.4298940E-002  0.0000000E+000  0.7213992E+000
010111901dh      235.000    23081901  PLANTING                     1  0.0000000E+000  0.9900990E+000  0.0000000E+000  0.0000000E+000 -0.2976962E-002  0.0000000E+000  0.6981879E+000
010111901dh      236.000    24081901  PLANTING                     1  0.0000000E+000  0.9900990E+000  0.0000000E+000  0.0000000E+000 -0.3169489E-002  0.0000000E+000  0.7275641E+000
010111901dh      237.000    25081901  PLANTING                     1  0.0000000E+000  0.9900990E+000  0.0000000E+000  0.0000000E+000 -0.3769425E-002  0.0000000E+000  0.7254754E+000
010111901dh      238.000    26081901  PLANTING                     1  0.0000000E+000  0.9900990E+000  0.0000000E+000  0.0000000E+000 -0.4168122E-002  0.0000000E+000  0.7397355E+000
010111901dh      239.000    27081901  PLANTING                     1  0.0000000E+000  0.9900990E+000  0.0000000E+000  0.0000000E+000 -0.3972707E-002  0.0000000E+000  0.6963543E+000
010111901dh      240.000    28081901  PLANTING                     1  0.0000000E+000  0.9900990E+000  0.0000000E+000  0.0000000E+000 -0.3977574E-002  0.0000000E+000  0.7547417E+000
010111901dh      241.000    29081901  PLANTING                     1  0.0000000E+000  0.9900990E+000  0.0000000E+000  0.0000000E+000 -0.4205335E-002  0.0000000E+000  0.7860559E+000
010111901dh      242.000    30081901  PLANTING                     1  0.0000000E+000  0.9900990E+000  0.0000000E+000  0.0000000E+000 -0.7287267E-002  0.0000000E+000  0.7855373E+000
010111901dh      243.000    31081901  PLANTING                     1  0.0000000E+000  0.9900990E+000  0.0000000E+000  0.0000000E+000 -0.7413109E-002  0.0000000E+000  0.8664772E+000
010111901dh      244.000    01091901  PLANTING                     1  0.0000000E+000  0.9900990E+000  0.0000000E+000  0.0000000E+000 -0.7525133E-002  0.0000000E+000  0.8234636E+000
010111901dh      245.000    02091901  PLANTING                     1  0.0000000E+000  0.9900990E+000  0.0000000E+000  0.0000000E+000 -0.7623328E-002  0.0000000E+000  0.7411628E+000
010111901dh      246.000    03091901  PLANTING                     1  0.0000000E+000  0.9900990E+000  0.0000000E+000  0.0000000E+000 -0.7733876E-002  0.0000000E+000  0.7354132E+000
010111901dh      247.000    04091901  PLANTING                     1  0.0000000E+000  0.9900990E+000  0.0000000E+000  0.0000000E+000 -0.7847299E-002  0.0000000E+000  0.7034299E+000
010111901dh      248.000    05091901  PLANTING                     1  0.0000000E+000  0.9900990E+000  0.0000000E+000  0.0000000E+000 -0.7935533E-002  0.0000000E+000  0.7296126E+000
010111901dh      249.000    06091901  PLANTING                     1  0.0000000E+000  0.9900990E+000  0.0000000E+000  0.0000000E+000 -0.7992180E-002  0.0000000E+000  0.6826136E+000
010111901dh      250.000    07091901  PLANTING                     1  0.0000000E+000  0.9900990E+000  0.0000000E+000  0.0000000E+000 -0.2372544E-002  0.0000000E+000  0.6206328E+000
010111901dh      251.000    08091901  PLANTING                     1  0.0000000E+000  0.9900990E+000  0.0000000E+000  0.0000000E+000 -0.3338608E-002  0.0000000E+000  0.6780328E+000
010111901dh      252.000    09091901  PLANTING                     1  0.0000000E+000  0.9900990E+000  0.0000000E+000  0.0000000E+000 -0.2679090E-002  0.0000000E+000  0.6440929E+000
010111901dh      253.000    10091901  PLANTING                     1  0.0000000E+000  0.9900990E+000  0.0000000E+000  0.0000000E+000 -0.3564374E-002  0.0000000E+000  0.6428867E+000
010111901dh      254.000    11091901  PLANTING                     1  0.0000000E+000  0.9900990E+000  0.0000000E+000  0.0000000E+000 -0.4067644E-002  0.0000000E+000  0.7143858E+000
010111901dh      255.000    12091901  PLANTING                     1  0.0000000E+000  0.9900990E+000  0.0000000E+000  0.0000000E+000 -0.4551735E-002  0.0000000E+000  0.8211226E+000
010111901dh      256.000    13091901  PLANTING                     1  0.0000000E+000  0.9900990E+000  0.0000000E+000  0.0000000E+000 -0.5118065E-002  0.0000000E+000  0.8637803E+000
010111901dh      257.000    14091901  PLANTING                     1  0.0000000E+000  0.9900990E+000  0.0000000E+000  0.0000000E+000 -0.4775028E-002  0.0000000E+000  0.6344969E+000
010111901dh      258.000    15091901  PLANTING                     1  0.0000000E+000  0.9900990E+000  0.0000000E+000  0.0000000E+000 -0.4104595E-002  0.0000000E+000  0.7628468E+000
010111901dh      259.000    16091901  PLANTING                     1  0.0000000E+000  0.9900990E+000  0.0000000E+000  0.0000000E+000 -0.4099166E-002  0.0000000E+000  0.6195897E+000
010111901dh      260.000    17091901  PLANTING                     1  0.0000000E+000  0.9900990E+000  0.0000000E+000  0.0000000E+000 -0.4413237E-002  0.0000000E+000  0.6663366E+000
010111901dh      261.000    18091901  PLANTING                     1  0.0000000E+000  0.9900990E+000  0.0000000E+000  0.0000000E+000 -0.3901356E-002  0.0000000E+000  0.6179269E+000
010111901dh      262.000    19091901  PLANTING                     1  0.0000000E+000  0.9900990E+000  0.0000000E+000  0.0000000E+000 -0.3187129E-002  0.0000000E+000  0.6018497E+000
010111901dh      263.000    20091901  PLANTING                     1  0.0000000E+000  0.9900990E+000  0.0000000E+000  0.0000000E+000 -0.2459075E-002  0.0000000E+000  0.6599614E+000
010111901dh      264.000    21091901  PLANTING                     1  0.0000000E+000  0.9900990E+000  0.0000000E+000  0.0000000E+000 -0.3828905E-002  0.0000000E+000  0.7060635E+000
010111901dh      265.000    22091901  PLANTING                     1  0.0000000E+000  0.9900990E+000  0.0000000E+000  0.0000000E+000 -0.2554795E-002  0.0000000E+000  0.6740606E+000
010111901dh      266.000    23091901  PLANTING                     1  0.0000000E+000  0.9900990E+000  0.0000000E+000  0.0000000E+000 -0.2674389E-002  0.0000000E+000  0.7780103E+000
010111901dh      267.000    24091901  PLANTING                     1  0.0000000E+000  0.9900990E+000  0.0000000E+000  0.0000000E+000 -0.3643544E-002  0.0000000E+000  0.7615607E+000
010111901dh      268.000    25091901  PLANTING                     1  0.0000000E+000  0.9900990E+000  0.0000000E+000  0.0000000E+000 -0.3936293E-002  0.0000000E+000  0.9501391E+000
010111901dh      269.000    26091901  PLANTING                     1  0.0000000E+000  0.9900990E+000  0.0000000E+000  0.0000000E+000 -0.3957438E-002  0.0000000E+000  0.7628894E+000
010111901dh      270.000    27091901  PLANTING                     1  0.0000000E+000  0.9900990E+000  0.0000000E+000  0.0000000E+000 -0.4446314E-002  0.0000000E+000  0.5065197E+000
010111901dh      271.000    28091901  PLANTING                     1  0.0000000E+000  0.9900990E+000  0.0000000E+000  0.0000000E+000 -0.7369458E-002  0.0000000E+000  0.4162464E+000
010111901dh      272.000    29091901  PLANTING                     1  0.0000000E+000  0.9900990E+000  0.0000000E+000  0.0000000E+000 -0.7444556E-002  0.0000000E+000  0.4669165E+000
010111901dh      273.000    30091901  PLANTING                     1  0.0000000E+000  0.9900990E+000  0.0000000E+000  0.0000000E+000 -0.7525774E-002  0.0000000E+000  0.4157923E+000
010111901dh      274.000    01101901  PLANTING                     1  0.0000000E+000  0.9900990E+000  0.0000000E+000  0.0000000E+000 -0.7608336E-002  0.0000000E+000  0.4422974E+000
010111901dh      275.000    02101901  PLANTING                     1  0.0000000E+000  0.9900990E+000  0.0000000E+000  0.0000000E+000 -0.7713543E-002  0.0000000E+000  0.4779708E+000
010111901dh      276.000    03101901  PLANTING                     1  0.0000000E+000  0.9900990E+000  0.0000000E+000  0.0000000E+000 -0.7776751E-002  0.0000000E+000  0.4637460E+000
010111901dh      277.000    04101901  PLANTING                     1  0.0000000E+000  0.9900990E+000  0.0000000E+000  0.0000000E+000 -0.7888517E-002  0.0000000E+000  0.4600962E+000
010111901dh      278.000    05101901  PLANTING                     1  0.0000000E+000  0.9900990E+000  0.0000000E+000  0.0000000E+000 -0.7923305E-002  0.0000000E+000  0.5186425E+000
010111901dh      279.000    06101901  PLANTING                     1  0.0000000E+000  0.9900990E+000  0.0000000E+000  0.0000000E+000 -0.2491701E-002  0.0000000E+000  0.6142059E+000
010111901dh      280.000    07101901  PLANTING                     1  0.0000000E+000  0.9900990E+000  0.0000000E+000  0.0000000E+000 -0.2632837E-002  0.0000000E+000  0.5797238E+000
010111901dh      281.000    08101901  PLANTING                     1  0.0000000E+000  0.9900990E+000  0.0000000E+000  0.0000000E+000 -0.2428443E-002  0.0000000E+000  0.5517502E+000
010111901dh      282.000    09101901  PLANTING                     1  0.0000000E+000  0.9900990E+000  0.0000000E+000  0.0000000E+000 -0.2375339E-002  0.0000000E+000  0.4371176E+000
010111901dh      283.000    10101901  PLANTING                     1  0.0000000E+000  0.9900990E+000  0.0000000E+000  0.0000000E+000 -0.2513874E-002  0.0000000E+000  0.4500534E+000
010111901dh      284.000    11101901  PLANTING                     1  0.0000000E+000  0.9900990E+000  0.0000000E+000  0.0000000E+000 -0.3102710E-002  0.0000000E+000  0.4297304E+000
010111901dh      285.000    12101901  PLANTING                     1  0.0000000E+000  0.9900990E+000  0.0000000E+000  0.0000000E+000 -0.3402955E-002  0.0000000E+000  0.4555814E+000
010111901dh      286.000    13101901  PLANTING                     1  0.0000000E+000  0.9900990E+000  0.0000000E+000  0.0000000E+000 -0.3603231E-002  0.0000000E+000  0.3932033E+000
010111901dh      287.000    14101901  PLANTING                     1  0.0000000E+000  0.9900990E+000  0.0000000E+000  0.0000000E+000 -0.3497173E-002  0.0000000E+000  0.4226183E+000
010111901dh      288.000    15101901  PLANTING                     1  0.0000000E+000  0.9900990E+000  0.0000000E+000  0.0000000E+000 -0.2907666E-002  0.0000000E+000  0.4370542E+000
010111901dh      289.000    16101901  PLANTING                     1  0.0000000E+000  0.9900990E+000  0.0000000E+000  0.0000000E+000 -0.2878587E-002  0.0000000E+000  0.4749656E+000
010111901dh      290.000    17101901  PLANTING                     1  0.0000000E+000  0.9900990E+000  0.0000000E+000  0.0000000E+000 -0.3441385E-002  0.0000000E+000  0.4260917E+000
010111901dh      291.000    18101901  PLANTING                     1  0.0000000E+000  0.9900990E+000  0.0000000E+000  0.0000000E+000 -0.2985182E-002  0.0000000E+000  0.4324217E+000
010111901dh      292.000    19101901  PLANTING                     1  0.0000000E+000  0.9900990E+000  0.0000000E+000  0.0000000E+000 -0.2787703E-002  0.0000000E+000  0.4653470E+000
010111901dh      293.000    20101901  PLANTING                     1  0.0000000E+000  0.9900990E+000  0.0000000E+000  0.0000000E+000 -0.2444745E-002  0.0000000E+000  0.4809069E+000
010111901dh      294.000    21101901  PLANTING                     1  0.0000000E+000  0.9900990E+000  0.0000000E+000  0.0000000E+000 -0.2319304E-002  0.0000000E+000  0.5280151E+000
010111901dh      295.000    22101901  PLANTING                     1  0.0000000E+000  0.9900990E+000  0.0000000E+000  0.0000000E+000 -0.2366075E-002  0.0000000E+000  0.5570692E+000
010111901dh      296.000    23101901  PLANTING                     1  0.0000000E+000  0.9900990E+000  0.0000000E+000  0.0000000E+000 -0.2373209E-002  0.0000000E+000  0.5842150E+000
010111901dh      297.000    24101901  PLANTING                     1  0.0000000E+000  0.9900990E+000  0.0000000E+000  0.0000000E+000 -0.2854149E-002  0.0000000E+000  0.5887007E+000
010111901dh      298.000    25101901  PLANTING                     1  0.0000000E+000  0.9900990E+000  0.0000000E+000  0.0000000E+000 -0.3106532E-002  0.0000000E+000  0.5315559E+000
010111901dh      299.000    26101901  PLANTING                     1  0.0000000E+000  0.9900990E+000  0.0000000E+000  0.0000000E+000 -0.3146373E-002  0.0000000E+000  0.4514118E+000
010111901dh      300.000    27101901  PLANTING                     1  0.0000000E+000  0.9900990E+000  0.0000000E+000  0.0000000E+000 -0.7243699E-002  0.0000000E+000  0.2368731E+000
010111901dh      301.000    28101901  PLANTING                     1  0.0000000E+000  0.9900990E+000  0.0000000E+000  0.0000000E+000 -0.7350300E-002  0.0000000E+000  0.2640771E+000
010111901dh      302.000    29101901  PLANTING                     1  0.0000000E+000  0.9900990E+000  0.0000000E+000  0.0000000E+000 -0.7395820E-002  0.0000000E+000  0.2082406E+000
010111901dh      303.000    30101901  PLANTING                     1  0.0000000E+000  0.9900990E+000  0.0000000E+000  0.0000000E+000 -0.7473766E-002  0.0000000E+000  0.2411256E+000
010111901dh      304.000    31101901  PLANTING                     1  0.0000000E+000  0.9900990E+000  0.0000000E+000  0.0000000E+000 -0.7538222E-002  0.0000000E+000  0.2306817E+000
010111901dh      305.000    01111901  PLANTING                     1  0.0000000E+000  0.9900990E+000  0.0000000E+000  0.0000000E+000 -0.7601002E-002  0.0000000E+000  0.2536813E+000
010111901dh      306.000    02111901  PLANTING                     1  0.0000000E+000  0.9900990E+000  0.0000000E+000  0.0000000E+000 -0.7669760E-002  0.0000000E+000  0.2695855E+000
010111901dh      307.000    03111901  PLANTING                     1  0.0000000E+000  0.9900990E+000  0.0000000E+000  0.0000000E+000 -0.7693569E-002  0.0000000E+000  0.3609398E+000
010111901dh      308.000    04111901  PLANTING                     1  0.0000000E+000  0.9900990E+000  0.0000000E+000  0.0000000E+000 -0.2350222E-002  0.0000000E+000  0.3781153E+000
010111901dh      309.000    05111901  PLANTING                     1  0.0000000E+000  0.9900990E+000  0.0000000E+000  0.0000000E+000 -0.2341906E-002  0.0000000E+000  0.3874369E+000
010111901dh      310.000    06111901  PLANTING                     1  0.0000000E+000  0.9900990E+000  0.0000000E+000  0.0000000E+000 -0.2302045E-002  0.0000000E+000  0.3610740E+000
010111901dh      311.000    07111901  PLANTING                     1  0.0000000E+000  0.9900990E+000  0.0000000E+000  0.0000000E+000 -0.2367111E-002  0.0000000E+000  0.3399393E+000
010111901dh      312.000    08111901  PLANTING                     1  0.0000000E+000  0.9900990E+000  0.0000000E+000  0.0000000E+000 -0.2384984E-002  0.0000000E+000  0.3209781E+000
010111901dh      313.000    09111901  PLANTING                     1  0.0000000E+000  0.9900990E+000  0.0000000E+000  0.0000000E+000 -0.2381649E-002  0.0000000E+000  0.3147868E+000
010111901dh      314.000    10111901  PLANTING                     1  0.0000000E+000  0.9900990E+000  0.0000000E+000  0.0000000E+000 -0.2493051E-002  0.0000000E+000  0.3295231E+000
010111901dh      315.000    11111901  PLANTING                     1  0.0000000E+000  0.9900990E+000  0.0000000E+000  0.0000000E+000 -0.2671076E-002  0.0000000E+000  0.3843300E+000
010111901dh      316.000    12111901  PLANTING                     1  0.0000000E+000  0.9900990E+000  0.0000000E+000  0.0000000E+000 -0.2653789E-002  0.0000000E+000  0.3594960E+000
010111901dh      317.000    13111901  PLANTING                     1  0.0000000E+000  0.9900990E+000  0.0000000E+000  0.0000000E+000 -0.2608518E-002  0.0000000E+000  0.3593017E+000
010111901dh      318.000    14111901  PLANTING                     1  0.0000000E+000  0.9900990E+000  0.0000000E+000  0.0000000E+000 -0.2572416E-002  0.0000000E+000  0.3639553E+000
010111901dh      319.000    15111901  PLANTING                     1  0.0000000E+000  0.9900990E+000  0.0000000E+000  0.0000000E+000 -0.2696005E-002  0.0000000E+000  0.3471543E+000
010111901dh      320.000    16111901  PLANTING                     1  0.0000000E+000  0.9900990E+000  0.0000000E+000  0.0000000E+000 -0.2783100E-002  0.0000000E+000  0.3539995E+000
010111901dh      321.000    17111901  PLANTING                     1  0.0000000E+000  0.9900990E+000  0.0000000E+000  0.0000000E+000 -0.2777478E-002  0.0000000E+000  0.3582937E+000
010111901dh      322.000    18111901  PLANTING                     1  0.0000000E+000  0.9900990E+000  0.0000000E+000  0.0000000E+000 -0.2811414E-002  0.0000000E+000  0.3547399E+000
010111901dh      323.000    19111901  PLANTING                     1  0.0000000E+000  0.9900990E+000  0.0000000E+000  0.0000000E+000 -0.2793198E-002  0.0000000E+000  0.3331808E+000
010111901dh      324.000    20111901  PLANTING                     1  0.0000000E+000  0.9900990E+000  0.0000000E+000  0.0000000E+000 -0.2320942E-002  0.0000000E+000  0.3009906E+000
010111901dh      325.000    21111901  PLANTING                     1  0.0000000E+000  0.9900990E+000  0.0000000E+000  0.0000000E+000 -0.2342579E-002  0.0000000E+000  0.3142103E+000
010111901dh      326.000    22111901  PLANTING                     1  0.0000000E+000  0.9900990E+000  0.0000000E+000  0.0000000E+000 -0.2462474E-002  0.0000000E+000  0.3301121E+000
010111901dh      327.000    23111901  PLANTING                     1  0.0000000E+000  0.9900990E+000  0.0000000E+000  0.0000000E+000 -0.2709499E-002  0.0000000E+000  0.2960982E+000
010111901dh      328.000    24111901  PLANTING                     1  0.0000000E+000  0.9900990E+000  0.0000000E+000  0.0000000E+000 -0.2632578E-002  0.0000000E+000  0.2668397E+000
010111901dh      329.000    25111901  PLANTING                     1  0.0000000E+000  0.9900990E+000  0.0000000E+000  0.0000000E+000 -0.3303392E-002  0.0000000E+000  0.2386960E+000
010111901dh      330.000    26111901  PLANTING                     1  0.0000000E+000  0.9900990E+000  0.0000000E+000  0.0000000E+000 -0.7178455E-002  0.0000000E+000  0.2589236E+000
010111901dh      331.000    27111901  PLANTING                     1  0.0000000E+000  0.9900990E+000  0.0000000E+000  0.0000000E+000 -0.7162374E-002  0.0000000E+000  0.1692375E+000
010111901dh      332.000    28111901  PLANTING                     1  0.0000000E+000  0.9900990E+000  0.0000000E+000  0.0000000E+000 -0.7184178E-002  0.0000000E+000  0.1749291E+000
010111901dh      333.000    29111901  PLANTING                     1  0.0000000E+000  0.9900990E+000  0.0000000E+000  0.0000000E+000 -0.7205671E-002  0.0000000E+000  0.1729455E+000
010111901dh      334.000    30111901  PLANTING                     1  0.0000000E+000  0.9900990E+000  0.0000000E+000  0.0000000E+000 -0.7179383E-002  0.0000000E+000  0.2674753E+000
010111901dh      335.000    01121901  PLANTING                     1  0.0000000E+000  0.9900990E+000  0.0000000E+000  0.0000000E+000 -0.7087835E-002  0.0000000E+000  0.3160704E+000
010111901dh      336.000    02121901  PLANTING                     1  0.0000000E+000  0.9900990E+000  0.0000000E+000  0.0000000E+000 -0.6279428E-002  0.0000000E+000  0.3365280E+000
010111901dh      337.000    03121901  PLANTING                     1  0.0000000E+000  0.9900990E+000  0.0000000E+000  0.0000000E+000 -0.2256178E-002  0.0000000E+000  0.3328321E+000
010111901dh      338.000    04121901  PLANTING                     1  0.0000000E+000  0.9900990E+000  0.0000000E+000  0.0000000E+000 -0.2252031E-002  0.0000000E+000  0.3185718E+000
010111901dh      339.000    05121901  PLANTING                     1  0.0000000E+000  0.9900990E+000  0.0000000E+000  0.0000000E+000 -0.2253923E-002  0.0000000E+000  0.3456320E+000
010111901dh      340.000    06121901  PLANTING                     1  0.0000000E+000  0.9900990E+000  0.0000000E+000  0.0000000E+000 -0.2253944E-002  0.0000000E+000  0.3871543E+000
010111901dh      341.000    07121901  PLANTING                     1  0.0000000E+000  0.9900990E+000  0.0000000E+000  0.0000000E+000 -0.2253015E-002  0.0000000E+000  0.3846940E+000
010111901dh      342.000    08121901  PLANTING                     1  0.0000000E+000  0.9900990E+000  0.0000000E+000  0.0000000E+000 -0.2263899E-002  0.0000000E+000  0.3338101E+000
010111901dh      343.000    09121901  PLANTING                     1  0.0000000E+000  0.9900990E+000  0.0000000E+000  0.0000000E+000 -0.2454757E-002  0.0000000E+000  0.2994777E+000
010111901dh      344.000    10121901  PLANTING                     1  0.0000000E+000  0.9900990E+000  0.0000000E+000  0.0000000E+000 -0.2596459E-002  0.0000000E+000  0.3177124E+000
010111901dh      345.000    11121901  PLANTING                     1  0.0000000E+000  0.9900990E+000  0.0000000E+000  0.0000000E+000 -0.2496225E-002  0.0000000E+000  0.3715917E+000
010111901dh      346.000    12121901  PLANTING                     1  0.0000000E+000  0.9900990E+000  0.0000000E+000  0.0000000E+000 -0.2534457E-002  0.0000000E+000  0.3911799E+000
010111901dh      347.000    13121901  PLANTING                     1  0.0000000E+000  0.9900990E+000  0.0000000E+000  0.0000000E+000 -0.2482485E-002  0.0000000E+000  0.3502266E+000
010111901dh      348.000    14121901  PLANTING                     1  0.0000000E+000  0.9900990E+000  0.0000000E+000  0.0000000E+000 -0.2551423E-002  0.0000000E+000  0.2638240E+000
010111901dh      349.000    15121901  PLANTING                     1  0.0000000E+000  0.9900990E+000  0.0000000E+000  0.0000000E+000 -0.2605731E-002  0.0000000E+000  0.2376754E+000
010111901dh      350.000    16121901  PLANTING                     1  0.0000000E+000  0.9900990E+000  0.0000000E+000  0.0000000E+000 -0.2681597E-002  0.0000000E+000  0.1946516E+000
010111901dh      351.000    17121901  PLANTING                     1  0.0000000E+000  0.9900990E+000  0.0000000E+000  0.0000000E+000 -0.2622565E-002  0.0000000E+000  0.2096651E+000
010111901dh      352.000    18121901  PLANTING                     1  0.0000000E+000  0.9900990E+000  0.0000000E+000  0.0000000E+000 -0.2513156E-002  0.0000000E+000  0.2854470E+000
010111901dh      353.000    19121901  PLANTING                     1  0.0000000E+000  0.9900990E+000  0.0000000E+000  0.0000000E+000 -0.2634082E-002  0.0000000E+000  0.2891367E+000
010111901dh      354.000    20121901  PLANTING                     1  0.0000000E+000  0.9900990E+000  0.0000000E+000  0.0000000E+000 -0.2370917E-002  0.0000000E+000  0.2671860E+000
010111901dh      355.000    21121901  PLANTING                     1  0.0000000E+000  0.9900990E+000  0.0000000E+000  0.0000000E+000 -0.2407237E-002  0.0000000E+000  0.2445055E+000
010111901dh      356.000    22121901  PLANTING                     1  0.0000000E+000  0.9900990E+000  0.0000000E+000  0.0000000E+000 -0.2448760E-002  0.0000000E+000  0.2174793E+000
010111901dh      357.000    23121901  PLANTING                     1  0.0000000E+000  0.9900990E+000  0.0000000E+000  0.0000000E+000 -0.2518127E-002  0.0000000E+000  0.1828724E+000
010111901dh      358.000    24121901  PLANTING                     1  0.0000000E+000  0.9900990E+000  0.0000000E+000  0.0000000E+000 -0.2522809E-002  0.0000000E+000  0.2122794E+000
010111901dh      359.000    25121901  PLANTING                     1  0.0000000E+000  0.9900990E+000  0.0000000E+000  0.0000000E+000 -0.2488903E-002  0.0000000E+000  0.2404669E+000
010111901dh      360.000    26121901  PLANTING                     1  0.0000000E+000  0.9900990E+000  0.0000000E+000  0.0000000E+000 -0.2610954E-002  0.0000000E+000  0.1802163E+000
010111901dh      361.000    27121901  PLANTING                     1  0.0000000E+000  0.9900990E+000  0.0000000E+000  0.0000000E+000 -0.2631237E-002  0.0000000E+000  0.1806606E+000
010111901dh      362.000    28121901  PLANTING                     1  0.0000000E+000  0.9900990E+000  0.0000000E+000  0.0000000E+000 -0.2609637E-002  0.0000000E+000  0.2027345E+000
010111901dh      363.000    29121901  PLANTING                     1  0.0000000E+000  0.9900990E+000  0.0000000E+000  0.0000000E+000 -0.2507443E-002  0.0000000E+000  0.2600479E+000
010111901dh      364.000    30121901  PLANTING                     1  0.0000000E+000  0.9900990E+000  0.0000000E+000  0.0000000E+000 -0.2613746E-002  0.0000000E+000  0.2239831E+000
010111901dh      365.000    31121901  PLANTING                     1  0.0000000E+000  0.9900990E+000  0.0000000E+000  0.0000000E+000 -0.2298849E-002  0.0000000E+000  0.2367738E+000
