    DOY     DATE    TRANSPN         WTR_STRESS      OXY_STRESS      
010111901dw        1.000    01011901  0.0000000E+000  0.0000000E+000  0.3995260E+000
010111901dw        2.000    02011901  0.0000000E+000  0.0000000E+000  0.2808915E+000
010111901dw        3.000    03011901  0.0000000E+000  0.0000000E+000  0.3336602E+000
010111901dw        4.000    04011901  0.0000000E+000  0.0000000E+000  0.5171342E+000
010111901dw        5.000    05011901  0.9414229E-002  0.0000000E+000  0.4527398E+000
010111901dw        6.000    06011901  0.3742664E-001  0.0000000E+000  0.5195823E+000
010111901dw        7.000    07011901  0.9036382E-001  0.0000000E+000  0.5875577E+000
010111901dw        8.000    08011901  0.9960021E-001  0.0000000E+000  0.5513693E+000
010111901dw        9.000    09011901  0.1697254E+000  0.0000000E+000  0.4727662E+000
010111901dw       10.000    10011901  0.2030920E+000  0.0000000E+000  0.4011042E+000
010111901dw       11.000    11011901  0.2244765E+000  0.0000000E+000  0.4164776E+000
010111901dw       12.000    12011901  0.2714761E+000  0.0000000E+000  0.3851153E+000
010111901dw       13.000    13011901  0.3023433E+000  0.0000000E+000  0.3611664E+000
010111901dw       14.000    14011901  0.3365041E+000  0.0000000E+000  0.3669928E+000
010111901dw       15.000    15011901  0.3519562E+000  0.0000000E+000  0.3974705E+000
010111901dw       16.000    16011901  0.3760214E+000  0.0000000E+000  0.4133653E+000
010111901dw       17.000    17011901  0.4114239E+000  0.0000000E+000  0.3830984E+000
010111901dw       18.000    18011901  0.4600761E+000  0.0000000E+000  0.4576816E+000
010111901dw       19.000    19011901  0.5114074E+000  0.0000000E+000  0.7086831E+000
010111901dw       20.000    20011901  0.5472449E+000  0.0000000E+000  0.9453235E+000
010111901dw       21.000    21011901  0.6084650E+000  0.0000000E+000  0.9719258E+000
010111901dw       22.000    22011901  0.6816100E+000  0.0000000E+000  0.9768079E+000
010111901dw       23.000    23011901  0.7335448E+000  0.0000000E+000  0.9754826E+000
010111901dw       24.000    24011901  0.8124084E+000  0.0000000E+000  0.9747639E+000
010111901dw       25.000    25011901  0.8872079E+000  0.0000000E+000  0.9750366E+000
010111901dw       26.000    26011901  0.9693284E+000  0.0000000E+000  0.9734314E+000
010111901dw       27.000    27011901  0.1056835E+001  0.0000000E+000  0.9711461E+000
010111901dw       28.000    28011901  0.1127719E+001  0.0000000E+000  0.9706789E+000
010111901dw       29.000    29011901  0.1166131E+001  0.0000000E+000  0.9710669E+000
010111901dw       30.000    30011901  0.1235664E+001  0.0000000E+000  0.9681045E+000
010111901dw       31.000    31011901  0.1293290E+001  0.0000000E+000  0.9667327E+000
010111901dw       32.000    01021901  0.1371689E+001  0.0000000E+000  0.9693470E+000
010111901dw       33.000    02021901  0.1459465E+001  0.0000000E+000  0.9710044E+000
010111901dw       34.000    03021901  0.1517091E+001  0.0000000E+000  0.9715399E+000
010111901dw       35.000    04021901  0.1571708E+001  0.0000000E+000  0.9762087E+000
010111901dw       36.000    05021901  0.1654879E+001  0.0000000E+000  0.9780765E+000
010111901dw       37.000    06021901  0.1741657E+001  0.0000000E+000  0.9775016E+000
010111901dw       38.000    07021901  0.1845112E+001  0.0000000E+000  0.9777592E+000
010111901dw       39.000    08021901  0.1914082E+001  0.0000000E+000  0.9770960E+000
010111901dw       40.000    09021901  0.1989243E+001  0.0000000E+000  0.9713999E+000
010111901dw       41.000    10021901  0.2082596E+001  0.0000000E+000  0.9579207E+000
010111901dw       42.000    11021901  0.2201032E+001  0.0000000E+000  0.8382513E+000
010111901dw       43.000    12021901  0.2357158E+001  0.0000000E+000  0.3615218E+000
010111901dw       44.000    13021901  0.2758516E+001  0.0000000E+000  0.3725868E+000
010111901dw       45.000    14021901  0.3166875E+001  0.0000000E+000  0.2981246E+000
010111901dw       46.000    15021901  0.3634845E+001  0.0000000E+000  0.3425497E+000
010111901dw       47.000    16021901  0.3966230E+001  0.0000000E+000  0.7786187E+000
010111901dw       48.000    17021901  0.4304333E+001  0.0000000E+000  0.9541448E+000
010111901dw       49.000    18021901  0.4515740E+001  0.0000000E+000  0.9844542E+000
010111901dw       50.000    19021901  0.4698972E+001  0.0000000E+000  0.9894017E+000
010111901dw       51.000    20021901  0.4879115E+001  0.0000000E+000  0.9908401E+000
010111901dw       52.000    21021901  0.5133628E+001  0.0000000E+000  0.9919910E+000
010111901dw       53.000    22021901  0.5381961E+001  0.0000000E+000  0.9926556E+000
010111901dw       54.000    23021901  0.5574771E+001  0.0000000E+000  0.9928661E+000
010111901dw       55.000    24021901  0.5784174E+001  0.0000000E+000  0.9934291E+000
010111901dw       56.000    25021901  0.5930453E+001  0.0000000E+000  0.9935103E+000
010111901dw       57.000    26021901  0.6413014E+001  0.0000000E+000  0.9914363E+000
010111901dw       58.000    27021901  0.6895333E+001  0.0000000E+000  0.9910879E+000
010111901dw       59.000    28021901  0.7424665E+001  0.0000000E+000  0.9898689E+000
010111901dw       60.000    01031901  0.7628970E+001  0.0000000E+000  0.9873958E+000
010111901dw       61.000    02031901  0.8073262E+001  0.0000000E+000  0.9840757E+000
010111901dw       62.000    03031901  0.8385692E+001  0.0000000E+000  0.9800104E+000
010111901dw       63.000    04031901  0.8612487E+001  0.0000000E+000  0.9713685E+000
010111901dw       64.000    05031901  0.9138881E+001  0.0000000E+000  0.9507126E+000
010111901dw       65.000    06031901  0.9866982E+001  0.0000000E+000  0.8031498E+000
010111901dw       66.000    07031901  0.1047566E+002  0.0000000E+000  0.4079191E+000
010111901dw       67.000    08031901  0.1093195E+002  0.0000000E+000  0.4348120E+000
010111901dw       68.000    09031901  0.1161289E+002  0.0000000E+000  0.3791692E+000
010111901dw       69.000    10031901  0.1243162E+002  0.0000000E+000  0.2362082E+000
010111901dw       70.000    11031901  0.1291067E+002  0.0000000E+000  0.2331302E+000
010111901dw       71.000    12031901  0.1334762E+002  0.0000000E+000  0.2545976E+000
010111901dw       72.000    13031901  0.1408093E+002  0.0000000E+000  0.2048401E+000
010111901dw       73.000    14031901  0.1504994E+002  0.0000000E+000  0.2105477E+000
010111901dw       74.000    15031901  0.1569487E+002  0.0000000E+000  0.2346622E+000
010111901dw       75.000    16031901  0.1640833E+002  0.0000000E+000  0.2429292E+000
010111901dw       76.000    17031901  0.1718149E+002  0.0000000E+000  0.2858848E+000
010111901dw       77.000    18031901  0.1796765E+002  0.0000000E+000  0.8463875E+000
010111901dw       78.000    19031901  0.1867560E+002  0.0000000E+000  0.9740663E+000
010111901dw       79.000    20031901  0.1977544E+002  0.0000000E+000  0.9872683E+000
010111901dw       80.000    21031901  0.2037878E+002  0.0000000E+000  0.9905293E+000
010111901dw       81.000    22031901  0.2124401E+002  0.0000000E+000  0.9918868E+000
010111901dw       82.000    23031901  0.2225860E+002  0.0000000E+000  0.9923316E+000
010111901dw       83.000    24031901  0.2292730E+002  0.0000000E+000  0.9926046E+000
010111901dw       84.000    25031901  0.2354674E+002  0.0000000E+000  0.9929031E+000
010111901dw       85.000    26031901  0.2470959E+002  0.0000000E+000  0.9910199E+000
010111901dw       86.000    27031901  0.2591728E+002  0.0000000E+000  0.9908040E+000
010111901dw       87.000    28031901  0.2687307E+002  0.0000000E+000  0.9890635E+000
010111901dw       88.000    29031901  0.2788201E+002  0.0000000E+000  0.9856913E+000
010111901dw       89.000    30031901  0.2899762E+002  0.0000000E+000  0.9746668E+000
010111901dw       90.000    31031901  0.3039387E+002  0.0000000E+000  0.6589177E+000
010111901dw       91.000    01041901  0.3109693E+002  0.0000000E+000  0.2883870E+000
010111901dw       92.000    02041901  0.3215406E+002  0.0000000E+000  0.4574152E+000
010111901dw       93.000    03041901  0.3292030E+002  0.0000000E+000  0.4587233E+000
010111901dw       94.000    04041901  0.3375467E+002  0.0000000E+000  0.4029682E+000
010111901dw       95.000    05041901  0.3458881E+002  0.0000000E+000  0.4077972E+000
010111901dw       96.000    06041901  0.3598223E+002  0.0000000E+000  0.3740912E+000
010111901dw       97.000    07041901  0.3733399E+002  0.0000000E+000  0.4260196E+000
010111901dw       98.000    08041901  0.3844528E+002  0.0000000E+000  0.5856511E+000
010111901dw       99.000    09041901  0.3983240E+002  0.0000000E+000  0.7237654E+000
010111901dw      100.000    10041901  0.4131475E+002  0.0000000E+000  0.3456566E+000
010111901dw      101.000    11041901  0.4221298E+002  0.0000000E+000  0.2413424E+000
010111901dw      102.000    12041901  0.4356610E+002  0.0000000E+000  0.2482039E+000
010111901dw      103.000    13041901  0.4518273E+002  0.0000000E+000  0.2001590E+000
010111901dw      104.000    14041901  0.4622501E+002  0.0000000E+000  0.1896724E+000
010111901dw      105.000    15041901  0.4701213E+002  0.0000000E+000  0.2271594E+000
010111901dw      106.000    16041901  0.4863783E+002  0.0000000E+000  0.7788474E+000
010111901dw      107.000    17041901  0.5019708E+002  0.0000000E+000  0.9620053E+000
010111901dw      108.000    18041901  0.5207352E+002  0.0000000E+000  0.9846521E+000
010111901dw      109.000    19041901  0.5361240E+002  0.0000000E+000  0.9891172E+000
010111901dw      110.000    20041901  0.5460061E+002  0.0000000E+000  0.9907251E+000
010111901dw      111.000    21041901  0.5600384E+002  0.0000000E+000  0.9916516E+000
010111901dw      112.000    22041901  0.5785436E+002  0.0000000E+000  0.9920356E+000
010111901dw      113.000    23041901  0.6042126E+002  0.0000000E+000  0.9920315E+000
010111901dw      114.000    24041901  0.6268173E+002  0.0000000E+000  0.9925441E+000
010111901dw      115.000    25041901  0.6427448E+002  0.0000000E+000  0.9896693E+000
010111901dw      116.000    26041901  0.6599112E+002  0.0000000E+000  0.9856640E+000
010111901dw      117.000    27041901  0.6742296E+002  0.0000000E+000  0.9806657E+000
010111901dw      118.000    28041901  0.6897156E+002  0.0000000E+000  0.8960901E+000
010111901dw      119.000    29041901  0.7070384E+002  0.0000000E+000  0.3218485E+000
010111901dw      120.000    30041901  0.7239621E+002  0.0000000E+000  0.2288664E+000
010111901dw      121.000    01051901  0.7421972E+002  0.0000000E+000  0.2152821E+000
010111901dw      122.000    02051901  0.7631921E+002  0.0000000E+000  0.2204386E+000
010111901dw      123.000    03051901  0.7816223E+002  0.0000000E+000  0.4294767E+000
010111901dw      124.000    04051901  0.7961608E+002  0.0000000E+000  0.4279677E+000
010111901dw      125.000    05051901  0.8110720E+002  0.0000000E+000  0.4588104E+000
010111901dw      126.000    06051901  0.8220510E+002  0.0000000E+000  0.4496224E+000
010111901dw      127.000    07051901  0.8368105E+002  0.0000000E+000  0.5420006E+000
010111901dw      128.000    08051901  0.8497346E+002  0.0000000E+000  0.6524788E+000
010111901dw      129.000    09051901  0.8622653E+002  0.0000000E+000  0.7983134E+000
010111901dw      130.000    10051901  0.8787005E+002  0.0000000E+000  0.8913955E+000
010111901dw      131.000    11051901  0.8944864E+002  0.0000000E+000  0.9487835E+000
010111901dw      132.000    12051901  0.9078766E+002  0.0000000E+000  0.9747266E+000
010111901dw      133.000    13051901  0.9233827E+002  0.0000000E+000  0.9814353E+000
010111901dw      134.000    14051901  0.9363727E+002  0.0000000E+000  0.9840618E+000
010111901dw      135.000    15051901  0.9480538E+002  0.0000000E+000  0.9815931E+000
010111901dw      136.000    16051901  0.9658010E+002  0.0000000E+000  0.9868140E+000
010111901dw      137.000    17051901  0.9855212E+002  0.0000000E+000  0.9864331E+000
010111901dw      138.000    18051901  0.9941171E+002  0.0000000E+000  0.9886042E+000
010111901dw      139.000    19051901  0.1008387E+003  0.0000000E+000  0.9878571E+000
010111901dw      140.000    20051901  0.1027039E+003  0.0000000E+000  0.9870685E+000
010111901dw      141.000    21051901  0.1044858E+003  0.0000000E+000  0.9878992E+000
010111901dw      142.000    22051901  0.1064346E+003  0.0000000E+000  0.9838680E+000
010111901dw      143.000    23051901  0.1082921E+003  0.0000000E+000  0.9920676E+000
010111901dw      144.000    24051901  0.1101551E+003  0.0000000E+000  0.9816425E+000
010111901dw      145.000    25051901  0.1121005E+003  0.0000000E+000  0.9798126E+000
010111901dw      146.000    26051901  0.1137328E+003  0.0000000E+000  0.9713981E+000
010111901dw      147.000    27051901  0.1151105E+003  0.0000000E+000  0.4989804E+000
010111901dw      148.000    28051901  0.1167668E+003  0.0000000E+000  0.3152575E+000
010111901dw      149.000    29051901  0.1185611E+003  0.0000000E+000  0.2561360E+000
010111901dw      150.000    30051901  0.1200519E+003  0.0000000E+000  0.2652512E+000
010111901dw      151.000    31051901  0.1219042E+003  0.0000000E+000  0.2698888E+000
010111901dw      152.000    01061901  0.1237697E+003  0.0000000E+000  0.4055542E+000
010111901dw      153.000    02061901  0.1255787E+003  0.0000000E+000  0.4071058E+000
010111901dw      154.000    03061901  0.1273528E+003  0.0000000E+000  0.7269828E+000
010111901dw      155.000    04061901  0.1300887E+003  0.0000000E+000  0.8391341E+000
010111901dw      156.000    05061901  0.1326023E+003  0.0000000E+000  0.9144275E+000
010111901dw      157.000    06061901  0.1344780E+003  0.0000000E+000  0.9685855E+000
010111901dw      158.000    07061901  0.1367959E+003  0.0000000E+000  0.9577624E+000
010111901dw      159.000    08061901  0.1402990E+003  0.0000000E+000  0.9412594E+000
010111901dw      160.000    09061901  0.1445221E+003  0.0000000E+000  0.9797507E+000
010111901dw      161.000    10061901  0.1486112E+003  0.0000000E+000  0.9887117E+000
010111901dw      162.000    11061901  0.1525894E+003  0.0000000E+000  0.9890504E+000
010111901dw      163.000    12061901  0.1560277E+003  0.0000000E+000  0.9910337E+000
010111901dw      164.000    13061901  0.1580551E+003  0.0000000E+000  0.9915656E+000
010111901dw      165.000    14061901  0.1597084E+003  0.0000000E+000  0.9920675E+000
010111901dw      166.000    15061901  0.1610668E+003  0.0000000E+000  0.9922779E+000
010111901dw      167.000    16061901  0.1624171E+003  0.0000000E+000  0.9924234E+000
010111901dw      168.000    17061901  0.1645179E+003  0.0000000E+000  0.9922239E+000
010111901dw      169.000    18061901  0.1664998E+003  0.0000000E+000  0.9924220E+000
010111901dw      170.000    19061901  0.1683810E+003  0.0000000E+000  0.9923498E+000
010111901dw      171.000    20061901  0.1704798E+003  0.0000000E+000  0.9926590E+000
010111901dw      172.000    21061901  0.1725508E+003  0.0000000E+000  0.9925000E+000
010111901dw      173.000    22061901  0.1751042E+003  0.0000000E+000  0.8955094E+000
010111901dw      174.000    23061901  0.1778035E+003  0.0000000E+000  0.8512828E+000
010111901dw      175.000    24061901  0.1796548E+003  0.0000000E+000  0.8576781E+000
010111901dw      176.000    25061901  0.1815925E+003  0.0000000E+000  0.5687156E+000
010111901dw      177.000    26061901  0.1830210E+003  0.0000000E+000  0.2631983E-001
010111901dw      178.000    27061901  0.1844583E+003  0.0000000E+000  0.2821110E+000
010111901dw      179.000    28061901  0.1858965E+003  0.0000000E+000  0.1342500E+000
010111901dw      180.000    29061901  0.1872441E+003  0.0000000E+000  0.6741886E-001
010111901dw      181.000    30061901  0.1885571E+003  0.0000000E+000  0.2731617E+000
010111901dw      182.000    01071901  0.1897969E+003  0.0000000E+000  0.7123285E+000
010111901dw      183.000    02071901  0.1909703E+003  0.0000000E+000  0.9294913E+000
010111901dw      184.000    03071901  0.1920879E+003  0.0000000E+000  0.9675152E+000
010111901dw      185.000    04071901  0.1931122E+003  0.0000000E+000  0.9711430E+000
010111901dw      186.000    05071901  0.1941634E+003  0.0000000E+000  0.9852569E+000
010111901dw      187.000    06071901  0.1951575E+003  0.0000000E+000  0.9878806E+000
010111901dw      188.000    07071901  0.1959128E+003  0.0000000E+000  0.9891605E+000
010111901dw      189.000    08071901  0.1963945E+003  0.0000000E+000  0.9900477E+000
010111901dw      190.000    09071901  0.1968867E+003  0.0000000E+000  0.9905694E+000
010111901dw      191.000    10071901  0.1973961E+003  0.0000000E+000  0.9909773E+000
010111901dw      192.000    11071901  0.1978558E+003  0.0000000E+000  0.9912978E+000
010111901dw      193.000    12071901  0.1982472E+003  0.0000000E+000  0.9915547E+000
010111901dw      194.000    13071901  0.1985847E+003  0.0000000E+000  0.9917250E+000
010111901dw      195.000    14071901  0.1988476E+003  0.0000000E+000  0.9918485E+000
010111901dw      196.000    15071901  0.1990803E+003  0.0000000E+000  0.9919325E+000
010111901dw      197.000    16071901  0.1992397E+003  0.0000000E+000  0.9920681E+000
010111901dw      198.000    17071901  0.1994480E+003  0.0000000E+000  0.9920804E+000
010111901dw      199.000    18071901  0.1996165E+003  0.0000000E+000  0.9921778E+000
010111901dw      200.000    19071901  0.1998003E+003  0.0000000E+000  0.9922406E+000
010111901dw      201.000    20071901  0.1999457E+003  0.0000000E+000  0.9923392E+000
010111901dw      202.000    21071901  0.2001013E+003  0.0000000E+000  0.9521285E+000
010111901dw      203.000    22071901  0.2002847E+003  0.0000000E+000  0.9739848E+000
010111901dw      204.000    23071901  0.2004400E+003  0.0000000E+000  0.9186846E+000
010111901dw      205.000    24071901  0.2007073E+003  0.0000000E+000  0.1354881E+000
010111901dw      206.000    25071901  0.2009002E+003  0.0000000E+000  0.3523018E+000
010111901dw      207.000    26071901  0.2013764E+003  0.0000000E+000  0.1056522E+000
010111901dw      208.000    27071901  0.2013764E+003  0.0000000E+000  0.0000000E+000
010111901dw      209.000    28071901  0.2013764E+003  0.0000000E+000  0.0000000E+000
010111901dw      210.000    29071901  0.2013764E+003  0.0000000E+000  0.0000000E+000
010111901dw      211.000    30071901  0.2013764E+003  0.0000000E+000  0.0000000E+000
010111901dw      212.000    31071901  0.2013764E+003  0.0000000E+000  0.0000000E+000
010111901dw      213.000    01081901  0.2013764E+003  0.0000000E+000  0.0000000E+000
010111901dw      214.000    02081901  0.2013764E+003  0.0000000E+000  0.0000000E+000
010111901dw      215.000    03081901  0.2013764E+003  0.0000000E+000  0.0000000E+000
010111901dw      216.000    04081901  0.2013764E+003  0.0000000E+000  0.0000000E+000
010111901dw      217.000    05081901  0.2013764E+003  0.0000000E+000  0.0000000E+000
010111901dw      218.000    06081901  0.2013764E+003  0.0000000E+000  0.0000000E+000
010111901dw      219.000    07081901  0.2013764E+003  0.0000000E+000  0.0000000E+000
010111901dw      220.000    08081901  0.2013764E+003  0.0000000E+000  0.0000000E+000
010111901dw      221.000    09081901  0.2013764E+003  0.0000000E+000  0.0000000E+000
010111901dw      222.000    10081901  0.2013764E+003  0.0000000E+000  0.0000000E+000
010111901dw      223.000    11081901  0.2013764E+003  0.0000000E+000  0.0000000E+000
010111901dw      224.000    12081901  0.2013764E+003  0.0000000E+000  0.0000000E+000
010111901dw      225.000    13081901  0.2013764E+003  0.0000000E+000  0.0000000E+000
010111901dw      226.000    14081901  0.2013764E+003  0.0000000E+000  0.0000000E+000
010111901dw      227.000    15081901  0.2013764E+003  0.0000000E+000  0.0000000E+000
010111901dw      228.000    16081901  0.2013764E+003  0.0000000E+000  0.0000000E+000
010111901dw      229.000    17081901  0.2013764E+003  0.0000000E+000  0.0000000E+000
010111901dw      230.000    18081901  0.2013764E+003  0.0000000E+000  0.0000000E+000
010111901dw      231.000    19081901  0.2013764E+003  0.0000000E+000  0.0000000E+000
010111901dw      232.000    20081901  0.2013764E+003  0.0000000E+000  0.0000000E+000
010111901dw      233.000    21081901  0.2013764E+003  0.0000000E+000  0.0000000E+000
010111901dw      234.000    22081901  0.2013764E+003  0.0000000E+000  0.0000000E+000
010111901dw      235.000    23081901  0.2013764E+003  0.0000000E+000  0.0000000E+000
010111901dw      236.000    24081901  0.2013764E+003  0.0000000E+000  0.0000000E+000
010111901dw      237.000    25081901  0.2013764E+003  0.0000000E+000  0.0000000E+000
010111901dw      238.000    26081901  0.2013764E+003  0.0000000E+000  0.0000000E+000
010111901dw      239.000    27081901  0.2013764E+003  0.0000000E+000  0.0000000E+000
010111901dw      240.000    28081901  0.2013764E+003  0.0000000E+000  0.0000000E+000
010111901dw      241.000    29081901  0.2013764E+003  0.0000000E+000  0.0000000E+000
010111901dw      242.000    30081901  0.2013764E+003  0.0000000E+000  0.0000000E+000
010111901dw      243.000    31081901  0.2013764E+003  0.0000000E+000  0.0000000E+000
010111901dw      244.000    01091901  0.2013764E+003  0.0000000E+000  0.0000000E+000
010111901dw      245.000    02091901  0.2013764E+003  0.0000000E+000  0.0000000E+000
010111901dw      246.000    03091901  0.2013764E+003  0.0000000E+000  0.0000000E+000
010111901dw      247.000    04091901  0.2013764E+003  0.0000000E+000  0.0000000E+000
010111901dw      248.000    05091901  0.2013764E+003  0.0000000E+000  0.0000000E+000
010111901dw      249.000    06091901  0.2013764E+003  0.0000000E+000  0.0000000E+000
010111901dw      250.000    07091901  0.2013764E+003  0.0000000E+000  0.0000000E+000
010111901dw      251.000    08091901  0.2013764E+003  0.0000000E+000  0.0000000E+000
010111901dw      252.000    09091901  0.2013764E+003  0.0000000E+000  0.0000000E+000
010111901dw      253.000    10091901  0.2013764E+003  0.0000000E+000  0.0000000E+000
010111901dw      254.000    11091901  0.2013764E+003  0.0000000E+000  0.0000000E+000
010111901dw      255.000    12091901  0.2013764E+003  0.0000000E+000  0.0000000E+000
010111901dw      256.000    13091901  0.2013764E+003  0.0000000E+000  0.0000000E+000
010111901dw      257.000    14091901  0.2013764E+003  0.0000000E+000  0.0000000E+000
010111901dw      258.000    15091901  0.2013764E+003  0.0000000E+000  0.0000000E+000
010111901dw      259.000    16091901  0.2013764E+003  0.0000000E+000  0.0000000E+000
010111901dw      260.000    17091901  0.2013764E+003  0.0000000E+000  0.0000000E+000
010111901dw      261.000    18091901  0.2013764E+003  0.0000000E+000  0.0000000E+000
010111901dw      262.000    19091901  0.2013764E+003  0.0000000E+000  0.0000000E+000
010111901dw      263.000    20091901  0.2013764E+003  0.0000000E+000  0.0000000E+000
010111901dw      264.000    21091901  0.2013764E+003  0.0000000E+000  0.0000000E+000
010111901dw      265.000    22091901  0.2013764E+003  0.0000000E+000  0.0000000E+000
010111901dw      266.000    23091901  0.2013764E+003  0.0000000E+000  0.0000000E+000
010111901dw      267.000    24091901  0.2013764E+003  0.0000000E+000  0.0000000E+000
010111901dw      268.000    25091901  0.2013764E+003  0.0000000E+000  0.0000000E+000
010111901dw      269.000    26091901  0.2013764E+003  0.0000000E+000  0.0000000E+000
010111901dw      270.000    27091901  0.2013764E+003  0.0000000E+000  0.0000000E+000
010111901dw      271.000    28091901  0.2013764E+003  0.0000000E+000  0.0000000E+000
010111901dw      272.000    29091901  0.2013764E+003  0.0000000E+000  0.0000000E+000
010111901dw      273.000    30091901  0.2013764E+003  0.0000000E+000  0.0000000E+000
010111901dw      274.000    01101901  0.2013764E+003  0.0000000E+000  0.0000000E+000
010111901dw      275.000    02101901  0.2013764E+003  0.0000000E+000  0.0000000E+000
010111901dw      276.000    03101901  0.2013764E+003  0.0000000E+000  0.0000000E+000
010111901dw      277.000    04101901  0.2013764E+003  0.0000000E+000  0.0000000E+000
010111901dw      278.000    05101901  0.2013764E+003  0.0000000E+000  0.0000000E+000
010111901dw      279.000    06101901  0.2013764E+003  0.0000000E+000  0.0000000E+000
010111901dw      280.000    07101901  0.2013764E+003  0.0000000E+000  0.0000000E+000
010111901dw      281.000    08101901  0.2013764E+003  0.0000000E+000  0.0000000E+000
010111901dw      282.000    09101901  0.2013764E+003  0.0000000E+000  0.0000000E+000
010111901dw      283.000    10101901  0.2013764E+003  0.0000000E+000  0.0000000E+000
010111901dw      284.000    11101901  0.2013764E+003  0.0000000E+000  0.0000000E+000
010111901dw      285.000    12101901  0.2013764E+003  0.0000000E+000  0.0000000E+000
010111901dw      286.000    13101901  0.2013764E+003  0.0000000E+000  0.0000000E+000
010111901dw      287.000    14101901  0.2013764E+003  0.0000000E+000  0.0000000E+000
010111901dw      288.000    15101901  0.2013764E+003  0.0000000E+000  0.0000000E+000
010111901dw      289.000    16101901  0.2013764E+003  0.0000000E+000  0.0000000E+000
010111901dw      290.000    17101901  0.2013764E+003  0.0000000E+000  0.0000000E+000
010111901dw      291.000    18101901  0.2013764E+003  0.0000000E+000  0.0000000E+000
010111901dw      292.000    19101901  0.2013764E+003  0.0000000E+000  0.0000000E+000
010111901dw      293.000    20101901  0.2013764E+003  0.0000000E+000  0.0000000E+000
010111901dw      294.000    21101901  0.2013764E+003  0.0000000E+000  0.0000000E+000
010111901dw      295.000    22101901  0.2013764E+003  0.0000000E+000  0.0000000E+000
010111901dw      296.000    23101901  0.2013764E+003  0.0000000E+000  0.0000000E+000
010111901dw      297.000    24101901  0.2013764E+003  0.0000000E+000  0.0000000E+000
010111901dw      298.000    25101901  0.2013764E+003  0.0000000E+000  0.0000000E+000
010111901dw      299.000    26101901  0.2013764E+003  0.0000000E+000  0.0000000E+000
010111901dw      300.000    27101901  0.2013764E+003  0.0000000E+000  0.0000000E+000
010111901dw      301.000    28101901  0.2013764E+003  0.0000000E+000  0.0000000E+000
010111901dw      302.000    29101901  0.2013764E+003  0.0000000E+000  0.0000000E+000
010111901dw      303.000    30101901  0.2013764E+003  0.0000000E+000  0.0000000E+000
010111901dw      304.000    31101901  0.2013764E+003  0.0000000E+000  0.0000000E+000
010111901dw      305.000    01111901  0.2013764E+003  0.0000000E+000  0.0000000E+000
010111901dw      306.000    02111901  0.2013764E+003  0.0000000E+000  0.0000000E+000
010111901dw      307.000    03111901  0.2013764E+003  0.0000000E+000  0.0000000E+000
010111901dw      308.000    04111901  0.2013764E+003  0.0000000E+000  0.0000000E+000
010111901dw      309.000    05111901  0.2013764E+003  0.0000000E+000  0.0000000E+000
010111901dw      310.000    06111901  0.2013764E+003  0.0000000E+000  0.0000000E+000
010111901dw      311.000    07111901  0.2013764E+003  0.0000000E+000  0.0000000E+000
010111901dw      312.000    08111901  0.2013764E+003  0.0000000E+000  0.0000000E+000
010111901dw      313.000    09111901  0.2013764E+003  0.0000000E+000  0.0000000E+000
010111901dw      314.000    10111901  0.2013764E+003  0.0000000E+000  0.0000000E+000
010111901dw      315.000    11111901  0.2013764E+003  0.0000000E+000  0.0000000E+000
010111901dw      316.000    12111901  0.2013764E+003  0.0000000E+000  0.0000000E+000
010111901dw      317.000    13111901  0.2013764E+003  0.0000000E+000  0.0000000E+000
010111901dw      318.000    14111901  0.2013764E+003  0.0000000E+000  0.0000000E+000
010111901dw      319.000    15111901  0.2013764E+003  0.0000000E+000  0.0000000E+000
010111901dw      320.000    16111901  0.2013764E+003  0.0000000E+000  0.0000000E+000
010111901dw      321.000    17111901  0.2013764E+003  0.0000000E+000  0.0000000E+000
010111901dw      322.000    18111901  0.2013764E+003  0.0000000E+000  0.0000000E+000
010111901dw      323.000    19111901  0.2013764E+003  0.0000000E+000  0.0000000E+000
010111901dw      324.000    20111901  0.2013764E+003  0.0000000E+000  0.0000000E+000
010111901dw      325.000    21111901  0.2013764E+003  0.0000000E+000  0.0000000E+000
010111901dw      326.000    22111901  0.2013764E+003  0.0000000E+000  0.0000000E+000
010111901dw      327.000    23111901  0.2013764E+003  0.0000000E+000  0.0000000E+000
010111901dw      328.000    24111901  0.2013764E+003  0.0000000E+000  0.0000000E+000
010111901dw      329.000    25111901  0.2013764E+003  0.0000000E+000  0.0000000E+000
010111901dw      330.000    26111901  0.2013764E+003  0.0000000E+000  0.0000000E+000
010111901dw      331.000    27111901  0.2013764E+003  0.0000000E+000  0.0000000E+000
010111901dw      332.000    28111901  0.2013764E+003  0.0000000E+000  0.0000000E+000
010111901dw      333.000    29111901  0.2013764E+003  0.0000000E+000  0.0000000E+000
010111901dw      334.000    30111901  0.2013764E+003  0.0000000E+000  0.0000000E+000
010111901dw      335.000    01121901  0.2013764E+003  0.0000000E+000  0.0000000E+000
010111901dw      336.000    02121901  0.2013764E+003  0.0000000E+000  0.0000000E+000
010111901dw      337.000    03121901  0.2013764E+003  0.0000000E+000  0.0000000E+000
010111901dw      338.000    04121901  0.2013764E+003  0.0000000E+000  0.0000000E+000
010111901dw      339.000    05121901  0.2013764E+003  0.0000000E+000  0.0000000E+000
010111901dw      340.000    06121901  0.2013764E+003  0.0000000E+000  0.0000000E+000
010111901dw      341.000    07121901  0.2013764E+003  0.0000000E+000  0.0000000E+000
010111901dw      342.000    08121901  0.2013764E+003  0.0000000E+000  0.0000000E+000
010111901dw      343.000    09121901  0.2013764E+003  0.0000000E+000  0.0000000E+000
010111901dw      344.000    10121901  0.2013764E+003  0.0000000E+000  0.0000000E+000
010111901dw      345.000    11121901  0.2013764E+003  0.0000000E+000  0.0000000E+000
010111901dw      346.000    12121901  0.2013764E+003  0.0000000E+000  0.0000000E+000
010111901dw      347.000    13121901  0.2013764E+003  0.0000000E+000  0.0000000E+000
010111901dw      348.000    14121901  0.2013764E+003  0.0000000E+000  0.0000000E+000
010111901dw      349.000    15121901  0.2013764E+003  0.0000000E+000  0.0000000E+000
010111901dw      350.000    16121901  0.2013764E+003  0.0000000E+000  0.0000000E+000
010111901dw      351.000    17121901  0.2013764E+003  0.0000000E+000  0.0000000E+000
010111901dw      352.000    18121901  0.2013764E+003  0.0000000E+000  0.0000000E+000
010111901dw      353.000    19121901  0.2013764E+003  0.0000000E+000  0.0000000E+000
010111901dw      354.000    20121901  0.2013764E+003  0.0000000E+000  0.0000000E+000
010111901dw      355.000    21121901  0.2013764E+003  0.0000000E+000  0.0000000E+000
010111901dw      356.000    22121901  0.2013764E+003  0.0000000E+000  0.0000000E+000
010111901dw      357.000    23121901  0.2013764E+003  0.0000000E+000  0.0000000E+000
010111901dw      358.000    24121901  0.2013764E+003  0.0000000E+000  0.0000000E+000
010111901dw      359.000    25121901  0.2013764E+003  0.0000000E+000  0.0000000E+000
010111901dw      360.000    26121901  0.2013764E+003  0.0000000E+000  0.0000000E+000
010111901dw      361.000    27121901  0.2013764E+003  0.0000000E+000  0.0000000E+000
010111901dw      362.000    28121901  0.2013764E+003  0.0000000E+000  0.0000000E+000
010111901dw      363.000    29121901  0.2013764E+003  0.0000000E+000  0.0000000E+000
010111901dw      364.000    30121901  0.2013764E+003  0.0000000E+000  0.0000000E+000
010111901dw      365.000    31121901  0.2013764E+003  0.0000000E+000  0.0000000E+000
