    DOY     DATE    GROWTH_STG      BRANCH_NO.      NODE_NO.        RUB_ACTVN       LEAF_N/C        LEAF_P/C        MIN_LWP         O2_STRESS       TEMP_STRESS     
010111900dh        1.000    01011900  EMERGENCE                    1  0.3759895E-001  0.9669049E+000  0.4055689E-001  0.4037044E-002 -0.1090636E-001  0.1233952E+000  0.3263400E+000
010111900dh        2.000    02011900  EMERGENCE                    1  0.8377228E-001  0.9390248E+000  0.3712614E-001  0.3693775E-002 -0.1193159E-002  0.8196795E-001  0.3362197E+000
010111900dh        3.000    03011900  EMERGENCE                    1  0.1269091E+000  0.9247556E+000  0.3831985E-001  0.3813270E-002 -0.8522902E+000  0.8651396E-001  0.3896636E+000
010111900dh        4.000    04011900  EMERGENCE                    1  0.1794061E+000  0.9097686E+000  0.4201147E-001  0.4184664E-002 -0.3125695E+000  0.5287298E-001  0.4724023E+000
010111900dh        5.000    05011900  EMERGENCE                    1  0.2335519E+000  0.9022894E+000  0.4513809E-001  0.4497160E-002 -0.9836794E+000  0.1788142E+000  0.3868342E+000
010111900dh        6.000    06011900  EMERGENCE                    1  0.2924135E+000  0.9019965E+000  0.5047756E-001  0.5036737E-002 -0.3454642E+000  0.2720000E+000  0.3325939E+000
010111900dh        7.000    07011900  EMERGENCE                    1  0.3467640E+000  0.9071363E+000  0.5641050E-001  0.5645785E-002 -0.3597974E+000  0.3433279E+000  0.3262203E+000
010111900dh        8.000    08011900  EMERGENCE                    1  0.4159188E+000  0.9098881E+000  0.6218750E-001  0.6254409E-002 -0.1202370E+000  0.2873389E+000  0.4379029E+000
010111900dh        9.000    09011900  EMERGENCE                    1  0.4869371E+000  0.9126817E+000  0.6647563E-001  0.6735296E-002 -0.1208023E+000  0.3701945E+000  0.3544355E+000
010111900dh       10.000    10011900  EMERGENCE                    1  0.5562020E+000  0.9129053E+000  0.6802026E-001  0.6959750E-002 -0.2632225E+000  0.3689902E+000  0.4204383E+000
010111900dh       11.000    11011900  EMERGENCE                    1  0.6339029E+000  0.9103417E+000  0.6799260E-001  0.7056512E-002 -0.4438566E+000  0.6385121E+000  0.3825354E+000
010111900dh       12.000    12011900  EMERGENCE                    1  0.7079917E+000  0.9077585E+000  0.6761379E-001  0.7174769E-002 -0.3986344E+000  0.7460653E+000  0.2818694E+000
010111900dh       13.000    13011900  EMERGENCE                    1  0.7808110E+000  0.9032539E+000  0.6657457E-001  0.7248312E-002 -0.5331824E+000  0.6888246E+000  0.3165416E+000
010111900dh       14.000    14011900  EMERGENCE                    1  0.8537260E+000  0.8981036E+000  0.6543892E-001  0.7319836E-002 -0.4884241E+000  0.6432674E+000  0.3403267E+000
010111900dh       15.000    15011900  EMERGENCE                    1  0.9307927E+000  0.8924963E+000  0.6425904E-001  0.7381390E-002 -0.3533688E+000  0.6425064E+000  0.3802529E+000
010111900dh       16.000    16011900  EMERGENCE                    1  0.1017228E+001  0.8886711E+000  0.6370325E-001  0.7514539E-002 -0.2342764E+000  0.5748953E+000  0.3967635E+000
010111900dh       17.000    17011900  EMERGENCE                    1  0.1098660E+001  0.8823765E+000  0.6246694E-001  0.7570974E-002 -0.2691309E+000  0.5583703E+000  0.3561944E+000
010111900dh       18.000    18011900  EMERGENCE                    1  0.1177315E+001  0.8782014E+000  0.6164763E-001  0.7676924E-002 -0.3596722E+000  0.5275275E+000  0.3456403E+000
010111900dh       19.000    19011900  EMERGENCE                    1  0.1246547E+001  0.8732416E+000  0.6048800E-001  0.7761901E-002 -0.3446836E+000  0.6775569E+000  0.2348197E+000
010111900dh       20.000    20011900  EMERGENCE                    1  0.1306265E+001  0.8706200E+000  0.5965841E-001  0.7894417E-002 -0.4403385E+000  0.5516378E+000  0.2195430E+000
010111900dh       21.000    21011900  EMERGENCE                    1  0.1366852E+001  0.8679722E+000  0.5888451E-001  0.8010049E-002 -0.2948214E+000  0.4457378E+000  0.3706469E+000
010111900dh       22.000    22011900  EMERGENCE                    1  0.1439550E+001  0.8640581E+000  0.5803550E-001  0.8088191E-002 -0.2770185E+000  0.4366254E+000  0.3559926E+000
010111900dh       23.000    23011900  EMERGENCE                    1  0.1508482E+001  0.8596688E+000  0.5699625E-001  0.8126186E-002 -0.2814500E+000  0.4308122E+000  0.2772665E+000
010111900dh       24.000    24011900  EMERGENCE                    1  0.1571550E+001  0.8580140E+000  0.5632973E-001  0.8204857E-002 -0.3247554E+000  0.4211796E+000  0.3259083E+000
010111900dh       25.000    25011900  EMERGENCE                    1  0.1632527E+001  0.8548850E+000  0.5536022E-001  0.8230833E-002 -0.1817167E+000  0.4398804E+000  0.2488973E+000
010111900dh       26.000    26011900  EMERGENCE                    1  0.1689531E+001  0.8536505E+000  0.5471391E-001  0.8295776E-002 -0.2921790E+000  0.4156902E+000  0.3030560E+000
010111900dh       27.000    27011900  EMERGENCE                    1  0.1755684E+001  0.8504162E+000  0.5390769E-001  0.8326275E-002 -0.3678915E+000  0.3696215E+000  0.3096392E+000
010111900dh       28.000    28011900  EMERGENCE                    1  0.1825760E+001  0.8466487E+000  0.5305156E-001  0.8350513E-002 -0.4495809E+000  0.4182277E+000  0.3384184E+000
010111900dh       29.000    29011900  EMERGENCE                    1  0.1894075E+001  0.8456357E+000  0.5249398E-001  0.8428104E-002 -0.2828791E+000  0.4243896E+000  0.3262041E+000
010111900dh       30.000    30011900  EMERGENCE                    1  0.1968734E+001  0.8441714E+000  0.5202365E-001  0.8512806E-002 -0.3580605E+000  0.3728487E+000  0.3755668E+000
010111900dh       31.000    31011900  EMERGENCE                    1  0.2042692E+001  0.8427582E+000  0.5154135E-001  0.8589473E-002 -0.4288514E+000  0.3666626E+000  0.3519165E+000
010111900dh       32.000    01021900  EMERGENCE                    1  0.2128322E+001  0.8390656E+000  0.5084166E-001  0.8629421E-002 -0.5315782E+000  0.3517341E+000  0.3858811E+000
010111900dh       33.000    02021900  EMERGENCE                    1  0.2214356E+001  0.8358831E+000  0.5011471E-001  0.8647377E-002 -0.5649019E+000  0.3530829E+000  0.3649751E+000
010111900dh       34.000    03021900  EMERGENCE                    1  0.2303759E+001  0.8325993E+000  0.4939404E-001  0.8620297E-002 -0.5997840E+000  0.3370150E+000  0.4177336E+000
010111900dh       35.000    04021900  EMERGENCE                    1  0.2392504E+001  0.8308786E+000  0.4885824E-001  0.8592677E-002 -0.4972696E+000  0.3313265E+000  0.3875072E+000
010111900dh       36.000    05021900  FLORAL_INIT.                 1  0.2517025E+001  0.8301398E+000  0.4848068E-001  0.8577766E-002 -0.4796057E+000  0.3462206E+000  0.4545039E+000
010111900dh       37.000    06021900  FLORAL_INIT.                 1  0.2653114E+001  0.8277786E+000  0.4796418E-001  0.8522021E-002 -0.6898284E+000  0.3603085E+000  0.4109340E+000
010111900dh       38.000    07021900  FLORAL_INIT.                 1  0.2774746E+001  0.8275072E+000  0.4757090E-001  0.8481287E-002 -0.4713024E+000  0.3535693E+000  0.4341330E+000
010111900dh       39.000    08021900  FLORAL_INIT.                 1  0.2905819E+001  0.8262748E+000  0.4717599E-001  0.8441962E-002 -0.4780540E+000  0.3421897E+000  0.4170007E+000
010111900dh       40.000    09021900  FLORAL_INIT.                 1  0.3032749E+001  0.8255803E+000  0.4677832E-001  0.8404226E-002 -0.4946263E+000  0.3884410E+000  0.4053692E+000
010111900dh       41.000    10021900  FLORAL_INIT.                 1  0.3150397E+001  0.8277370E+000  0.4663529E-001  0.8408713E-002 -0.4444262E+000  0.4180684E+000  0.4126769E+000
010111900dh       42.000    11021900  FLORAL_INIT.                 1  0.3239514E+001  0.8322302E+000  0.4662191E-001  0.8418045E-002 -0.2341204E+000  0.4617712E+000  0.2713695E+000
010111900dh       43.000    12021900  FLORAL_INIT.                 1  0.3327343E+001  0.8357982E+000  0.4664532E-001  0.8428257E-002 -0.2785366E+000  0.4612829E+000  0.2965685E+000
010111900dh       44.000    13021900  FLORAL_INIT.                 1  0.3423518E+001  0.8382833E+000  0.4670229E-001  0.8442406E-002 -0.2792776E+000  0.4470980E+000  0.3500730E+000
010111900dh       45.000    14021900  FLORAL_INIT.                 1  0.3517282E+001  0.8402745E+000  0.4672037E-001  0.8441900E-002 -0.2786241E+000  0.4528742E+000  0.3077364E+000
010111900dh       46.000    15021900  JOINTING                     1  0.3616114E+001  0.8420830E+000  0.4679599E-001  0.8451118E-002 -0.3424763E+000  0.4874859E+000  0.2823769E+000
010111900dh       47.000    16021900  JOINTING                     1  0.3711582E+001  0.8449910E+000  0.4702033E-001  0.8479396E-002 -0.3246367E+000  0.4843503E+000  0.2863434E+000
010111900dh       48.000    17021900  JOINTING                     1  0.3815096E+001  0.8467113E+000  0.4719629E-001  0.8493710E-002 -0.3085258E+000  0.4522390E+000  0.3717293E+000
010111900dh       49.000    18021900  JOINTING                     1  0.3909198E+001  0.8486036E+000  0.4731920E-001  0.8491607E-002 -0.2570199E+000  0.5242993E+000  0.2502494E+000
010111900dh       50.000    19021900  JOINTING                     1  0.3982320E+001  0.8529907E+000  0.4771607E-001  0.8537891E-002 -0.1761893E+000  0.5463191E+000  0.2179516E+000
010111900dh       51.000    20021900  JOINTING                     1  0.4051125E+001  0.8578333E+000  0.4828977E-001  0.8611147E-002 -0.1705943E+000  0.5442169E+000  0.2173712E+000
010111900dh       52.000    21021900  JOINTING                     1  0.4128445E+001  0.8606119E+000  0.4870012E-001  0.8653546E-002 -0.1562393E+000  0.5303418E+000  0.2330074E+000
010111900dh       53.000    22021900  JOINTING                     1  0.4205897E+001  0.8632218E+000  0.4910318E-001  0.8692296E-002 -0.1765775E+000  0.5689005E+000  0.2110920E+000
010111900dh       54.000    23021900  JOINTING                     1  0.4275062E+001  0.8675549E+000  0.4975891E-001  0.8770624E-002 -0.1896744E+000  0.5867519E+000  0.1753785E+000
010111900dh       55.000    24021900  JOINTING                     1  0.4349674E+001  0.8699861E+000  0.5020604E-001  0.8812497E-002 -0.1804164E+000  0.5370583E+000  0.2656737E+000
010111900dh       56.000    25021900  JOINTING                     1  0.4436403E+001  0.8730967E+000  0.5082055E-001  0.8885046E-002 -0.2010973E+000  0.5276579E+000  0.3082223E+000
010111900dh       57.000    26021900  JOINTING                     1  0.4518704E+001  0.8772361E+000  0.5156956E-001  0.8975751E-002 -0.1259775E+000  0.5461640E+000  0.2502980E+000
010111900dh       58.000    27021900  JOINTING                     1  0.4601825E+001  0.8806302E+000  0.5223420E-001  0.9060582E-002 -0.1934403E+000  0.5499902E+000  0.2158823E+000
010111900dh       59.000    28021900  JOINTING                     1  0.4682289E+001  0.8834295E+000  0.5283384E-001  0.9132044E-002 -0.1166983E+000  0.5177611E+000  0.3539815E+000
010111900dh       60.000    29021900  JOINTING                     1  0.4772458E+001  0.8888645E+000  0.5391202E-001  0.9273796E-002 -0.4421108E-001  0.5457682E+000  0.3154998E+000
010111900dh       61.000    01031900  ELONGATION                   1  0.4851191E+001  0.8929854E+000  0.5478730E-001  0.9399646E-002 -0.9997088E-001  0.5915287E+000  0.2478745E+000
010111900dh       62.000    02031900  ELONGATION                   1  0.4922606E+001  0.8991906E+000  0.5612942E-001  0.9616612E-002 -0.5852324E-001  0.5982199E+000  0.2219384E+000
010111900dh       63.000    03031900  ELONGATION                   1  0.5000294E+001  0.9055264E+000  0.5765516E-001  0.9868268E-002 -0.1185429E+000  0.5766902E+000  0.3030237E+000
010111900dh       64.000    04031900  ELONGATION                   1  0.5090033E+001  0.9106587E+000  0.5906148E-001  0.1010050E-001 -0.1853178E+000  0.5633283E+000  0.2791433E+000
010111900dh       65.000    05031900  ELONGATION                   1  0.5195288E+001  0.9159570E+000  0.6062106E-001  0.1036769E-001 -0.2146227E+000  0.5290105E+000  0.3556624E+000
010111900dh       66.000    06031900  ELONGATION                   1  0.5313130E+001  0.9218297E+000  0.6242954E-001  0.1066892E-001 -0.2836701E+000  0.5214487E+000  0.4415520E+000
010111900dh       67.000    07031900  ELONGATION                   1  0.5434339E+001  0.9265790E+000  0.6414151E-001  0.1094408E-001 -0.1846385E+000  0.5278880E+000  0.3759410E+000
010111900dh       68.000    08031900  ELONGATION                   1  0.5544160E+001  0.9316355E+000  0.6620200E-001  0.1127502E-001 -0.1610840E+000  0.5193954E+000  0.3900229E+000
010111900dh       69.000    09031900  ELONGATION                   1  0.5647974E+001  0.9366499E+000  0.6847901E-001  0.1164385E-001 -0.1131191E+000  0.5299035E+000  0.3731062E+000
010111900dh       70.000    10031900  ELONGATION                   1  0.5764854E+001  0.9412645E+000  0.7067142E-001  0.1203398E-001 -0.1976715E+000  0.4763481E+000  0.4362241E+000
010111900dh       71.000    11031900  ELONGATION                   1  0.5893104E+001  0.9426847E+000  0.7176371E-001  0.1221773E-001 -0.2297597E+000  0.4690663E+000  0.5466191E+000
010111900dh       72.000    12031900  ELONGATION                   1  0.6005593E+001  0.9466677E+000  0.7369280E-001  0.1247621E-001 -0.7776550E-001  0.5396401E+000  0.3428553E+000
010111900dh       73.000    13031900  ELONGATION                   1  0.6099122E+001  0.9472679E+000  0.7474931E-001  0.1258388E-001 -0.7180029E-001  0.5501302E+000  0.2795540E+000
010111900dh       74.000    14031900  ELONGATION                   1  0.6184759E+001  0.9481868E+000  0.7602761E-001  0.1273809E-001 -0.6087926E-001  0.5491010E+000  0.3439335E+000
010111900dh       75.000    15031900  ELONGATION                   1  0.6275217E+001  0.9499715E+000  0.7759205E-001  0.1293752E-001 -0.7207582E-001  0.5581374E+000  0.2628978E+000
010111900dh       76.000    16031900  ELONGATION                   1  0.6358190E+001  0.9512907E+000  0.7902456E-001  0.1311064E-001 -0.5253898E-001  0.5581116E+000  0.2419871E+000
010111900dh       77.000    17031900  ELONGATION                   1  0.6442122E+001  0.9525945E+000  0.8042272E-001  0.1328285E-001 -0.9744983E-001  0.5457030E+000  0.3363972E+000
010111900dh       78.000    18031900  ELONGATION                   1  0.6550014E+001  0.9548325E+000  0.8208979E-001  0.1351428E-001 -0.2056398E+000  0.5106230E+000  0.4447251E+000
010111900dh       79.000    19031900  ELONGATION                   1  0.6646120E+001  0.9579091E+000  0.8430330E-001  0.1380803E-001 -0.2277861E-001  0.5395761E+000  0.3823097E+000
010111900dh       80.000    20031900  ELONGATION                   1  0.6770535E+001  0.9608042E+000  0.8621137E-001  0.1407134E-001 -0.5991839E-001  0.4983198E+000  0.5298463E+000
010111900dh       81.000    21031900  ELONGATION                   1  0.6878766E+001  0.9611060E+000  0.8707967E-001  0.1414688E-001 -0.9132290E-001  0.5546822E+000  0.2839363E+000
010111900dh       82.000    22031900  ELONGATION                   1  0.6970650E+001  0.9605178E+000  0.8775639E-001  0.1421362E-001 -0.1257747E+000  0.5371282E+000  0.3398172E+000
010111900dh       83.000    23031900  ELONGATION                   1  0.7064646E+001  0.9607786E+000  0.8892594E-001  0.1436352E-001 -0.1205109E+000  0.5417000E+000  0.2691626E+000
010111900dh       84.000    24031900  ELONGATION                   1  0.7154997E+001  0.9615502E+000  0.9044636E-001  0.1457015E-001 -0.1384648E+000  0.5298839E+000  0.2638493E+000
010111900dh       85.000    25031900  ANTHESIS                     1  0.7261477E+001  0.9634370E+000  0.9255569E-001  0.1488490E-001 -0.2225016E+000  0.5054998E+000  0.3305000E+000
010111900dh       86.000    26031900  ANTHESIS                     1  0.7394751E+001  0.9655054E+000  0.9459707E-001  0.1519996E-001 -0.2805943E+000  0.4714759E+000  0.3860954E+000
010111900dh       87.000    27031900  ANTHESIS                     1  0.7539864E+001  0.9670503E+000  0.9615087E-001  0.1541862E-001 -0.3080760E+000  0.4554000E+000  0.4497307E+000
010111900dh       88.000    28031900  ANTHESIS                     1  0.7701717E+001  0.9683532E+000  0.9741909E-001  0.1558227E-001 -0.3615980E+000  0.4407245E+000  0.4687884E+000
010111900dh       89.000    29031900  ANTHESIS                     1  0.7861605E+001  0.9683047E+000  0.9788510E-001  0.1560299E-001 -0.3256204E+000  0.4392088E+000  0.5344063E+000
010111900dh       90.000    30031900  ANTHESIS                     1  0.7997252E+001  0.9665937E+000  0.9744038E-001  0.1545665E-001 -0.2822817E+000  0.4807251E+000  0.4115500E+000
010111900dh       91.000    31031900  SEED_FILL                    1  0.8118325E+001  0.9674960E+000  0.9809052E-001  0.1556196E-001 -0.2553930E+000  0.4876061E+000  0.4035840E+000
010111900dh       92.000    01041900  SEED_FILL                    1  0.8233032E+001  0.9665375E+000  0.9756636E-001  0.1544510E-001 -0.1875193E+000  0.5094697E+000  0.3392728E+000
010111900dh       93.000    02041900  SEED_FILL                    1  0.8345408E+001  0.9657287E+000  0.9710963E-001  0.1535269E-001 -0.2011406E+000  0.5075788E+000  0.3458261E+000
010111900dh       94.000    03041900  SEED_FILL                    1  0.8456501E+001  0.9650907E+000  0.9675756E-001  0.1527817E-001 -0.1768896E+000  0.5161847E+000  0.3999736E+000
010111900dh       95.000    04041900  SEED_FILL                    1  0.8569498E+001  0.9654893E+000  0.9706410E-001  0.1530283E-001 -0.1761798E+000  0.5096244E+000  0.4500026E+000
010111900dh       96.000    05041900  SEED_FILL                    1  0.8694966E+001  0.9677727E+000  0.9864452E-001  0.1551647E-001 -0.2034577E-001  0.4956933E+000  0.5897257E+000
010111900dh       97.000    06041900  SEED_NO._SET                 1  0.8834537E+001  0.9670573E+000  0.9797469E-001  0.1535450E-001 -0.1488274E+000  0.4679007E+000  0.4213488E+000
010111900dh       98.000    07041900  SEED_NO._SET                 1  0.8958291E+001  0.9668874E+000  0.9820118E-001  0.1533821E-001 -0.2041574E+000  0.4810503E+000  0.3513985E+000
010111900dh       99.000    08041900  SEED_NO._SET                 1  0.9105414E+001  0.9683025E+000  0.9934754E-001  0.1550284E-001 -0.3072112E+000  0.4567826E+000  0.6358491E+000
010111900dh      100.000    09041900  SEED_NO._SET                 1  0.9232937E+001  0.9675533E+000  0.9934296E-001  0.1543867E-001 -0.1516019E+000  0.5157075E+000  0.3972576E+000
010111900dh      101.000    10041900  SEED_NO._SET                 1  0.9337703E+001  0.9669701E+000  0.9963690E-001  0.1541776E-001 -0.1536487E+000  0.5480326E+000  0.3237228E+000
010111900dh      102.000    11041900  SEED_NO._SET                 1  0.9438399E+001  0.9668067E+000  0.1001715E+000  0.1544048E-001 -0.1660488E+000  0.5513334E+000  0.3156880E+000
010111900dh      103.000    12041900  SEED_NO._SET                 1  0.9551944E+001  0.9672981E+000  0.1009490E+000  0.1551750E-001 -0.2556809E+000  0.5235419E+000  0.3886702E+000
010111900dh      104.000    13041900  SEED_MASS_SET                1  0.9682530E+001  0.9674447E+000  0.1012329E+000  0.1552395E-001 -0.2592211E+000  0.5143837E+000  0.4099332E+000
010111900dh      105.000    14041900  SEED_MASS_SET                1  0.9796148E+001  0.9671261E+000  0.1014207E+000  0.1548701E-001 -0.2101541E+000  0.5417052E+000  0.3479920E+000
010111900dh      106.000    15041900  SEED_MASS_SET                1  0.9876986E+001  0.9671864E+000  0.1021577E+000  0.1550996E-001 -0.8173083E-001  0.5819355E+000  0.2561243E+000
010111900dh      107.000    16041900  SEED_MASS_SET                1  0.9973203E+001  0.9671241E+000  0.1024438E+000  0.1549315E-001 -0.2047089E+000  0.5501350E+000  0.2980985E+000
010111900dh      108.000    17041900  SEED_MASS_SET                1  0.1006583E+002  0.9673217E+000  0.1029762E+000  0.1550623E-001 -0.1424753E+000  0.5786431E+000  0.2968778E+000
010111900dh      109.000    18041900  SEED_MASS_SET                1  0.1017161E+002  0.9670423E+000  0.1028923E+000  0.1544293E-001 -0.1742802E+000  0.5356643E+000  0.3351357E+000
010111900dh      110.000    19041900  SEED_MASS_SET                1  0.1029102E+002  0.9669017E+000  0.1028486E+000  0.1539406E-001 -0.2274196E+000  0.5115363E+000  0.3561812E+000
010111900dh      111.000    20041900  SEED_MASS_SET                1  0.1042870E+002  0.9673407E+000  0.1031914E+000  0.1541722E-001 -0.3075069E+000  0.5004268E+000  0.4326173E+000
010111900dh      112.000    21041900  SEED_MASS_SET                1  0.1057973E+002  0.9673022E+000  0.1030229E+000  0.1536192E-001 -0.3425722E+000  0.4921663E+000  0.4676300E+000
010111900dh      113.000    22041900  SEED_MASS_SET                1  0.1073015E+002  0.9662759E+000  0.1019992E+000  0.1516779E-001 -0.3550780E+000  0.5054681E+000  0.3969074E+000
010111900dh      114.000    23041900  SEED_MASS_SET                1  0.1085312E+002  0.9651222E+000  0.1011556E+000  0.1497900E-001 -0.1793381E+000  0.5270035E+000  0.3721728E+000
010111900dh      115.000    24041900  SEED_MASS_SET                1  0.1097037E+002  0.9645065E+000  0.1007190E+000  0.1485315E-001 -0.1782525E+000  0.5340997E+000  0.3897267E+000
010111900dh      116.000    25041900  SEED_MASS_SET                1  0.1108129E+002  0.9640243E+000  0.1003902E+000  0.1474058E-001 -0.1572568E+000  0.5426229E+000  0.4122941E+000
010111900dh      117.000    26041900  SEED_MASS_SET                1  0.1121080E+002  0.9636366E+000  0.9988465E-001  0.1462135E-001 -0.2181691E+000  0.5261259E+000  0.4459326E+000
010111900dh      118.000    27041900  SEED_MASS_SET                1  0.1132634E+002  0.9632612E+000  0.9952655E-001  0.1450891E-001 -0.1704683E+000  0.5436258E+000  0.4034619E+000
010111900dh      119.000    28041900  SEED_MASS_SET                1  0.1144602E+002  0.9624295E+000  0.9871970E-001  0.1434136E-001 -0.1745363E+000  0.5360221E+000  0.4117958E+000
010111900dh      120.000    29041900  SEED_MASS_SET                1  0.1155556E+002  0.9614911E+000  0.9790769E-001  0.1416961E-001 -0.1688220E+000  0.5481300E+000  0.3177693E+000
010111900dh      121.000    30041900  SEED_MASS_SET                1  0.1166818E+002  0.9608470E+000  0.9728287E-001  0.1403748E-001 -0.2124076E+000  0.5378135E+000  0.3695674E+000
010111900dh      122.000    01051900  SEED_MASS_SET                1  0.1179237E+002  0.9602040E+000  0.9656756E-001  0.1390211E-001 -0.2105768E+000  0.7265649E+000  0.3543325E+000
010111900dh      123.000    02051900  SEED_MASS_SET                1  0.1190246E+002  0.9600283E+000  0.9647725E-001  0.1384642E-001 -0.1473438E+000  0.8025323E+000  0.3693886E+000
010111900dh      124.000    03051900  SEED_MASS_SET                1  0.1203585E+002  0.9599375E+000  0.9637714E-001  0.1379767E-001 -0.2420960E+000  0.5782962E+000  0.3993779E+000
010111900dh      125.000    04051900  SEED_MASS_SET                1  0.1215006E+002  0.9592418E+000  0.9591963E-001  0.1367768E-001 -0.1370301E+000  0.5646252E+000  0.3704311E+000
010111900dh      126.000    05051900  SEED_MASS_SET                1  0.1226639E+002  0.9586183E+000  0.9536838E-001  0.1355239E-001 -0.1597412E+000  0.5418270E+000  0.4162568E+000
010111900dh      127.000    06051900  SEED_MASS_SET                1  0.1240756E+002  0.9579605E+000  0.9453341E-001  0.1341128E-001 -0.3199554E+000  0.5118714E+000  0.4480811E+000
010111900dh      128.000    07051900  SEED_MASS_SET                1  0.1253951E+002  0.9572166E+000  0.9375505E-001  0.1327172E-001 -0.1757533E+000  0.4963800E+000  0.4745503E+000
010111900dh      129.000    08051900  SEED_MASS_SET                1  0.1267298E+002  0.9564983E+000  0.9303112E-001  0.1313930E-001 -0.1941905E+000  0.4959391E+000  0.4205700E+000
010111900dh      130.000    09051900  SEED_MASS_SET                1  0.1280432E+002  0.9552236E+000  0.9191582E-001  0.1295822E-001 -0.2128225E+000  0.4936243E+000  0.4161652E+000
010111900dh      131.000    10051900  SEED_MASS_SET                1  0.1296358E+002  0.9554480E+000  0.9176068E-001  0.1293785E-001 -0.3451299E+000  0.4497329E+000  0.7565723E+000
010111900dh      132.000    11051900  SEED_MASS_SET                1  0.1313485E+002  0.9536241E+000  0.9014195E-001  0.1270301E-001 -0.3536326E+000  0.4661204E+000  0.4572043E+000
010111900dh      133.000    12051900  SEED_MASS_SET                1  0.1327563E+002  0.9524185E+000  0.8922131E-001  0.1255740E-001 -0.2182369E+000  0.4726800E+000  0.4418031E+000
010111900dh      134.000    13051900  SEED_MASS_SET                1  0.1340116E+002  0.9515231E+000  0.8859190E-001  0.1244929E-001 -0.1636837E+000  0.4808028E+000  0.4459640E+000
010111900dh      135.000    14051900  SEED_MASS_SET                1  0.1353207E+002  0.9508258E+000  0.8805172E-001  0.1236069E-001 -0.2057414E+000  0.4829409E+000  0.4507089E+000
010111900dh      136.000    15051900  SEED_MASS_SET                1  0.1366210E+002  0.9502321E+000  0.8758082E-001  0.1228417E-001 -0.1868652E+000  0.5900823E+000  0.4417488E+000
010111900dh      137.000    16051900  SEED_MASS_SET                1  0.1379035E+002  0.9496801E+000  0.8721195E-001  0.1222148E-001 -0.1831467E+000  0.8040912E+000  0.4222063E+000
010111900dh      138.000    17051900  SEED_MASS_SET                1  0.1391001E+002  0.9502756E+000  0.8778410E-001  0.1227377E-001 -0.1430908E+000  0.5722349E+000  0.4029519E+000
010111900dh      139.000    18051900  SEED_MASS_SET                1  0.1402525E+002  0.9501117E+000  0.8779194E-001  0.1224212E-001 -0.1517139E+000  0.5457845E+000  0.4055393E+000
010111900dh      140.000    19051900  SEED_MASS_SET                1  0.1413823E+002  0.9499202E+000  0.8769447E-001  0.1219754E-001 -0.1516101E+000  0.5300250E+000  0.3949443E+000
010111900dh      141.000    20051900  SEED_MASS_SET                1  0.1426920E+002  0.9484829E+000  0.8660035E-001  0.1203177E-001 -0.2043128E+000  0.5033861E+000  0.4197894E+000
010111900dh      142.000    21051900  SEED_MASS_SET                1  0.1439012E+002  0.9482977E+000  0.8643257E-001  0.1198893E-001 -0.1472750E+000  0.4952818E+000  0.4419321E+000
010111900dh      143.000    22051900  SEED_MASS_SET                1  0.1451425E+002  0.9476111E+000  0.8589364E-001  0.1189890E-001 -0.1169474E+000  0.4945571E+000  0.4329617E+000
010111900dh      144.000    23051900  SEED_MASS_SET                1  0.1462990E+002  0.9477554E+000  0.8595258E-001  0.1188758E-001 -0.1188220E+000  0.5001510E+000  0.4549131E+000
010111900dh      145.000    24051900  SEED_MASS_SET                1  0.1476123E+002  0.9466208E+000  0.8508768E-001  0.1176074E-001 -0.1330904E+000  0.4870109E+000  0.4666282E+000
010111900dh      146.000    25051900  SEED_MASS_SET                1  0.1489133E+002  0.9464766E+000  0.8492693E-001  0.1172942E-001 -0.1616949E+000  0.4803553E+000  0.4859554E+000
010111900dh      147.000    26051900  SEED_MASS_SET                1  0.1505708E+002  0.9454781E+000  0.8412023E-001  0.1163092E-001 -0.3045826E+000  0.4469100E+000  0.5975904E+000
010111900dh      148.000    27051900  SEED_MASS_SET                1  0.1524888E+002  0.9450902E+000  0.8371918E-001  0.1159262E-001 -0.5133292E+000  0.4218798E+000  0.6365965E+000
010111900dh      149.000    28051900  SEED_MASS_SET                1  0.1542225E+002  0.9427766E+000  0.8226415E-001  0.1139363E-001 -0.2951623E+000  0.4418778E+000  0.4868111E+000
010111900dh      150.000    29051900  SEED_MASS_SET                1  0.1554536E+002  0.9415135E+000  0.8155083E-001  0.1128007E-001 -0.1618200E+000  0.5725672E+000  0.3986526E+000
010111900dh      151.000    30051900  SEED_MASS_SET                1  0.1567010E+002  0.9412617E+000  0.8144928E-001  0.1125519E-001 -0.1935876E+000  0.8389252E+000  0.3973939E+000
010111900dh      152.000    31051900  SEED_MASS_SET                1  0.1581930E+002  0.9415988E+000  0.8171027E-001  0.1128189E-001 -0.3259259E+000  0.5414045E+000  0.4948147E+000
010111900dh      153.000    01061900  SEED_MASS_SET                1  0.1600479E+002  0.9422579E+000  0.8207474E-001  0.1132677E-001 -0.5528204E+000  0.4785258E+000  0.5611353E+000
010111900dh      154.000    02061900  SEED_MASS_SET                1  0.1618368E+002  0.9409597E+000  0.8124928E-001  0.1119666E-001 -0.3502078E+000  0.4620476E+000  0.5131775E+000
010111900dh      155.000    03061900  SEED_MASS_SET                1  0.1633698E+002  0.9396382E+000  0.8044552E-001  0.1106232E-001 -0.2274076E+000  0.4608761E+000  0.4594111E+000
010111900dh      156.000    04061900  SEED_MASS_SET                1  0.1648004E+002  0.9382829E+000  0.7962155E-001  0.1092615E-001 -0.2076320E+000  0.4624176E+000  0.4232553E+000
010111900dh      157.000    05061900  SEED_MASS_SET                1  0.1661643E+002  0.9371626E+000  0.7894551E-001  0.1081149E-001 -0.1721755E+000  0.4581437E+000  0.4830029E+000
010111900dh      158.000    06061900  SEED_MASS_SET                1  0.1676319E+002  0.9365586E+000  0.7856386E-001  0.1074137E-001 -0.2124063E+000  0.4492465E+000  0.5045990E+000
010111900dh      159.000    07061900  SEED_MASS_SET                1  0.1692093E+002  0.9349793E+000  0.7762137E-001  0.1060086E-001 -0.2207334E+000  0.4352162E+000  0.5099284E+000
010111900dh      160.000    08061900  SEED_MASS_SET                1  0.1707610E+002  0.9332515E+000  0.7662745E-001  0.1045081E-001 -0.2177357E+000  0.4458703E+000  0.4865161E+000
010111900dh      161.000    09061900  SEED_MASS_SET                1  0.1721887E+002  0.9319062E+000  0.7587739E-001  0.1033333E-001 -0.2517819E+000  0.4502431E+000  0.4728703E+000
010111900dh      162.000    10061900  SEED_MASS_SET                1  0.1738069E+002  0.9307792E+000  0.7526942E-001  0.1024319E-001 -0.2797534E+000  0.4336544E+000  0.5699769E+000
010111900dh      163.000    11061900  SEED_MASS_SET                1  0.1755867E+002  0.9291489E+000  0.7440793E-001  0.1011910E-001 -0.3655687E+000  0.4306704E+000  0.5250215E+000
010111900dh      164.000    12061900  SEED_MASS_SET                1  0.1772125E+002  0.9274022E+000  0.7350899E-001  0.9983341E-002 -0.3261010E+000  0.7891085E+000  0.4865552E+000
010111900dh      165.000    13061900  SEED_MASS_SET                1  0.1787911E+002  0.9266218E+000  0.7313468E-001  0.9920901E-002 -0.2848386E+000  0.8519740E+000  0.5244318E+000
010111900dh      166.000    14061900  SEED_MASS_SET                1  0.1802707E+002  0.9270051E+000  0.7333364E-001  0.9921532E-002 -0.2130157E+000  0.5393337E+000  0.4759407E+000
010111900dh      167.000    15061900  SEED_MASS_SET                1  0.1818339E+002  0.9264969E+000  0.7308009E-001  0.9860198E-002 -0.2308403E+000  0.4923372E+000  0.4570101E+000
010111900dh      168.000    16061900  SEED_MASS_SET                1  0.1834060E+002  0.9261421E+000  0.7292519E-001  0.9809545E-002 -0.2215181E+000  0.4717226E+000  0.5316559E+000
010111900dh      169.000    17061900  SEED_MASS_SET                1  0.1849662E+002  0.9254683E+000  0.7259394E-001  0.9729912E-002 -0.2323740E+000  0.4670063E+000  0.4520616E+000
010111900dh      170.000    18061900  SEED_MASS_SET                1  0.1863298E+002  0.9246134E+000  0.7217105E-001  0.9634506E-002 -0.1642678E+000  0.4757991E+000  0.4238518E+000
010111900dh      171.000    19061900  SEED_MASS_SET                1  0.1876303E+002  0.9237966E+000  0.7177531E-001  0.9543361E-002 -0.1540436E+000  0.4674799E+000  0.4268089E+000
010111900dh      172.000    20061900  SEED_MASS_SET                1  0.1890702E+002  0.9228644E+000  0.7135212E-001  0.9454120E-002 -0.2064364E+000  0.4552163E+000  0.4984347E+000
010111900dh      173.000    21061900  SEED_MASS_SET                1  0.1908522E+002  0.9217079E+000  0.7085500E-001  0.9362201E-002 -0.4060732E+000  0.4387055E+000  0.6285784E+000
010111900dh      174.000    22061900  SEED_MASS_SET                1  0.1928996E+002  0.9212049E+000  0.7065709E-001  0.9305470E-002 -0.4967604E+000  0.4200613E+000  0.8026005E+000
010111900dh      175.000    23061900  SEED_MASS_SET                1  0.1947510E+002  0.9195635E+000  0.6988758E-001  0.9178664E-002 -0.2914532E+000  0.4247364E+000  0.5928271E+000
010111900dh      176.000    24061900  SEED_MASS_SET                1  0.1964015E+002  0.9187888E+000  0.6951711E-001  0.9099330E-002 -0.2329717E+000  0.4364504E+000  0.5259091E+000
010111900dh      177.000    25061900  SEED_MASS_SET                1  0.1979396E+002  0.9176042E+000  0.6895081E-001  0.8994038E-002 -0.2059863E+000  0.4505922E+000  0.4826979E+000
010111900dh      178.000    26061900  SEED_MASS_SET                1  0.1993727E+002  0.9170564E+000  0.6868129E-001  0.8923149E-002 -0.1621944E+000  0.6871391E+000  0.5214981E+000
010111900dh      179.000    27061900  SEED_MASS_SET                1  0.2008647E+002  0.9167429E+000  0.6849966E-001  0.8863488E-002 -0.2054527E+000  0.8726492E+000  0.4769657E+000
010111900dh      180.000    28061900  SEED_MASS_SET                1  0.2025584E+002  0.9178338E+000  0.6898124E-001  0.8882574E-002 -0.3276271E+000  0.5525372E+000  0.6232941E+000
010111900dh      181.000    29061900  SEED_MASS_SET                1  0.2045249E+002  0.9182043E+000  0.6913155E-001  0.8857872E-002 -0.3811042E+000  0.5000889E+000  0.5231657E+000
010111900dh      182.000    30061900  SEED_MASS_SET                1  0.2061745E+002  0.9174070E+000  0.6873116E-001  0.8763121E-002 -0.2017082E+000  0.4892595E+000  0.5203264E+000
010111900dh      183.000    01071900  SEED_MASS_SET                1  0.2077432E+002  0.9171491E+000  0.6860405E-001  0.8703390E-002 -0.1617974E+000  0.4795777E+000  0.5379172E+000
010111900dh      184.000    02071900  SEED_MASS_SET                1  0.2094097E+002  0.9162663E+000  0.6820421E-001  0.8613237E-002 -0.2262851E+000  0.4714045E+000  0.5413762E+000
010111900dh      185.000    03071900  SEED_MASS_SET                1  0.2110262E+002  0.9153863E+000  0.6779371E-001  0.8523520E-002 -0.2213357E+000  0.4705801E+000  0.4776508E+000
010111900dh      186.000    04071900  SEED_MASS_SET                1  0.2127091E+002  0.9151080E+000  0.6770465E-001  0.8477196E-002 -0.2535210E+000  0.4580499E+000  0.6383911E+000
010111900dh      187.000    05071900  SEED_MASS_SET                1  0.2146603E+002  0.9145707E+000  0.6746775E-001  0.8413785E-002 -0.3448957E+000  0.4462675E+000  0.6632674E+000
010111900dh      188.000    06071900  SEED_MASS_SET                1  0.2165277E+002  0.9133867E+000  0.6690313E-001  0.8314552E-002 -0.2383750E+000  0.4478698E+000  0.5387863E+000
010111900dh      189.000    07071900  SEED_MASS_SET                1  0.2182183E+002  0.9125631E+000  0.6649816E-001  0.8237111E-002 -0.2246322E+000  0.4484185E+000  0.5476837E+000
010111900dh      190.000    08071900  SEED_MASS_SET                1  0.2200326E+002  0.9119193E+000  0.6619641E-001  0.8175267E-002 -0.2920497E+000  0.4422713E+000  0.6427112E+000
010111900dh      191.000    09071900  SEED_MASS_SET                1  0.2218192E+002  0.9108233E+000  0.6564262E-001  0.8082021E-002 -0.2861649E+000  0.4506381E+000  0.5434577E+000
010111900dh      192.000    10071900  SEED_MASS_SET                1  0.2235549E+002  0.9103244E+000  0.6537241E-001  0.8024886E-002 -0.2374697E+000  0.7690571E+000  0.5588898E+000
010111900dh      193.000    11071900  SEED_MASS_SET                1  0.2253099E+002  0.9106873E+000  0.6544810E-001  0.8008828E-002 -0.2620096E+000  0.8910126E+000  0.6409727E+000
010111900dh      194.000    12071900  SEED_MASS_SET                1  0.2271302E+002  0.9121110E+000  0.6594922E-001  0.8038920E-002 -0.2238362E+000  0.5507675E+000  0.5816055E+000
010111900dh      195.000    13071900  SEED_MASS_SET                1  0.2287808E+002  0.9129491E+000  0.6623007E-001  0.8040170E-002 -0.1819449E+000  0.5117070E+000  0.5247502E+000
010111900dh      196.000    14071900  SEED_MASS_SET                1  0.2303822E+002  0.9132609E+000  0.6633575E-001  0.8020116E-002 -0.1833494E+000  0.4970521E+000  0.5270409E+000
010111900dh      197.000    15071900  SEED_MASS_SET                1  0.2320513E+002  0.9128683E+000  0.6613800E-001  0.7964732E-002 -0.2196603E+000  0.4859443E+000  0.5137552E+000
010111900dh      198.000    16071900  SEED_MASS_SET                1  0.2336716E+002  0.9126295E+000  0.6601824E-001  0.7920004E-002 -0.1880936E+000  0.4791036E+000  0.4866000E+000
010111900dh      199.000    17071900  SEED_MASS_SET                1  0.2353238E+002  0.9116807E+000  0.6556736E-001  0.7838383E-002 -0.1983648E+000  0.4734566E+000  0.5029983E+000
010111900dh      200.000    18071900  SEED_MASS_SET                1  0.2370331E+002  0.9108097E+000  0.6515721E-001  0.7764699E-002 -0.2218161E+000  0.4675519E+000  0.5326208E+000
010111900dh      201.000    19071900  SEED_MASS_SET                1  0.2388670E+002  0.9097260E+000  0.6465589E-001  0.7681633E-002 -0.2510511E+000  0.4574128E+000  0.6134685E+000
010111900dh      202.000    20071900  SEED_MASS_SET                1  0.2406646E+002  0.9080061E+000  0.6382739E-001  0.7532498E-002 -0.2070606E+000  0.4568986E+000  0.6079742E+000
010111900dh      203.000    21071900  SEED_MASS_SET                1  0.2424296E+002  0.9069573E+000  0.6323868E-001  0.7404707E-002 -0.1855140E+000  0.4597266E+000  0.5988503E+000
010111900dh      204.000    22071900  SEED_MASS_SET                1  0.2440946E+002  0.9058402E+000  0.6254463E-001  0.7274058E-002 -0.1860079E+000  0.4728354E+000  0.5445570E+000
010111900dh      205.000    23071900  SEED_MASS_SET                1  0.2457510E+002  0.9051546E+000  0.6199230E-001  0.7171334E-002 -0.1543157E+000  0.4769974E+000  0.5535708E+000
010111900dh      206.000    24071900  SEED_MASS_SET                1  0.2474115E+002  0.9049536E+000  0.6159697E-001  0.7094746E-002 -0.1820445E+000  0.7232797E+000  0.5334945E+000
010111900dh      207.000    25071900  SEED_MASS_SET                1  0.2489153E+002  0.9058791E+000  0.6166867E-001  0.7073206E-002 -0.1332696E+000  0.8909725E+000  0.5056641E+000
010111900dh      208.000    26071900  END_SEED_FILL                1  0.2503438E+002  0.9073554E+000  0.6196854E-001  0.7074412E-002 -0.9642078E-001  0.6533666E+000  0.4728150E+000
010111900dh      209.000    27071900  END_SEED_FILL                1  0.2517858E+002  0.9051353E+000  0.6048973E-001  0.6882327E-002 -0.1259717E+000  0.5269108E+000  0.4689915E+000
010111900dh      210.000    28071900  END_SEED_FILL                1  0.2531848E+002  0.9036042E+000  0.5929270E-001  0.6732575E-002 -0.1019361E+000  0.7214694E+000  0.4858066E+000
010111900dh      211.000    29071900  END_SEED_FILL                1  0.2546649E+002  0.9022405E+000  0.5815852E-001  0.6594729E-002 -0.1044853E+000  0.8930721E+000  0.4786754E+000
010111900dh      212.000    30071900  END_SEED_FILL                1  0.2560952E+002  0.9013377E+000  0.5725789E-001  0.6485079E-002 -0.9248508E-001  0.6178045E+000  0.4670994E+000
010111900dh      213.000    31071900  END_SEED_FILL                1  0.2575035E+002  0.9007523E+000  0.5653309E-001  0.6396099E-002 -0.8530247E-001  0.6181123E+000  0.4255967E+000
010111900dh      214.000    01081900  END_SEED_FILL                1  0.2589286E+002  0.9002575E+000  0.5586747E-001  0.6314103E-002 -0.8818823E-001  0.6559412E+000  0.4805498E+000
010111900dh      215.000    02081900  END_SEED_FILL                1  0.2606014E+002  0.8997260E+000  0.5514414E-001  0.6226859E-002 -0.1306164E+000  0.9018888E+000  0.6370505E+000
010111900dh      216.000    03081900  END_SEED_FILL                1  0.2623655E+002  0.8996220E+000  0.5459302E-001  0.6162089E-002 -0.1078768E+000  0.8744963E+000  0.5212099E+000
010111900dh      217.000    04081900  END_SEED_FILL                1  0.2639446E+002  0.8999621E+000  0.5431814E-001  0.6130547E-002 -0.7678152E-001  0.4585486E+000  0.5377389E+000
010111900dh      218.000    05081900  END_SEED_FILL                1  0.2656230E+002  0.9002374E+000  0.5405021E-001  0.6100906E-002 -0.1090371E+000  0.6367717E+000  0.5263717E+000
010111900dh      219.000    06081900  END_SEED_FILL                1  0.2670018E+002  0.9007400E+000  0.5396131E-001  0.6092244E-002 -0.5203907E-001  0.8892611E+000  0.4799479E+000
010111900dh      220.000    07081900  END_SEED_FILL                1  0.2685474E+002  0.9011297E+000  0.5386154E-001  0.6082427E-002 -0.8031476E-001  0.4371050E+000  0.4778936E+000
010111900dh      221.000    08081900  END_SEED_FILL                1  0.2702560E+002  0.9015141E+000  0.5378226E-001  0.6074533E-002 -0.1176560E+000  0.9013077E+000  0.4960985E+000
010111900dh      222.000    09081900  END_SEED_FILL                1  0.2719867E+002  0.9021348E+000  0.5381366E-001  0.6076904E-002 -0.6769827E-001  0.8784081E+000  0.6903457E+000
010111900dh      223.000    10081900  END_SEED_FILL                1  0.2738190E+002  0.9029329E+000  0.5394713E-001  0.6091750E-002 -0.6354317E-001  0.8933542E+000  0.5973926E+000
010111900dh      224.000    11081900  END_SEED_FILL                1  0.2755350E+002  0.9037984E+000  0.5417179E-001  0.6118815E-002 -0.5417372E-001  0.6737213E+000  0.5324822E+000
010111900dh      225.000    12081900  END_SEED_FILL                1  0.2770173E+002  0.9047561E+000  0.5452842E-001  0.6161358E-002 -0.2490453E-001  0.6553742E+000  0.4897242E+000
010111900dh      226.000    13081900  END_SEED_FILL                1  0.2784735E+002  0.9056570E+000  0.5494375E-001  0.6210425E-002 -0.2041799E-001  0.8933362E+000  0.5698281E+000
010111900dh      227.000    14081900  END_SEED_FILL                1  0.2800880E+002  0.9065276E+000  0.5538980E-001  0.6261701E-002 -0.1806081E-001  0.8969513E+000  0.5558356E+000
010111900dh      228.000    15081900  END_SEED_FILL                1  0.2817590E+002  0.9075759E+000  0.5593906E-001  0.6321693E-002 -0.2305302E-001  0.8880027E+000  0.5187438E+000
010111900dh      229.000    16081900  END_SEED_FILL                1  0.2834586E+002  0.9088011E+000  0.5659911E-001  0.6394732E-002 -0.2997484E-001  0.8321163E+000  0.5269323E+000
010111900dh      230.000    17081900  END_SEED_FILL                1  0.2851788E+002  0.9098814E+000  0.5719198E-001  0.6462249E-002 -0.3151140E-001  0.6408508E+000  0.4731867E+000
010111900dh      231.000    18081900  END_SEED_FILL                1  0.2866513E+002  0.9108699E+000  0.5772241E-001  0.6524699E-002 -0.2300807E-001  0.8631045E+000  0.4718469E+000
010111900dh      232.000    19081900  END_SEED_FILL                1  0.2881536E+002  0.9118268E+000  0.5822085E-001  0.6585010E-002 -0.2280878E-001  0.8909181E+000  0.4887446E+000
010111900dh      233.000    20081900  END_SEED_FILL                1  0.2896388E+002  0.9127752E+000  0.5870239E-001  0.6644458E-002 -0.2217138E-001  0.8870132E+000  0.6128651E+000
010111900dh      234.000    21081900  END_SEED_FILL                1  0.2912890E+002  0.9137337E+000  0.5918001E-001  0.6703885E-002 -0.2598200E-001  0.5522049E+000  0.6025966E+000
010111900dh      235.000    22081900  END_SEED_FILL                1  0.2928934E+002  0.9146669E+000  0.5964173E-001  0.6762111E-002 -0.2500492E-001  0.8950529E+000  0.5879237E+000
010111900dh      236.000    23081900  END_SEED_FILL                1  0.2944222E+002  0.9156161E+000  0.6010978E-001  0.6821211E-002 -0.2468525E-001  0.8333151E+000  0.5169852E+000
010111900dh      237.000    24081900  END_SEED_FILL                1  0.2959837E+002  0.9166134E+000  0.6060047E-001  0.6883075E-002 -0.2683313E-001  0.4625175E+000  0.4590396E+000
010111900dh      238.000    25081900  END_SEED_FILL                1  0.2971989E+002  0.9176006E+000  0.6109073E-001  0.6945741E-002 -0.2617124E-001  0.6263307E+000  0.5445257E+000
010111900dh      239.000    26081900  END_SEED_FILL                1  0.2971989E+002  0.9900990E+000  0.0000000E+000  0.0000000E+000 -0.5597376E+000  0.8391890E+000  0.5562630E+000
010111900dh      240.000    27081900  PLANTING                     1  0.0000000E+000  0.9900990E+000  0.0000000E+000  0.0000000E+000 -0.1527131E-002  0.0000000E+000  0.5228738E+000
010111900dh      241.000    28081900  PLANTING                     1  0.0000000E+000  0.9900990E+000  0.0000000E+000  0.0000000E+000 -0.1527131E-002  0.0000000E+000  0.5811490E+000
010111900dh      242.000    29081900  PLANTING                     1  0.0000000E+000  0.9900990E+000  0.0000000E+000  0.0000000E+000 -0.1527131E-002  0.0000000E+000  0.5461046E+000
010111900dh      243.000    30081900  PLANTING                     1  0.0000000E+000  0.9900990E+000  0.0000000E+000  0.0000000E+000 -0.1527131E-002  0.0000000E+000  0.5204006E+000
010111900dh      244.000    31081900  PLANTING                     1  0.0000000E+000  0.9900990E+000  0.0000000E+000  0.0000000E+000 -0.1527131E-002  0.0000000E+000  0.5234273E+000
010111900dh      245.000    01091900  PLANTING                     1  0.0000000E+000  0.9900990E+000  0.0000000E+000  0.0000000E+000 -0.1527131E-002  0.0000000E+000  0.5059685E+000
010111900dh      246.000    02091900  PLANTING                     1  0.0000000E+000  0.9900990E+000  0.0000000E+000  0.0000000E+000 -0.1527131E-002  0.0000000E+000  0.5419561E+000
010111900dh      247.000    03091900  PLANTING                     1  0.0000000E+000  0.9900990E+000  0.0000000E+000  0.0000000E+000 -0.1527131E-002  0.0000000E+000  0.5416536E+000
010111900dh      248.000    04091900  PLANTING                     1  0.0000000E+000  0.9900990E+000  0.0000000E+000  0.0000000E+000 -0.2145517E-002  0.0000000E+000  0.5012343E+000
010111900dh      249.000    05091900  PLANTING                     1  0.0000000E+000  0.9900990E+000  0.0000000E+000  0.0000000E+000 -0.4043381E-002  0.0000000E+000  0.4950663E+000
010111900dh      250.000    06091900  PLANTING                     1  0.0000000E+000  0.9900990E+000  0.0000000E+000  0.0000000E+000 -0.4825933E-002  0.0000000E+000  0.5451017E+000
010111900dh      251.000    07091900  PLANTING                     1  0.0000000E+000  0.9900990E+000  0.0000000E+000  0.0000000E+000 -0.1527131E-002  0.0000000E+000  0.5415850E+000
010111900dh      252.000    08091900  PLANTING                     1  0.0000000E+000  0.9900990E+000  0.0000000E+000  0.0000000E+000 -0.1527131E-002  0.0000000E+000  0.5178149E+000
010111900dh      253.000    09091900  PLANTING                     1  0.0000000E+000  0.9900990E+000  0.0000000E+000  0.0000000E+000 -0.1527131E-002  0.0000000E+000  0.5272809E+000
010111900dh      254.000    10091900  PLANTING                     1  0.0000000E+000  0.9900990E+000  0.0000000E+000  0.0000000E+000 -0.1527131E-002  0.0000000E+000  0.4802545E+000
010111900dh      255.000    11091900  PLANTING                     1  0.0000000E+000  0.9900990E+000  0.0000000E+000  0.0000000E+000 -0.1527131E-002  0.0000000E+000  0.4921710E+000
010111900dh      256.000    12091900  PLANTING                     1  0.0000000E+000  0.9900990E+000  0.0000000E+000  0.0000000E+000 -0.1527131E-002  0.0000000E+000  0.4984421E+000
010111900dh      257.000    13091900  PLANTING                     1  0.0000000E+000  0.9900990E+000  0.0000000E+000  0.0000000E+000 -0.1527131E-002  0.0000000E+000  0.4770770E+000
010111900dh      258.000    14091900  PLANTING                     1  0.0000000E+000  0.9900990E+000  0.0000000E+000  0.0000000E+000 -0.1527131E-002  0.0000000E+000  0.4844848E+000
010111900dh      259.000    15091900  PLANTING                     1  0.0000000E+000  0.9900990E+000  0.0000000E+000  0.0000000E+000 -0.1527131E-002  0.0000000E+000  0.5205900E+000
010111900dh      260.000    16091900  PLANTING                     1  0.0000000E+000  0.9900990E+000  0.0000000E+000  0.0000000E+000 -0.1527131E-002  0.0000000E+000  0.4715566E+000
010111900dh      261.000    17091900  PLANTING                     1  0.0000000E+000  0.9900990E+000  0.0000000E+000  0.0000000E+000 -0.1527131E-002  0.0000000E+000  0.4493094E+000
010111900dh      262.000    18091900  PLANTING                     1  0.0000000E+000  0.9900990E+000  0.0000000E+000  0.0000000E+000 -0.2116653E-002  0.0000000E+000  0.5394403E+000
010111900dh      263.000    19091900  PLANTING                     1  0.0000000E+000  0.9900990E+000  0.0000000E+000  0.0000000E+000 -0.4913371E-002  0.0000000E+000  0.5654581E+000
010111900dh      264.000    20091900  PLANTING                     1  0.0000000E+000  0.9900990E+000  0.0000000E+000  0.0000000E+000 -0.5342033E-002  0.0000000E+000  0.4826749E+000
010111900dh      265.000    21091900  PLANTING                     1  0.0000000E+000  0.9900990E+000  0.0000000E+000  0.0000000E+000 -0.1527131E-002  0.0000000E+000  0.4970397E+000
010111900dh      266.000    22091900  PLANTING                     1  0.0000000E+000  0.9900990E+000  0.0000000E+000  0.0000000E+000 -0.1527131E-002  0.0000000E+000  0.4667829E+000
010111900dh      267.000    23091900  PLANTING                     1  0.0000000E+000  0.9900990E+000  0.0000000E+000  0.0000000E+000 -0.1527131E-002  0.0000000E+000  0.4735543E+000
010111900dh      268.000    24091900  PLANTING                     1  0.0000000E+000  0.9900990E+000  0.0000000E+000  0.0000000E+000 -0.1527131E-002  0.0000000E+000  0.4806000E+000
010111900dh      269.000    25091900  PLANTING                     1  0.0000000E+000  0.9900990E+000  0.0000000E+000  0.0000000E+000 -0.1527131E-002  0.0000000E+000  0.4616262E+000
010111900dh      270.000    26091900  PLANTING                     1  0.0000000E+000  0.9900990E+000  0.0000000E+000  0.0000000E+000 -0.1527131E-002  0.0000000E+000  0.4493546E+000
010111900dh      271.000    27091900  PLANTING                     1  0.0000000E+000  0.9900990E+000  0.0000000E+000  0.0000000E+000 -0.1527131E-002  0.0000000E+000  0.4583055E+000
010111900dh      272.000    28091900  PLANTING                     1  0.0000000E+000  0.9900990E+000  0.0000000E+000  0.0000000E+000 -0.1527131E-002  0.0000000E+000  0.5539367E+000
010111900dh      273.000    29091900  PLANTING                     1  0.0000000E+000  0.9900990E+000  0.0000000E+000  0.0000000E+000 -0.1527131E-002  0.0000000E+000  0.5531449E+000
010111900dh      274.000    30091900  PLANTING                     1  0.0000000E+000  0.9900990E+000  0.0000000E+000  0.0000000E+000 -0.1527131E-002  0.0000000E+000  0.5822941E+000
010111900dh      275.000    01101900  PLANTING                     1  0.0000000E+000  0.9900990E+000  0.0000000E+000  0.0000000E+000 -0.1527131E-002  0.0000000E+000  0.6348339E+000
010111900dh      276.000    02101900  PLANTING                     1  0.0000000E+000  0.9900990E+000  0.0000000E+000  0.0000000E+000 -0.1937499E-002  0.0000000E+000  0.5980968E+000
010111900dh      277.000    03101900  PLANTING                     1  0.0000000E+000  0.9900990E+000  0.0000000E+000  0.0000000E+000 -0.2871424E-002  0.0000000E+000  0.4613721E+000
010111900dh      278.000    04101900  PLANTING                     1  0.0000000E+000  0.9900990E+000  0.0000000E+000  0.0000000E+000 -0.3443430E-002  0.0000000E+000  0.5104273E+000
010111900dh      279.000    05101900  PLANTING                     1  0.0000000E+000  0.9900990E+000  0.0000000E+000  0.0000000E+000 -0.1527131E-002  0.0000000E+000  0.5555561E+000
010111900dh      280.000    06101900  PLANTING                     1  0.0000000E+000  0.9900990E+000  0.0000000E+000  0.0000000E+000 -0.1527131E-002  0.0000000E+000  0.5131745E+000
010111900dh      281.000    07101900  PLANTING                     1  0.0000000E+000  0.9900990E+000  0.0000000E+000  0.0000000E+000 -0.1527131E-002  0.0000000E+000  0.5718253E+000
010111900dh      282.000    08101900  PLANTING                     1  0.0000000E+000  0.9900990E+000  0.0000000E+000  0.0000000E+000 -0.1527131E-002  0.0000000E+000  0.4810475E+000
010111900dh      283.000    09101900  PLANTING                     1  0.0000000E+000  0.9900990E+000  0.0000000E+000  0.0000000E+000 -0.1527131E-002  0.0000000E+000  0.4361043E+000
010111900dh      284.000    10101900  PLANTING                     1  0.0000000E+000  0.9900990E+000  0.0000000E+000  0.0000000E+000 -0.1527131E-002  0.0000000E+000  0.4599151E+000
010111900dh      285.000    11101900  PLANTING                     1  0.0000000E+000  0.9900990E+000  0.0000000E+000  0.0000000E+000 -0.1527131E-002  0.0000000E+000  0.4958041E+000
010111900dh      286.000    12101900  PLANTING                     1  0.0000000E+000  0.9900990E+000  0.0000000E+000  0.0000000E+000 -0.1527131E-002  0.0000000E+000  0.4270720E+000
010111900dh      287.000    13101900  PLANTING                     1  0.0000000E+000  0.9900990E+000  0.0000000E+000  0.0000000E+000 -0.1527131E-002  0.0000000E+000  0.4414760E+000
010111900dh      288.000    14101900  PLANTING                     1  0.0000000E+000  0.9900990E+000  0.0000000E+000  0.0000000E+000 -0.1527131E-002  0.0000000E+000  0.4016752E+000
010111900dh      289.000    15101900  PLANTING                     1  0.0000000E+000  0.9900990E+000  0.0000000E+000  0.0000000E+000 -0.1527131E-002  0.0000000E+000  0.4218328E+000
010111900dh      290.000    16101900  PLANTING                     1  0.0000000E+000  0.9900990E+000  0.0000000E+000  0.0000000E+000 -0.1916496E-002  0.0000000E+000  0.3975251E+000
010111900dh      291.000    17101900  PLANTING                     1  0.0000000E+000  0.9900990E+000  0.0000000E+000  0.0000000E+000 -0.2676961E-002  0.0000000E+000  0.4371028E+000
010111900dh      292.000    18101900  PLANTING                     1  0.0000000E+000  0.9900990E+000  0.0000000E+000  0.0000000E+000 -0.3045167E-002  0.0000000E+000  0.4989670E+000
010111900dh      293.000    19101900  PLANTING                     1  0.0000000E+000  0.9900990E+000  0.0000000E+000  0.0000000E+000 -0.1527131E-002  0.0000000E+000  0.4064422E+000
010111900dh      294.000    20101900  PLANTING                     1  0.0000000E+000  0.9900990E+000  0.0000000E+000  0.0000000E+000 -0.1527131E-002  0.0000000E+000  0.4089960E+000
010111900dh      295.000    21101900  PLANTING                     1  0.0000000E+000  0.9900990E+000  0.0000000E+000  0.0000000E+000 -0.1527131E-002  0.0000000E+000  0.3776990E+000
010111900dh      296.000    22101900  PLANTING                     1  0.0000000E+000  0.9900990E+000  0.0000000E+000  0.0000000E+000 -0.1527131E-002  0.0000000E+000  0.3822785E+000
010111900dh      297.000    23101900  PLANTING                     1  0.0000000E+000  0.9900990E+000  0.0000000E+000  0.0000000E+000 -0.1527131E-002  0.0000000E+000  0.4621961E+000
010111900dh      298.000    24101900  PLANTING                     1  0.0000000E+000  0.9900990E+000  0.0000000E+000  0.0000000E+000 -0.1527131E-002  0.0000000E+000  0.4567009E+000
010111900dh      299.000    25101900  PLANTING                     1  0.0000000E+000  0.9900990E+000  0.0000000E+000  0.0000000E+000 -0.1527131E-002  0.0000000E+000  0.4879547E+000
010111900dh      300.000    26101900  PLANTING                     1  0.0000000E+000  0.9900990E+000  0.0000000E+000  0.0000000E+000 -0.1527131E-002  0.0000000E+000  0.4982892E+000
010111900dh      301.000    27101900  PLANTING                     1  0.0000000E+000  0.9900990E+000  0.0000000E+000  0.0000000E+000 -0.1527131E-002  0.0000000E+000  0.4490857E+000
010111900dh      302.000    28101900  PLANTING                     1  0.0000000E+000  0.9900990E+000  0.0000000E+000  0.0000000E+000 -0.1527131E-002  0.0000000E+000  0.3915222E+000
010111900dh      303.000    29101900  PLANTING                     1  0.0000000E+000  0.9900990E+000  0.0000000E+000  0.0000000E+000 -0.1527131E-002  0.0000000E+000  0.3434579E+000
010111900dh      304.000    30101900  PLANTING                     1  0.0000000E+000  0.9900990E+000  0.0000000E+000  0.0000000E+000 -0.1881289E-002  0.0000000E+000  0.3999531E+000
010111900dh      305.000    31101900  PLANTING                     1  0.0000000E+000  0.9900990E+000  0.0000000E+000  0.0000000E+000 -0.2657925E-002  0.0000000E+000  0.4983936E+000
010111900dh      306.000    01111900  PLANTING                     1  0.0000000E+000  0.9900990E+000  0.0000000E+000  0.0000000E+000 -0.2950803E-002  0.0000000E+000  0.4909669E+000
010111900dh      307.000    02111900  PLANTING                     1  0.0000000E+000  0.9900990E+000  0.0000000E+000  0.0000000E+000 -0.1527131E-002  0.0000000E+000  0.4366067E+000
010111900dh      308.000    03111900  PLANTING                     1  0.0000000E+000  0.9900990E+000  0.0000000E+000  0.0000000E+000 -0.1527131E-002  0.0000000E+000  0.4440656E+000
010111900dh      309.000    04111900  PLANTING                     1  0.0000000E+000  0.9900990E+000  0.0000000E+000  0.0000000E+000 -0.1527131E-002  0.0000000E+000  0.3679445E+000
010111900dh      310.000    05111900  PLANTING                     1  0.0000000E+000  0.9900990E+000  0.0000000E+000  0.0000000E+000 -0.1527131E-002  0.0000000E+000  0.3143632E+000
010111900dh      311.000    06111900  PLANTING                     1  0.0000000E+000  0.9900990E+000  0.0000000E+000  0.0000000E+000 -0.1527131E-002  0.0000000E+000  0.3621830E+000
010111900dh      312.000    07111900  PLANTING                     1  0.0000000E+000  0.9900990E+000  0.0000000E+000  0.0000000E+000 -0.1527131E-002  0.0000000E+000  0.2282564E+000
010111900dh      313.000    08111900  PLANTING                     1  0.0000000E+000  0.9900990E+000  0.0000000E+000  0.0000000E+000 -0.1527131E-002  0.0000000E+000  0.1963004E+000
010111900dh      314.000    09111900  PLANTING                     1  0.0000000E+000  0.9900990E+000  0.0000000E+000  0.0000000E+000 -0.1527131E-002  0.0000000E+000  0.1929014E+000
010111900dh      315.000    10111900  PLANTING                     1  0.0000000E+000  0.9900990E+000  0.0000000E+000  0.0000000E+000 -0.1527131E-002  0.0000000E+000  0.2119733E+000
010111900dh      316.000    11111900  PLANTING                     1  0.0000000E+000  0.9900990E+000  0.0000000E+000  0.0000000E+000 -0.1527131E-002  0.0000000E+000  0.2078669E+000
010111900dh      317.000    12111900  PLANTING                     1  0.0000000E+000  0.9900990E+000  0.0000000E+000  0.0000000E+000 -0.1527131E-002  0.0000000E+000  0.2247418E+000
010111900dh      318.000    13111900  PLANTING                     1  0.0000000E+000  0.9900990E+000  0.0000000E+000  0.0000000E+000 -0.1766997E-002  0.0000000E+000  0.1810740E+000
010111900dh      319.000    14111900  PLANTING                     1  0.0000000E+000  0.9900990E+000  0.0000000E+000  0.0000000E+000 -0.2212858E-002  0.0000000E+000  0.1832118E+000
010111900dh      320.000    15111900  PLANTING                     1  0.0000000E+000  0.9900990E+000  0.0000000E+000  0.0000000E+000 -0.2241084E-002  0.0000000E+000  0.2117531E+000
010111900dh      321.000    16111900  PLANTING                     1  0.0000000E+000  0.9900990E+000  0.0000000E+000  0.0000000E+000 -0.1527131E-002  0.0000000E+000  0.2338937E+000
010111900dh      322.000    17111900  PLANTING                     1  0.0000000E+000  0.9900990E+000  0.0000000E+000  0.0000000E+000 -0.1527131E-002  0.0000000E+000  0.2241501E+000
010111900dh      323.000    18111900  PLANTING                     1  0.0000000E+000  0.9900990E+000  0.0000000E+000  0.0000000E+000 -0.1527131E-002  0.0000000E+000  0.2101585E+000
010111900dh      324.000    19111900  PLANTING                     1  0.0000000E+000  0.9900990E+000  0.0000000E+000  0.0000000E+000 -0.1527131E-002  0.0000000E+000  0.2779063E+000
010111900dh      325.000    20111900  PLANTING                     1  0.0000000E+000  0.9900990E+000  0.0000000E+000  0.0000000E+000 -0.1527131E-002  0.0000000E+000  0.3510359E+000
010111900dh      326.000    21111900  PLANTING                     1  0.0000000E+000  0.9900990E+000  0.0000000E+000  0.0000000E+000 -0.1527131E-002  0.0000000E+000  0.3709008E+000
010111900dh      327.000    22111900  PLANTING                     1  0.0000000E+000  0.9900990E+000  0.0000000E+000  0.0000000E+000 -0.1527131E-002  0.0000000E+000  0.4157858E+000
010111900dh      328.000    23111900  PLANTING                     1  0.0000000E+000  0.9900990E+000  0.0000000E+000  0.0000000E+000 -0.1527131E-002  0.0000000E+000  0.3746572E+000
010111900dh      329.000    24111900  PLANTING                     1  0.0000000E+000  0.9900990E+000  0.0000000E+000  0.0000000E+000 -0.1527131E-002  0.0000000E+000  0.3519427E+000
010111900dh      330.000    25111900  PLANTING                     1  0.0000000E+000  0.9900990E+000  0.0000000E+000  0.0000000E+000 -0.1527131E-002  0.0000000E+000  0.3896158E+000
010111900dh      331.000    26111900  PLANTING                     1  0.0000000E+000  0.9900990E+000  0.0000000E+000  0.0000000E+000 -0.1527131E-002  0.0000000E+000  0.4044380E+000
010111900dh      332.000    27111900  PLANTING                     1  0.0000000E+000  0.9900990E+000  0.0000000E+000  0.0000000E+000 -0.1527131E-002  0.0000000E+000  0.4363602E+000
010111900dh      333.000    28111900  PLANTING                     1  0.0000000E+000  0.9900990E+000  0.0000000E+000  0.0000000E+000 -0.1527131E-002  0.0000000E+000  0.3573052E+000
010111900dh      334.000    29111900  PLANTING                     1  0.0000000E+000  0.9900990E+000  0.0000000E+000  0.0000000E+000 -0.1527131E-002  0.0000000E+000  0.3290016E+000
010111900dh      335.000    30111900  PLANTING                     1  0.0000000E+000  0.9900990E+000  0.0000000E+000  0.0000000E+000 -0.1527131E-002  0.0000000E+000  0.2996352E+000
010111900dh      336.000    01121900  PLANTING                     1  0.0000000E+000  0.9900990E+000  0.0000000E+000  0.0000000E+000 -0.1527131E-002  0.0000000E+000  0.2579913E+000
010111900dh      337.000    02121900  PLANTING                     1  0.0000000E+000  0.9900990E+000  0.0000000E+000  0.0000000E+000 -0.1527131E-002  0.0000000E+000  0.2792468E+000
010111900dh      338.000    03121900  PLANTING                     1  0.0000000E+000  0.9900990E+000  0.0000000E+000  0.0000000E+000 -0.1527131E-002  0.0000000E+000  0.2477560E+000
010111900dh      339.000    04121900  PLANTING                     1  0.0000000E+000  0.9900990E+000  0.0000000E+000  0.0000000E+000 -0.1527131E-002  0.0000000E+000  0.2918313E+000
010111900dh      340.000    05121900  PLANTING                     1  0.0000000E+000  0.9900990E+000  0.0000000E+000  0.0000000E+000 -0.1527131E-002  0.0000000E+000  0.3087748E+000
010111900dh      341.000    06121900  PLANTING                     1  0.0000000E+000  0.9900990E+000  0.0000000E+000  0.0000000E+000 -0.1527131E-002  0.0000000E+000  0.2970280E+000
010111900dh      342.000    07121900  PLANTING                     1  0.0000000E+000  0.9900990E+000  0.0000000E+000  0.0000000E+000 -0.1527131E-002  0.0000000E+000  0.3070524E+000
010111900dh      343.000    08121900  PLANTING                     1  0.0000000E+000  0.9900990E+000  0.0000000E+000  0.0000000E+000 -0.1527131E-002  0.0000000E+000  0.2516580E+000
010111900dh      344.000    09121900  PLANTING                     1  0.0000000E+000  0.9900990E+000  0.0000000E+000  0.0000000E+000 -0.1527131E-002  0.0000000E+000  0.2703716E+000
010111900dh      345.000    10121900  PLANTING                     1  0.0000000E+000  0.9900990E+000  0.0000000E+000  0.0000000E+000 -0.1527131E-002  0.0000000E+000  0.2750164E+000
010111900dh      346.000    11121900  PLANTING                     1  0.0000000E+000  0.9900990E+000  0.0000000E+000  0.0000000E+000 -0.1527131E-002  0.0000000E+000  0.2959746E+000
010111900dh      347.000    12121900  PLANTING                     1  0.0000000E+000  0.9900990E+000  0.0000000E+000  0.0000000E+000 -0.1527131E-002  0.0000000E+000  0.2933325E+000
010111900dh      348.000    13121900  PLANTING                     1  0.0000000E+000  0.9900990E+000  0.0000000E+000  0.0000000E+000 -0.1527131E-002  0.0000000E+000  0.3448975E+000
010111900dh      349.000    14121900  PLANTING                     1  0.0000000E+000  0.9900990E+000  0.0000000E+000  0.0000000E+000 -0.1527131E-002  0.0000000E+000  0.3422320E+000
010111900dh      350.000    15121900  PLANTING                     1  0.0000000E+000  0.9900990E+000  0.0000000E+000  0.0000000E+000 -0.1527131E-002  0.0000000E+000  0.3446800E+000
010111900dh      351.000    16121900  PLANTING                     1  0.0000000E+000  0.9900990E+000  0.0000000E+000  0.0000000E+000 -0.1527131E-002  0.0000000E+000  0.3387863E+000
010111900dh      352.000    17121900  PLANTING                     1  0.0000000E+000  0.9900990E+000  0.0000000E+000  0.0000000E+000 -0.1527131E-002  0.0000000E+000  0.3689077E+000
010111900dh      353.000    18121900  PLANTING                     1  0.0000000E+000  0.9900990E+000  0.0000000E+000  0.0000000E+000 -0.1527131E-002  0.0000000E+000  0.3156994E+000
010111900dh      354.000    19121900  PLANTING                     1  0.0000000E+000  0.9900990E+000  0.0000000E+000  0.0000000E+000 -0.1527131E-002  0.0000000E+000  0.3219593E+000
010111900dh      355.000    20121900  PLANTING                     1  0.0000000E+000  0.9900990E+000  0.0000000E+000  0.0000000E+000 -0.1527131E-002  0.0000000E+000  0.3181346E+000
010111900dh      356.000    21121900  PLANTING                     1  0.0000000E+000  0.9900990E+000  0.0000000E+000  0.0000000E+000 -0.1527131E-002  0.0000000E+000  0.2842413E+000
010111900dh      357.000    22121900  PLANTING                     1  0.0000000E+000  0.9900990E+000  0.0000000E+000  0.0000000E+000 -0.1527131E-002  0.0000000E+000  0.3115663E+000
010111900dh      358.000    23121900  PLANTING                     1  0.0000000E+000  0.9900990E+000  0.0000000E+000  0.0000000E+000 -0.1527131E-002  0.0000000E+000  0.3065404E+000
010111900dh      359.000    24121900  PLANTING                     1  0.0000000E+000  0.9900990E+000  0.0000000E+000  0.0000000E+000 -0.1527131E-002  0.0000000E+000  0.2985679E+000
010111900dh      360.000    25121900  PLANTING                     1  0.0000000E+000  0.9900990E+000  0.0000000E+000  0.0000000E+000 -0.1527131E-002  0.0000000E+000  0.3001267E+000
010111900dh      361.000    26121900  PLANTING                     1  0.0000000E+000  0.9900990E+000  0.0000000E+000  0.0000000E+000 -0.1527131E-002  0.0000000E+000  0.2128179E+000
010111900dh      362.000    27121900  PLANTING                     1  0.0000000E+000  0.9900990E+000  0.0000000E+000  0.0000000E+000 -0.1527131E-002  0.0000000E+000  0.1856581E+000
010111900dh      363.000    28121900  PLANTING                     1  0.0000000E+000  0.9900990E+000  0.0000000E+000  0.0000000E+000 -0.1527131E-002  0.0000000E+000  0.2119431E+000
010111900dh      364.000    29121900  PLANTING                     1  0.0000000E+000  0.9900990E+000  0.0000000E+000  0.0000000E+000 -0.1527131E-002  0.0000000E+000  0.3018813E+000
010111900dh      365.000    30121900  PLANTING                     1  0.0000000E+000  0.9900990E+000  0.0000000E+000  0.0000000E+000 -0.1527131E-002  0.0000000E+000  0.2321262E+000
010111900dh      366.000    31121900  PLANTING                     1  0.0000000E+000  0.9900990E+000  0.0000000E+000  0.0000000E+000 -0.1527131E-002  0.0000000E+000  0.2298900E+000
