    DOY     DATE    TRANSPN         WTR_STRESS      OXY_STRESS      
010111900dw        1.000    01011900  0.0000000E+000  0.0000000E+000  0.1233952E+000
010111900dw        2.000    02011900  0.0000000E+000  0.0000000E+000  0.8196795E-001
010111900dw        3.000    03011900  0.7532297E-002  0.0000000E+000  0.8651396E-001
010111900dw        4.000    04011900  0.1109932E-001  0.0000000E+000  0.5287298E-001
010111900dw        5.000    05011900  0.4362662E-001  0.0000000E+000  0.1788142E+000
010111900dw        6.000    06011900  0.5629063E-001  0.0000000E+000  0.2720000E+000
010111900dw        7.000    07011900  0.5939687E-001  0.0000000E+000  0.3433279E+000
010111900dw        8.000    08011900  0.1335486E+000  0.0000000E+000  0.2873389E+000
010111900dw        9.000    09011900  0.2006621E+000  0.0000000E+000  0.3701945E+000
010111900dw       10.000    10011900  0.2263766E+000  0.0000000E+000  0.3689902E+000
010111900dw       11.000    11011900  0.2458406E+000  0.0000000E+000  0.6385121E+000
010111900dw       12.000    12011900  0.2636872E+000  0.0000000E+000  0.7460653E+000
010111900dw       13.000    13011900  0.2879741E+000  0.0000000E+000  0.6888246E+000
010111900dw       14.000    14011900  0.3119424E+000  0.0000000E+000  0.6432674E+000
010111900dw       15.000    15011900  0.3393653E+000  0.0000000E+000  0.6425064E+000
010111900dw       16.000    16011900  0.3729781E+000  0.0000000E+000  0.5748953E+000
010111900dw       17.000    17011900  0.3961127E+000  0.0000000E+000  0.5583703E+000
010111900dw       18.000    18011900  0.4665117E+000  0.0000000E+000  0.5275275E+000
010111900dw       19.000    19011900  0.5672618E+000  0.0000000E+000  0.6775569E+000
010111900dw       20.000    20011900  0.6098596E+000  0.0000000E+000  0.5516378E+000
010111900dw       21.000    21011900  0.6536568E+000  0.0000000E+000  0.4457378E+000
010111900dw       22.000    22011900  0.7642985E+000  0.0000000E+000  0.4366254E+000
010111900dw       23.000    23011900  0.8016268E+000  0.0000000E+000  0.4308122E+000
010111900dw       24.000    24011900  0.8895279E+000  0.0000000E+000  0.4211796E+000
010111900dw       25.000    25011900  0.1050420E+001  0.0000000E+000  0.4398804E+000
010111900dw       26.000    26011900  0.1125531E+001  0.0000000E+000  0.4156902E+000
010111900dw       27.000    27011900  0.1169713E+001  0.0000000E+000  0.3696215E+000
010111900dw       28.000    28011900  0.1221376E+001  0.0000000E+000  0.4182277E+000
010111900dw       29.000    29011900  0.1258131E+001  0.0000000E+000  0.4243896E+000
010111900dw       30.000    30011900  0.1305864E+001  0.0000000E+000  0.3728487E+000
010111900dw       31.000    31011900  0.1358821E+001  0.0000000E+000  0.3666626E+000
010111900dw       32.000    01021900  0.1440527E+001  0.0000000E+000  0.3517341E+000
010111900dw       33.000    02021900  0.1528425E+001  0.0000000E+000  0.3530829E+000
010111900dw       34.000    03021900  0.1630507E+001  0.0000000E+000  0.3370150E+000
010111900dw       35.000    04021900  0.1717798E+001  0.0000000E+000  0.3313265E+000
010111900dw       36.000    05021900  0.1806772E+001  0.0000000E+000  0.3462206E+000
010111900dw       37.000    06021900  0.1958497E+001  0.0000000E+000  0.3603085E+000
010111900dw       38.000    07021900  0.2064145E+001  0.0000000E+000  0.3535693E+000
010111900dw       39.000    08021900  0.2172954E+001  0.0000000E+000  0.3421897E+000
010111900dw       40.000    09021900  0.2288124E+001  0.0000000E+000  0.3884410E+000
010111900dw       41.000    10021900  0.2410141E+001  0.0000000E+000  0.4180684E+000
010111900dw       42.000    11021900  0.2482995E+001  0.0000000E+000  0.4617712E+000
010111900dw       43.000    12021900  0.2565007E+001  0.0000000E+000  0.4612829E+000
010111900dw       44.000    13021900  0.2668650E+001  0.0000000E+000  0.4470980E+000
010111900dw       45.000    14021900  0.2761590E+001  0.0000000E+000  0.4528742E+000
010111900dw       46.000    15021900  0.2883056E+001  0.0000000E+000  0.4874859E+000
010111900dw       47.000    16021900  0.2998564E+001  0.0000000E+000  0.4843503E+000
010111900dw       48.000    17021900  0.3116439E+001  0.0000000E+000  0.4522390E+000
010111900dw       49.000    18021900  0.3220826E+001  0.0000000E+000  0.5242993E+000
010111900dw       50.000    19021900  0.3335145E+001  0.0000000E+000  0.5463191E+000
010111900dw       51.000    20021900  0.3423837E+001  0.0000000E+000  0.5442169E+000
010111900dw       52.000    21021900  0.3513792E+001  0.0000000E+000  0.5303418E+000
010111900dw       53.000    22021900  0.3716368E+001  0.0000000E+000  0.5689005E+000
010111900dw       54.000    23021900  0.3855203E+001  0.0000000E+000  0.5867519E+000
010111900dw       55.000    24021900  0.3950670E+001  0.0000000E+000  0.5370583E+000
010111900dw       56.000    25021900  0.4059814E+001  0.0000000E+000  0.5276579E+000
010111900dw       57.000    26021900  0.4446173E+001  0.0000000E+000  0.5461640E+000
010111900dw       58.000    27021900  0.4659910E+001  0.0000000E+000  0.5499902E+000
010111900dw       59.000    28021900  0.4802894E+001  0.0000000E+000  0.5177611E+000
010111900dw       60.000    29021900  0.5292823E+001  0.0000000E+000  0.5457682E+000
010111900dw       61.000    01031900  0.5734955E+001  0.0000000E+000  0.5915287E+000
010111900dw       62.000    02031900  0.6217766E+001  0.0000000E+000  0.5982199E+000
010111900dw       63.000    03031900  0.6420043E+001  0.0000000E+000  0.5766902E+000
010111900dw       64.000    04031900  0.6577422E+001  0.0000000E+000  0.5633283E+000
010111900dw       65.000    05031900  0.6761090E+001  0.0000000E+000  0.5290105E+000
010111900dw       66.000    06031900  0.6964332E+001  0.0000000E+000  0.5214487E+000
010111900dw       67.000    07031900  0.7253033E+001  0.0000000E+000  0.5278880E+000
010111900dw       68.000    08031900  0.7411443E+001  0.0000000E+000  0.5193954E+000
010111900dw       69.000    09031900  0.7525249E+001  0.0000000E+000  0.5299035E+000
010111900dw       70.000    10031900  0.7707629E+001  0.0000000E+000  0.4763481E+000
010111900dw       71.000    11031900  0.8073423E+001  0.0000000E+000  0.4690663E+000
010111900dw       72.000    12031900  0.8648950E+001  0.0000000E+000  0.5396401E+000
010111900dw       73.000    13031900  0.9272627E+001  0.0000000E+000  0.5501302E+000
010111900dw       74.000    14031900  0.9764078E+001  0.0000000E+000  0.5491010E+000
010111900dw       75.000    15031900  0.1041004E+002  0.0000000E+000  0.5581374E+000
010111900dw       76.000    16031900  0.1103167E+002  0.0000000E+000  0.5581116E+000
010111900dw       77.000    17031900  0.1124297E+002  0.0000000E+000  0.5457030E+000
010111900dw       78.000    18031900  0.1149438E+002  0.0000000E+000  0.5106230E+000
010111900dw       79.000    19031900  0.1201994E+002  0.0000000E+000  0.5395761E+000
010111900dw       80.000    20031900  0.1264008E+002  0.0000000E+000  0.4983198E+000
010111900dw       81.000    21031900  0.1324304E+002  0.0000000E+000  0.5546822E+000
010111900dw       82.000    22031900  0.1352052E+002  0.0000000E+000  0.5371282E+000
010111900dw       83.000    23031900  0.1407658E+002  0.0000000E+000  0.5417000E+000
010111900dw       84.000    24031900  0.1446475E+002  0.0000000E+000  0.5298839E+000
010111900dw       85.000    25031900  0.1480811E+002  0.0000000E+000  0.5054998E+000
010111900dw       86.000    26031900  0.1524559E+002  0.0000000E+000  0.4714759E+000
010111900dw       87.000    27031900  0.1570931E+002  0.0000000E+000  0.4554000E+000
010111900dw       88.000    28031900  0.1627580E+002  0.0000000E+000  0.4407245E+000
010111900dw       89.000    29031900  0.1680777E+002  0.0000000E+000  0.4392088E+000
010111900dw       90.000    30031900  0.1722639E+002  0.0000000E+000  0.4807251E+000
010111900dw       91.000    31031900  0.1755442E+002  0.0000000E+000  0.4876061E+000
010111900dw       92.000    01041900  0.1783374E+002  0.0000000E+000  0.5094697E+000
010111900dw       93.000    02041900  0.1815778E+002  0.0000000E+000  0.5075788E+000
010111900dw       94.000    03041900  0.1844844E+002  0.0000000E+000  0.5161847E+000
010111900dw       95.000    04041900  0.1883529E+002  0.0000000E+000  0.5096244E+000
010111900dw       96.000    05041900  0.1916610E+002  0.0000000E+000  0.4956933E+000
010111900dw       97.000    06041900  0.1972153E+002  0.0000000E+000  0.4679007E+000
010111900dw       98.000    07041900  0.2013893E+002  0.0000000E+000  0.4810503E+000
010111900dw       99.000    08041900  0.2069933E+002  0.0000000E+000  0.4567826E+000
010111900dw      100.000    09041900  0.2096305E+002  0.0000000E+000  0.5157075E+000
010111900dw      101.000    10041900  0.2128841E+002  0.0000000E+000  0.5480326E+000
010111900dw      102.000    11041900  0.2169979E+002  0.0000000E+000  0.5513334E+000
010111900dw      103.000    12041900  0.2214794E+002  0.0000000E+000  0.5235419E+000
010111900dw      104.000    13041900  0.2259553E+002  0.0000000E+000  0.5143837E+000
010111900dw      105.000    14041900  0.2292962E+002  0.0000000E+000  0.5417052E+000
010111900dw      106.000    15041900  0.2354615E+002  0.0000000E+000  0.5819355E+000
010111900dw      107.000    16041900  0.2400048E+002  0.0000000E+000  0.5501350E+000
010111900dw      108.000    17041900  0.2429414E+002  0.0000000E+000  0.5786431E+000
010111900dw      109.000    18041900  0.2462339E+002  0.0000000E+000  0.5356643E+000
010111900dw      110.000    19041900  0.2501148E+002  0.0000000E+000  0.5115363E+000
010111900dw      111.000    20041900  0.2552299E+002  0.0000000E+000  0.5004268E+000
010111900dw      112.000    21041900  0.2609775E+002  0.0000000E+000  0.4921663E+000
010111900dw      113.000    22041900  0.2668162E+002  0.0000000E+000  0.5054681E+000
010111900dw      114.000    23041900  0.2702495E+002  0.0000000E+000  0.5270035E+000
010111900dw      115.000    24041900  0.2736575E+002  0.0000000E+000  0.5340997E+000
010111900dw      116.000    25041900  0.2769646E+002  0.0000000E+000  0.5426229E+000
010111900dw      117.000    26041900  0.2814690E+002  0.0000000E+000  0.5261259E+000
010111900dw      118.000    27041900  0.2848180E+002  0.0000000E+000  0.5436258E+000
010111900dw      119.000    28041900  0.2885466E+002  0.0000000E+000  0.5360221E+000
010111900dw      120.000    29041900  0.2918879E+002  0.0000000E+000  0.5481300E+000
010111900dw      121.000    30041900  0.2957817E+002  0.0000000E+000  0.5378135E+000
010111900dw      122.000    01051900  0.3001723E+002  0.0000000E+000  0.7265649E+000
010111900dw      123.000    02051900  0.3028372E+002  0.0000000E+000  0.8025323E+000
010111900dw      124.000    03051900  0.3075908E+002  0.0000000E+000  0.5782962E+000
010111900dw      125.000    04051900  0.3103928E+002  0.0000000E+000  0.5646252E+000
010111900dw      126.000    05051900  0.3138048E+002  0.0000000E+000  0.5418270E+000
010111900dw      127.000    06051900  0.3198792E+002  0.0000000E+000  0.5118714E+000
010111900dw      128.000    07051900  0.3236604E+002  0.0000000E+000  0.4963800E+000
010111900dw      129.000    08051900  0.3272204E+002  0.0000000E+000  0.4959391E+000
010111900dw      130.000    09051900  0.3316876E+002  0.0000000E+000  0.4936243E+000
010111900dw      131.000    10051900  0.3387215E+002  0.0000000E+000  0.4497329E+000
010111900dw      132.000    11051900  0.3475954E+002  0.0000000E+000  0.4661204E+000
010111900dw      133.000    12051900  0.3527998E+002  0.0000000E+000  0.4726800E+000
010111900dw      134.000    13051900  0.3566571E+002  0.0000000E+000  0.4808028E+000
010111900dw      135.000    14051900  0.3614378E+002  0.0000000E+000  0.4829409E+000
010111900dw      136.000    15051900  0.3660408E+002  0.0000000E+000  0.5900823E+000
010111900dw      137.000    16051900  0.3697104E+002  0.0000000E+000  0.8040912E+000
010111900dw      138.000    17051900  0.3724285E+002  0.0000000E+000  0.5722349E+000
010111900dw      139.000    18051900  0.3755858E+002  0.0000000E+000  0.5457845E+000
010111900dw      140.000    19051900  0.3786545E+002  0.0000000E+000  0.5300250E+000
010111900dw      141.000    20051900  0.3832825E+002  0.0000000E+000  0.5033861E+000
010111900dw      142.000    21051900  0.3859949E+002  0.0000000E+000  0.4952818E+000
010111900dw      143.000    22051900  0.3891188E+002  0.0000000E+000  0.4945571E+000
010111900dw      144.000    23051900  0.3915893E+002  0.0000000E+000  0.5001510E+000
010111900dw      145.000    24051900  0.3955007E+002  0.0000000E+000  0.4870109E+000
010111900dw      146.000    25051900  0.3997710E+002  0.0000000E+000  0.4803553E+000
010111900dw      147.000    26051900  0.4071768E+002  0.0000000E+000  0.4469100E+000
010111900dw      148.000    27051900  0.4189274E+002  0.0000000E+000  0.4218798E+000
010111900dw      149.000    28051900  0.4262397E+002  0.0000000E+000  0.4418778E+000
010111900dw      150.000    29051900  0.4304002E+002  0.0000000E+000  0.5725672E+000
010111900dw      151.000    30051900  0.4348987E+002  0.0000000E+000  0.8389252E+000
010111900dw      152.000    31051900  0.4423232E+002  0.0000000E+000  0.5414045E+000
010111900dw      153.000    01061900  0.4559886E+002  0.0000000E+000  0.4785258E+000
010111900dw      154.000    02061900  0.4650594E+002  0.0000000E+000  0.4620476E+000
010111900dw      155.000    03061900  0.4712139E+002  0.0000000E+000  0.4608761E+000
010111900dw      156.000    04061900  0.4770667E+002  0.0000000E+000  0.4624176E+000
010111900dw      157.000    05061900  0.4816717E+002  0.0000000E+000  0.4581437E+000
010111900dw      158.000    06061900  0.4873214E+002  0.0000000E+000  0.4492465E+000
010111900dw      159.000    07061900  0.4929748E+002  0.0000000E+000  0.4352162E+000
010111900dw      160.000    08061900  0.4987009E+002  0.0000000E+000  0.4458703E+000
010111900dw      161.000    09061900  0.5059492E+002  0.0000000E+000  0.4502431E+000
010111900dw      162.000    10061900  0.5132234E+002  0.0000000E+000  0.4336544E+000
010111900dw      163.000    11061900  0.5222351E+002  0.0000000E+000  0.4306704E+000
010111900dw      164.000    12061900  0.5297831E+002  0.0000000E+000  0.7891085E+000
010111900dw      165.000    13061900  0.5368413E+002  0.0000000E+000  0.8519740E+000
010111900dw      166.000    14061900  0.5425554E+002  0.0000000E+000  0.5393337E+000
010111900dw      167.000    15061900  0.5494494E+002  0.0000000E+000  0.4923372E+000
010111900dw      168.000    16061900  0.5565605E+002  0.0000000E+000  0.4717226E+000
010111900dw      169.000    17061900  0.5624590E+002  0.0000000E+000  0.4670063E+000
010111900dw      170.000    18061900  0.5664775E+002  0.0000000E+000  0.4757991E+000
010111900dw      171.000    19061900  0.5706169E+002  0.0000000E+000  0.4674799E+000
010111900dw      172.000    20061900  0.5760385E+002  0.0000000E+000  0.4552163E+000
010111900dw      173.000    21061900  0.5863252E+002  0.0000000E+000  0.4387055E+000
010111900dw      174.000    22061900  0.6017344E+002  0.0000000E+000  0.4200613E+000
010111900dw      175.000    23061900  0.6104673E+002  0.0000000E+000  0.4247364E+000
010111900dw      176.000    24061900  0.6168775E+002  0.0000000E+000  0.4364504E+000
010111900dw      177.000    25061900  0.6232794E+002  0.0000000E+000  0.4505922E+000
010111900dw      178.000    26061900  0.6281381E+002  0.0000000E+000  0.6871391E+000
010111900dw      179.000    27061900  0.6344713E+002  0.0000000E+000  0.8726492E+000
010111900dw      180.000    28061900  0.6436658E+002  0.0000000E+000  0.5525372E+000
010111900dw      181.000    29061900  0.6565345E+002  0.0000000E+000  0.5000889E+000
010111900dw      182.000    30061900  0.6627361E+002  0.0000000E+000  0.4892595E+000
010111900dw      183.000    01071900  0.6679319E+002  0.0000000E+000  0.4795777E+000
010111900dw      184.000    02071900  0.6753598E+002  0.0000000E+000  0.4714045E+000
010111900dw      185.000    03071900  0.6829266E+002  0.0000000E+000  0.4705801E+000
010111900dw      186.000    04071900  0.6904125E+002  0.0000000E+000  0.4580499E+000
010111900dw      187.000    05071900  0.7003933E+002  0.0000000E+000  0.4462675E+000
010111900dw      188.000    06071900  0.7089805E+002  0.0000000E+000  0.4478698E+000
010111900dw      189.000    07071900  0.7164916E+002  0.0000000E+000  0.4484185E+000
010111900dw      190.000    08071900  0.7257316E+002  0.0000000E+000  0.4422713E+000
010111900dw      191.000    09071900  0.7347056E+002  0.0000000E+000  0.4506381E+000
010111900dw      192.000    10071900  0.7420877E+002  0.0000000E+000  0.7690571E+000
010111900dw      193.000    11071900  0.7492003E+002  0.0000000E+000  0.8910126E+000
010111900dw      194.000    12071900  0.7562124E+002  0.0000000E+000  0.5507675E+000
010111900dw      195.000    13071900  0.7617826E+002  0.0000000E+000  0.5117070E+000
010111900dw      196.000    14071900  0.7674174E+002  0.0000000E+000  0.4970521E+000
010111900dw      197.000    15071900  0.7740059E+002  0.0000000E+000  0.4859443E+000
010111900dw      198.000    16071900  0.7797933E+002  0.0000000E+000  0.4791036E+000
010111900dw      199.000    17071900  0.7859637E+002  0.0000000E+000  0.4734566E+000
010111900dw      200.000    18071900  0.7947863E+002  0.0000000E+000  0.4675519E+000
010111900dw      201.000    19071900  0.8040081E+002  0.0000000E+000  0.4574128E+000
010111900dw      202.000    20071900  0.8109309E+002  0.0000000E+000  0.4568986E+000
010111900dw      203.000    21071900  0.8170615E+002  0.0000000E+000  0.4597266E+000
010111900dw      204.000    22071900  0.8227419E+002  0.0000000E+000  0.4728354E+000
010111900dw      205.000    23071900  0.8278449E+002  0.0000000E+000  0.4769974E+000
010111900dw      206.000    24071900  0.8330330E+002  0.0000000E+000  0.7232797E+000
010111900dw      207.000    25071900  0.8368646E+002  0.0000000E+000  0.8909725E+000
010111900dw      208.000    26071900  0.8400085E+002  0.0000000E+000  0.6533666E+000
010111900dw      209.000    27071900  0.8435299E+002  0.0000000E+000  0.5269108E+000
010111900dw      210.000    28071900  0.8463543E+002  0.0000000E+000  0.7214694E+000
010111900dw      211.000    29071900  0.8495561E+002  0.0000000E+000  0.8930721E+000
010111900dw      212.000    30071900  0.8523095E+002  0.0000000E+000  0.6178045E+000
010111900dw      213.000    31071900  0.8548210E+002  0.0000000E+000  0.6181123E+000
010111900dw      214.000    01081900  0.8574831E+002  0.0000000E+000  0.6559412E+000
010111900dw      215.000    02081900  0.8611988E+002  0.0000000E+000  0.9018888E+000
010111900dw      216.000    03081900  0.8648943E+002  0.0000000E+000  0.8744963E+000
010111900dw      217.000    04081900  0.8673594E+002  0.0000000E+000  0.4585486E+000
010111900dw      218.000    05081900  0.8704432E+002  0.0000000E+000  0.6367717E+000
010111900dw      219.000    06081900  0.8718924E+002  0.0000000E+000  0.8892611E+000
010111900dw      220.000    07081900  0.8737702E+002  0.0000000E+000  0.4371050E+000
010111900dw      221.000    08081900  0.8762197E+002  0.0000000E+000  0.9013077E+000
010111900dw      222.000    09081900  0.8781336E+002  0.0000000E+000  0.8784081E+000
010111900dw      223.000    10081900  0.8801143E+002  0.0000000E+000  0.8933542E+000
010111900dw      224.000    11081900  0.8815555E+002  0.0000000E+000  0.6737213E+000
010111900dw      225.000    12081900  0.8822373E+002  0.0000000E+000  0.6553742E+000
010111900dw      226.000    13081900  0.8828155E+002  0.0000000E+000  0.8933362E+000
010111900dw      227.000    14081900  0.8867652E+002  0.0000000E+000  0.8969513E+000
010111900dw      228.000    15081900  0.8884255E+002  0.0000000E+000  0.8880027E+000
010111900dw      229.000    16081900  0.8893219E+002  0.0000000E+000  0.8321163E+000
010111900dw      230.000    17081900  0.8902108E+002  0.0000000E+000  0.6408508E+000
010111900dw      231.000    18081900  0.8907977E+002  0.0000000E+000  0.8631045E+000
010111900dw      232.000    19081900  0.8914083E+002  0.0000000E+000  0.8909181E+000
010111900dw      233.000    20081900  0.8920095E+002  0.0000000E+000  0.8870132E+000
010111900dw      234.000    21081900  0.8927838E+002  0.0000000E+000  0.5522049E+000
010111900dw      235.000    22081900  0.8936398E+002  0.0000000E+000  0.8950529E+000
010111900dw      236.000    23081900  0.8943296E+002  0.0000000E+000  0.8333151E+000
010111900dw      237.000    24081900  0.8950014E+002  0.0000000E+000  0.4625175E+000
010111900dw      238.000    25081900  0.8957252E+002  0.0000000E+000  0.6263307E+000
010111900dw      239.000    26081900  0.8981191E+002  0.0000000E+000  0.8391890E+000
010111900dw      240.000    27081900  0.8981191E+002  0.0000000E+000  0.0000000E+000
010111900dw      241.000    28081900  0.8981191E+002  0.0000000E+000  0.0000000E+000
010111900dw      242.000    29081900  0.8981191E+002  0.0000000E+000  0.0000000E+000
010111900dw      243.000    30081900  0.8981191E+002  0.0000000E+000  0.0000000E+000
010111900dw      244.000    31081900  0.8981191E+002  0.0000000E+000  0.0000000E+000
010111900dw      245.000    01091900  0.8981191E+002  0.0000000E+000  0.0000000E+000
010111900dw      246.000    02091900  0.8981191E+002  0.0000000E+000  0.0000000E+000
010111900dw      247.000    03091900  0.8981191E+002  0.0000000E+000  0.0000000E+000
010111900dw      248.000    04091900  0.8981191E+002  0.0000000E+000  0.0000000E+000
010111900dw      249.000    05091900  0.8981191E+002  0.0000000E+000  0.0000000E+000
010111900dw      250.000    06091900  0.8981191E+002  0.0000000E+000  0.0000000E+000
010111900dw      251.000    07091900  0.8981191E+002  0.0000000E+000  0.0000000E+000
010111900dw      252.000    08091900  0.8981191E+002  0.0000000E+000  0.0000000E+000
010111900dw      253.000    09091900  0.8981191E+002  0.0000000E+000  0.0000000E+000
010111900dw      254.000    10091900  0.8981191E+002  0.0000000E+000  0.0000000E+000
010111900dw      255.000    11091900  0.8981191E+002  0.0000000E+000  0.0000000E+000
010111900dw      256.000    12091900  0.8981191E+002  0.0000000E+000  0.0000000E+000
010111900dw      257.000    13091900  0.8981191E+002  0.0000000E+000  0.0000000E+000
010111900dw      258.000    14091900  0.8981191E+002  0.0000000E+000  0.0000000E+000
010111900dw      259.000    15091900  0.8981191E+002  0.0000000E+000  0.0000000E+000
010111900dw      260.000    16091900  0.8981191E+002  0.0000000E+000  0.0000000E+000
010111900dw      261.000    17091900  0.8981191E+002  0.0000000E+000  0.0000000E+000
010111900dw      262.000    18091900  0.8981191E+002  0.0000000E+000  0.0000000E+000
010111900dw      263.000    19091900  0.8981191E+002  0.0000000E+000  0.0000000E+000
010111900dw      264.000    20091900  0.8981191E+002  0.0000000E+000  0.0000000E+000
010111900dw      265.000    21091900  0.8981191E+002  0.0000000E+000  0.0000000E+000
010111900dw      266.000    22091900  0.8981191E+002  0.0000000E+000  0.0000000E+000
010111900dw      267.000    23091900  0.8981191E+002  0.0000000E+000  0.0000000E+000
010111900dw      268.000    24091900  0.8981191E+002  0.0000000E+000  0.0000000E+000
010111900dw      269.000    25091900  0.8981191E+002  0.0000000E+000  0.0000000E+000
010111900dw      270.000    26091900  0.8981191E+002  0.0000000E+000  0.0000000E+000
010111900dw      271.000    27091900  0.8981191E+002  0.0000000E+000  0.0000000E+000
010111900dw      272.000    28091900  0.8981191E+002  0.0000000E+000  0.0000000E+000
010111900dw      273.000    29091900  0.8981191E+002  0.0000000E+000  0.0000000E+000
010111900dw      274.000    30091900  0.8981191E+002  0.0000000E+000  0.0000000E+000
010111900dw      275.000    01101900  0.8981191E+002  0.0000000E+000  0.0000000E+000
010111900dw      276.000    02101900  0.8981191E+002  0.0000000E+000  0.0000000E+000
010111900dw      277.000    03101900  0.8981191E+002  0.0000000E+000  0.0000000E+000
010111900dw      278.000    04101900  0.8981191E+002  0.0000000E+000  0.0000000E+000
010111900dw      279.000    05101900  0.8981191E+002  0.0000000E+000  0.0000000E+000
010111900dw      280.000    06101900  0.8981191E+002  0.0000000E+000  0.0000000E+000
010111900dw      281.000    07101900  0.8981191E+002  0.0000000E+000  0.0000000E+000
010111900dw      282.000    08101900  0.8981191E+002  0.0000000E+000  0.0000000E+000
010111900dw      283.000    09101900  0.8981191E+002  0.0000000E+000  0.0000000E+000
010111900dw      284.000    10101900  0.8981191E+002  0.0000000E+000  0.0000000E+000
010111900dw      285.000    11101900  0.8981191E+002  0.0000000E+000  0.0000000E+000
010111900dw      286.000    12101900  0.8981191E+002  0.0000000E+000  0.0000000E+000
010111900dw      287.000    13101900  0.8981191E+002  0.0000000E+000  0.0000000E+000
010111900dw      288.000    14101900  0.8981191E+002  0.0000000E+000  0.0000000E+000
010111900dw      289.000    15101900  0.8981191E+002  0.0000000E+000  0.0000000E+000
010111900dw      290.000    16101900  0.8981191E+002  0.0000000E+000  0.0000000E+000
010111900dw      291.000    17101900  0.8981191E+002  0.0000000E+000  0.0000000E+000
010111900dw      292.000    18101900  0.8981191E+002  0.0000000E+000  0.0000000E+000
010111900dw      293.000    19101900  0.8981191E+002  0.0000000E+000  0.0000000E+000
010111900dw      294.000    20101900  0.8981191E+002  0.0000000E+000  0.0000000E+000
010111900dw      295.000    21101900  0.8981191E+002  0.0000000E+000  0.0000000E+000
010111900dw      296.000    22101900  0.8981191E+002  0.0000000E+000  0.0000000E+000
010111900dw      297.000    23101900  0.8981191E+002  0.0000000E+000  0.0000000E+000
010111900dw      298.000    24101900  0.8981191E+002  0.0000000E+000  0.0000000E+000
010111900dw      299.000    25101900  0.8981191E+002  0.0000000E+000  0.0000000E+000
010111900dw      300.000    26101900  0.8981191E+002  0.0000000E+000  0.0000000E+000
010111900dw      301.000    27101900  0.8981191E+002  0.0000000E+000  0.0000000E+000
010111900dw      302.000    28101900  0.8981191E+002  0.0000000E+000  0.0000000E+000
010111900dw      303.000    29101900  0.8981191E+002  0.0000000E+000  0.0000000E+000
010111900dw      304.000    30101900  0.8981191E+002  0.0000000E+000  0.0000000E+000
010111900dw      305.000    31101900  0.8981191E+002  0.0000000E+000  0.0000000E+000
010111900dw      306.000    01111900  0.8981191E+002  0.0000000E+000  0.0000000E+000
010111900dw      307.000    02111900  0.8981191E+002  0.0000000E+000  0.0000000E+000
010111900dw      308.000    03111900  0.8981191E+002  0.0000000E+000  0.0000000E+000
010111900dw      309.000    04111900  0.8981191E+002  0.0000000E+000  0.0000000E+000
010111900dw      310.000    05111900  0.8981191E+002  0.0000000E+000  0.0000000E+000
010111900dw      311.000    06111900  0.8981191E+002  0.0000000E+000  0.0000000E+000
010111900dw      312.000    07111900  0.8981191E+002  0.0000000E+000  0.0000000E+000
010111900dw      313.000    08111900  0.8981191E+002  0.0000000E+000  0.0000000E+000
010111900dw      314.000    09111900  0.8981191E+002  0.0000000E+000  0.0000000E+000
010111900dw      315.000    10111900  0.8981191E+002  0.0000000E+000  0.0000000E+000
010111900dw      316.000    11111900  0.8981191E+002  0.0000000E+000  0.0000000E+000
010111900dw      317.000    12111900  0.8981191E+002  0.0000000E+000  0.0000000E+000
010111900dw      318.000    13111900  0.8981191E+002  0.0000000E+000  0.0000000E+000
010111900dw      319.000    14111900  0.8981191E+002  0.0000000E+000  0.0000000E+000
010111900dw      320.000    15111900  0.8981191E+002  0.0000000E+000  0.0000000E+000
010111900dw      321.000    16111900  0.8981191E+002  0.0000000E+000  0.0000000E+000
010111900dw      322.000    17111900  0.8981191E+002  0.0000000E+000  0.0000000E+000
010111900dw      323.000    18111900  0.8981191E+002  0.0000000E+000  0.0000000E+000
010111900dw      324.000    19111900  0.8981191E+002  0.0000000E+000  0.0000000E+000
010111900dw      325.000    20111900  0.8981191E+002  0.0000000E+000  0.0000000E+000
010111900dw      326.000    21111900  0.8981191E+002  0.0000000E+000  0.0000000E+000
010111900dw      327.000    22111900  0.8981191E+002  0.0000000E+000  0.0000000E+000
010111900dw      328.000    23111900  0.8981191E+002  0.0000000E+000  0.0000000E+000
010111900dw      329.000    24111900  0.8981191E+002  0.0000000E+000  0.0000000E+000
010111900dw      330.000    25111900  0.8981191E+002  0.0000000E+000  0.0000000E+000
010111900dw      331.000    26111900  0.8981191E+002  0.0000000E+000  0.0000000E+000
010111900dw      332.000    27111900  0.8981191E+002  0.0000000E+000  0.0000000E+000
010111900dw      333.000    28111900  0.8981191E+002  0.0000000E+000  0.0000000E+000
010111900dw      334.000    29111900  0.8981191E+002  0.0000000E+000  0.0000000E+000
010111900dw      335.000    30111900  0.8981191E+002  0.0000000E+000  0.0000000E+000
010111900dw      336.000    01121900  0.8981191E+002  0.0000000E+000  0.0000000E+000
010111900dw      337.000    02121900  0.8981191E+002  0.0000000E+000  0.0000000E+000
010111900dw      338.000    03121900  0.8981191E+002  0.0000000E+000  0.0000000E+000
010111900dw      339.000    04121900  0.8981191E+002  0.0000000E+000  0.0000000E+000
010111900dw      340.000    05121900  0.8981191E+002  0.0000000E+000  0.0000000E+000
010111900dw      341.000    06121900  0.8981191E+002  0.0000000E+000  0.0000000E+000
010111900dw      342.000    07121900  0.8981191E+002  0.0000000E+000  0.0000000E+000
010111900dw      343.000    08121900  0.8981191E+002  0.0000000E+000  0.0000000E+000
010111900dw      344.000    09121900  0.8981191E+002  0.0000000E+000  0.0000000E+000
010111900dw      345.000    10121900  0.8981191E+002  0.0000000E+000  0.0000000E+000
010111900dw      346.000    11121900  0.8981191E+002  0.0000000E+000  0.0000000E+000
010111900dw      347.000    12121900  0.8981191E+002  0.0000000E+000  0.0000000E+000
010111900dw      348.000    13121900  0.8981191E+002  0.0000000E+000  0.0000000E+000
010111900dw      349.000    14121900  0.8981191E+002  0.0000000E+000  0.0000000E+000
010111900dw      350.000    15121900  0.8981191E+002  0.0000000E+000  0.0000000E+000
010111900dw      351.000    16121900  0.8981191E+002  0.0000000E+000  0.0000000E+000
010111900dw      352.000    17121900  0.8981191E+002  0.0000000E+000  0.0000000E+000
010111900dw      353.000    18121900  0.8981191E+002  0.0000000E+000  0.0000000E+000
010111900dw      354.000    19121900  0.8981191E+002  0.0000000E+000  0.0000000E+000
010111900dw      355.000    20121900  0.8981191E+002  0.0000000E+000  0.0000000E+000
010111900dw      356.000    21121900  0.8981191E+002  0.0000000E+000  0.0000000E+000
010111900dw      357.000    22121900  0.8981191E+002  0.0000000E+000  0.0000000E+000
010111900dw      358.000    23121900  0.8981191E+002  0.0000000E+000  0.0000000E+000
010111900dw      359.000    24121900  0.8981191E+002  0.0000000E+000  0.0000000E+000
010111900dw      360.000    25121900  0.8981191E+002  0.0000000E+000  0.0000000E+000
010111900dw      361.000    26121900  0.8981191E+002  0.0000000E+000  0.0000000E+000
010111900dw      362.000    27121900  0.8981191E+002  0.0000000E+000  0.0000000E+000
010111900dw      363.000    28121900  0.8981191E+002  0.0000000E+000  0.0000000E+000
010111900dw      364.000    29121900  0.8981191E+002  0.0000000E+000  0.0000000E+000
010111900dw      365.000    30121900  0.8981191E+002  0.0000000E+000  0.0000000E+000
010111900dw      366.000    31121900  0.8981191E+002  0.0000000E+000  0.0000000E+000
