01012015 23 0.84
02012015 23 0.83
03012015 23 0.82
04012015 23 0.82
05012015 23 0.81
06012015 23 0.81
07012015 23 0.80
08012015 23 0.80
09012015 23 0.83
10012015 23 0.89
11012015 23 0.91
12012015 23 0.92
13012015 23 0.92
14012015 23 0.91
15012015 23 0.90
16012015 23 0.89
17012015 23 0.88
18012015 23 0.88
19012015 23 0.87
20012015 23 0.87
21012015 23 0.87
22012015 23 0.86
23012015 23 0.89
24012015 23 0.91
25012015 23 0.91
26012015 23 0.91
27012015 23 0.92
28012015 23 0.92
29012015 23 0.90
30012015 23 0.89
31012015 23 0.88
01022015 23 0.88
02022015 23 0.87
03022015 23 0.87
04022015 23 0.87
05022015 23 0.87
06022015 23 0.87
07022015 23 0.88
08022015 23 0.89
09022015 23 0.88
10022015 23 0.88
11022015 23 0.88
12022015 23 0.88
13022015 23 0.89
14022015 23 0.89
15022015 23 0.89
16022015 23 0.89
17022015 23 0.89
18022015 23 0.89
19022015 23 0.90
20022015 23 0.90
21022015 23 0.90
22022015 23 0.90
23022015 23 0.89
24022015 23 0.89
25022015 23 0.89
26022015 23 0.89
27022015 23 0.89
28022015 23 0.89
01032015 23 0.89
02032015 23 0.89
03032015 23 0.89
04032015 23 0.89
05032015 23 0.88
06032015 23 0.88
07032015 23 0.88
08032015 23 0.88
09032015 23 0.88
10032015 23 0.88
11032015 23 0.88
12032015 23 0.89
13032015 23 0.89
14032015 23 0.89
15032015 23 0.88
16032015 23 0.89
17032015 23 0.90
18032015 23 0.91
19032015 23 0.92
20032015 23 0.93
21032015 23 0.94
22032015 23 0.94
23032015 23 0.95
24032015 23 0.96
25032015 23 0.96
26032015 23 0.97
27032015 23 0.97
28032015 23 0.97
29032015 23 0.96
30032015 23 0.96
31032015 23 0.97
01042015 23 0.97
02042015 23 0.96
03042015 23 0.96
04042015 23 0.97
05042015 23 0.97
06042015 23 0.97
07042015 23 0.98
08042015 23 0.98
09042015 23 0.98
10042015 23 0.97
11042015 23 0.97
12042015 23 0.97
13042015 23 0.97
14042015 23 0.97
15042015 23 0.97
16042015 23 0.97
17042015 23 0.97
18042015 23 0.97
19042015 23 0.97
20042015 23 0.97
21042015 23 0.97
22042015 23 0.96
23042015 23 0.95
24042015 23 0.95
25042015 23 0.95
26042015 23 0.94
27042015 23 0.94
28042015 23 0.93
29042015 23 0.93
30042015 23 0.93
01052015 23 0.94
02052015 23 0.94
03052015 23 0.95
04052015 23 0.96
05052015 23 0.96
06052015 23 0.95
07052015 23 0.95
08052015 23 0.94
09052015 23 0.95
10052015 23 0.94
11052015 23 0.94
12052015 23 0.93
13052015 23 0.93
14052015 23 0.92
15052015 23 0.92
16052015 23 0.91
17052015 23 0.91
18052015 23 0.91
19052015 23 0.92
20052015 23 0.94
21052015 23 0.95
22052015 23 0.96
23052015 23 0.97
24052015 23 0.98
25052015 23 0.98
26052015 23 0.98
27052015 23 0.98
28052015 23 0.98
29052015 23 0.98
30052015 23 0.98
31052015 23 0.97
01062015 23 0.96
02062015 23 0.96
03062015 23 0.95
04062015 23 0.95
05062015 23 0.95
06062015 23 0.95
07062015 23 0.94
08062015 23 0.94
09062015 23 0.93
10062015 23 0.93
11062015 23 0.93
12062015 23 0.92
13062015 23 0.91
14062015 23 0.91
15062015 23 0.90
16062015 23 0.90
17062015 23 0.89
18062015 23 0.89
19062015 23 0.89
20062015 23 0.90
21062015 23 0.90
22062015 23 0.90
23062015 23 0.91
24062015 23 0.91
25062015 23 0.92
26062015 23 0.92
27062015 23 0.93
28062015 23 0.94
29062015 23 0.95
30062015 23 0.96
01072015 23 0.97
02072015 23 0.97
03072015 23 0.97
04072015 23 0.97
05072015 23 0.96
06072015 23 0.95
07072015 23 0.94
08072015 23 0.94
09072015 23 0.93
10072015 23 0.92
11072015 23 0.92
12072015 23 0.91
13072015 23 0.90
14072015 23 0.90
15072015 23 0.89
16072015 23 0.88
17072015 23 0.92
18072015 23 0.97
19072015 23 0.99
20072015 23 0.99
21072015 23 1.00
22072015 23 1.00
23072015 23 0.99
24072015 23 0.98
25072015 23 0.96
26072015 23 0.95
27072015 23 0.94
28072015 23 0.93
29072015 23 0.92
30072015 23 0.91
31072015 23 0.89
01082015 23 0.88
02082015 23 0.87
03082015 23 0.86
04082015 23 0.86
05082015 23 0.85
06082015 23 0.85
07082015 23 0.84
08082015 23 0.83
09082015 23 0.82
10082015 23 0.81
11082015 23 0.80
12082015 23 0.78
13082015 23 0.78
14082015 23 0.77
15082015 23 0.76
16082015 23 0.75
17082015 23 0.75
18082015 23 0.74
19082015 23 0.74
20082015 23 0.73
21082015 23 0.73
22082015 23 0.72
23082015 23 0.72
24082015 23 0.71
25082015 23 0.71
26082015 23 0.74
27082015 23 0.85
28082015 23 0.91
29082015 23 0.94
30082015 23 0.97
31082015 23 0.99
01092015 23 1.00
02092015 23 1.00
03092015 23 1.00
04092015 23 1.00
05092015 23 1.00
06092015 23 1.00
07092015 23 1.00
08092015 23 1.00
09092015 23 1.00
10092015 23 1.00
11092015 23 0.99
12092015 23 0.99
13092015 23 0.99
14092015 23 0.97
15092015 23 0.96
16092015 23 0.95
17092015 23 0.94
18092015 23 0.92
19092015 23 0.91
20092015 23 0.90
21092015 23 0.89
22092015 23 0.87
23092015 23 0.86
24092015 23 0.84
25092015 23 0.83
26092015 23 0.81
27092015 23 0.80
28092015 23 0.79
29092015 23 0.78
30092015 23 0.77
01102015 23 0.78
02102015 23 0.78
03102015 23 0.79
04102015 23 0.79
05102015 23 0.79
06102015 23 0.80
07102015 23 0.81
08102015 23 0.81
09102015 23 0.82
10102015 23 0.83
11102015 23 0.83
12102015 23 0.84
13102015 23 0.85
14102015 23 0.87
15102015 23 0.86
16102015 23 0.86
17102015 23 0.85
18102015 23 0.85
19102015 23 0.85
20102015 23 0.85
21102015 23 0.84
22102015 23 0.84
23102015 23 0.84
24102015 23 0.85
25102015 23 0.90
26102015 23 0.92
27102015 23 0.93
28102015 23 0.94
29102015 23 0.95
30102015 23 0.97
31102015 23 0.98
01112015 23 0.98
02112015 23 1.00
03112015 23 0.99
04112015 23 0.99
05112015 23 1.00
06112015 23 1.00
07112015 23 1.00
08112015 23 1.00
09112015 23 1.02
10112015 23 1.02
11112015 23 1.02
12112015 23 1.00
13112015 23 0.99
14112015 23 0.98
15112015 23 0.97
16112015 23 0.97
17112015 23 0.96
18112015 23 0.96
19112015 23 0.96
20112015 23 0.96
21112015 23 0.96
22112015 23 0.95
23112015 23 0.95
24112015 23 0.95
25112015 23 0.95
26112015 23 0.95
27112015 23 0.95
28112015 23 0.97
29112015 23 0.99
30112015 23 0.99
01122015 23 0.99
02122015 23 0.99
03122015 23 1.00
04122015 23 1.00
05122015 23 1.00
06122015 23 1.00
07122015 23 1.00
08122015 23 1.00
09122015 23 0.99
10122015 23 0.98
11122015 23 0.98
12122015 23 0.98
13122015 23 0.98
14122015 23 0.98
15122015 23 0.98
16122015 23 0.97
17122015 23 0.97
18122015 23 0.97
19122015 23 0.97
20122015 23 0.97
21122015 23 0.97
22122015 23 0.98
23122015 23 0.98
24122015 23 0.97
25122015 23 0.97
26122015 23 0.97
27122015 23 0.97
28122015 23 0.97
29122015 23 0.96
30122015 23 0.96
31122015 23 0.96
