01012020 23 0.57
02012020 23 0.56
03012020 23 0.56
04012020 23 0.55
05012020 23 0.55
06012020 23 0.54
07012020 23 0.54
08012020 23 0.54
09012020 23 0.54
10012020 23 0.54
11012020 23 0.53
12012020 23 0.53
13012020 23 0.52
14012020 23 0.52
15012020 23 0.52
16012020 23 0.53
17012020 23 0.53
18012020 23 0.52
19012020 23 0.52
20012020 23 0.52
21012020 23 0.51
22012020 23 0.51
23012020 23 0.51
24012020 23 0.51
25012020 23 0.50
26012020 23 0.51
27012020 23 0.50
28012020 23 0.50
29012020 23 0.50
30012020 23 0.50
31012020 23 0.49
01022020 23 0.49
02022020 23 0.49
03022020 23 0.49
04022020 23 0.48
05022020 23 0.48
06022020 23 0.48
07022020 23 0.48
08022020 23 0.48
09022020 23 0.47
10022020 23 0.47
11022020 23 0.47
12022020 23 0.47
13022020 23 0.46
14022020 23 0.46
15022020 23 0.46
16022020 23 0.46
17022020 23 0.46
18022020 23 0.46
19022020 23 0.45
20022020 23 0.45
21022020 23 0.45
22022020 23 0.45
23022020 23 0.44
24022020 23 0.44
25022020 23 0.44
26022020 23 0.44
27022020 23 0.44
28022020 23 0.44
29022020 23 0.44
01032020 23 0.44
02032020 23 0.43
03032020 23 0.43
04032020 23 0.43
05032020 23 0.43
06032020 23 0.43
07032020 23 0.43
08032020 23 0.42
09032020 23 0.42
10032020 23 0.42
11032020 23 0.42
12032020 23 0.42
13032020 23 0.42
14032020 23 0.42
15032020 23 0.42
16032020 23 0.45
17032020 23 0.45
18032020 23 0.45
19032020 23 0.45
20032020 23 0.44
21032020 23 0.44
22032020 23 0.44
23032020 23 0.44
24032020 23 0.43
25032020 23 0.43
26032020 23 0.43
27032020 23 0.43
28032020 23 0.43
29032020 23 0.43
30032020 23 0.43
31032020 23 0.43
01042020 23 0.43
02042020 23 0.42
03042020 23 0.42
04042020 23 0.43
05042020 23 0.48
06042020 23 0.49
07042020 23 0.49
08042020 23 0.49
09042020 23 0.49
10042020 23 0.49
11042020 23 0.49
12042020 23 0.49
13042020 23 0.49
14042020 23 0.49
15042020 23 0.50
16042020 23 0.75
17042020 23 1.06
18042020 23 1.08
19042020 23 1.08
20042020 23 1.08
21042020 23 1.08
22042020 23 1.08
23042020 23 1.07
24042020 23 1.00
25042020 23 0.97
26042020 23 0.95
27042020 23 0.94
28042020 23 0.92
29042020 23 0.91
30042020 23 0.90
01052020 23 0.88
02052020 23 0.86
03052020 23 0.85
04052020 23 0.84
05052020 23 0.83
06052020 23 0.81
07052020 23 0.80
08052020 23 0.79
09052020 23 0.78
10052020 23 0.76
11052020 23 0.75
12052020 23 0.74
13052020 23 0.73
14052020 23 0.72
15052020 23 0.71
16052020 23 0.70
17052020 23 0.69
18052020 23 0.69
19052020 23 0.68
20052020 23 0.67
21052020 23 0.66
22052020 23 0.65
23052020 23 0.64
24052020 23 0.63
25052020 23 0.62
26052020 23 0.62
27052020 23 0.61
28052020 23 0.60
29052020 23 0.59
30052020 23 0.58
31052020 23 0.58
01062020 23 0.57
02062020 23 0.56
03062020 23 0.55
04062020 23 0.55
05062020 23 0.54
06062020 23 0.53
07062020 23 0.52
08062020 23 0.51
09062020 23 0.51
10062020 23 0.50
11062020 23 0.49
12062020 23 0.81
13062020 23 1.03
14062020 23 1.05
15062020 23 1.05
16062020 23 1.05
17062020 23 1.04
18062020 23 1.02
19062020 23 0.96
20062020 23 0.92
21062020 23 0.87
22062020 23 0.82
23062020 23 0.82
24062020 23 1.01
25062020 23 1.03
26062020 23 1.03
27062020 23 1.03
28062020 23 1.03
29062020 23 1.03
30062020 23 1.02
01072020 23 0.97
02072020 23 0.95
03072020 23 0.93
04072020 23 0.90
05072020 23 0.86
06072020 23 0.81
07072020 23 0.76
08072020 23 0.72
09072020 23 0.69
10072020 23 0.69
11072020 23 0.76
12072020 23 0.79
13072020 23 0.80
14072020 23 0.80
15072020 23 0.79
16072020 23 0.75
17072020 23 0.72
18072020 23 0.69
19072020 23 0.66
20072020 23 0.64
21072020 23 0.63
22072020 23 0.61
23072020 23 0.59
24072020 23 0.58
25072020 23 0.57
26072020 23 0.58
27072020 23 0.60
28072020 23 0.60
29072020 23 0.60
30072020 23 0.60
31072020 23 0.58
01082020 23 0.57
02082020 23 0.57
03082020 23 0.58
04082020 23 0.60
05082020 23 0.61
06082020 23 0.59
07082020 23 0.58
08082020 23 0.56
09082020 23 0.54
10082020 23 0.52
11082020 23 0.51
12082020 23 0.49
13082020 23 0.48
14082020 23 0.46
15082020 23 0.45
16082020 23 0.43
17082020 23 0.42
18082020 23 0.40
19082020 23 0.39
20082020 23 0.38
21082020 23 0.37
22082020 23 0.36
23082020 23 0.35
24082020 23 0.35
25082020 23 0.34
26082020 23 0.33
27082020 23 0.33
28082020 23 0.33
29082020 23 0.32
30082020 23 0.31
31082020 23 0.29
01092020 23 0.28
02092020 23 0.27
03092020 23 0.26
04092020 23 0.24
05092020 23 0.23
06092020 23 0.22
07092020 23 0.20
08092020 23 0.18
09092020 23 0.17
10092020 23 0.15
11092020 23 0.14
12092020 23 0.12
13092020 23 0.11
14092020 23 0.09
15092020 23 0.06
16092020 23 0.04
17092020 23 0.03
18092020 23 0.02
19092020 23 0.50
20092020 23 0.90
21092020 23 0.97
22092020 23 1.01
23092020 23 1.01
24092020 23 1.01
25092020 23 1.01
26092020 23 1.01
27092020 23 1.01
28092020 23 1.01
29092020 23 1.01
30092020 23 1.01
01102020 23 1.01
02102020 23 1.02
03102020 23 1.03
04102020 23 1.03
05102020 23 1.03
06102020 23 1.03
07102020 23 1.03
08102020 23 1.03
09102020 23 1.03
10102020 23 1.03
11102020 23 1.03
12102020 23 1.02
13102020 23 1.02
14102020 23 1.02
15102020 23 1.00
16102020 23 0.93
17102020 23 0.88
18102020 23 0.84
19102020 23 0.80
20102020 23 0.75
21102020 23 0.71
22102020 23 0.67
23102020 23 0.63
24102020 23 0.61
25102020 23 0.59
26102020 23 0.56
27102020 23 0.55
28102020 23 0.53
29102020 23 0.52
30102020 23 0.51
31102020 23 0.50
01112020 23 0.49
02112020 23 0.48
03112020 23 0.48
04112020 23 0.47
05112020 23 0.46
06112020 23 0.46
07112020 23 0.45
08112020 23 0.45
09112020 23 0.44
10112020 23 0.44
11112020 23 0.43
12112020 23 0.43
13112020 23 0.43
14112020 23 0.43
15112020 23 0.43
16112020 23 0.43
17112020 23 0.43
18112020 23 0.43
19112020 23 0.43
20112020 23 0.43
21112020 23 0.43
22112020 23 0.43
23112020 23 0.43
24112020 23 0.43
25112020 23 0.43
26112020 23 0.43
27112020 23 0.43
28112020 23 0.43
29112020 23 0.43
30112020 23 0.43
01122020 23 0.43
02122020 23 0.43
03122020 23 0.43
04122020 23 0.43
05122020 23 0.43
06122020 23 0.44
07122020 23 0.44
08122020 23 0.44
09122020 23 0.44
10122020 23 0.44
11122020 23 0.44
12122020 23 0.45
13122020 23 0.47
14122020 23 0.48
15122020 23 0.48
16122020 23 0.48
17122020 23 0.50
18122020 23 0.49
19122020 23 0.49
20122020 23 0.50
21122020 23 0.50
22122020 23 0.50
23122020 23 0.49
24122020 23 0.49
25122020 23 0.50
26122020 23 0.49
27122020 23 0.50
28122020 23 0.50
29122020 23 0.49
30122020 23 0.48
31122020 23 0.49
