01012012 23 0.91
02012012 23 0.91
03012012 23 0.90
04012012 23 0.90
05012012 23 0.90
06012012 23 0.91
07012012 23 0.91
08012012 23 0.91
09012012 23 0.91
10012012 23 0.90
11012012 23 0.89
12012012 23 0.87
13012012 23 0.86
14012012 23 0.85
15012012 23 0.83
16012012 23 0.86
17012012 23 0.89
18012012 23 0.89
19012012 23 0.88
20012012 23 0.90
21012012 23 0.90
22012012 23 0.89
23012012 23 0.88
24012012 23 0.87
25012012 23 0.85
26012012 23 0.84
27012012 23 0.82
28012012 23 0.80
29012012 23 0.78
30012012 23 0.76
31012012 23 0.75
01022012 23 0.80
02022012 23 0.85
03022012 23 0.88
04022012 23 0.88
05022012 23 0.87
06022012 23 0.86
07022012 23 0.84
08022012 23 0.83
09022012 23 0.81
10022012 23 0.79
11022012 23 0.83
12022012 23 0.87
13022012 23 0.90
14022012 23 0.90
15022012 23 0.88
16022012 23 0.87
17022012 23 0.85
18022012 23 0.84
19022012 23 0.82
20022012 23 0.80
21022012 23 0.78
22022012 23 0.75
23022012 23 0.73
24022012 23 0.78
25022012 23 0.78
26022012 23 0.78
27022012 23 0.82
28022012 23 0.86
01032012 23 0.87
02032012 23 0.89
03032012 23 0.90
04032012 23 0.88
05032012 23 0.86
06032012 23 0.86
07032012 23 0.89
08032012 23 0.89
09032012 23 0.87
10032012 23 0.85
11032012 23 0.84
12032012 23 0.87
13032012 23 0.89
14032012 23 0.88
15032012 23 0.89
16032012 23 0.90
17032012 23 0.88
18032012 23 0.88
19032012 23 0.90
20032012 23 0.89
21032012 23 0.88
22032012 23 0.90
23032012 23 0.89
24032012 23 0.90
25032012 23 0.89
26032012 23 0.88
27032012 23 0.90
28032012 23 0.89
29032012 23 0.87
30032012 23 0.86
31032012 23 0.89
01042012 23 0.90
02042012 23 0.88
03042012 23 0.88
04042012 23 0.90
05042012 23 0.90
06042012 23 0.88
07042012 23 0.87
08042012 23 0.85
09042012 23 0.83
10042012 23 0.80
11042012 23 0.79
12042012 23 0.83
13042012 23 0.86
14042012 23 0.86
15042012 23 0.85
16042012 23 0.82
17042012 23 0.80
18042012 23 0.83
19042012 23 0.84
20042012 23 0.83
21042012 23 0.80
22042012 23 0.79
23042012 23 0.82
24042012 23 0.83
25042012 23 0.81
26042012 23 0.79
27042012 23 0.78
28042012 23 0.83
29042012 23 0.84
30042012 23 0.83
01052012 23 0.86
02052012 23 0.87
03052012 23 0.85
04052012 23 0.84
05052012 23 0.87
06052012 23 0.88
07052012 23 0.86
08052012 23 0.85
09052012 23 0.88
10052012 23 0.88
11052012 23 0.88
12052012 23 0.89
13052012 23 0.89
14052012 23 0.89
15052012 23 0.87
16052012 23 0.89
17052012 23 0.90
18052012 23 0.89
19052012 23 0.85
20052012 23 0.81
21052012 23 0.81
22052012 23 0.86
23052012 23 0.88
24052012 23 0.86
25052012 23 0.84
26052012 23 0.81
27052012 23 0.78
28052012 23 0.75
29052012 23 0.71
30052012 23 0.67
31052012 23 0.63
01062012 23 0.60
02062012 23 0.72
03062012 23 0.79
04062012 23 0.78
05062012 23 0.75
06062012 23 0.72
07062012 23 0.69
08062012 23 0.65
09062012 23 0.62
10062012 23 0.59
11062012 23 0.59
12062012 23 0.78
13062012 23 0.86
14062012 23 0.88
15062012 23 0.87
16062012 23 0.84
17062012 23 0.80
18062012 23 0.76
19062012 23 0.72
20062012 23 0.71
21062012 23 0.79
22062012 23 0.82
23062012 23 0.83
24062012 23 0.83
25062012 23 0.81
26062012 23 0.78
27062012 23 0.78
28062012 23 0.83
29062012 23 0.86
30062012 23 0.87
01072012 23 0.84
02072012 23 0.80
03072012 23 0.76
04072012 23 0.70
05072012 23 0.65
06072012 23 0.60
07072012 23 0.55
08072012 23 0.51
09072012 23 0.47
10072012 23 0.48
11072012 23 0.71
12072012 23 0.73
13072012 23 0.65
14072012 23 0.60
15072012 23 0.55
16072012 23 0.51
17072012 23 0.68
18072012 23 0.74
19072012 23 0.69
20072012 23 0.64
21072012 23 0.60
22072012 23 0.56
23072012 23 0.52
24072012 23 0.49
25072012 23 0.45
26072012 23 0.41
27072012 23 0.37
28072012 23 0.32
29072012 23 0.27
30072012 23 0.19
31072012 23 0.11
01082012 23 0.21
02082012 23 0.73
03082012 23 0.81
04082012 23 0.84
05082012 23 0.85
06082012 23 0.84
07082012 23 0.83
08082012 23 0.81
09082012 23 0.79
10082012 23 0.75
11082012 23 0.71
12082012 23 0.74
13082012 23 0.87
14082012 23 0.92
15082012 23 0.90
16082012 23 0.88
17082012 23 0.86
18082012 23 0.83
19082012 23 0.81
20082012 23 0.81
21082012 23 0.78
22082012 23 0.77
23082012 23 0.72
24082012 23 0.67
25082012 23 0.62
26082012 23 0.57
27082012 23 0.53
28082012 23 0.49
29082012 23 0.46
30082012 23 0.73
31082012 23 0.85
01092012 23 0.88
02092012 23 0.88
03092012 23 0.89
04092012 23 0.87
05092012 23 0.85
06092012 23 0.91
07092012 23 0.93
08092012 23 0.91
09092012 23 0.89
10092012 23 0.88
11092012 23 0.87
12092012 23 0.85
13092012 23 0.84
14092012 23 0.83
15092012 23 0.79
16092012 23 0.77
17092012 23 0.87
18092012 23 0.92
19092012 23 0.92
20092012 23 0.89
21092012 23 0.88
22092012 23 0.86
23092012 23 0.86
24092012 23 0.84
25092012 23 0.81
26092012 23 0.77
27092012 23 0.72
28092012 23 0.67
29092012 23 0.63
30092012 23 0.61
01102012 23 0.66
02102012 23 0.81
03102012 23 0.78
04102012 23 0.73
05102012 23 0.67
06102012 23 0.62
07102012 23 0.57
08102012 23 0.53
09102012 23 0.49
10102012 23 0.83
11102012 23 0.95
12102012 23 0.88
13102012 23 0.86
14102012 23 0.83
15102012 23 0.80
16102012 23 0.76
17102012 23 0.72
18102012 23 0.91
19102012 23 0.97
20102012 23 0.98
21102012 23 0.97
22102012 23 0.97
23102012 23 0.97
24102012 23 0.97
25102012 23 0.95
26102012 23 0.94
27102012 23 0.96
28102012 23 0.97
29102012 23 0.96
30102012 23 0.94
31102012 23 0.93
01112012 23 0.92
02112012 23 0.93
03112012 23 0.93
04112012 23 0.94
05112012 23 0.94
06112012 23 0.94
07112012 23 0.94
08112012 23 0.94
09112012 23 0.94
10112012 23 0.94
11112012 23 0.94
12112012 23 0.94
13112012 23 0.94
14112012 23 0.95
15112012 23 0.99
16112012 23 1.03
17112012 23 1.06
18112012 23 1.07
19112012 23 1.08
20112012 23 1.10
21112012 23 1.10
22112012 23 1.10
23112012 23 1.10
24112012 23 1.10
25112012 23 1.10
26112012 23 1.10
27112012 23 1.10
28112012 23 1.10
29112012 23 1.10
30112012 23 1.11
01122012 23 1.11
02122012 23 1.11
03122012 23 1.11
04122012 23 1.10
05122012 23 1.09
06122012 23 1.08
07122012 23 1.09
08122012 23 1.08
09122012 23 1.08
10122012 23 1.08
11122012 23 1.08
12122012 23 1.09
13122012 23 1.09
14122012 23 1.09
15122012 23 1.09
16122012 23 1.09
17122012 23 1.09
18122012 23 1.08
19122012 23 1.04
20122012 23 1.01
21122012 23 1.00
22122012 23 1.09
23122012 23 1.10
24122012 23 1.04
25122012 23 1.01
26122012 23 0.98
27122012 23 0.96
28122012 23 0.96
29122012 23 0.94
30122012 23 0.92
31122012 23 0.90
