01012016 23 0.98
02012016 23 1.00
03012016 23 1.00
04012016 23 0.99
05012016 23 0.99
06012016 23 0.98
07012016 23 0.98
08012016 23 0.97
09012016 23 0.98
10012016 23 0.98
11012016 23 0.98
12012016 23 0.98
13012016 23 0.98
14012016 23 1.00
15012016 23 1.00
16012016 23 1.01
17012016 23 0.99
18012016 23 1.01
19012016 23 1.03
20012016 23 1.04
21012016 23 1.04
22012016 23 1.04
23012016 23 1.04
24012016 23 1.03
25012016 23 1.02
26012016 23 1.01
27012016 23 1.01
28012016 23 1.01
29012016 23 1.02
30012016 23 1.02
31012016 23 1.02
01022016 23 1.02
02022016 23 1.01
03022016 23 1.01
04022016 23 1.00
05022016 23 1.00
06022016 23 1.00
07022016 23 1.00
08022016 23 0.99
09022016 23 0.99
10022016 23 0.99
11022016 23 0.99
12022016 23 0.99
13022016 23 0.99
14022016 23 0.98
15022016 23 0.98
16022016 23 0.98
17022016 23 0.98
18022016 23 1.00
19022016 23 0.99
20022016 23 0.99
21022016 23 0.99
22022016 23 1.00
23022016 23 1.00
24022016 23 0.99
25022016 23 0.99
26022016 23 0.99
27022016 23 0.98
28022016 23 0.98
29022016 23 0.97
01032016 23 0.97
02032016 23 0.96
03032016 23 0.96
04032016 23 0.96
05032016 23 0.97
06032016 23 0.99
07032016 23 0.99
08032016 23 0.98
09032016 23 0.98
10032016 23 0.98
11032016 23 0.99
12032016 23 0.99
13032016 23 1.00
14032016 23 1.01
15032016 23 1.00
16032016 23 1.00
17032016 23 1.00
18032016 23 1.01
19032016 23 1.02
20032016 23 1.01
21032016 23 0.99
22032016 23 0.98
23032016 23 0.97
24032016 23 0.97
25032016 23 0.97
26032016 23 0.96
27032016 23 0.96
28032016 23 0.95
29032016 23 0.97
30032016 23 0.98
31032016 23 0.97
01042016 23 0.97
02042016 23 0.96
03042016 23 0.96
04042016 23 0.95
05042016 23 0.95
06042016 23 0.95
07042016 23 0.96
08042016 23 0.97
09042016 23 0.97
10042016 23 0.98
11042016 23 0.97
12042016 23 0.97
13042016 23 0.96
14042016 23 0.96
15042016 23 0.96
16042016 23 0.95
17042016 23 0.95
18042016 23 0.94
19042016 23 0.94
20042016 23 0.94
21042016 23 0.93
22042016 23 0.93
23042016 23 0.92
24042016 23 0.92
25042016 23 0.94
26042016 23 0.96
27042016 23 0.99
28042016 23 0.99
29042016 23 0.98
30042016 23 0.97
01052016 23 0.96
02052016 23 0.95
03052016 23 0.95
04052016 23 0.94
05052016 23 0.94
06052016 23 0.94
07052016 23 0.93
08052016 23 0.93
09052016 23 0.92
10052016 23 0.92
11052016 23 0.91
12052016 23 0.92
13052016 23 0.94
14052016 23 0.94
15052016 23 0.94
16052016 23 0.93
17052016 23 0.92
18052016 23 0.91
19052016 23 0.90
20052016 23 0.89
21052016 23 0.88
22052016 23 0.88
23052016 23 0.88
24052016 23 0.91
25052016 23 0.94
26052016 23 0.96
27052016 23 0.97
28052016 23 0.98
29052016 23 0.99
30052016 23 0.99
31052016 23 0.99
01062016 23 0.99
02062016 23 1.00
03062016 23 1.00
04062016 23 1.00
05062016 23 1.00
06062016 23 0.99
07062016 23 0.98
08062016 23 0.97
09062016 23 0.96
10062016 23 0.95
11062016 23 0.93
12062016 23 0.92
13062016 23 0.91
14062016 23 0.90
15062016 23 0.89
16062016 23 0.88
17062016 23 0.87
18062016 23 0.86
19062016 23 0.85
20062016 23 0.83
21062016 23 0.81
22062016 23 0.80
23062016 23 0.78
24062016 23 0.76
25062016 23 0.96
26062016 23 1.05
27062016 23 1.07
28062016 23 1.06
29062016 23 1.07
30062016 23 1.06
01072016 23 1.07
02072016 23 1.05
03072016 23 1.02
04072016 23 1.01
05072016 23 1.02
06072016 23 1.03
07072016 23 1.03
08072016 23 1.03
09072016 23 1.03
10072016 23 1.03
11072016 23 1.03
12072016 23 1.03
13072016 23 1.03
14072016 23 1.03
15072016 23 1.00
16072016 23 0.98
17072016 23 0.97
18072016 23 0.96
19072016 23 0.95
20072016 23 0.94
21072016 23 0.93
22072016 23 0.92
23072016 23 0.92
24072016 23 0.91
25072016 23 0.90
26072016 23 0.96
27072016 23 1.03
28072016 23 1.04
29072016 23 1.04
30072016 23 1.03
31072016 23 1.03
01082016 23 1.02
02082016 23 1.02
03082016 23 1.03
04082016 23 1.03
05082016 23 1.03
06082016 23 1.02
07082016 23 0.99
08082016 23 0.98
09082016 23 0.96
10082016 23 0.96
11082016 23 1.00
12082016 23 1.01
13082016 23 1.01
14082016 23 1.01
15082016 23 1.01
16082016 23 1.01
17082016 23 1.02
18082016 23 1.02
19082016 23 1.01
20082016 23 0.99
21082016 23 0.98
22082016 23 0.96
23082016 23 0.95
24082016 23 0.94
25082016 23 0.93
26082016 23 0.96
27082016 23 0.99
28082016 23 1.01
29082016 23 1.02
30082016 23 1.03
31082016 23 1.04
01092016 23 1.03
02092016 23 1.02
03092016 23 1.02
04092016 23 1.02
05092016 23 1.01
06092016 23 1.01
07092016 23 1.03
08092016 23 1.02
09092016 23 0.99
10092016 23 0.98
11092016 23 0.97
12092016 23 0.99
13092016 23 1.00
14092016 23 0.99
15092016 23 1.00
16092016 23 1.00
17092016 23 0.98
18092016 23 0.97
19092016 23 0.96
20092016 23 0.95
21092016 23 0.94
22092016 23 0.92
23092016 23 0.91
24092016 23 0.90
25092016 23 0.91
26092016 23 0.97
27092016 23 1.00
28092016 23 1.00
29092016 23 0.98
30092016 23 0.97
01102016 23 0.96
02102016 23 0.95
03102016 23 0.94
04102016 23 0.93
05102016 23 0.92
06102016 23 0.91
07102016 23 0.90
08102016 23 0.88
09102016 23 0.87
10102016 23 0.85
11102016 23 0.87
12102016 23 0.99
13102016 23 1.04
14102016 23 1.08
15102016 23 1.08
16102016 23 1.11
17102016 23 1.10
18102016 23 1.07
19102016 23 1.05
20102016 23 1.04
21102016 23 1.03
22102016 23 1.02
23102016 23 1.01
24102016 23 1.00
25102016 23 0.99
26102016 23 0.99
27102016 23 0.99
28102016 23 1.03
29102016 23 1.04
30102016 23 1.05
31102016 23 1.05
01112016 23 1.05
02112016 23 1.06
03112016 23 1.07
04112016 23 1.07
05112016 23 1.07
06112016 23 1.07
07112016 23 1.07
08112016 23 1.07
09112016 23 1.07
10112016 23 1.09
11112016 23 1.09
12112016 23 1.09
13112016 23 1.10
14112016 23 1.14
15112016 23 1.16
16112016 23 1.17
17112016 23 1.17
18112016 23 1.17
19112016 23 1.17
20112016 23 1.18
21112016 23 1.19
22112016 23 1.18
23112016 23 1.18
24112016 23 1.17
25112016 23 1.15
26112016 23 1.14
27112016 23 1.14
28112016 23 1.13
29112016 23 1.13
30112016 23 1.12
01122016 23 1.11
02122016 23 1.10
03122016 23 1.09
04122016 23 1.08
05122016 23 1.07
06122016 23 1.07
07122016 23 1.06
08122016 23 1.06
09122016 23 1.06
10122016 23 1.06
11122016 23 1.06
12122016 23 1.05
13122016 23 1.05
14122016 23 1.04
15122016 23 1.05
16122016 23 1.07
17122016 23 1.07
18122016 23 1.06
19122016 23 1.06
20122016 23 1.06
21122016 23 1.05
22122016 23 1.05
23122016 23 1.05
24122016 23 1.05
25122016 23 1.04
26122016 23 1.04
27122016 23 1.03
28122016 23 1.02
29122016 23 1.00
30122016 23 0.99
31122016 23 0.98
