01012011 23 0.91
02012011 23 0.91
03012011 23 0.90
04012011 23 0.90
05012011 23 0.90
06012011 23 0.91
07012011 23 0.91
08012011 23 0.91
09012011 23 0.91
10012011 23 0.90
11012011 23 0.89
12012011 23 0.87
13012011 23 0.86
14012011 23 0.85
15012011 23 0.83
16012011 23 0.86
17012011 23 0.89
18012011 23 0.89
19012011 23 0.88
20012011 23 0.90
21012011 23 0.90
22012011 23 0.89
23012011 23 0.88
24012011 23 0.87
25012011 23 0.85
26012011 23 0.84
27012011 23 0.82
28012011 23 0.80
29012011 23 0.78
30012011 23 0.76
31012011 23 0.75
01022011 23 0.80
02022011 23 0.85
03022011 23 0.88
04022011 23 0.88
05022011 23 0.87
06022011 23 0.86
07022011 23 0.84
08022011 23 0.83
09022011 23 0.81
10022011 23 0.79
11022011 23 0.83
12022011 23 0.87
13022011 23 0.90
14022011 23 0.90
15022011 23 0.88
16022011 23 0.87
17022011 23 0.85
18022011 23 0.84
19022011 23 0.82
20022011 23 0.80
21022011 23 0.78
22022011 23 0.75
23022011 23 0.73
24022011 23 0.78
25022011 23 0.78
26022011 23 0.78
27022011 23 0.82
28022011 23 0.86
01032011 23 0.87
02032011 23 0.89
03032011 23 0.90
04032011 23 0.88
05032011 23 0.86
06032011 23 0.86
07032011 23 0.89
08032011 23 0.89
09032011 23 0.87
10032011 23 0.85
11032011 23 0.84
12032011 23 0.87
13032011 23 0.89
14032011 23 0.88
15032011 23 0.89
16032011 23 0.90
17032011 23 0.88
18032011 23 0.88
19032011 23 0.90
20032011 23 0.89
21032011 23 0.88
22032011 23 0.90
23032011 23 0.89
24032011 23 0.90
25032011 23 0.89
26032011 23 0.88
27032011 23 0.90
28032011 23 0.89
29032011 23 0.87
30032011 23 0.86
31032011 23 0.89
01042011 23 0.90
02042011 23 0.88
03042011 23 0.88
04042011 23 0.90
05042011 23 0.90
06042011 23 0.88
07042011 23 0.87
08042011 23 0.85
09042011 23 0.83
10042011 23 0.80
11042011 23 0.79
12042011 23 0.83
13042011 23 0.86
14042011 23 0.86
15042011 23 0.85
16042011 23 0.82
17042011 23 0.80
18042011 23 0.83
19042011 23 0.84
20042011 23 0.83
21042011 23 0.80
22042011 23 0.79
23042011 23 0.82
24042011 23 0.83
25042011 23 0.81
26042011 23 0.79
27042011 23 0.78
28042011 23 0.83
29042011 23 0.84
30042011 23 0.83
01052011 23 0.86
02052011 23 0.87
03052011 23 0.85
04052011 23 0.84
05052011 23 0.87
06052011 23 0.88
07052011 23 0.86
08052011 23 0.85
09052011 23 0.88
10052011 23 0.88
11052011 23 0.88
12052011 23 0.89
13052011 23 0.89
14052011 23 0.89
15052011 23 0.87
16052011 23 0.89
17052011 23 0.90
18052011 23 0.89
19052011 23 0.85
20052011 23 0.81
21052011 23 0.81
22052011 23 0.86
23052011 23 0.88
24052011 23 0.86
25052011 23 0.84
26052011 23 0.81
27052011 23 0.78
28052011 23 0.75
29052011 23 0.71
30052011 23 0.67
31052011 23 0.63
01062011 23 0.60
02062011 23 0.72
03062011 23 0.79
04062011 23 0.78
05062011 23 0.75
06062011 23 0.72
07062011 23 0.69
08062011 23 0.65
09062011 23 0.62
10062011 23 0.59
11062011 23 0.59
12062011 23 0.78
13062011 23 0.86
14062011 23 0.88
15062011 23 0.87
16062011 23 0.84
17062011 23 0.80
18062011 23 0.76
19062011 23 0.72
20062011 23 0.71
21062011 23 0.79
22062011 23 0.82
23062011 23 0.83
24062011 23 0.83
25062011 23 0.81
26062011 23 0.78
27062011 23 0.78
28062011 23 0.83
29062011 23 0.86
30062011 23 0.87
01072011 23 0.84
02072011 23 0.80
03072011 23 0.76
04072011 23 0.70
05072011 23 0.65
06072011 23 0.60
07072011 23 0.55
08072011 23 0.51
09072011 23 0.47
10072011 23 0.48
11072011 23 0.71
12072011 23 0.73
13072011 23 0.65
14072011 23 0.60
15072011 23 0.55
16072011 23 0.51
17072011 23 0.68
18072011 23 0.74
19072011 23 0.69
20072011 23 0.64
21072011 23 0.60
22072011 23 0.56
23072011 23 0.52
24072011 23 0.49
25072011 23 0.45
26072011 23 0.41
27072011 23 0.37
28072011 23 0.32
29072011 23 0.27
30072011 23 0.19
31072011 23 0.11
01082011 23 0.21
02082011 23 0.73
03082011 23 0.81
04082011 23 0.84
05082011 23 0.85
06082011 23 0.84
07082011 23 0.83
08082011 23 0.81
09082011 23 0.79
10082011 23 0.75
11082011 23 0.71
12082011 23 0.74
13082011 23 0.87
14082011 23 0.92
15082011 23 0.90
16082011 23 0.88
17082011 23 0.86
18082011 23 0.83
19082011 23 0.81
20082011 23 0.81
21082011 23 0.78
22082011 23 0.77
23082011 23 0.72
24082011 23 0.67
25082011 23 0.62
26082011 23 0.57
27082011 23 0.53
28082011 23 0.49
29082011 23 0.46
30082011 23 0.73
31082011 23 0.85
01092011 23 0.88
02092011 23 0.88
03092011 23 0.89
04092011 23 0.87
05092011 23 0.85
06092011 23 0.91
07092011 23 0.93
08092011 23 0.91
09092011 23 0.89
10092011 23 0.88
11092011 23 0.87
12092011 23 0.85
13092011 23 0.84
14092011 23 0.83
15092011 23 0.79
16092011 23 0.77
17092011 23 0.87
18092011 23 0.92
19092011 23 0.92
20092011 23 0.89
21092011 23 0.88
22092011 23 0.86
23092011 23 0.86
24092011 23 0.84
25092011 23 0.81
26092011 23 0.77
27092011 23 0.72
28092011 23 0.67
29092011 23 0.63
30092011 23 0.61
01102011 23 0.66
02102011 23 0.81
03102011 23 0.78
04102011 23 0.73
05102011 23 0.67
06102011 23 0.62
07102011 23 0.57
08102011 23 0.53
09102011 23 0.49
10102011 23 0.83
11102011 23 0.95
12102011 23 0.88
13102011 23 0.86
14102011 23 0.83
15102011 23 0.80
16102011 23 0.76
17102011 23 0.72
18102011 23 0.91
19102011 23 0.97
20102011 23 0.98
21102011 23 0.97
22102011 23 0.97
23102011 23 0.97
24102011 23 0.97
25102011 23 0.95
26102011 23 0.94
27102011 23 0.96
28102011 23 0.97
29102011 23 0.96
30102011 23 0.94
31102011 23 0.93
01112011 23 0.92
02112011 23 0.93
03112011 23 0.93
04112011 23 0.94
05112011 23 0.94
06112011 23 0.94
07112011 23 0.94
08112011 23 0.94
09112011 23 0.94
10112011 23 0.94
11112011 23 0.94
12112011 23 0.94
13112011 23 0.94
14112011 23 0.95
15112011 23 0.99
16112011 23 1.03
17112011 23 1.06
18112011 23 1.07
19112011 23 1.08
20112011 23 1.10
21112011 23 1.10
22112011 23 1.10
23112011 23 1.10
24112011 23 1.10
25112011 23 1.10
26112011 23 1.10
27112011 23 1.10
28112011 23 1.10
29112011 23 1.10
30112011 23 1.11
01122011 23 1.11
02122011 23 1.11
03122011 23 1.11
04122011 23 1.10
05122011 23 1.09
06122011 23 1.08
07122011 23 1.09
08122011 23 1.08
09122011 23 1.08
10122011 23 1.08
11122011 23 1.08
12122011 23 1.09
13122011 23 1.09
14122011 23 1.09
15122011 23 1.09
16122011 23 1.09
17122011 23 1.09
18122011 23 1.08
19122011 23 1.04
20122011 23 1.01
21122011 23 1.00
22122011 23 1.09
23122011 23 1.10
24122011 23 1.04
25122011 23 1.01
26122011 23 0.98
27122011 23 0.96
28122011 23 0.96
29122011 23 0.94
30122011 23 0.92
31122011 23 0.90
