Time	WaterLevel_cm
2021090909	71.114100
2021090910	85.055300
2021090911	77.943900
2021090912	74.282500
2021090913	72.944800
2021090914	73.156000
2021090915	73.226400
2021090916	75.338700
2021090917	74.282500
2021090918	77.521400
2021090919	79.352100
2021090920	81.886800
2021090921	81.394000
2021090922	83.013400
2021090923	86.533900
2021091000	86.041000
2021091001	85.618600
2021091002	85.829800
2021091003	85.407300
2021091004	86.533900
2021091005	88.505400
2021091006	90.124800
2021091007	90.758500
2021091008	89.984000
2021091009	88.646200
2021091010	87.167600
2021091011	85.336900
2021091012	82.098100
2021091013	81.112300
2021091014	79.352100
2021091015	78.929600
2021091016	80.056200
2021091017	82.027600
2021091018	84.562400
2021091019	87.238000
2021091020	88.294100
2021091021	91.603400
2021091022	94.701500
2021091023	93.011600
2021091100	93.504500
2021091101	93.645300
2021091102	93.363700
2021091103	92.448300
2021091104	93.222800
2021091105	94.138200
2021091106	92.870800
2021091107	92.589200
2021091108	91.955500
2021091109	89.631900
2021091110	87.378800
2021091111	84.351200
2021091112	82.238900
2021091113	79.633700
2021091114	76.817300
2021091115	75.972400
2021091116	76.254000
2021091117	77.310200
2021091118	82.168500
2021091119	85.407300
2021091120	86.322700
2021091121	87.871700
2021091122	86.956400
2021091123	87.660500
2021091200	87.590000
2021091201	87.871700
2021091202	87.801300
2021091203	87.871700
2021091204	87.942100
2021091205	88.153300
2021091206	89.068600
2021091207	89.139100
2021091208	88.575800
2021091209	87.238000
2021091210	84.984900
2021091211	81.605200
2021091212	78.577600
2021091213	75.902000
2021091214	74.705000
2021091215	72.522300
2021091216	74.000900
2021091217	75.902000
2021091218	78.929600
2021091219	81.675600
2021091220	84.140000
2021091221	85.196100
2021091222	85.055300
2021091223	86.111400
2021091300	86.252300
2021091301	86.463500
2021091302	85.548200
2021091303	85.548200
2021091304	84.351200
2021091305	83.506300
2021091306	82.943000
2021091307	82.027600
2021091308	81.957200
2021091309	80.971500
2021091310	78.507200
2021091311	76.676500
2021091312	74.000900
2021091313	71.325300
2021091314	68.508900
2021091315	67.734400
2021091316	68.016100
2021091317	69.565100
2021091318	73.437600
2021091319	76.958100
2021091320	78.859200
2021091321	81.182700
2021091322	83.506300
2021091323	84.351200
2021091400	84.632800
2021091401	84.562400
2021091402	84.773600
2021091403	84.562400
2021091404	84.280800
2021091405	84.069500
2021091406	83.787900
2021091407	82.872600
2021091408	81.957200
2021091409	80.971500
2021091410	81.394000
2021091411	78.718400
2021091412	76.183600
2021091413	74.000900
2021091414	72.663100
2021091415	71.607000
2021091416	71.888600
2021091417	73.930500
2021091418	78.084700
2021091419	80.760300
2021091420	83.083800
2021091421	84.562400
2021091422	86.604300
2021091423	88.223700
2021091500	89.139100
2021091501	89.420700
2021091502	89.491100
2021091503	89.491100
2021091504	89.209500
2021091505	89.279900
2021091506	89.491100
2021091507	89.139100
2021091508	88.716600
2021091509	87.097200
2021091510	85.829800
2021091511	85.266500
2021091512	84.280800
2021091513	83.154200
2021091514	82.379700
2021091515	83.224600
2021091517	88.575800
2021091518	92.589200
2021091519	95.476000
2021091520	98.010700
2021091521	100.264000
2021091522	102.658000
2021091523	105.404000
2021091600	108.291000
2021091601	110.614000
2021091602	111.741000
2021091603	112.515000
2021091604	112.938000
2021091605	113.078000
2021091606	113.219000
2021091607	112.234000
2021091608	110.966000
2021091609	108.854000
2021091610	107.164000
2021091611	105.897000
2021091612	104.700000
2021091613	103.010000
2021091614	101.954000
2021091615	102.235000
2021091616	102.587000
2021091617	103.573000
2021091618	105.897000
2021091619	107.657000
2021091620	109.135000
2021091621	109.840000
2021091622	108.009000
2021091623	110.685000
2021091700	113.149000
2021091701	114.980000
2021091702	116.247000
2021091703	114.627000
2021091704	114.416000
2021091705	112.867000
2021091706	112.797000
2021091707	111.529000
2021091708	109.276000
2021091709	106.953000
2021091710	99.630100
2021091711	97.517800
2021091712	96.320900
2021091713	94.912700
2021091714	93.786100
2021091715	93.645300
2021091716	93.504500
2021091717	95.405600
2021091718	98.362800
2021091719	99.278100
2021091720	98.855600
2021091721	99.911800
2021091722	102.165000
2021091723	104.911000
2021091800	106.601000
2021091801	108.150000
2021091802	109.699000
2021091803	110.473000
2021091804	112.163000
2021091805	112.938000
2021091806	113.078000
2021091807	111.389000
2021091808	108.924000
2021091809	106.178000
2021091810	103.573000
2021091811	101.038000
2021091812	99.278100
2021091813	99.559700
2021091814	97.729100
2021091815	97.236200
2021091816	98.221900
2021091817	98.996500
2021091818	100.405000
2021091819	100.827000
2021091820	101.109000
2021091821	101.250000
2021091822	102.235000
2021091823	102.869000
2021091900	103.432000
2021091901	104.136000
2021091902	104.770000
2021091903	105.545000
2021091904	106.530000
2021091905	107.798000
2021091906	108.854000
2021091907	107.234000
2021091908	105.263000
2021091909	103.221000
2021091910	101.250000
2021091911	98.996500
2021091912	96.461700
2021091913	94.631000
2021091914	93.152400
2021091915	92.096300
2021091916	91.251400
2021091917	92.377900
2021091918	95.476000
2021091919	96.602500
2021091920	97.306600
2021091921	98.503600
2021091922	97.588300
2021091923	96.954600
2021092000	98.644400
2021092001	100.475000
2021092002	102.024000
2021092003	102.869000
2021092004	103.925000
2021092005	105.052000
2021092006	106.601000
2021092007	105.122000
2021092008	102.376000
2021092009	99.418900
2021092010	96.461700
2021092011	93.645300
2021092012	90.828900
2021092013	88.857400
2021092014	87.308400
2021092015	86.885900
2021092016	86.604300
2021092017	87.660500
2021092018	92.448300
2021092019	96.039200
2021092020	97.377000
2021092021	97.236200
2021092022	97.377000
2021092023	97.658700
2021092100	98.010700
2021092101	100.123000
2021092102	102.095000
2021092103	103.714000
2021092104	104.840000
2021092105	106.460000
2021092106	107.939000
2021092107	107.657000
2021092108	104.207000
2021092109	100.686000
2021092110	97.095400
2021092111	93.574900
2021092112	90.476800
2021092113	88.364500
2021092114	87.097200
2021092115	86.463500
2021092116	86.393100
2021092117	88.294100
2021092118	92.096300
2021092119	95.194300
2021092120	96.320900
2021092121	95.687200
2021092122	95.476000
2021092123	94.912700
2021092200	95.194300
2021092201	95.546400
2021092202	96.954600
2021092203	98.010700
2021092204	98.362800
2021092205	99.700600
2021092206	101.742000
2021092207	101.320000
2021092208	98.292400
2021092209	95.194300
2021092210	92.870800
2021092211	90.688100
2021092212	88.998200
2021092213	87.519600
2021092214	86.815500
2021092215	86.745100
2021092216	86.604300
2021092217	85.407300
2021092218	88.012500
2021092219	89.279900
2021092220	89.913600
2021092221	90.547300
2021092222	89.984000
2021092223	89.068600
2021092300	87.660500
2021092301	87.871700
2021092302	88.435000
2021092303	89.350300
2021092304	89.209500
2021092305	90.828900
2021092306	92.166700
2021092307	91.814600
2021092308	90.195200
2021092309	87.238000
2021092310	84.351200
2021092311	80.971500
2021092312	78.225500
2021092313	75.690800
2021092314	73.367200
2021092315	72.381500
2021092316	73.226400
2021092317	76.042800
2021092318	80.971500
2021092319	82.872600
2021092320	83.717500
2021092321	85.336900
2021092322	85.900200
2021092323	86.956400
2021092400	88.082900
2021092401	88.294100
2021092402	86.885900
2021092403	88.082900
2021092404	88.927800
2021092405	90.476800
2021092406	91.673800
2021092407	90.758500
2021092408	87.942100
2021092409	85.548200
2021092410	82.168500
2021092411	78.577600
2021092412	75.268300
2021092413	68.931400
2021092416	68.790600
2021092417	71.254900
2021092418	75.197900
2021092419	77.662200
2021092420	79.774500
2021092421	81.534800
2021092422	82.168500
2021092423	82.731700
2021092500	82.802200
2021092501	82.802200
2021092502	82.943000
2021092503	83.295000
2021092504	84.632800
2021092505	86.393100
2021092506	88.223700
2021092507	88.927800
2021092508	88.082900
2021092509	86.815500
2021092510	86.041000
2021092511	83.928700
2021092512	82.450100
2021092513	80.549000
2021092514	75.620300
2021092515	74.986700
2021092516	75.690800
2021092517	79.211300
2021092518	82.027600
2021092519	84.210400
2021092520	86.041000
2021092521	87.590000
2021092522	85.689000
2021092523	87.871700
2021092600	89.139100
2021092601	89.984000
2021092602	90.476800
2021092603	90.758500
2021092604	89.702300
2021092605	87.730900
2021092606	88.787000
2021092607	89.139100
2021092608	87.942100
2021092609	85.970600
2021092610	85.125700
2021092611	83.858300
2021092612	82.802200
2021092613	80.549000
2021092614	78.084700
2021092615	76.113200
2021092616	76.746900
2021092617	78.929600
2021092618	83.295000
2021092619	85.477700
2021092620	88.364500
2021092621	89.913600
2021092622	91.321800
2021092623	91.040100
2021092700	91.955500
2021092701	91.603400
2021092702	91.814600
2021092703	89.984000
2021092704	90.124800
2021092705	89.984000
2021092706	87.167600
2021092707	86.674700
2021092708	86.041000
2021092709	85.055300
2021092710	84.210400
2021092711	83.154200
2021092712	81.394000
2021092713	79.422500
2021092714	77.521400
2021092715	76.958100
2021092716	77.310200
2021092717	79.281700
2021092718	82.098100
2021092719	83.787900
2021092720	84.844100
2021092721	86.393100
2021092722	88.223700
2021092723	89.279900
2021092800	89.772700
2021092801	90.336000
2021092802	90.265600
2021092803	89.350300
2021092804	89.350300
2021092805	89.068600
2021092806	87.942100
2021092807	88.505400
2021092808	87.730900
2021092809	86.393100
2021092810	85.196100
2021092811	83.647100
2021092812	80.619400
2021092813	78.155100
2021092814	76.324400
2021092815	74.634600
2021092816	74.986700
2021092817	75.761200
2021092818	79.000000
2021092819	80.830700
2021092820	82.872600
2021092821	85.266500
2021092822	86.674700
2021092823	88.505400
2021092900	88.787000
2021092901	88.364500
2021092902	85.689000
2021092903	86.393100
2021092904	87.026800
2021092905	88.435000
2021092906	86.463500
2021092907	85.336900
2021092908	82.661300
2021092909	80.549000
2021092910	79.000000
2021092911	77.591800
2021092912	75.549900
2021092913	73.719300
2021092914	71.818200
2021092915	71.184500
2021092916	71.043700
2021092917	72.451900
2021092918	75.197900
2021092919	77.803100
2021092920	79.844900
2021092921	82.731700
2021092922	84.703200
2021092923	85.900200
2021093000	86.463500
2021093001	85.618600
2021093002	84.844100
2021093003	86.393100
2021093004	85.055300
2021093005	85.055300
2021093006	85.548200
2021093007	85.196100
2021093008	81.323500
2021093009	78.859200
2021093010	77.169400
2021093011	75.409100
2021093012	73.648900
2021093013	72.240700
2021093014	70.832500
2021093015	69.142600
2021093016	68.438500
2021093017	70.198800
2021093018	75.902000
2021093019	77.521400
2021093020	79.563300
2021093021	79.633700
2021093022	81.394000
2021093023	82.802200
2021100100	83.999100
2021100101	84.914500
2021100102	83.928700
2021100103	83.576700
2021100104	84.562400
2021100105	84.844100
2021100106	85.196100
2021100107	84.069500
2021100108	79.915300
2021100109	74.000900
2021100110	71.888600
2021100111	69.494700
2021100112	68.086500
2021100113	65.903800
2021100114	64.847600
2021100115	64.354700
2021100116	64.777200
2021100117	65.692500
2021100118	70.410000
2021100119	74.071300
2021100120	74.986700
2021100121	76.746900
2021100122	78.507200
2021100123	80.267400
2021100200	81.816400
2021100201	82.872600
2021100202	83.365400
2021100203	84.140000
2021100204	83.224600
2021100205	83.787900
2021100206	82.661300
2021100207	82.098100
2021100208	78.507200
2021100209	74.423400
2021100210	71.466100
2021100211	68.227300
2021100212	66.537400
2021100213	65.129300
2021100214	63.932300
2021100215	63.650600
2021100216	63.228200
2021100217	65.692500
2021100218	70.198800
2021100219	73.719300
2021100220	74.845800
2021100221	75.268300
2021100222	77.099000
2021100223	78.648000
2021100300	79.352100
2021100301	80.830700
2021100302	82.027600
2021100303	82.379700
2021100304	82.450100
2021100305	82.379700
2021100306	82.098100
2021100307	81.394000
2021100308	77.591800
2021100309	74.845800
2021100310	71.818200
2021100311	68.508900
2021100312	66.678300
2021100313	64.143500
2021100314	63.087400
2021100315	63.298600
2021100316	63.016900
2021100317	64.918000
2021100318	69.424300
2021100319	72.099800
2021100320	72.522300
2021100321	73.648900
2021100322	73.648900
2021100323	74.845800
2021100400	75.831600
2021100401	76.465300
2021100402	78.014300
2021100403	79.492900
2021100404	79.774500
2021100405	80.337800
2021100406	80.408200
2021100407	79.704100
2021100408	76.113200
2021100409	72.592700
2021100410	68.649800
2021100411	64.706800
2021100412	61.608800
2021100413	59.426000
2021100414	62.172000
2021100415	66.326200
2021100416	72.733500
2021100417	75.549900
2021100418	76.676500
2021100419	74.141700
2021100420	70.832500
2021100421	68.368100
2021100422	67.523200
2021100423	66.396600
2021100500	67.593600
2021100501	75.761200
2021100502	84.280800
2021100503	92.237100
2021100504	97.588300
2021100505	96.180100
2021100506	92.659600
2021100507	87.378800
2021100508	81.323500
2021100509	75.972400
2021100510	72.451900
2021100511	69.917100
2021100512	68.086500
2021100513	67.171100
2021100514	71.607000
2021100515	80.056200
2021100516	90.265600
2021100517	94.419800
2021100518	92.730000
2021100519	88.927800
2021100520	85.196100
2021100521	82.098100
2021100522	80.126600
2021100523	78.859200
2021100600	79.633700
2021100601	82.027600
2021100602	87.801300
2021100603	94.349400
2021100604	99.982200
2021100605	102.095000
2021100606	99.489300
2021100607	94.349400
2021100608	85.618600
2021100609	79.140800
2021100610	76.606100
2021100611	75.620300
2021100612	72.311100
2021100613	70.128400
2021100614	76.535700
2021100615	83.295000
2021100616	92.941200
2021100617	100.757000
2021100618	100.123000
2021100619	95.687200
2021100620	90.899300
2021100621	85.829800
2021100622	83.717500
2021100623	82.098100
2021100700	80.126600
2021100701	79.281700
2021100702	80.056200
2021100703	88.364500
2021100704	95.123900
2021100705	100.898000
2021100706	101.461000
2021100707	96.743300
2021100708	89.420700
2021100709	83.013400
2021100710	78.929600
2021100711	76.324400
2021100712	74.916200
2021100713	72.522300
2021100714	77.873500
2021100715	87.801300
2021100716	99.278100
2021100717	107.939000
2021100718	111.037000
2021100719	106.460000
2021100720	99.771000
2021100721	94.419800
2021100722	89.420700
2021100723	87.449200
2021100800	85.970600
2021100801	84.562400
2021100802	83.999100
2021100803	84.844100
2021100804	94.419800
2021100805	102.799000
2021100806	108.854000
2021100807	108.854000
2021100808	101.954000
2021100809	94.560600
2021100810	88.716600
2021100811	85.618600
2021100812	82.731700
2021100813	79.704100
2021100814	85.548200
2021100815	96.954600
2021100816	108.995000
2021100817	119.697000
2021100818	127.231000
2021100819	124.414000
2021100820	117.866000
2021100821	109.276000
2021100822	102.658000
2021100823	97.306600
2021100900	95.828000
2021100901	93.645300
2021100902	92.096300
2021100903	90.617700
2021100904	91.603400
2021100905	98.574000
2021100906	106.249000
2021100907	110.614000
2021100908	107.023000
2021100909	101.883000
2021100910	94.631000
2021100911	89.702300
2021100912	85.829800
2021100913	83.224600
2021100914	81.253100
2021100915	88.082900
2021100916	98.433200
2021100917	110.544000
2021100918	121.739000
2021100920	120.049000
2021100921	112.867000
2021100922	106.249000
2021100923	99.559700
2021101000	96.743300
2021101001	94.771900
2021101002	93.011600
2021101003	91.533000
2021101004	90.476800
2021101005	90.406400
2021101006	91.040100
2021101007	96.884200
2021101008	98.433200
2021101009	96.602500
2021101010	91.040100
2021101011	85.689000
2021101012	81.464400
2021101013	77.310200
2021101014	75.057100
2021101015	76.183600
2021101016	87.238000
2021101017	100.968000
2021101018	114.064000
2021101019	121.880000
2021101020	121.387000
2021101021	114.627000
2021101022	105.967000
2021101023	97.025000
2021101100	91.110500
2021101101	88.364500
2021101102	87.238000
2021101103	85.900200
2021101104	85.266500
2021101105	84.210400
2021101106	83.365400
2021101107	83.717500
2021101108	90.195200
2021101109	95.828000
2021101110	98.292400
2021101111	96.320900
2021101112	91.251400
2021101113	85.689000
2021101114	82.168500
2021101115	82.098100
2021101116	90.336000
2021101117	101.109000
2021101118	111.811000
2021101119	119.767000
2021101120	123.992000
2021101121	121.316000
2021101122	115.191000
2021101123	107.798000
2021101200	102.799000
2021101201	96.954600
2021101202	95.546400
2021101203	93.293300
2021101204	90.758500
2021101205	90.124800
2021101206	88.857400
2021101207	87.097200
2021101208	85.759400
2021101209	85.266500
2021101210	93.363700
2021101211	96.391300
2021101212	93.715700
2021101213	88.575800
2021101214	84.351200
2021101215	81.253100
2021101216	80.619400
2021101217	89.843200
2021101218	101.883000
2021101219	113.219000
2021101220	122.654000
2021101221	127.442000
2021101222	125.330000
2021101223	119.486000
2021101300	112.515000
2021101301	106.953000
2021101302	101.109000
2021101303	98.433200
2021101304	97.095400
2021101305	95.194300
2021101306	92.518700
2021101307	89.843200
2021101308	87.942100
2021101309	84.492000
2021101310	82.027600
2021101311	88.082900
2021101312	92.870800
2021101313	94.419800
2021101314	90.265600
2021101315	85.407300
2021101316	85.336900
2021101317	85.266500
2021101318	93.856500
2021101319	102.376000
2021101320	111.670000
2021101321	119.627000
2021101322	125.330000
2021101323	124.274000
2021101400	118.852000
2021101401	111.529000
2021101402	104.207000
2021101403	98.362800
2021101404	96.672900
2021101405	96.180100
2021101406	94.419800
2021101407	92.941200
2021101408	88.435000
2021101409	86.041000
2021101410	84.140000
2021101411	83.365400
2021101412	91.392200
2021101413	95.757600
2021101414	96.391300
2021101415	91.251400
2021101416	85.829800
2021101417	85.336900
2021101418	89.843200
2021101419	90.688100
2021101420	93.574900
2021101421	103.080000
2021101422	110.896000
2021101423	118.007000
2021101500	121.176000
2021101501	117.303000
2021101502	111.529000
2021101503	105.545000
2021101504	102.306000
2021101505	101.390000
2021101506	100.053000
2021101507	99.066900
2021101508	93.363700
2021101509	88.364500
2021101510	85.477700
2021101511	83.224600
2021101512	81.957200
2021101513	90.054400
2021101514	94.701500
2021101515	93.011600
2021101516	87.449200
2021101517	85.407300
2021101518	89.913600
2021101519	91.180900
2021101520	90.899300
2021101521	90.969700
2021101522	96.109700
2021101523	106.319000
2021101600	113.783000
2021101601	118.359000
2021101602	114.416000
2021101603	108.572000
2021101604	101.954000
2021101605	99.348500
2021101606	97.236200
2021101607	95.405600
2021101608	90.124800
2021101609	85.759400
2021101610	81.464400
2021101611	78.225500
2021101612	76.183600
2021101613	85.125700
2021101614	91.885000
2021101615	96.743300
2021101616	91.392200
2021101617	86.322700
2021101618	87.167600
2021101619	86.885900
2021101620	83.013400
2021101621	82.379700
2021101622	83.435800
2021101623	93.786100
2021101700	103.151000
2021101701	111.037000
2021101702	115.120000
2021101703	111.037000
2021101704	103.362000
2021101705	96.391300
2021101706	91.110500
2021101707	85.970600
2021101708	83.717500
2021101709	77.943900
2021101710	74.141700
2021101711	72.733500
2021101712	77.873500
2021101713	87.308400
2021101714	99.418900
2021101715	108.079000
2021101716	107.868000
2021101717	101.813000
2021101718	94.631000
2021101719	89.139100
2021101720	86.181800
2021101721	85.477700
2021101722	85.759400
2021101723	90.406400
2021101800	102.587000
2021101801	111.389000
2021101802	117.444000
2021101803	120.612000
2021101804	116.036000
2021101805	108.924000
2021101806	102.095000
2021101807	95.123900
2021101808	90.758500
2021101809	88.435000
2021101810	85.970600
2021101811	83.435800
2021101812	87.660500
2021101813	97.236200
2021101814	106.460000
2021101815	113.712000
2021101816	114.487000
2021101817	107.939000
2021101818	103.573000
2021101819	97.447400
2021101820	95.264700
2021101821	94.842300
2021101822	94.138200
2021101823	93.645300
2021101900	94.349400
2021101901	100.123000
2021101902	108.783000
2021101903	115.402000
2021101904	117.585000
2021101905	112.938000
2021101906	107.305000
2021101907	101.179000
2021101908	96.039200
2021101909	91.744200
2021101910	88.857400
2021101911	87.378800
2021101912	84.703200
2021101913	88.505400
2021101914	97.799500
2021101915	107.727000
2021101916	113.149000
2021101917	110.544000
2021101918	104.136000
2021101919	96.813800
2021101920	90.195200
2021101921	88.716600
2021101922	86.745100
2021101923	83.717500
2021102000	82.731700
2021102001	83.506300
2021102002	94.138200
2021102003	103.503000
2021102004	111.389000
2021102005	114.698000
2021102006	108.713000
2021102007	100.193000
2021102008	92.730000
2021102009	90.054400
2021102010	87.590000
2021102011	84.069500
2021102012	82.379700
2021102013	91.673800
2021102014	103.291000
2021102015	113.923000
2021102016	121.105000
2021102017	120.401000
2021102018	112.797000
2021102019	103.291000
2021102020	94.631000
2021102021	91.040100
2021102022	89.209500
2021102023	87.871700
2021102100	85.689000
2021102101	84.844100
2021102102	84.703200
2021102103	92.730000
2021102104	100.757000
2021102105	106.882000
2021102106	107.164000
2021102107	100.545000
2021102108	92.870800
2021102109	89.984000
2021102110	86.604300
2021102111	83.295000
2021102112	80.126600
2021102113	83.787900
2021102114	93.574900
2021102115	109.276000
2021102116	118.007000
2021102117	121.668000
2021102118	115.543000
2021102119	105.967000
2021102120	97.095400
2021102121	89.209500
2021102122	85.618600
2021102123	84.069500
2021102200	82.098100
2021102201	79.844900
2021102202	77.521400
2021102203	78.084700
2021102204	87.308400
2021102205	95.405600
2021102206	104.770000
2021102207	108.220000
2021102208	101.672000
2021102209	92.870800
2021102210	86.181800
2021102211	83.154200
2021102212	80.337800
2021102213	88.364500
2021102214	101.109000
2021102215	111.529000
2021102216	120.612000
2021102217	126.597000
2021102218	124.414000
2021102219	115.895000
2021102220	105.474000
2021102221	97.306600
2021102222	88.646200
2021102223	85.196100
2021102300	83.083800
2021102301	80.830700
2021102302	80.056200
2021102303	78.859200
2021102304	84.351200
2021102305	92.870800
2021102306	99.630100
2021102307	103.784000
2021102308	99.418900
2021102309	90.828900
2021102310	83.154200
2021102311	79.774500
2021102312	77.451000
2021102313	83.999100
2021102314	95.616800
2021102315	107.023000
2021102316	116.810000
2021102317	122.936000
2021102318	122.654000
2021102319	115.824000
2021102320	106.108000
2021102321	96.532100
2021102322	86.745100
2021102323	82.098100
2021102400	81.041900
2021102401	80.408200
2021102402	77.591800
2021102403	75.338700
2021102404	75.057100
2021102405	78.929600
2021102406	85.829800
2021102407	92.941200
2021102408	99.348500
2021102409	101.320000
2021102410	98.785200
2021102411	96.602500
2021102412	98.081100
2021102413	106.812000
2021102414	117.655000
2021102415	127.935000
2021102416	139.905000
2021102419	144.481000
2021102420	135.680000
2021102421	128.005000
2021102422	119.063000
2021102423	108.572000
2021102500	97.447400
2021102501	89.279900
2021102502	83.224600
2021102503	80.689900
2021102504	82.309300
2021102505	92.307500
2021102506	103.291000
2021102507	112.867000
2021102508	117.796000
2021102509	118.570000
2021102510	117.655000
2021102511	114.839000
2021102512	111.529000
2021102513	110.966000
2021102514	113.783000
2021102515	121.105000
2021102516	128.921000
2021102517	136.243000
2021102518	141.242000
2021102519	140.468000
2021102520	136.103000
2021102521	130.259000
2021102522	122.232000
2021102523	112.867000
2021102600	105.263000
2021102601	99.137300
2021102602	96.954600
2021102603	94.912700
2021102604	92.659600
2021102605	92.025900
2021102606	94.983100
2021102607	103.151000
2021102608	110.473000
2021102609	116.388000
2021102610	117.514000
2021102611	115.965000
2021102612	112.586000
2021102613	108.854000
2021102614	107.094000
2021102615	111.389000
2021102616	118.007000
2021102617	125.048000
2021102618	130.681000
2021102619	133.145000
2021102620	130.751000
2021102621	125.048000
2021102622	117.303000
2021102623	109.558000
2021102700	103.432000
2021102701	100.968000
2021102702	98.081100
2021102703	96.743300
2021102704	94.701500
2021102705	93.786100
2021102706	93.926900
2021102707	91.462600
2021102708	91.955500
2021102709	98.855600
2021102710	103.996000
2021102711	107.727000
2021102712	105.685000
2021102713	101.602000
2021102714	98.644400
2021102715	97.799500
2021102716	100.686000
2021102717	106.390000
2021102718	113.853000
2021102719	119.345000
2021102720	121.246000
2021102721	118.711000
2021102722	112.938000
2021102723	107.023000
2021102800	99.489300
2021102801	96.320900
2021102802	94.138200
2021102803	91.814600
2021102804	90.336000
2021102805	88.646200
2021102806	88.153300
2021102807	87.660500
2021102808	82.661300
2021102809	80.689900
2021102810	87.449200
2021102811	93.786100
2021102812	98.221900
2021102813	97.799500
2021102814	93.645300
2021102815	89.491100
2021102816	87.026800
2021102817	90.547300
2021102818	98.503600
2021102819	103.784000
2021102820	107.868000
2021102821	110.192000
2021102822	109.980000
2021102823	105.826000
2021102900	99.911800
2021102901	92.307500
2021102902	88.716600
2021102903	85.689000
2021102904	85.196100
2021102905	82.802200
2021102906	80.478600
2021102907	78.718400
2021102908	76.887700
2021102909	75.831600
2021102910	75.549900
2021102911	85.900200
2021102912	91.392200
2021102913	95.828000
2021102914	92.800400
2021102915	86.674700
2021102916	81.464400
2021102917	80.478600
2021102918	83.506300
2021102919	88.505400
2021102920	93.011600
2021102921	100.193000
2021102922	106.178000
2021102923	108.713000
2021103000	105.333000
2021103001	99.207700
2021103002	92.237100
2021103003	85.548200
2021103004	82.731700
2021103005	80.689900
2021103006	78.648000
2021103007	78.225500
2021103008	73.508000
2021103009	71.184500
2021103010	70.621200
2021103011	82.027600
2021103012	90.828900
2021103013	99.559700
2021103014	104.488000
2021103015	99.700600
2021103016	93.786100
2021103017	87.942100
2021103018	83.576700
2021103019	81.957200
2021103020	84.844100
2021103021	94.419800
2021103022	103.291000
2021103023	110.755000
2021103100	115.261000
2021103101	112.163000
2021103102	104.770000
2021103103	97.517800
2021103104	90.899300
2021103105	86.111400
2021103106	85.900200
2021103107	85.055300
2021103108	79.492900
2021103109	75.972400
2021103110	74.000900
2021103111	78.507200
2021103112	89.984000
2021103113	101.390000
2021103114	107.516000
2021103115	104.629000
2021103116	96.813800
2021103117	89.420700
2021103118	85.900200
2021103119	83.647100
2021103120	82.450100
2021103121	82.098100
2021103122	89.068600
2021103123	99.066900
2021110100	106.953000
2021110101	112.093000
2021110102	109.558000
2021110103	100.334000
2021110104	91.744200
2021110105	86.322700
2021110106	84.351200
2021110107	82.943000
2021110108	80.689900
2021110109	78.577600
2021110110	78.507200
2021110111	80.478600
2021110112	93.082000
2021110113	103.925000
2021110114	112.163000
2021110115	113.149000
2021110116	104.136000
2021110117	94.419800
2021110118	87.449200
2021110119	85.477700
2021110120	84.421600
2021110121	83.717500
2021110122	83.154200
2021110123	88.646200
2021110200	100.405000
2021110201	110.051000
2021110202	116.036000
2021110203	111.459000
2021110204	101.672000
2021110205	94.349400
2021110206	90.476800
2021110207	88.505400
2021110208	85.759400
2021110209	83.787900
2021110210	80.901100
2021110211	79.844900
2021110212	88.857400
2021110213	99.559700
2021110214	110.896000
2021110215	114.698000
2021110216	108.079000
2021110217	98.574000
2021110218	92.730000
2021110219	89.772700
2021110220	88.364500
2021110221	87.590000
2021110222	86.674700
2021110223	86.041000
2021110300	86.181800
2021110301	95.968800
2021110302	104.488000
2021110303	109.699000
2021110304	107.305000
2021110305	99.982200
2021110306	93.926900
2021110307	90.899300
2021110308	85.689000
2021110309	81.605200
2021110310	78.014300
2021110311	75.338700
2021110312	80.478600
2021110313	93.363700
2021110314	106.671000
2021110315	116.669000
2021110316	114.980000
2021110317	104.911000
2021110318	96.320900
2021110319	88.575800
2021110320	85.829800
2021110321	84.351200
2021110322	82.943000
2021110323	81.675600
2021110400	79.915300
2021110401	79.492900
2021110402	91.180900
2021110403	99.911800
2021110404	106.530000
2021110405	104.488000
2021110406	96.039200
2021110407	88.223700
2021110408	85.548200
2021110409	82.943000
2021110410	80.549000
2021110411	79.844900
2021110412	85.900200
2021110413	100.405000
2021110414	113.290000
2021110415	123.570000
2021110416	127.231000
2021110417	120.049000
2021110418	109.488000
2021110419	100.616000
2021110420	92.166700
2021110421	89.209500
2021110422	87.801300
2021110423	85.548200
2021110500	84.773600
2021110501	84.351200
2021110502	84.140000
2021110503	94.560600
2021110504	102.376000
2021110505	108.502000
2021110506	106.601000
2021110507	98.855600
2021110508	89.420700
2021110509	83.717500
2021110510	79.844900
2021110511	76.958100
2021110512	75.761200
2021110513	91.110500
2021110514	107.446000
2021110515	120.612000
2021110516	131.103000
2021110518	87.942100
2021110519	71.607000
2021110520	56.961700
2021110521	42.034800
2021110522	28.234400
2021110523	21.123000
2021110600	17.461700
2021110601	15.138200
2021110602	14.011600
2021110603	29.149700
2021110604	47.738000
2021110605	58.510700
2021110606	66.115000
2021110607	62.805700
2021110608	50.836000
2021110609	38.232600
2021110610	27.952800
2021110611	21.967900
2021110612	26.685400
2021110613	51.047300
2021110614	69.776300
2021110615	85.900200
2021110616	98.574000
2021110617	105.685000
2021110618	97.517800
2021110619	81.394000
2021110620	65.974200
2021110621	51.892200
2021110622	37.106100
2021110623	25.206800
2021110700	19.714800
2021110701	16.687200
2021110702	14.645300
2021110703	13.518700
2021110704	22.742400
2021110705	43.020500
2021110706	53.441200
2021110707	60.552600
2021110708	58.933200
2021110709	48.230900
2021110710	36.894800
2021110711	27.671100
2021110712	23.305700
2021110713	37.528500
2021110714	56.257600
2021110715	72.451900
2021110716	87.238000
2021110717	98.996500
2021110718	102.587000
2021110719	91.180900
2021110720	75.549900
2021110721	60.552600
2021110722	45.696100
2021110723	30.910000
2021110800	22.038300
2021110801	18.165800
2021110802	15.631000
2021110803	13.870800
2021110804	12.744200
2021110805	17.391300
2021110806	37.880600
2021110807	48.512500
2021110808	57.243300
2021110809	59.707700
2021110810	51.751400
2021110811	42.105200
2021110812	34.641700
2021110813	36.120300
2021110814	49.639000
2021110815	64.706800
2021110816	79.704100
2021110817	93.856500
2021110818	104.136000
2021110819	104.348000
2021110820	91.603400
2021110821	76.394900
2021110822	61.820000
2021110823	46.893100
2021110900	31.684500
2021110901	22.812800
2021110902	18.658600
2021110903	15.983100
2021110904	14.222800
2021110905	13.659500
2021110906	27.107800
2021110907	47.385900
2021110908	59.003600
2021110909	68.156900
2021110910	71.818200
2021110911	65.481300
2021110912	56.961700
2021110913	49.075800
2021110914	46.893100
2021110915	56.750500
2021110916	69.987500
2021110917	82.661300
2021110918	94.349400
2021110919	102.024000
2021110920	98.292400
2021110921	85.618600
2021110922	71.466100
2021110923	57.172900
2021111000	42.105200
2021111001	28.093600
2021111002	20.841400
2021111003	17.250500
2021111004	14.926900
2021111005	13.377900
2021111006	12.392200
2021111007	18.447400
2021111008	40.063300
2021111009	51.328900
2021111010	60.200600
2021111011	63.650600
2021111012	56.820900
2021111013	47.315500
2021111014	38.584700
2021111015	32.459000
2021111016	36.754000
2021111017	48.864500
2021111018	60.341400
2021111019	71.325300
2021111020	80.689900
2021111021	82.098100
2021111022	72.029400
2021111023	59.003600
2021111100	44.992000
2021111101	30.839600
2021111102	21.967900
2021111103	17.954500
2021111104	15.419800
2021111105	13.659500
2021111106	12.462600
2021111107	11.547200
2021111108	12.603400
2021111109	29.572200
2021111110	45.907300
2021111111	55.905500
2021111112	60.552600
2021111113	53.934100
2021111114	43.302200
2021111115	33.233500
2021111116	25.418000
2021111117	21.615900
2021111118	30.135500
2021111119	44.076700
2021111120	55.131000
2021111121	64.988400
2021111122	70.691600
2021111123	64.284300
2021111200	52.314600
2021111201	38.655100
2021111202	26.474200
2021111203	20.207700
2021111204	16.898400
2021111205	14.715700
2021111206	13.237100
2021111207	12.110500
2021111208	11.336000
2021111209	13.518700
2021111210	35.345800
2021111211	49.639000
2021111212	59.778100
2021111213	63.087400
2021111214	54.286100
2021111215	42.034800
2021111216	30.557900
2021111217	22.601600
2021111218	18.517800
2021111219	16.546300
2021111220	24.995500
2021111221	43.161300
2021111222	54.004500
2021111223	61.679200
2021111300	60.130100
2021111301	49.287000
2021111302	36.120300
2021111303	25.066000
2021111304	19.644400
2021111305	16.616800
2021111306	14.574900
2021111307	13.096300
2021111308	12.040100
2021111309	11.406400
2021111310	17.461700
2021111311	41.541900
2021111312	54.567700
2021111313	63.932300
2021111314	63.369000
2021111315	51.610500
2021111316	38.091800
2021111317	26.544600
2021111318	20.278100
2021111319	16.828000
2021111320	14.645300
2021111321	14.363600
2021111322	30.065100
2021111323	45.696100
2021111400	55.060600
2021111401	57.102500
2021111402	47.949200
2021111403	34.993800
2021111404	24.502700
2021111405	19.433200
2021111406	16.475900
2021111407	14.434000
2021111408	13.025900
2021111409	11.969700
2021111410	12.744200
2021111411	32.599800
2021111412	49.287000
2021111413	60.552600
2021111414	66.255800
2021111415	58.721900
2021111416	44.851200
2021111417	31.262000
2021111418	22.249600
2021111419	18.236200
2021111420	15.631000
2021111421	13.870800
2021111422	12.744200
2021111423	18.095400
2021111500	39.148000
2021111501	49.146200
2021111502	52.807500
2021111503	44.992000
2021111504	32.740700
2021111505	23.305700
2021111506	18.940300
2021111507	16.123900
2021111508	14.222800
2021111509	12.885000
2021111510	12.814600
2021111511	31.050800
2021111512	50.624800
2021111513	64.566000
2021111514	74.705000
2021111515	74.423400
2021111516	61.467900
2021111517	46.611400
2021111518	32.459000
2021111519	22.812800
2021111520	18.588200
2021111521	15.842200
2021111522	14.011600
2021111523	13.307500
2021111600	26.967000
2021111601	44.780800
2021111602	54.215700
2021111603	58.651500
2021111604	50.976800
2021111605	38.021400
2021111606	26.826200
2021111607	20.489300
2021111608	17.180000
2021111609	14.997300
2021111610	14.363600
2021111611	33.726400
2021111612	52.103400
2021111613	65.833400
2021111614	77.380600
2021111615	81.816400
2021111616	71.607000
2021111617	56.750500
2021111618	41.823500
2021111619	28.445600
2021111620	20.911800
2021111621	17.320900
2021111622	14.997300
2021111623	13.377900
2021111700	13.166700
2021111701	29.783400
2021111702	45.344000
2021111703	54.426900
2021111704	57.947400
2021111705	50.624800
2021111706	38.514300
2021111707	27.319100
2021111708	20.207700
2021111709	17.320900
2021111710	15.560600
2021111711	29.431400
2021111712	50.484000
2021111713	64.918000
2021111714	77.732600
2021111715	85.759400
2021111716	81.253100
2021111717	66.959900
2021111718	52.033000
2021111719	37.035700
2021111720	25.206800
2021111721	19.574000
2021111722	16.475900
2021111723	14.363600
2021111800	12.955400
2021111801	14.011600
2021111802	34.853000
2021111803	47.174700
2021111804	55.412700
2021111805	57.665800
2021111806	49.568600
2021111807	37.739800
2021111808	27.459900
2021111809	21.123000
2021111810	18.236200
2021111811	29.220100
2021111812	49.709500
2021111813	64.706800
2021111814	78.577600
2021111815	88.927800
2021111817	77.591800
2021111818	62.594500
2021111819	47.949200
2021111820	33.374300
2021111821	23.094500
2021111822	18.517800
2021111823	15.701400
2021111900	13.870800
2021111901	12.673800
2021111902	18.869900
2021111903	40.978600
2021111904	51.117700
2021111905	58.510700
2021111906	58.862800
2021111907	49.498200
2021111908	38.514300
2021111909	29.431400
2021111910	23.728200
2021111911	30.628400
2021111912	48.371700
2021111913	63.439400
2021111914	77.732600
2021111915	89.561500
2021111916	94.771900
2021111917	86.604300
2021111918	71.888600
2021111919	57.102500
2021111920	42.175600
2021111921	28.304800
2021111922	20.841400
2021111923	17.250500
2021112000	14.856500
2021112001	13.307500
2021112002	12.321700
2021112003	19.081100
2021112004	39.500000
2021112005	49.427800
2021112006	56.328000
2021112007	55.553500
2021112008	46.329800
2021112009	36.542800
2021112010	29.149700
2021112011	29.572200
2021112012	43.020500
2021112013	57.947400
2021112014	71.747800
2021112015	84.140000
2021112016	92.448300
2021112017	89.843200
2021112018	76.746900
2021112019	62.031200
2021112020	47.456300
2021112021	32.811100
2021112022	22.742400
2021112023	18.165800
2021112100	15.419800
2021112101	13.659500
2021112102	12.392200
2021112103	12.603400
2021112104	25.910900
2021112105	41.753100
2021112106	50.836000
2021112107	55.764700
2021112108	51.117700
2021112109	41.753100
2021112110	33.444700
2021112111	29.220100
2021112112	35.345800
2021112113	48.230900
2021112114	60.904700
2021112115	73.226400
2021112116	83.717500
2021112117	87.378800
2021112118	78.225500
2021112119	64.495600
2021112120	50.131900
2021112121	35.345800
2021112122	23.939400
2021112123	18.588200
2021112200	15.349400
2021112201	13.307500
2021112202	11.899300
2021112203	10.843100
2021112204	11.899300
2021112205	26.826200
2021112206	42.527600
2021112207	51.680900
2021112208	56.257600
2021112209	51.821800
2021112210	43.865400
2021112211	38.725500
2021112212	41.119400
2021112213	50.695200
2021112214	61.960800
2021112215	73.648900
2021112216	85.477700
2021112217	93.504500
2021112218	90.969700
2021112219	78.648000
2021112220	64.566000
2021112221	50.484000
2021112222	35.627500
2021112223	24.009800
2021112300	18.517800
2021112301	15.349400
2021112302	13.307500
2021112303	11.899300
2021112304	11.406400
2021112305	21.967900
2021112306	41.049000
2021112307	51.680900
2021112308	60.059700
2021112309	63.932300
2021112310	59.989300
2021112311	54.426900
2021112312	50.413600
2021112313	54.074900
2021112314	64.636400
2021112315	75.479500
2021112316	85.266500
2021112317	93.222800
2021112318	94.631000
2021112319	85.407300
2021112320	72.733500
2021112321	59.426000
2021112322	45.414400
2021112323	31.050800
2021112400	21.897500
2021112401	17.602500
2021112402	14.786100
2021112403	12.955400
2021112404	11.617700
2021112405	12.251300
2021112406	26.826200
2021112407	42.175600
2021112408	51.399300
2021112409	58.369900
2021112410	59.355600
2021112411	54.426900
2021112412	49.075800
2021112413	47.315500
2021112414	52.666700
2021112415	60.552600
2021112416	68.931400
2021112417	76.817300
2021112418	82.731700
2021112419	80.689900
2021112420	70.621200
2021112421	58.369900
2021112422	45.062400
2021112423	30.980400
2021112500	21.686300
2021112501	17.250500
2021112502	14.574900
2021112503	12.744200
2021112504	11.476800
2021112505	10.491100
2021112506	10.068600
2021112507	14.363600
2021112508	33.937600
2021112509	44.569500
2021112510	51.047300
2021112511	51.540100
2021112512	45.344000
2021112513	39.992900
2021112514	36.613200
2021112515	39.852100
2021112516	47.456300
2021112517	54.990200
2021112518	61.679200
2021112519	66.607900
2021112520	65.551700
2021112521	56.891300
2021112522	45.766500
2021112523	33.022300
2021112600	23.024100
2021112601	18.095400
2021112602	15.067700
2021112603	13.166700
2021112604	11.758500
2021112605	10.702300
2021112606	9.857400
2021112607	9.646170
2021112608	16.194300
2021112609	37.669400
2021112610	47.949200
2021112611	55.412700
2021112612	55.342300
2021112613	48.371700
2021112614	41.260300
2021112615	37.106100
2021112616	38.091800
2021112617	45.203200
2021112618	53.300400
2021112619	59.496500
2021112620	64.706800
2021112621	65.058800
2021112622	57.595400
2021112623	46.963500
2021112700	34.782500
2021112701	24.080200
2021112702	18.377000
2021112703	15.138200
2021112704	13.166700
2021112705	11.828900
2021112706	10.772700
2021112707	9.998220
2021112708	12.462600
2021112709	33.303900
2021112710	48.160400
2021112711	58.510700
2021112712	64.143500
2021112713	59.355600
2021112714	49.427800
2021112715	39.781600
2021112716	31.895700
2021112717	26.544600
2021112718	29.853800
2021112719	40.697000
2021112720	49.075800
2021112721	55.694300
2021112722	58.651500
2021112723	52.596300
2021112800	42.527600
2021112801	31.191600
2021112802	22.320000
2021112803	17.532100
2021112804	14.645300
2021112805	12.814600
2021112806	11.547200
2021112807	10.561500
2021112808	10.139000
2021112809	17.532100
2021112810	41.401100
2021112811	53.934100
2021112812	63.087400
2021112813	64.002700
2021112814	53.793200
2021112815	41.612300
2021112816	30.487500
2021112817	22.390400
2021112818	18.025000
2021112819	15.419800
2021112820	17.391300
2021112821	35.205000
2021112822	45.344000
2021112823	52.033000
2021112900	51.047300
2021112901	41.260300
2021112902	29.924300
2021112903	21.756700
2021112904	17.532100
2021112905	14.786100
2021112906	12.955400
2021112907	11.617700
2021112908	10.702300
2021112909	13.589100
2021112910	37.951000
2021112911	52.596300
2021112912	64.636400
2021112913	71.747800
2021112914	65.903800
2021112915	52.596300
2021112916	38.725500
2021112917	26.967000
2021112918	20.137300
2021112919	16.546300
2021112920	14.082000
2021112921	13.589100
2021112922	29.220100
2021112923	44.428700
2021113000	52.877900
2021113001	54.990200
2021113002	46.189000
2021113003	33.726400
2021113004	23.728200
2021113005	18.588200
2021113006	15.490200
2021113007	13.377900
2021113008	11.969700
2021113009	13.448300
2021113010	37.951000
2021113011	54.074900
2021113012	67.382400
2021113013	77.943900
2021113014	78.788800
2021113015	65.551700
2021113016	50.484000
2021113017	35.979500
2021113018	24.502700
2021113019	18.658600
2021113020	15.349400
2021113021	13.307500
2021113022	12.180900
2021113023	22.953700
2021120100	42.668500
2021120101	51.751400
2021120102	55.623900
2021120103	48.934900
2021120104	36.542800
2021120105	25.488400
2021120106	19.574000
2021120107	16.194300
2021120108	13.941200
2021120109	13.096300
2021120110	31.050800
2021120111	51.610500
2021120112	66.326200
2021120113	79.352100
2021120114	86.885900
2021120115	78.929600
2021120116	63.228200
2021120117	48.160400
2021120118	33.656000
2021120119	22.953700
2021120120	18.025000
2021120121	15.067700
2021120122	13.096300
2021120123	11.899300
2021120200	22.249600
2021120201	43.020500
2021120202	52.877900
2021120203	58.440300
2021120204	53.582000
2021120205	41.401100
2021120206	29.361000
2021120207	21.404600
2021120208	17.320900
2021120209	15.349400
2021120210	33.163100
2021120211	55.201400
2021120212	71.184500
2021120213	86.041000
2021120214	97.306600
2021120215	98.221900
2021120216	83.999100
2021120217	67.664000
2021120218	52.877900
2021120219	37.810200
2021120220	25.066000
2021120221	19.010700
2021120222	15.701400
2021120223	13.518700
2021120300	12.673800
2021120301	30.417100
2021120302	48.019600
2021120303	58.792300
2021120304	65.762900
2021120305	63.650600
2021120306	52.173800
2021120307	39.500000
2021120308	28.868100
2021120309	23.235300
2021120310	36.683600
2021120311	58.017800
2021120312	76.254000
2021120313	92.941200
2021120314	107.305000
2021120315	116.317000
2021120316	109.910000
2021120317	92.659600
2021120318	76.465300
2021120319	62.172000
2021120320	46.963500
2021120321	31.191600
2021120322	21.545500
2021120323	17.250500
2021120400	14.574900
2021120401	14.645300
2021120402	40.063300
2021120403	53.159500
2021120404	62.876100
2021120405	69.494700
2021120406	66.185400
2021120407	55.271900
2021120408	42.879700
2021120409	32.388600
2021120410	29.079300
2021120411	47.033900
2021120412	66.889500
2021120413	84.703200
2021120414	100.616000
2021120415	113.290000
2021120416	118.289000
2021120417	105.474000
2021120418	87.801300
2021120419	71.888600
2021120420	57.102500
2021120421	41.189800
2021120422	26.615000
2021120423	19.644400
2021120500	16.053500
2021120501	13.729900
2021120502	12.814600
2021120503	29.924300
2021120504	46.400200
2021120505	56.257600
2021120506	62.805700
2021120507	59.989300
2021120508	49.146200
2021120509	37.458100
2021120510	28.727300
2021120511	29.853800
2021120512	48.653300
2021120513	67.241500
2021120514	84.280800
2021120515	98.996500
2021120516	109.628000
2021120517	108.924000
2021120518	94.208600
2021120519	77.451000
2021120520	62.172000
2021120521	46.822700
2021120522	31.050800
2021120523	21.475100
2021120600	17.180000
2021120601	14.504500
2021120602	12.744200
2021120603	11.688100
2021120604	21.334200
2021120605	40.837800
2021120606	50.976800
2021120607	57.806600
2021120608	55.412700
2021120609	44.992000
2021120610	34.430500
2021120611	28.234400
2021120612	34.712100
2021120613	51.751400
2021120614	68.931400
2021120615	85.125700
2021120616	99.348500
2021120617	108.854000
2021120618	105.615000
2021120619	90.054400
2021120620	73.508000
2021120621	58.440300
2021120622	43.090900
2021120623	28.164000
2021120700	20.066800
2021120701	16.123900
2021120702	13.729900
2021120703	12.180900
2021120704	12.110500
2021120705	29.220100
2021120706	45.344000
2021120707	56.187200
2021120708	64.073100
2021120709	63.298600
2021120710	53.511600
2021120711	42.950100
2021120712	36.120300
2021120713	41.541900
2021120714	57.102500
2021120715	72.733500
2021120716	87.167600
2021120717	99.841400
2021120718	107.798000
2021120719	102.376000
2021120720	87.238000
2021120721	71.254900
2021120722	56.539200
2021120723	41.189800
2021120800	26.896600
2021120801	19.714800
2021120802	15.983100
2021120803	13.659500
2021120804	12.110500
2021120805	13.729900
2021120806	36.472400
2021120807	49.287000
2021120808	60.059700
2021120809	67.452800
2021120810	66.607900
2021120811	56.820900
2021120812	46.470600
2021120813	39.148000
2021120814	41.823500
2021120815	55.553500
2021120816	69.917100
2021120817	83.154200
2021120818	94.701500
2021120819	100.757000
2021120820	93.926900
2021120821	79.633700
2021120822	64.918000
2021120823	50.624800
2021120900	35.627500
2021120901	23.939400
2021120902	18.447400
2021120903	15.279000
2021120904	13.237100
2021120905	11.969700
2021120906	22.672000
2021120907	45.977700
2021120908	58.440300
2021120909	70.621200
2021120910	79.844900
2021120911	77.521400
2021120912	65.833400
2021120913	53.934100
2021120914	43.513400
2021120915	37.176500
2021120916	45.555300
2021120917	59.566900
2021120918	71.607000
2021120919	81.253100
2021120920	86.956400
2021120921	80.408200
2021120922	67.734400
2021120923	54.497300
2021121000	40.415300
2021121001	27.107800
2021121002	19.926000
2021121003	16.123900
2021121004	13.800400
2021121005	12.180900
2021121006	11.054400
2021121007	17.109600
2021121008	39.922500
2021121009	52.103400
2021121010	62.876100
2021121011	70.128400
2021121012	65.481300
2021121013	53.300400
2021121014	40.767400
2021121015	29.853800
2021121016	22.249600
2021121017	19.221900
2021121018	29.642600
2021121019	44.921600
2021121020	54.708600
2021121021	61.679200
2021121022	60.130100
2021121023	48.794100
2021121100	35.557000
2021121101	24.643500
2021121102	18.940300
2021121103	15.560600
2021121104	13.377900
2021121105	11.828900
2021121106	10.702300
2021121107	9.998220
2021121108	14.856500
2021121109	38.514300
2021121110	51.892200
2021121111	62.876100
2021121112	68.297700
2021121113	60.552600
2021121114	47.667600
2021121115	34.853000
2021121116	24.713900
2021121117	19.151500
2021121118	15.912700
2021121119	14.926900
2021121120	28.727300
2021121121	43.865400
2021121122	52.666700
2021121123	56.539200
2021121200	49.498200
2021121201	37.951000
2021121202	27.037400
2021121203	19.996400
2021121204	16.123900
2021121205	13.729900
2021121206	12.180900
2021121207	11.124800
2021121208	15.983100
2021121209	41.682700
2021121210	56.609600
2021121211	69.776300
2021121212	80.760300
2021121213	83.154200
2021121214	72.381500
2021121215	59.285200
2021121216	46.470600
2021121217	34.148900
2021121218	24.291400
2021121219	19.010700
2021121220	17.532100
2021121221	34.571300
2021121222	49.991100
2021121223	59.426000
2021121300	66.185400
2021121301	65.270100
2021121302	56.328000
2021121303	45.696100
2021121304	34.712100
2021121305	24.713900
2021121306	19.221900
2021121307	17.109600
2021121308	34.853000
2021121309	53.441200
2021121310	67.382400
2021121311	80.549000
2021121312	94.631000
2021121313	101.179000
2021121314	93.011600
2021121315	80.197000
2021121316	66.819100
2021121317	55.342300
2021121318	44.006300
2021121319	32.247800
2021121320	23.869000
2021121321	21.404600
2021121322	44.710300
2021121323	64.354700
2021121400	74.705000
2021121401	77.310200
2021121402	72.592700
2021121403	64.706800
2021121404	55.764700
2021121405	44.992000
2021121406	33.444700
2021121407	25.770100
2021121408	34.008000
2021121409	51.751400
2021121410	67.945600
2021121411	84.210400
2021121412	98.503600
2021121413	107.868000
2021121414	106.178000
2021121415	93.574900
2021121416	79.352100
2021121417	66.044600
2021121418	52.455500
2021121419	38.303000
2021121420	26.333300
2021121421	19.996400
2021121422	16.757600
2021121423	26.826200
2021121500	47.385900
2021121501	57.243300
2021121502	64.143500
2021121503	64.284300
2021121504	56.328000
2021121505	46.118500
2021121506	35.345800
2021121507	26.122100
2021121508	20.982200
2021121509	30.839600
2021121510	50.413600
2021121511	66.678300
2021121512	80.408200
2021121513	92.166700
2021121514	98.503600
2021121515	91.885000
2021121516	77.239800
2021121517	63.016900
2021121518	49.075800
2021121519	35.134600
2021121520	24.080200
2021121521	18.517800
2021121522	15.279000
2021121523	13.800400
2021121600	33.163100
2021121601	56.539200
2021121602	66.607900
2021121603	72.874300
2021121604	71.959000
2021121605	64.777200
2021121606	55.623900
2021121607	45.062400
2021121608	36.120300
2021121609	37.739800
2021121610	52.173800
2021121611	68.579300
2021121612	84.562400
2021121613	98.574000
2021121614	107.727000
2021121615	105.193000
2021121616	91.251400
2021121617	76.254000
2021121618	61.749600
2021121619	47.174700
2021121620	32.318200
2021121621	22.249600
2021121622	17.743300
2021121623	14.856500
2021121700	13.025900
2021121701	21.123000
2021121702	43.654200
2021121703	53.934100
2021121704	61.679200
2021121705	63.016900
2021121706	55.131000
2021121707	45.062400
2021121708	35.557000
2021121709	30.276300
2021121710	39.077600
2021121711	54.849400
2021121712	70.198800
2021121713	84.280800
2021121714	96.320900
2021121715	100.616000
2021121716	90.617700
2021121717	75.479500
2021121718	60.623000
2021121719	45.625700
2021121720	30.980400
2021121721	21.686300
2021121722	17.180000
2021121723	14.434000
2021121800	12.603400
2021121801	11.476800
2021121802	18.658600
2021121803	39.852100
2021121804	50.061500
2021121805	56.961700
2021121806	56.539200
2021121807	47.738000
2021121808	37.951000
2021121809	30.557900
2021121810	31.121200
2021121811	43.372600
2021121812	57.947400
2021121813	71.888600
2021121814	84.773600
2021121815	93.715700
2021121816	91.462600
2021121817	78.859200
2021121818	64.143500
2021121819	49.146200
2021121820	34.008000
2021121821	23.024100
2021121822	17.813700
2021121823	14.786100
2021121900	12.814600
2021121901	11.406400
2021121902	11.406400
2021121903	26.122100
2021121904	43.302200
2021121905	53.582000
2021121906	60.482200
2021121907	59.637300
2021121908	51.962600
2021121909	45.555300
2021121910	44.287900
2021121911	53.300400
2021121912	65.692500
2021121913	79.000000
2021121914	91.885000
2021121915	102.728000
2021121916	106.319000
2021121917	96.672900
2021121918	81.957200
2021121919	67.030300
2021121920	51.892200
2021121921	36.190700
2021121922	24.009800
2021121923	18.306600
2021122000	15.067700
2021122001	12.955400
2021122002	11.688100
2021122003	19.362800
2021122004	41.682700
2021122005	52.385000
2021122006	60.904700
2021122007	64.354700
2021122008	58.229100
2021122009	50.061500
2021122010	44.076700
2021122011	44.992000
2021122012	55.764700
2021122013	69.072200
2021122014	81.957200
2021122015	93.786100
2021122016	102.306000
2021122017	99.630100
2021122018	87.026800
2021122019	72.381500
2021122020	57.595400
2021122021	42.175600
2021122022	27.741500
2021122023	20.207700
2021122100	16.335100
2021122101	13.800400
2021122102	12.110500
2021122103	11.476800
2021122104	24.221000
2021122105	42.738900
2021122106	53.230000
2021122107	60.552600
2021122108	61.256700
2021122109	54.779000
2021122110	47.526800
2021122111	43.935800
2021122112	49.498200
2021122113	61.327100
2021122114	73.860100
2021122115	86.041000
2021122116	96.180100
2021122117	101.250000
2021122118	93.926900
2021122119	80.056200
2021122120	65.410900
2021122121	50.484000
2021122122	34.782500
2021122123	23.235300
2021122200	18.165800
2021122201	15.138200
2021122202	13.166700
2021122203	11.758500
2021122204	13.377900
2021122205	33.444700
2021122206	46.611400
2021122207	56.609600
2021122208	62.453700
2021122209	60.200600
2021122210	52.877900
2021122211	47.315500
2021122212	46.259400
2021122213	55.483100
2021122214	68.016100
2021122215	79.915300
2021122216	91.533000
2021122217	100.757000
2021122218	100.898000
2021122219	90.476800
2021122220	76.817300
2021122221	62.524100
2021122222	47.597200
2021122223	32.177400
2021122300	21.967900
2021122301	17.532100
2021122302	14.645300
2021122303	12.673800
2021122304	14.152400
2021122305	38.091800
2021122306	53.441200
2021122307	67.312000
2021122308	78.507200
2021122309	85.196100
2021122310	81.534800
2021122311	73.296800
2021122312	68.227300
2021122313	70.762000
2021122314	80.408200
2021122315	91.955500
2021122316	102.235000
2021122317	111.881000
2021122318	117.021000
2021122319	111.037000
2021122320	98.996500
2021122321	85.970600
2021122322	71.677400
2021122323	57.032100
2021122400	41.753100
2021122401	27.952800
2021122402	20.418900
2021122403	16.687200
2021122404	16.475900
2021122405	42.386800
2021122406	58.651500
2021122407	71.536600
2021122408	83.013400
2021122409	92.237100
2021122410	94.490200
2021122411	86.815500
2021122412	77.169400
2021122413	71.747800
2021122414	71.888600
2021122415	78.014300
2021122416	87.942100
2021122417	96.250500
2021122418	103.221000
2021122419	105.545000
2021122420	96.954600
2021122421	85.336900
2021122422	72.522300
2021122423	58.369900
2021122500	43.513400
2021122501	29.642600
2021122502	21.193400
2021122503	16.898400
2021122504	14.222800
2021122505	19.292300
2021122506	45.977700
2021122507	59.707700
2021122508	72.311100
2021122509	84.210400
2021122510	91.251400
2021122511	93.504500
2021122512	85.125700
2021122513	74.634600
2021122514	65.551700
2021122515	61.045500
2021122516	63.861900
2021122517	74.141700
2021122518	84.632800
2021122519	90.969700
2021122520	94.631000
2021122521	89.209500
2021122522	78.859200
2021122523	67.171100
2021122600	53.863600
2021122601	39.852100
2021122602	27.600700
2021122603	20.559700
2021122604	16.757600
2021122605	15.419800
2021122606	34.712100
2021122607	53.652400
2021122608	67.382400
2021122609	79.704100
2021122610	88.716600
2021122611	89.984000
2021122612	80.830700
2021122613	69.001800
2021122614	57.384100
2021122615	46.400200
2021122616	37.106100
2021122617	33.303900
2021122618	42.668500
2021122619	55.623900
2021122620	63.932300
2021122621	68.227300
2021122622	65.762900
2021122623	57.736200
2021122700	47.597200
2021122701	36.472400
2021122702	26.122100
2021122703	19.785200
2021122704	16.194300
2021122705	13.800400
2021122706	15.983100
2021122707	43.231700
2021122708	59.496500
2021122709	74.916200
2021122710	89.068600
2021122711	98.926000
2021122712	96.813800
2021122713	85.970600
2021122714	75.268300
2021122715	64.073100
2021122716	51.821800
2021122717	40.485700
2021122718	32.529400
2021122719	35.979500
2021122720	48.512500
2021122721	59.918900
2021122722	66.959900
2021122723	65.833400
2021122800	58.299500
2021122801	48.653300
2021122802	38.514300
2021122803	28.234400
2021122804	21.052600
2021122805	17.180000
2021122806	14.926900
2021122807	26.333300
2021122808	50.624800
2021122809	66.255800
2021122810	81.464400
2021122811	94.560600
2021122812	100.405000
2021122813	92.448300
2021122814	79.140800
2021122815	65.833400
2021122816	52.596300
2021122817	38.936700
2021122818	26.896600
2021122819	19.996400
2021122820	16.616800
2021122821	24.925100
2021122822	46.470600
2021122823	55.553500
2021122900	61.397500
2021122901	61.397500
2021122902	53.511600
2021122903	44.147100
2021122904	36.049900
2021122905	28.797700
2021122906	23.939400
2021122907	34.219300
2021122908	53.370800
2021122909	70.128400
2021122910	86.533900
2021122911	101.742000
2021122912	113.078000
2021122913	113.923000
2021122914	101.109000
2021122915	87.167600
2021122916	72.592700
2021122917	58.158700
2021122918	42.950100
2021122919	28.797700
2021122920	20.700500
2021122921	16.687200
2021122922	17.813700
2021122923	43.231700
2021123000	55.905500
2021123001	63.791500
2021123002	65.622100
2021123003	58.299500
2021123004	48.864500
2021123005	39.711200
2021123006	32.459000
2021123007	30.135500
2021123008	43.654200
2021123009	62.805700
2021123010	80.689900
2021123011	97.447400
2021123012	111.881000
2021123013	120.894000
2021123014	115.120000
2021123015	99.911800
2021123016	84.773600
2021123017	69.917100
2021123018	55.131000
2021123019	39.429600
2021123020	26.051700
2021123021	19.503600
2021123022	15.912700
2021123023	19.714800
2021123100	47.878800
2021123101	61.186300
2021123102	70.762000
2021123103	76.113200
2021123104	70.902900
2021123105	61.045500
2021123106	51.399300
2021123107	44.076700
2021123108	44.710300
2021123109	60.271000
2021123110	79.563300
2021123111	97.025000
2021123112	112.586000
2021123113	125.611000
2021123114	130.681000
2021123115	118.852000
2021123116	101.813000
2021123117	86.322700
2021123118	71.325300
2021123119	56.187200
2021123120	39.922500
2021123121	25.840500
2021123122	19.081100
2021123123	15.560600
2022010100	17.461700
2022010101	45.836900
2022010102	58.792300
2022010103	68.368100
2022010104	73.648900
2022010105	68.720200
2022010106	58.299500
2022010107	47.949200
2022010108	39.922500
2022010109	41.823500
2022010110	58.158700
2022010111	77.591800
2022010112	95.123900
2022010113	110.544000
2022010114	122.373000
2022010115	123.147000
2022010116	108.783000
2022010117	92.096300
2022010118	76.535700
2022010119	61.538300
2022010120	45.484900
2022010121	29.431400
2022010122	20.489300
2022010123	16.264700
2022010200	13.659500
2022010201	13.589100
2022010202	38.725500
2022010203	52.737100
2022010204	62.735300
2022010205	68.368100
2022010206	63.509800
2022010207	53.089100
2022010208	42.879700
2022010209	36.049900
2022010210	39.992900
2022010211	56.891300
2022010212	75.268300
2022010213	92.025900
2022010214	107.305000
2022010215	118.782000
2022010216	118.148000
2022010217	102.799000
2022010218	86.041000
2022010219	70.410000
2022010220	55.271900
2022010221	38.795900
2022010222	24.925100
2022010223	18.588200
2022010300	15.138200
2022010301	12.955400
2022010302	15.490200
2022010303	43.090900
2022010304	55.905500
2022010305	66.889500
2022010306	73.437600
2022010307	68.438500
2022010308	57.172900
2022010309	46.681800
2022010310	39.640800
2022010311	46.259400
2022010312	64.002700
2022010313	82.661300
2022010314	99.278100
2022010315	114.557000
2022010316	125.611000
2022010317	123.499000
2022010318	107.586000
2022010319	91.110500
2022010320	75.831600
2022010321	60.693400
2022010322	44.569500
2022010323	28.868100
2022010400	20.559700
2022010401	16.687200
2022010402	14.363600
2022010403	30.910000
2022010404	52.948300
2022010405	64.918000
2022010406	74.916200
2022010407	78.718400
2022010408	70.691600
2022010409	58.440300
2022010410	47.033900
2022010411	38.936700
2022010412	42.950100
2022010413	60.763800
2022010414	79.774500
2022010415	96.391300
2022010416	110.121000
2022010417	118.711000
2022010418	112.163000
2022010419	95.687200
2022010420	79.211300
2022010421	63.932300
2022010422	48.512500
2022010423	32.318200
2022010500	21.827100
2022010501	17.109600
2022010502	14.293200
2022010503	12.673800
2022010504	28.938500
2022010505	49.639000
2022010506	61.749600
2022010507	71.466100
2022010508	74.212100
2022010509	64.636400
2022010510	52.173800
2022010511	40.908200
2022010512	33.092700
2022010513	37.951000
2022010514	55.764700
2022010515	73.437600
2022010516	89.068600
2022010517	102.095000
2022010518	107.868000
2022010519	98.996500
2022010520	83.154200
2022010521	67.452800
2022010522	52.455500
2022010523	36.613200
2022010600	23.939400
2022010601	18.165800
2022010602	14.786100
2022010603	12.673800
2022010604	12.955400
2022010605	37.669400
2022010606	52.737100
2022010607	64.847600
2022010608	74.000900
2022010609	73.719300
2022010610	62.594500
2022010611	50.061500
2022010612	38.795900
2022010613	31.262000
2022010614	34.571300
2022010615	51.469700
2022010616	67.734400
2022010617	81.534800
2022010618	92.870800
2022010619	97.306600
2022010620	87.871700
2022010621	72.944800
2022010622	58.088200
2022010623	42.950100
2022010700	28.586500
2022010701	20.418900
2022010702	16.264700
2022010703	13.659500
2022010704	11.969700
2022010705	20.770900
2022010706	46.611400
2022010707	60.693400
2022010708	73.226400
2022010709	81.957200
2022010710	79.070400
2022010711	67.382400
2022010712	54.990200
2022010713	43.795000
2022010714	35.838700
2022010715	36.613200
2022010716	50.906400
2022010717	66.326200
2022010718	78.014300
2022010719	86.745100
2022010720	88.364500
2022010721	78.788800
2022010722	65.129300
2022010723	51.258500
2022010800	36.754000
2022010801	24.713900
2022010802	18.658600
2022010803	15.138200
2022010804	12.885000
2022010805	12.603400
2022010806	34.148900
2022010807	52.314600
2022010808	66.115000
2022010809	77.943900
2022010810	83.083800
2022010811	75.268300
2022010812	62.172000
2022010813	49.146200
2022010814	36.894800
2022010815	26.967000
2022010816	21.123000
2022010817	23.869000
2022010818	41.189800
2022010819	52.385000
2022010820	59.214800
2022010821	61.820000
2022010822	55.131000
2022010823	44.076700
2022010900	31.966100
2022010901	22.672000
2022010902	17.743300
2022010903	14.574900
2022010904	12.533000
2022010905	11.124800
2022010906	12.533000
2022010907	35.345800
2022010908	51.540100
2022010909	65.058800
2022010910	75.268300
2022010911	76.324400
2022010912	66.185400
2022010913	53.511600
2022010914	40.556200
2022010915	28.656900
2022010916	20.911800
2022010917	16.828000
2022010918	14.152400
2022010919	13.800400
2022010920	25.770100
2022010921	38.514300
2022010922	43.513400
2022010923	41.612300
2022011000	33.867200
2022011001	25.277200
2022011002	19.433200
2022011003	15.771800
2022011004	13.307500
2022011005	11.688100
2022011006	10.702300
2022011007	17.884100
2022011008	42.105200
2022011009	56.539200
2022011010	69.776300
2022011011	78.929600
2022011012	76.676500
2022011013	65.199700
2022011014	52.385000
2022011015	38.795900
2022011016	26.544600
2022011017	19.433200
2022011018	15.560600
2022011019	13.166700
2022011020	11.547200
2022011021	12.392200
2022011022	23.869000
2022011023	35.064200
2022011100	37.739800
2022011101	34.289700
2022011102	27.248700
2022011103	21.052600
2022011104	17.180000
2022011105	14.574900
2022011106	13.025900
2022011107	18.306600
2022011108	39.852100
2022011109	53.934100
2022011110	68.016100
2022011111	80.619400
2022011112	86.745100
2022011113	79.915300
2022011114	67.312000
2022011115	53.793200
2022011116	39.288800
2022011117	26.262900
2022011118	19.221900
2022011119	15.490200
2022011120	13.096300
2022011121	11.406400
2022011122	11.195200
2022011123	19.503600
2022011200	35.416200
2022011201	41.964400
2022011202	42.809300
2022011203	37.317300
2022011204	30.276300
2022011205	24.361900
2022011206	21.475100
2022011207	27.178300
2022011208	40.556200
2022011209	53.582000
2022011210	66.467000
2022011211	79.492900
2022011212	89.068600
2022011213	90.336000
2022011214	79.844900
2022011215	66.678300
2022011216	52.244200
2022011217	36.824400
2022011218	24.009800
2022011219	17.743300
2022011220	14.434000
2022011221	12.321700
2022011222	10.843100
2022011223	10.984000
2022011300	22.038300
2022011301	39.148000
2022011302	47.949200
2022011303	51.680900
2022011304	47.808400
2022011305	40.697000
2022011306	34.782500
2022011307	34.289700
2022011308	42.809300
2022011309	54.919800
2022011310	67.593600
2022011311	80.619400
2022011312	92.659600
2022011313	99.700600
2022011314	94.842300
2022011315	82.238900
2022011316	67.593600
2022011317	52.525900
2022011318	36.331600
2022011319	23.587400
2022011320	17.672900
2022011321	14.363600
2022011322	12.321700
2022011323	10.913600
2022011400	11.828900
2022011401	28.375200
2022011402	42.105200
2022011403	49.991100
2022011404	52.877900
2022011405	47.878800
2022011406	40.415300
2022011407	34.641700
2022011408	34.993800
2022011409	44.921600
2022011410	57.736200
2022011411	71.395700
2022011412	85.266500
2022011413	97.095400
2022011414	101.742000
2022011415	92.800400
2022011416	78.577600
2022011417	63.369000
2022011418	47.808400
2022011419	31.614100
2022011420	21.193400
2022011421	16.546300
2022011422	13.729900
2022011423	11.828900
2022011500	10.561500
2022011501	14.434000
2022011502	35.416200
2022011503	46.048100
2022011504	53.230000
2022011505	54.286100
2022011506	47.738000
2022011507	40.274500
2022011508	34.993800
2022011509	39.218400
2022011510	49.991100
2022011511	62.946500
2022011512	76.394900
2022011513	89.772700
2022011514	99.489300
2022011515	98.996500
2022011516	86.322700
2022011517	71.114100
2022011518	55.835100
2022011519	39.781600
2022011520	25.699700
2022011521	18.799500
2022011522	15.208600
2022011523	12.814600
2022011600	11.265600
2022011601	11.054400
2022011602	25.910900
2022011603	43.865400
2022011604	54.004500
2022011605	61.608800
2022011606	60.341400
2022011607	52.596300
2022011608	44.147100
2022011609	40.908200
2022011610	48.512500
2022011611	60.975100
2022011612	74.705000
2022011613	87.942100
2022011614	100.405000
2022011615	106.319000
2022011616	98.644400
2022011617	83.999100
2022011618	68.368100
2022011619	53.089100
2022011620	36.613200
2022011621	23.587400
2022011622	17.532100
2022011623	14.222800
2022011700	12.180900
2022011701	10.843100
2022011702	17.320900
2022011703	41.189800
2022011704	52.948300
2022011705	62.383300
2022011706	66.959900
2022011707	61.256700
2022011708	51.962600
2022011709	44.287900
2022011710	44.710300
2022011711	55.905500
2022011712	70.128400
2022011713	83.928700
2022011714	97.588300
2022011715	108.009000
2022011716	109.347000
2022011717	97.377000
2022011718	81.746000
2022011719	66.115000
2022011720	50.484000
2022011721	34.078400
2022011722	22.320000
2022011723	17.180000
2022011800	14.082000
2022011801	12.110500
2022011802	12.462600
2022011803	34.853000
2022011804	49.639000
2022011805	60.341400
2022011806	67.734400
2022011807	67.171100
2022011808	58.369900
2022011809	48.934900
2022011810	43.443000
2022011811	46.822700
2022011812	59.778100
2022011813	75.197900
2022011814	89.491100
2022011815	102.095000
2022011816	109.980000
2022011817	105.263000
2022011818	91.110500
2022011819	75.479500
2022011820	60.693400
2022011821	44.780800
2022011822	29.220100
2022011823	20.630100
2022011900	16.898400
2022011901	13.870800
2022011902	11.969700
2022011903	18.236200
2022011904	42.034800
2022011905	53.370800
2022011906	62.524100
2022011907	66.889500
2022011908	60.763800
2022011909	49.779900
2022011910	39.077600
2022011911	33.374300
2022011912	39.500000
2022011913	54.426900
2022011914	70.058000
2022011915	83.928700
2022011916	95.405600
2022011917	99.700600
2022011918	90.406400
2022011919	75.409100
2022011920	59.848500
2022011921	44.217500
2022011922	29.149700
2022011923	19.855600
2022012000	15.349400
2022012001	12.885000
2022012002	11.336000
2022012003	10.702300
2022012004	23.164900
2022012005	42.809300
2022012006	53.863600
2022012007	61.538300
2022012008	60.763800
2022012009	51.117700
2022012010	39.852100
2022012011	30.417100
2022012012	26.755800
2022012013	36.472400
2022012014	51.962600
2022012015	66.255800
2022012016	79.352100
