    DOY     DATE    TRANSPN         WTR_STRESS      OXY_STRESS      
   1.000    01011901  0.00000000E+00  0.00000000E+00  0.97185250E+00
   2.000    02011901  0.00000000E+00  0.00000000E+00  0.97333900E+00
   3.000    03011901  0.00000000E+00  0.00000000E+00  0.97499140E+00
   4.000    04011901  0.00000000E+00  0.00000000E+00  0.97374670E+00
   5.000    05011901  0.82302350E-02  0.00000000E+00  0.97142660E+00
   6.000    06011901  0.33057640E-01  0.00000000E+00  0.96568600E+00
   7.000    07011901  0.79038320E-01  0.00000000E+00  0.96364100E+00
   8.000    08011901  0.82746080E-01  0.00000000E+00  0.96109070E+00
   9.000    09011901  0.14447970E+00  0.00000000E+00  0.95925390E+00
  10.000    10011901  0.17341230E+00  0.00000000E+00  0.96253620E+00
  11.000    11011901  0.18630060E+00  0.00000000E+00  0.96093580E+00
  12.000    12011901  0.22694830E+00  0.00000000E+00  0.96245550E+00
  13.000    13011901  0.22881430E+00  0.00000000E+00  0.96584120E+00
  14.000    14011901  0.25775500E+00  0.00000000E+00  0.96720220E+00
  15.000    15011901  0.26673110E+00  0.00000000E+00  0.96558500E+00
  16.000    16011901  0.28776490E+00  0.00000000E+00  0.96283420E+00
  17.000    17011901  0.31783780E+00  0.00000000E+00  0.96578660E+00
  18.000    18011901  0.35885540E+00  0.00000000E+00  0.96514380E+00
  19.000    19011901  0.40071440E+00  0.00000000E+00  0.96096950E+00
  20.000    20011901  0.43082760E+00  0.00000000E+00  0.96850990E+00
  21.000    21011901  0.48109650E+00  0.00000000E+00  0.97102030E+00
  22.000    22011901  0.54154420E+00  0.00000000E+00  0.97470770E+00
  23.000    23011901  0.58372760E+00  0.00000000E+00  0.97335260E+00
  24.000    24011901  0.64909740E+00  0.00000000E+00  0.97916810E+00
  25.000    25011901  0.71048020E+00  0.00000000E+00  0.98158720E+00
  26.000    26011901  0.77656080E+00  0.00000000E+00  0.98267250E+00
  27.000    27011901  0.84979200E+00  0.00000000E+00  0.98366140E+00
  28.000    28011901  0.90713140E+00  0.00000000E+00  0.98423770E+00
  29.000    29011901  0.93796990E+00  0.00000000E+00  0.98564340E+00
  30.000    30011901  0.99528840E+00  0.00000000E+00  0.98543700E+00
  31.000    31011901  0.10414640E+01  0.00000000E+00  0.98549670E+00
  32.000    01021901  0.11054020E+01  0.00000000E+00  0.98586550E+00
  33.000    02021901  0.11760040E+01  0.00000000E+00  0.98674920E+00
  34.000    03021901  0.12216080E+01  0.00000000E+00  0.98692030E+00
  35.000    04021901  0.12646320E+01  0.00000000E+00  0.98865240E+00
  36.000    05021901  0.13327620E+01  0.00000000E+00  0.98931840E+00
  37.000    06021901  0.14017500E+01  0.00000000E+00  0.98895740E+00
  38.000    07021901  0.14836020E+01  0.00000000E+00  0.98871180E+00
  39.000    08021901  0.15403200E+01  0.00000000E+00  0.98840830E+00
  40.000    09021901  0.15997640E+01  0.00000000E+00  0.98799480E+00
  41.000    10021901  0.16731850E+01  0.00000000E+00  0.98960630E+00
  42.000    11021901  0.17646680E+01  0.00000000E+00  0.98940180E+00
  43.000    12021901  0.18924200E+01  0.00000000E+00  0.98826410E+00
  44.000    13021901  0.22387980E+01  0.00000000E+00  0.98527410E+00
  45.000    14021901  0.25883460E+01  0.00000000E+00  0.98836060E+00
  46.000    15021901  0.29852190E+01  0.00000000E+00  0.98919930E+00
  47.000    16021901  0.32633480E+01  0.00000000E+00  0.98938540E+00
  48.000    17021901  0.35402970E+01  0.00000000E+00  0.99024710E+00
  49.000    18021901  0.37062480E+01  0.00000000E+00  0.99057120E+00
  50.000    19021901  0.38473920E+01  0.00000000E+00  0.98873270E+00
  51.000    20021901  0.39870590E+01  0.00000000E+00  0.98990010E+00
  52.000    21021901  0.41850080E+01  0.00000000E+00  0.99067490E+00
  53.000    22021901  0.43773050E+01  0.00000000E+00  0.99039850E+00
  54.000    23021901  0.45230880E+01  0.00000000E+00  0.98928390E+00
  55.000    24021901  0.46810340E+01  0.00000000E+00  0.98945630E+00
  56.000    25021901  0.47942150E+01  0.00000000E+00  0.98864260E+00
  57.000    26021901  0.51923250E+01  0.00000000E+00  0.98916810E+00
  58.000    27021901  0.55937440E+01  0.00000000E+00  0.99011230E+00
  59.000    28021901  0.60118150E+01  0.00000000E+00  0.99139050E+00
  60.000    01031901  0.61670380E+01  0.00000000E+00  0.99077920E+00
  61.000    02031901  0.65423010E+01  0.00000000E+00  0.99053890E+00
  62.000    03031901  0.67888110E+01  0.00000000E+00  0.99296910E+00
  63.000    04031901  0.69668840E+01  0.00000000E+00  0.99352610E+00
  64.000    05031901  0.74020750E+01  0.00000000E+00  0.99324130E+00
  65.000    06031901  0.79995890E+01  0.00000000E+00  0.99350560E+00
  66.000    07031901  0.84954240E+01  0.00000000E+00  0.99368150E+00
  67.000    08031901  0.88484640E+01  0.00000000E+00  0.99376350E+00
  68.000    09031901  0.93978760E+01  0.00000000E+00  0.99379890E+00
  69.000    10031901  0.10058830E+02  0.00000000E+00  0.99377350E+00
  70.000    11031901  0.10427180E+02  0.00000000E+00  0.99367090E+00
  71.000    12031901  0.10758130E+02  0.00000000E+00  0.99373120E+00
  72.000    13031901  0.11308300E+02  0.00000000E+00  0.99374450E+00
  73.000    14031901  0.12025810E+02  0.00000000E+00  0.99374200E+00
  74.000    15031901  0.12509710E+02  0.00000000E+00  0.99367430E+00
  75.000    16031901  0.13041980E+02  0.00000000E+00  0.99359810E+00
  76.000    17031901  0.13617690E+02  0.00000000E+00  0.99347900E+00
  77.000    18031901  0.14204030E+02  0.00000000E+00  0.99357980E+00
  78.000    19031901  0.14728800E+02  0.00000000E+00  0.99352270E+00
  79.000    20031901  0.15613690E+02  0.00000000E+00  0.99355810E+00
  80.000    21031901  0.16063170E+02  0.00000000E+00  0.99356480E+00
  81.000    22031901  0.16768400E+02  0.00000000E+00  0.99348560E+00
  82.000    23031901  0.17549470E+02  0.00000000E+00  0.99358560E+00
  83.000    24031901  0.18036290E+02  0.00000000E+00  0.99356940E+00
  84.000    25031901  0.18499760E+02  0.00000000E+00  0.99348490E+00
  85.000    26031901  0.19387630E+02  0.00000000E+00  0.99346650E+00
  86.000    27031901  0.20352800E+02  0.00000000E+00  0.99352880E+00
  87.000    28031901  0.21065650E+02  0.00000000E+00  0.99352050E+00
  88.000    29031901  0.21560250E+02  0.00000000E+00  0.99352020E+00
  89.000    30031901  0.22131380E+02  0.00000000E+00  0.99344900E+00
  90.000    31031901  0.22923620E+02  0.00000000E+00  0.99336650E+00
  91.000    01041901  0.23517000E+02  0.00000000E+00  0.99343470E+00
  92.000    02041901  0.24310850E+02  0.00000000E+00  0.99342780E+00
  93.000    03041901  0.24792560E+02  0.00000000E+00  0.99343780E+00
  94.000    04041901  0.25280170E+02  0.00000000E+00  0.99347410E+00
  95.000    05041901  0.25962490E+02  0.00000000E+00  0.99349340E+00
  96.000    06041901  0.26753420E+02  0.00000000E+00  0.99336590E+00
  97.000    07041901  0.27448140E+02  0.00000000E+00  0.99331250E+00
  98.000    08041901  0.28017480E+02  0.00000000E+00  0.99329190E+00
  99.000    09041901  0.28788630E+02  0.00000000E+00  0.99321390E+00
 100.000    10041901  0.29626770E+02  0.00000000E+00  0.99324690E+00
 101.000    11041901  0.30123330E+02  0.00000000E+00  0.99334410E+00
 102.000    12041901  0.30804750E+02  0.00000000E+00  0.99327810E+00
 103.000    13041901  0.31673090E+02  0.00000000E+00  0.99330140E+00
 104.000    14041901  0.32137730E+02  0.00000000E+00  0.99336900E+00
 105.000    15041901  0.32868270E+02  0.00000000E+00  0.99341290E+00
 106.000    16041901  0.33952220E+02  0.00000000E+00  0.99336190E+00
 107.000    17041901  0.34761550E+02  0.00000000E+00  0.99326930E+00
 108.000    18041901  0.35798640E+02  0.00000000E+00  0.99309870E+00
 109.000    19041901  0.36580390E+02  0.00000000E+00  0.99328540E+00
 110.000    20041901  0.37060530E+02  0.00000000E+00  0.99337710E+00
 111.000    21041901  0.37738170E+02  0.00000000E+00  0.99314470E+00
 112.000    22041901  0.38762910E+02  0.00000000E+00  0.99296810E+00
 113.000    23041901  0.40408050E+02  0.00000000E+00  0.99265090E+00
 114.000    24041901  0.41765610E+02  0.00000000E+00  0.99288890E+00
 115.000    25041901  0.42544220E+02  0.00000000E+00  0.99303250E+00
 116.000    26041901  0.43420200E+02  0.00000000E+00  0.99295210E+00
 117.000    27041901  0.44133710E+02  0.00000000E+00  0.99305280E+00
 118.000    28041901  0.44866850E+02  0.00000000E+00  0.99311820E+00
 119.000    29041901  0.45765280E+02  0.00000000E+00  0.99299910E+00
 120.000    30041901  0.46649360E+02  0.00000000E+00  0.99306700E+00
 121.000    01051901  0.47610550E+02  0.00000000E+00  0.99297200E+00
 122.000    02051901  0.48824870E+02  0.00000000E+00  0.99302710E+00
 123.000    03051901  0.49795250E+02  0.00000000E+00  0.99281130E+00
 124.000    04051901  0.50469800E+02  0.00000000E+00  0.99291920E+00
 125.000    05051901  0.51229420E+02  0.00000000E+00  0.99292690E+00
 126.000    06051901  0.51819960E+02  0.00000000E+00  0.99294630E+00
 127.000    07051901  0.52551900E+02  0.00000000E+00  0.99297370E+00
 128.000    08051901  0.53549250E+02  0.00000000E+00  0.99296040E+00
 129.000    09051901  0.54521420E+02  0.00000000E+00  0.99295250E+00
 130.000    10051901  0.55788840E+02  0.00000000E+00  0.99292190E+00
 131.000    11051901  0.57006370E+02  0.00000000E+00  0.99295880E+00
 132.000    12051901  0.58051550E+02  0.00000000E+00  0.99297020E+00
 133.000    13051901  0.59253920E+02  0.00000000E+00  0.99299480E+00
 134.000    14051901  0.60260240E+02  0.00000000E+00  0.99273090E+00
 135.000    15051901  0.61253140E+02  0.00000000E+00  0.99277160E+00
 136.000    16051901  0.62706320E+02  0.00000000E+00  0.99289780E+00
 137.000    17051901  0.64249400E+02  0.00000000E+00  0.99290640E+00
 138.000    18051901  0.64975870E+02  0.00000000E+00  0.99282090E+00
 139.000    19051901  0.66145150E+02  0.00000000E+00  0.99301330E+00
 140.000    20051901  0.67631020E+02  0.00000000E+00  0.99297690E+00
 141.000    21051901  0.69090500E+02  0.00000000E+00  0.99297920E+00
 142.000    22051901  0.70615270E+02  0.00000000E+00  0.99286600E+00
 143.000    23051901  0.72072750E+02  0.00000000E+00  0.99283640E+00
 144.000    24051901  0.73542030E+02  0.00000000E+00  0.99287090E+00
 145.000    25051901  0.75075310E+02  0.00000000E+00  0.99292870E+00
 146.000    26051901  0.76401800E+02  0.00000000E+00  0.99308390E+00
 147.000    27051901  0.77514570E+02  0.00000000E+00  0.99282990E+00
 148.000    28051901  0.78833930E+02  0.00000000E+00  0.99279550E+00
 149.000    29051901  0.80264940E+02  0.00000000E+00  0.99276330E+00
 150.000    30051901  0.81457490E+02  0.00000000E+00  0.99280440E+00
 151.000    31051901  0.82943000E+02  0.00000000E+00  0.99273000E+00
 152.000    01061901  0.84436540E+02  0.00000000E+00  0.99271630E+00
 153.000    02061901  0.85898550E+02  0.00000000E+00  0.99271810E+00
 154.000    03061901  0.87339040E+02  0.00000000E+00  0.99268810E+00
 155.000    04061901  0.89485470E+02  0.00000000E+00  0.99203820E+00
 156.000    05061901  0.91492630E+02  0.00000000E+00  0.99216020E+00
 157.000    06061901  0.93025050E+02  0.00000000E+00  0.99231650E+00
 158.000    07061901  0.94900870E+02  0.00000000E+00  0.98495050E+00
 159.000    08061901  0.97552460E+02  0.00000000E+00  0.98197660E+00
 160.000    09061901  0.10063620E+03  0.00000000E+00  0.95711310E+00
 161.000    10061901  0.10367630E+03  0.00000000E+00  0.92871910E+00
 162.000    11061901  0.10661780E+03  0.00000000E+00  0.90572990E+00
 163.000    12061901  0.10921320E+03  0.00000000E+00  0.87314160E+00
 164.000    13061901  0.11078690E+03  0.00000000E+00  0.85410130E+00
 165.000    14061901  0.11207670E+03  0.00000000E+00  0.83544740E+00
 166.000    15061901  0.11312940E+03  0.00000000E+00  0.82785240E+00
 167.000    16061901  0.11418980E+03  0.00000000E+00  0.81264280E+00
 168.000    17061901  0.11582590E+03  0.00000000E+00  0.80772990E+00
 169.000    18061901  0.11737130E+03  0.00000000E+00  0.79616000E+00
 170.000    19061901  0.11884640E+03  0.00000000E+00  0.79546750E+00
 171.000    20061901  0.12054140E+03  0.00000000E+00  0.78263900E+00
 172.000    21061901  0.12226180E+03  0.00000000E+00  0.78756760E+00
 173.000    22061901  0.12441370E+03  0.00000000E+00  0.79111800E+00
 174.000    23061901  0.12674920E+03  0.00000000E+00  0.78312470E+00
 175.000    24061901  0.12843580E+03  0.00000000E+00  0.77715570E+00
 176.000    25061901  0.13029230E+03  0.00000000E+00  0.77407310E+00
 177.000    26061901  0.13173090E+03  0.00000000E+00  0.77674880E+00
 178.000    27061901  0.13320670E+03  0.00000000E+00  0.77540610E+00
 179.000    28061901  0.13475030E+03  0.00000000E+00  0.79137790E+00
 180.000    29061901  0.13623640E+03  0.00000000E+00  0.80305230E+00
 181.000    30061901  0.13772090E+03  0.00000000E+00  0.80084390E+00
 182.000    01071901  0.13915320E+03  0.00000000E+00  0.77479610E+00
 183.000    02071901  0.14054450E+03  0.00000000E+00  0.77368930E+00
 184.000    03071901  0.14191640E+03  0.00000000E+00  0.77248500E+00
 185.000    04071901  0.14323120E+03  0.00000000E+00  0.76986110E+00
 186.000    05071901  0.14461660E+03  0.00000000E+00  0.99104180E+00
 187.000    06071901  0.14598860E+03  0.00000000E+00  0.99091020E+00
 188.000    07071901  0.14708310E+03  0.00000000E+00  0.99089560E+00
 189.000    08071901  0.14781190E+03  0.00000000E+00  0.99090530E+00
 190.000    09071901  0.14863450E+03  0.00000000E+00  0.99086330E+00
 191.000    10071901  0.14952780E+03  0.00000000E+00  0.99088700E+00
 192.000    11071901  0.15045150E+03  0.00000000E+00  0.99021530E+00
 193.000    12071901  0.15130390E+03  0.00000000E+00  0.99012290E+00
 194.000    13071901  0.15217010E+03  0.00000000E+00  0.99008780E+00
 195.000    14071901  0.15299510E+03  0.00000000E+00  0.99014660E+00
 196.000    15071901  0.15399790E+03  0.00000000E+00  0.99012640E+00
 197.000    16071901  0.15479320E+03  0.00000000E+00  0.99014050E+00
 198.000    17071901  0.15566260E+03  0.00000000E+00  0.99020150E+00
 199.000    18071901  0.15634270E+03  0.00000000E+00  0.99019680E+00
 200.000    19071901  0.15698190E+03  0.00000000E+00  0.99027790E+00
 201.000    20071901  0.15742790E+03  0.00000000E+00  0.99000010E+00
 202.000    21071901  0.15782550E+03  0.00000000E+00  0.98991150E+00
 203.000    22071901  0.15818800E+03  0.00000000E+00  0.98987860E+00
 204.000    23071901  0.15842660E+03  0.00000000E+00  0.98990150E+00
 205.000    24071901  0.15867980E+03  0.00000000E+00  0.98995990E+00
 206.000    25071901  0.15884730E+03  0.00000000E+00  0.98999130E+00
 207.000    26071901  0.15896270E+03  0.00000000E+00  0.98979500E+00
 208.000    27071901  0.15915300E+03  0.00000000E+00  0.98960190E+00
 209.000    28071901  0.15934000E+03  0.00000000E+00  0.98956670E+00
 210.000    29071901  0.15946170E+03  0.00000000E+00  0.98968860E+00
 211.000    30071901  0.15958430E+03  0.00000000E+00  0.98984000E+00
 212.000    31071901  0.15973000E+03  0.00000000E+00  0.98993390E+00
 213.000    01081901  0.15980970E+03  0.00000000E+00  0.98970630E+00
 214.000    02081901  0.15991060E+03  0.00000000E+00  0.98966840E+00
 215.000    03081901  0.16002750E+03  0.00000000E+00  0.98963800E+00
 216.000    04081901  0.16037990E+03  0.00000000E+00  0.99027350E+00
 217.000    05081901  0.16037990E+03  0.00000000E+00  0.00000000E+00
 218.000    06081901  0.16037990E+03  0.00000000E+00  0.00000000E+00
 219.000    07081901  0.16037990E+03  0.00000000E+00  0.00000000E+00
 220.000    08081901  0.16037990E+03  0.00000000E+00  0.00000000E+00
 221.000    09081901  0.16037990E+03  0.00000000E+00  0.00000000E+00
 222.000    10081901  0.16037990E+03  0.00000000E+00  0.00000000E+00
 223.000    11081901  0.16037990E+03  0.00000000E+00  0.00000000E+00
 224.000    12081901  0.16037990E+03  0.00000000E+00  0.00000000E+00
 225.000    13081901  0.16037990E+03  0.00000000E+00  0.00000000E+00
 226.000    14081901  0.16037990E+03  0.00000000E+00  0.00000000E+00
 227.000    15081901  0.16037990E+03  0.00000000E+00  0.00000000E+00
 228.000    16081901  0.16037990E+03  0.00000000E+00  0.00000000E+00
 229.000    17081901  0.16037990E+03  0.00000000E+00  0.00000000E+00
 230.000    18081901  0.16037990E+03  0.00000000E+00  0.00000000E+00
 231.000    19081901  0.16037990E+03  0.00000000E+00  0.00000000E+00
 232.000    20081901  0.16037990E+03  0.00000000E+00  0.00000000E+00
 233.000    21081901  0.16037990E+03  0.00000000E+00  0.00000000E+00
 234.000    22081901  0.16037990E+03  0.00000000E+00  0.00000000E+00
 235.000    23081901  0.16037990E+03  0.00000000E+00  0.00000000E+00
 236.000    24081901  0.16037990E+03  0.00000000E+00  0.00000000E+00
 237.000    25081901  0.16037990E+03  0.00000000E+00  0.00000000E+00
 238.000    26081901  0.16037990E+03  0.00000000E+00  0.00000000E+00
 239.000    27081901  0.16037990E+03  0.00000000E+00  0.00000000E+00
 240.000    28081901  0.16037990E+03  0.00000000E+00  0.00000000E+00
 241.000    29081901  0.16037990E+03  0.00000000E+00  0.00000000E+00
 242.000    30081901  0.16037990E+03  0.00000000E+00  0.00000000E+00
 243.000    31081901  0.16037990E+03  0.00000000E+00  0.00000000E+00
 244.000    01091901  0.16037990E+03  0.00000000E+00  0.00000000E+00
 245.000    02091901  0.16037990E+03  0.00000000E+00  0.00000000E+00
 246.000    03091901  0.16037990E+03  0.00000000E+00  0.00000000E+00
 247.000    04091901  0.16037990E+03  0.00000000E+00  0.00000000E+00
 248.000    05091901  0.16037990E+03  0.00000000E+00  0.00000000E+00
 249.000    06091901  0.16037990E+03  0.00000000E+00  0.00000000E+00
 250.000    07091901  0.16037990E+03  0.00000000E+00  0.00000000E+00
 251.000    08091901  0.16037990E+03  0.00000000E+00  0.00000000E+00
 252.000    09091901  0.16037990E+03  0.00000000E+00  0.00000000E+00
 253.000    10091901  0.16037990E+03  0.00000000E+00  0.00000000E+00
 254.000    11091901  0.16037990E+03  0.00000000E+00  0.00000000E+00
 255.000    12091901  0.16037990E+03  0.00000000E+00  0.00000000E+00
 256.000    13091901  0.16037990E+03  0.00000000E+00  0.00000000E+00
 257.000    14091901  0.16037990E+03  0.00000000E+00  0.00000000E+00
 258.000    15091901  0.16037990E+03  0.00000000E+00  0.00000000E+00
 259.000    16091901  0.16037990E+03  0.00000000E+00  0.00000000E+00
 260.000    17091901  0.16037990E+03  0.00000000E+00  0.00000000E+00
 261.000    18091901  0.16037990E+03  0.00000000E+00  0.00000000E+00
 262.000    19091901  0.16037990E+03  0.00000000E+00  0.00000000E+00
 263.000    20091901  0.16037990E+03  0.00000000E+00  0.00000000E+00
 264.000    21091901  0.16037990E+03  0.00000000E+00  0.00000000E+00
 265.000    22091901  0.16037990E+03  0.00000000E+00  0.00000000E+00
 266.000    23091901  0.16037990E+03  0.00000000E+00  0.00000000E+00
 267.000    24091901  0.16037990E+03  0.00000000E+00  0.00000000E+00
 268.000    25091901  0.16037990E+03  0.00000000E+00  0.00000000E+00
 269.000    26091901  0.16037990E+03  0.00000000E+00  0.00000000E+00
 270.000    27091901  0.16037990E+03  0.00000000E+00  0.00000000E+00
 271.000    28091901  0.16037990E+03  0.00000000E+00  0.00000000E+00
 272.000    29091901  0.16037990E+03  0.00000000E+00  0.00000000E+00
 273.000    30091901  0.16037990E+03  0.00000000E+00  0.00000000E+00
 274.000    01101901  0.16037990E+03  0.00000000E+00  0.00000000E+00
 275.000    02101901  0.16037990E+03  0.00000000E+00  0.00000000E+00
 276.000    03101901  0.16037990E+03  0.00000000E+00  0.00000000E+00
 277.000    04101901  0.16037990E+03  0.00000000E+00  0.00000000E+00
 278.000    05101901  0.16037990E+03  0.00000000E+00  0.00000000E+00
 279.000    06101901  0.16037990E+03  0.00000000E+00  0.00000000E+00
 280.000    07101901  0.16037990E+03  0.00000000E+00  0.00000000E+00
 281.000    08101901  0.16037990E+03  0.00000000E+00  0.00000000E+00
 282.000    09101901  0.16037990E+03  0.00000000E+00  0.00000000E+00
 283.000    10101901  0.16037990E+03  0.00000000E+00  0.00000000E+00
 284.000    11101901  0.16037990E+03  0.00000000E+00  0.00000000E+00
 285.000    12101901  0.16037990E+03  0.00000000E+00  0.00000000E+00
 286.000    13101901  0.16037990E+03  0.00000000E+00  0.00000000E+00
 287.000    14101901  0.16037990E+03  0.00000000E+00  0.00000000E+00
 288.000    15101901  0.16037990E+03  0.00000000E+00  0.00000000E+00
 289.000    16101901  0.16037990E+03  0.00000000E+00  0.00000000E+00
 290.000    17101901  0.16037990E+03  0.00000000E+00  0.00000000E+00
 291.000    18101901  0.16037990E+03  0.00000000E+00  0.00000000E+00
 292.000    19101901  0.16037990E+03  0.00000000E+00  0.00000000E+00
 293.000    20101901  0.16037990E+03  0.00000000E+00  0.00000000E+00
 294.000    21101901  0.16037990E+03  0.00000000E+00  0.00000000E+00
 295.000    22101901  0.16037990E+03  0.00000000E+00  0.00000000E+00
 296.000    23101901  0.16037990E+03  0.00000000E+00  0.00000000E+00
 297.000    24101901  0.16037990E+03  0.00000000E+00  0.00000000E+00
 298.000    25101901  0.16037990E+03  0.00000000E+00  0.00000000E+00
 299.000    26101901  0.16037990E+03  0.00000000E+00  0.00000000E+00
 300.000    27101901  0.16037990E+03  0.00000000E+00  0.00000000E+00
 301.000    28101901  0.16037990E+03  0.00000000E+00  0.00000000E+00
 302.000    29101901  0.16037990E+03  0.00000000E+00  0.00000000E+00
 303.000    30101901  0.16037990E+03  0.00000000E+00  0.00000000E+00
 304.000    31101901  0.16037990E+03  0.00000000E+00  0.00000000E+00
 305.000    01111901  0.16037990E+03  0.00000000E+00  0.00000000E+00
 306.000    02111901  0.16037990E+03  0.00000000E+00  0.00000000E+00
 307.000    03111901  0.16037990E+03  0.00000000E+00  0.00000000E+00
 308.000    04111901  0.16037990E+03  0.00000000E+00  0.00000000E+00
 309.000    05111901  0.16037990E+03  0.00000000E+00  0.00000000E+00
 310.000    06111901  0.16037990E+03  0.00000000E+00  0.00000000E+00
 311.000    07111901  0.16037990E+03  0.00000000E+00  0.00000000E+00
 312.000    08111901  0.16037990E+03  0.00000000E+00  0.00000000E+00
 313.000    09111901  0.16037990E+03  0.00000000E+00  0.00000000E+00
 314.000    10111901  0.16037990E+03  0.00000000E+00  0.00000000E+00
 315.000    11111901  0.16037990E+03  0.00000000E+00  0.00000000E+00
 316.000    12111901  0.16037990E+03  0.00000000E+00  0.00000000E+00
 317.000    13111901  0.16037990E+03  0.00000000E+00  0.00000000E+00
 318.000    14111901  0.16037990E+03  0.00000000E+00  0.00000000E+00
 319.000    15111901  0.16037990E+03  0.00000000E+00  0.00000000E+00
 320.000    16111901  0.16037990E+03  0.00000000E+00  0.00000000E+00
 321.000    17111901  0.16037990E+03  0.00000000E+00  0.00000000E+00
 322.000    18111901  0.16037990E+03  0.00000000E+00  0.00000000E+00
 323.000    19111901  0.16037990E+03  0.00000000E+00  0.00000000E+00
 324.000    20111901  0.16037990E+03  0.00000000E+00  0.00000000E+00
 325.000    21111901  0.16037990E+03  0.00000000E+00  0.00000000E+00
 326.000    22111901  0.16037990E+03  0.00000000E+00  0.00000000E+00
 327.000    23111901  0.16037990E+03  0.00000000E+00  0.00000000E+00
 328.000    24111901  0.16037990E+03  0.00000000E+00  0.00000000E+00
 329.000    25111901  0.16037990E+03  0.00000000E+00  0.00000000E+00
 330.000    26111901  0.16037990E+03  0.00000000E+00  0.00000000E+00
 331.000    27111901  0.16037990E+03  0.00000000E+00  0.00000000E+00
 332.000    28111901  0.16037990E+03  0.00000000E+00  0.00000000E+00
 333.000    29111901  0.16037990E+03  0.00000000E+00  0.00000000E+00
 334.000    30111901  0.16037990E+03  0.00000000E+00  0.00000000E+00
 335.000    01121901  0.16037990E+03  0.00000000E+00  0.00000000E+00
 336.000    02121901  0.16037990E+03  0.00000000E+00  0.00000000E+00
 337.000    03121901  0.16037990E+03  0.00000000E+00  0.00000000E+00
 338.000    04121901  0.16037990E+03  0.00000000E+00  0.00000000E+00
 339.000    05121901  0.16037990E+03  0.00000000E+00  0.00000000E+00
 340.000    06121901  0.16037990E+03  0.00000000E+00  0.00000000E+00
 341.000    07121901  0.16037990E+03  0.00000000E+00  0.00000000E+00
 342.000    08121901  0.16037990E+03  0.00000000E+00  0.00000000E+00
 343.000    09121901  0.16037990E+03  0.00000000E+00  0.00000000E+00
 344.000    10121901  0.16037990E+03  0.00000000E+00  0.00000000E+00
 345.000    11121901  0.16037990E+03  0.00000000E+00  0.00000000E+00
 346.000    12121901  0.16037990E+03  0.00000000E+00  0.00000000E+00
 347.000    13121901  0.16037990E+03  0.00000000E+00  0.00000000E+00
 348.000    14121901  0.16037990E+03  0.00000000E+00  0.00000000E+00
 349.000    15121901  0.16037990E+03  0.00000000E+00  0.00000000E+00
 350.000    16121901  0.16037990E+03  0.00000000E+00  0.00000000E+00
 351.000    17121901  0.16037990E+03  0.00000000E+00  0.00000000E+00
 352.000    18121901  0.16037990E+03  0.00000000E+00  0.00000000E+00
 353.000    19121901  0.16037990E+03  0.00000000E+00  0.00000000E+00
 354.000    20121901  0.16037990E+03  0.00000000E+00  0.00000000E+00
 355.000    21121901  0.16037990E+03  0.00000000E+00  0.00000000E+00
 356.000    22121901  0.16037990E+03  0.00000000E+00  0.00000000E+00
 357.000    23121901  0.16037990E+03  0.00000000E+00  0.00000000E+00
 358.000    24121901  0.16037990E+03  0.00000000E+00  0.00000000E+00
 359.000    25121901  0.16037990E+03  0.00000000E+00  0.00000000E+00
 360.000    26121901  0.16037990E+03  0.00000000E+00  0.00000000E+00
 361.000    27121901  0.16037990E+03  0.00000000E+00  0.00000000E+00
 362.000    28121901  0.16037990E+03  0.00000000E+00  0.00000000E+00
 363.000    29121901  0.16037990E+03  0.00000000E+00  0.00000000E+00
 364.000    30121901  0.16037990E+03  0.00000000E+00  0.00000000E+00
 365.000    31121901  0.16037990E+03  0.00000000E+00  0.00000000E+00
