    DOY     DATE    GROWTH_STG      BRANCH_NO.      NODE_NO.        RUB_ACTVN       LEAF_N/C        LEAF_P/C        MIN_LWP         O2_STRESS       TEMP_STRESS     
   1.000    01011901  EMERGENCE                    1  0.54003500E-01  0.97026300E+00  0.43856790E-01  0.43835020E-02 -0.11262700E-01  0.97185250E+00  0.20017110E+00  0.00000000E+00  0.00000000E+00
   2.000    02011901  EMERGENCE                    1  0.11506650E+00  0.95644370E+00  0.46971900E-01  0.48067750E-02 -0.11521750E-01  0.97333900E+00  0.16232610E+00  0.00000000E+00  0.00000000E+00
   3.000    03011901  EMERGENCE                    1  0.16201430E+00  0.95333490E+00  0.55066430E-01  0.59843870E-02 -0.11501990E-01  0.97499140E+00  0.17006900E+00  0.00000000E+00  0.00000000E+00
   4.000    04011901  EMERGENCE                    1  0.21487130E+00  0.95233010E+00  0.65773280E-01  0.76363900E-02 -0.11696750E-01  0.97374670E+00  0.27188020E+00  0.00000000E+00  0.00000000E+00
   5.000    05011901  EMERGENCE                    1  0.29176880E+00  0.95007760E+00  0.75655360E-01  0.91361880E-02 -0.31395690E+00  0.97142660E+00  0.24554690E+00  0.00000000E+00  0.00000000E+00
   6.000    06011901  EMERGENCE                    1  0.36183650E+00  0.95185400E+00  0.86764930E-01  0.10805580E-01 -0.17134510E-01  0.96568600E+00  0.36296480E+00  0.00000000E+00  0.00000000E+00
   7.000    07011901  EMERGENCE                    1  0.45200660E+00  0.95490310E+00  0.10027920E+00  0.12732920E-01 -0.11779620E+00  0.96364100E+00  0.31559620E+00  0.00000000E+00  0.00000000E+00
   8.000    08011901  EMERGENCE                    1  0.54906290E+00  0.96463040E+00  0.12833790E+00  0.16582490E-01 -0.19474170E-01  0.96109070E+00  0.47333140E+00  0.00000000E+00  0.00000000E+00
   9.000    09011901  EMERGENCE                    1  0.65395400E+00  0.97471540E+00  0.16150100E+00  0.20921160E-01 -0.14941560E+00  0.95925390E+00  0.32535150E+00  0.00000000E+00  0.00000000E+00
  10.000    10011901  EMERGENCE                    1  0.72906280E+00  0.98179000E+00  0.19935840E+00  0.26341090E-01 -0.13607580E+00  0.96253620E+00  0.26018740E+00  0.00000000E+00  0.00000000E+00
  11.000    11011901  EMERGENCE                    1  0.81264140E+00  0.98633870E+00  0.23582560E+00  0.32096090E-01 -0.13001290E+00  0.96093580E+00  0.38773210E+00  0.00000000E+00  0.00000000E+00
  12.000    12011901  EMERGENCE                    1  0.91051070E+00  0.98854910E+00  0.26059150E+00  0.36416040E-01 -0.30258990E+00  0.96245550E+00  0.34692660E+00  0.00000000E+00  0.00000000E+00
  13.000    13011901  EMERGENCE                    1  0.99686530E+00  0.98982410E+00  0.28027000E+00  0.40143500E-01 -0.17324930E+00  0.96584120E+00  0.35896640E+00  0.00000000E+00  0.00000000E+00
  14.000    14011901  EMERGENCE                    1  0.10849410E+01  0.99042560E+00  0.29204660E+00  0.42781690E-01 -0.22860200E+00  0.96720220E+00  0.31794110E+00  0.00000000E+00  0.00000000E+00
  15.000    15011901  EMERGENCE                    1  0.11704210E+01  0.99135740E+00  0.30399040E+00  0.45418140E-01 -0.63609210E-01  0.96558500E+00  0.38836320E+00  0.00000000E+00  0.00000000E+00
  16.000    16011901  EMERGENCE                    1  0.12763300E+01  0.99184290E+00  0.30869310E+00  0.46873820E-01 -0.15577860E+00  0.96283420E+00  0.45411970E+00  0.00000000E+00  0.00000000E+00
  17.000    17011901  EMERGENCE                    1  0.13794610E+01  0.99147930E+00  0.30727790E+00  0.47367080E-01 -0.16226850E+00  0.96578660E+00  0.36809110E+00  0.00000000E+00  0.00000000E+00
  18.000    18011901  EMERGENCE                    1  0.14813270E+01  0.99104410E+00  0.30349060E+00  0.47464190E-01 -0.37700080E+00  0.96514380E+00  0.43395440E+00  0.00000000E+00  0.00000000E+00
  19.000    19011901  EMERGENCE                    1  0.15930480E+01  0.99087130E+00  0.29923120E+00  0.47362750E-01 -0.33676320E+00  0.96096950E+00  0.43436260E+00  0.00000000E+00  0.00000000E+00
  20.000    20011901  EMERGENCE                    1  0.16923670E+01  0.99067980E+00  0.29647070E+00  0.47389820E-01 -0.19371220E+00  0.96850990E+00  0.31443570E+00  0.00000000E+00  0.00000000E+00
  21.000    21011901  EMERGENCE                    1  0.17744410E+01  0.99032570E+00  0.29241290E+00  0.47160560E-01 -0.32455620E+00  0.97102030E+00  0.24664030E+00  0.00000000E+00  0.00000000E+00
  22.000    22011901  EMERGENCE                    1  0.18447880E+01  0.99014820E+00  0.28949770E+00  0.47017290E-01 -0.38382590E+00  0.97470770E+00  0.20844500E+00  0.00000000E+00  0.00000000E+00
  23.000    23011901  EMERGENCE                    1  0.19153460E+01  0.98996410E+00  0.28577550E+00  0.46663670E-01 -0.32656200E+00  0.97335260E+00  0.24487050E+00  0.00000000E+00  0.00000000E+00
  24.000    24011901  EMERGENCE                    1  0.19985590E+01  0.98979750E+00  0.28118830E+00  0.46086860E-01 -0.35370060E+00  0.97916810E+00  0.24541440E+00  0.00000000E+00  0.00000000E+00
  25.000    25011901  EMERGENCE                    1  0.20846230E+01  0.98960360E+00  0.27700040E+00  0.45516400E-01 -0.39290770E+00  0.98158720E+00  0.26202430E+00  0.00000000E+00  0.00000000E+00
  26.000    26011901  EMERGENCE                    1  0.21755060E+01  0.98937750E+00  0.27231050E+00  0.44851490E-01 -0.48036850E+00  0.98267250E+00  0.34998490E+00  0.00000000E+00  0.00000000E+00
  27.000    27011901  EMERGENCE                    1  0.22743230E+01  0.98932370E+00  0.26854470E+00  0.44330600E-01 -0.39318420E+00  0.98366140E+00  0.38110870E+00  0.00000000E+00  0.00000000E+00
  28.000    28011901  EMERGENCE                    1  0.23799240E+01  0.98906260E+00  0.26367900E+00  0.43611850E-01 -0.48022400E+00  0.98423770E+00  0.37810290E+00  0.00000000E+00  0.00000000E+00
  29.000    29011901  FLORAL_INIT.                 1  0.24767530E+01  0.98888110E+00  0.26101110E+00  0.43222440E-01 -0.22776040E+00  0.98564340E+00  0.34664690E+00  0.00000000E+00  0.00000000E+00
  30.000    30011901  FLORAL_INIT.                 1  0.25772360E+01  0.98907860E+00  0.25997510E+00  0.43082900E-01 -0.33927780E+00  0.98543700E+00  0.41281230E+00  0.00000000E+00  0.00000000E+00
  31.000    31011901  FLORAL_INIT.                 1  0.26836410E+01  0.98933790E+00  0.25954270E+00  0.43002600E-01 -0.32867220E+00  0.98549670E+00  0.42810970E+00  0.00000000E+00  0.00000000E+00
  32.000    01021901  FLORAL_INIT.                 1  0.27858260E+01  0.98910530E+00  0.25713840E+00  0.42613180E-01 -0.27453260E+00  0.98586550E+00  0.42732200E+00  0.00000000E+00  0.00000000E+00
  33.000    02021901  FLORAL_INIT.                 1  0.28819650E+01  0.98850170E+00  0.25279670E+00  0.41915340E-01 -0.34755370E+00  0.98674920E+00  0.32624670E+00  0.00000000E+00  0.00000000E+00
  34.000    03021901  FLORAL_INIT.                 1  0.29720830E+01  0.98813140E+00  0.24992570E+00  0.41457520E-01 -0.28459530E+00  0.98692030E+00  0.32922240E+00  0.00000000E+00  0.00000000E+00
  35.000    04021901  FLORAL_INIT.                 1  0.30370940E+01  0.98786420E+00  0.24903180E+00  0.41283990E-01 -0.26847780E+00  0.98865240E+00  0.16141160E+00  0.00000000E+00  0.00000000E+00
  36.000    05021901  FLORAL_INIT.                 1  0.30851490E+01  0.98792180E+00  0.25019880E+00  0.41443320E-01 -0.25609260E+00  0.98931840E+00  0.12090120E+00  0.00000000E+00  0.00000000E+00
  37.000    06021901  FLORAL_INIT.                 1  0.31390090E+01  0.98775990E+00  0.24905020E+00  0.41211860E-01 -0.37455380E+00  0.98895740E+00  0.13668880E+00  0.00000000E+00  0.00000000E+00
  38.000    07021901  FLORAL_INIT.                 1  0.31948030E+01  0.98749160E+00  0.24741310E+00  0.40883590E-01 -0.41953400E+00  0.98871180E+00  0.22351430E+00  0.00000000E+00  0.00000000E+00
  39.000    08021901  FLORAL_INIT.                 1  0.32541200E+01  0.98761600E+00  0.24789270E+00  0.40891590E-01 -0.24255910E+00  0.98840830E+00  0.20043860E+00  0.00000000E+00  0.00000000E+00
  40.000    09021901  FLORAL_INIT.                 1  0.33197190E+01  0.98731010E+00  0.24570090E+00  0.40450870E-01 -0.30927740E+00  0.98799480E+00  0.21283740E+00  0.00000000E+00  0.00000000E+00
  41.000    10021901  FLORAL_INIT.                 1  0.33777550E+01  0.98746040E+00  0.24748370E+00  0.40637660E-01 -0.33689300E+00  0.98960630E+00  0.14429820E+00  0.00000000E+00  0.00000000E+00
  42.000    11021901  FLORAL_INIT.                 1  0.34355130E+01  0.98703640E+00  0.24577800E+00  0.40259630E-01 -0.39416040E+00  0.98940180E+00  0.16346140E+00  0.00000000E+00  0.00000000E+00
  43.000    12021901  FLORAL_INIT.                 1  0.34935890E+01  0.98736890E+00  0.24772530E+00  0.40479770E-01 -0.28700350E+00  0.98826410E+00  0.25588560E+00  0.00000000E+00  0.00000000E+00
  44.000    13021901  FLORAL_INIT.                 1  0.35916620E+01  0.98850770E+00  0.25094830E+00  0.40869150E-01 -0.31183260E+00  0.98527410E+00  0.50603390E+00  0.00000000E+00  0.00000000E+00
  45.000    14021901  JOINTING                     1  0.36891920E+01  0.98848540E+00  0.25108090E+00  0.40685100E-01 -0.21982920E+00  0.98836060E+00  0.27578710E+00  0.00000000E+00  0.00000000E+00
  46.000    15021901  JOINTING                     1  0.37543140E+01  0.98807290E+00  0.25137750E+00  0.40611690E-01 -0.24807750E+00  0.98919930E+00  0.20550610E+00  0.00000000E+00  0.00000000E+00
  47.000    16021901  JOINTING                     1  0.38209990E+01  0.98788790E+00  0.25173200E+00  0.40589190E-01 -0.28948060E+00  0.98938540E+00  0.23853650E+00  0.00000000E+00  0.00000000E+00
  48.000    17021901  JOINTING                     1  0.38832800E+01  0.98770420E+00  0.25183650E+00  0.40509310E-01 -0.37143030E+00  0.99024710E+00  0.13123430E+00  0.00000000E+00  0.00000000E+00
  49.000    18021901  JOINTING                     1  0.39402760E+01  0.98780850E+00  0.25327520E+00  0.40630690E-01 -0.56550790E+00  0.99057120E+00  0.13220870E+00  0.00000000E+00  0.00000000E+00
  50.000    19021901  JOINTING                     1  0.39988170E+01  0.98789270E+00  0.25408460E+00  0.40642010E-01 -0.49726490E+00  0.98873270E+00  0.28697720E+00  0.00000000E+00  0.00000000E+00
  51.000    20021901  JOINTING                     1  0.40765650E+01  0.98783360E+00  0.25332430E+00  0.40368360E-01 -0.45593670E+00  0.98990010E+00  0.22754950E+00  0.00000000E+00  0.00000000E+00
  52.000    21021901  JOINTING                     1  0.41463640E+01  0.98791320E+00  0.25433530E+00  0.40367550E-01 -0.68613810E+00  0.99067490E+00  0.24819600E+00  0.00000000E+00  0.00000000E+00
  53.000    22021901  JOINTING                     1  0.42104300E+01  0.98797840E+00  0.25518720E+00  0.40343180E-01 -0.54847640E+00  0.99039850E+00  0.15742310E+00  0.00000000E+00  0.00000000E+00
  54.000    23021901  JOINTING                     1  0.42744660E+01  0.98764620E+00  0.25368170E+00  0.39943810E-01 -0.45537690E+00  0.98928390E+00  0.23693800E+00  0.00000000E+00  0.00000000E+00
  55.000    24021901  JOINTING                     1  0.43533790E+01  0.98748680E+00  0.25273590E+00  0.39619000E-01 -0.53756590E+00  0.98945630E+00  0.28389950E+00  0.00000000E+00  0.00000000E+00
  56.000    25021901  JOINTING                     1  0.44397050E+01  0.98809790E+00  0.25612540E+00  0.39951440E-01 -0.30157470E+00  0.98864260E+00  0.39876110E+00  0.00000000E+00  0.00000000E+00
  57.000    26021901  JOINTING                     1  0.45348980E+01  0.98877810E+00  0.25964300E+00  0.40267050E-01 -0.24737540E+00  0.98916810E+00  0.34662670E+00  0.00000000E+00  0.00000000E+00
  58.000    27021901  JOINTING                     1  0.46329320E+01  0.98797370E+00  0.25531920E+00  0.39371610E-01 -0.27656970E+00  0.99011230E+00  0.29189050E+00  0.00000000E+00  0.00000000E+00
  59.000    28021901  JOINTING                     1  0.47200060E+01  0.98802770E+00  0.25704180E+00  0.39426290E-01 -0.54094720E+00  0.99139050E+00  0.27245750E+00  0.00000000E+00  0.00000000E+00
  60.000    01031901  JOINTING                     1  0.47980090E+01  0.98821720E+00  0.25932310E+00  0.39581640E-01 -0.35594260E+00  0.99077920E+00  0.35625570E+00  0.00000000E+00  0.00000000E+00
  61.000    02031901  ELONGATION                   1  0.48996790E+01  0.98855460E+00  0.26107310E+00  0.39618010E-01 -0.21869480E+00  0.99053890E+00  0.41629220E+00  0.00000000E+00  0.00000000E+00
  62.000    03031901  ELONGATION                   1  0.49989840E+01  0.98841750E+00  0.26130730E+00  0.39403650E-01 -0.22263470E+00  0.99296910E+00  0.34783300E+00  0.00000000E+00  0.00000000E+00
  63.000    04031901  ELONGATION                   1  0.50843010E+01  0.98851450E+00  0.26352740E+00  0.39522170E-01 -0.26120800E+00  0.99352610E+00  0.33916730E+00  0.00000000E+00  0.00000000E+00
  64.000    05031901  ELONGATION                   1  0.51781180E+01  0.98893990E+00  0.26697660E+00  0.39838610E-01 -0.24011710E+00  0.99324130E+00  0.47781930E+00  0.00000000E+00  0.00000000E+00
  65.000    06031901  ELONGATION                   1  0.52814850E+01  0.98861020E+00  0.26558650E+00  0.39417640E-01 -0.39370930E+00  0.99350560E+00  0.32378590E+00  0.00000000E+00  0.00000000E+00
  66.000    07031901  ELONGATION                   1  0.53602560E+01  0.98855630E+00  0.26751920E+00  0.39494510E-01 -0.27298860E+00  0.99368150E+00  0.27070050E+00  0.00000000E+00  0.00000000E+00
  67.000    08031901  ELONGATION                   1  0.54377120E+01  0.98836520E+00  0.26792640E+00  0.39362560E-01 -0.50393330E+00  0.99376350E+00  0.22475670E+00  0.00000000E+00  0.00000000E+00
  68.000    09031901  ELONGATION                   1  0.55069490E+01  0.98823550E+00  0.26879870E+00  0.39293100E-01 -0.26912990E+00  0.99379890E+00  0.23630170E+00  0.00000000E+00  0.00000000E+00
  69.000    10031901  ELONGATION                   1  0.55856520E+01  0.98804990E+00  0.26880030E+00  0.39088250E-01 -0.55474740E+00  0.99377350E+00  0.20460930E+00  0.00000000E+00  0.00000000E+00
  70.000    11031901  ELONGATION                   1  0.56724480E+01  0.98861470E+00  0.27383930E+00  0.39595490E-01 -0.79288880E+00  0.99367090E+00  0.26389140E+00  0.00000000E+00  0.00000000E+00
  71.000    12031901  ELONGATION                   1  0.57665080E+01  0.98870690E+00  0.27597540E+00  0.39641360E-01 -0.60687300E+00  0.99373120E+00  0.27969200E+00  0.00000000E+00  0.00000000E+00
  72.000    13031901  ELONGATION                   1  0.58598400E+01  0.98886770E+00  0.27881940E+00  0.39798790E-01 -0.10540630E+01  0.99374450E+00  0.23273940E+00  0.00000000E+00  0.00000000E+00
  73.000    14031901  ELONGATION                   1  0.59583740E+01  0.98903120E+00  0.28158310E+00  0.39957050E-01 -0.13880850E+01  0.99374200E+00  0.25350460E+00  0.00000000E+00  0.00000000E+00
  74.000    15031901  ELONGATION                   1  0.60587170E+01  0.98954380E+00  0.28725330E+00  0.40521580E-01 -0.81009530E+00  0.99367430E+00  0.32606830E+00  0.00000000E+00  0.00000000E+00
  75.000    16031901  ELONGATION                   1  0.61699420E+01  0.98998230E+00  0.29260380E+00  0.41032110E-01 -0.10430930E+01  0.99359810E+00  0.38761280E+00  0.00000000E+00  0.00000000E+00
  76.000    17031901  ELONGATION                   1  0.62965040E+01  0.99044460E+00  0.29827540E+00  0.41598740E-01 -0.95687960E+00  0.99347900E+00  0.46147540E+00  0.00000000E+00  0.00000000E+00
  77.000    18031901  ELONGATION                   1  0.64272200E+01  0.99061310E+00  0.30248200E+00  0.41961530E-01 -0.11717400E+01  0.99357980E+00  0.37224650E+00  0.00000000E+00  0.00000000E+00
  78.000    19031901  ELONGATION                   1  0.65455990E+01  0.99020670E+00  0.30285570E+00  0.41826930E-01 -0.94857580E+00  0.99352270E+00  0.43061030E+00  0.00000000E+00  0.00000000E+00
  79.000    20031901  ELONGATION                   1  0.66524200E+01  0.99046700E+00  0.30907100E+00  0.42517400E-01 -0.62632850E+00  0.99355810E+00  0.30429520E+00  0.00000000E+00  0.00000000E+00
  80.000    21031901  ELONGATION                   1  0.67499430E+01  0.99050050E+00  0.31360960E+00  0.43004300E-01 -0.71552180E+00  0.99356480E+00  0.36857630E+00  0.00000000E+00  0.00000000E+00
  81.000    22031901  ELONGATION                   1  0.68416510E+01  0.99060580E+00  0.31872340E+00  0.43590930E-01 -0.26799230E+00  0.99348560E+00  0.39603320E+00  0.00000000E+00  0.00000000E+00
  82.000    23031901  ELONGATION                   1  0.69503370E+01  0.99071900E+00  0.32377200E+00  0.44186470E-01 -0.61379530E+00  0.99358560E+00  0.30783280E+00  0.00000000E+00  0.00000000E+00
  83.000    24031901  ELONGATION                   1  0.70493270E+01  0.99059400E+00  0.32684850E+00  0.44522020E-01 -0.68036430E+00  0.99356940E+00  0.38596010E+00  0.00000000E+00  0.00000000E+00
  84.000    25031901  ELONGATION                   1  0.71524020E+01  0.99116850E+00  0.33671520E+00  0.45784930E-01 -0.65349290E+00  0.99348490E+00  0.35328130E+00  0.00000000E+00  0.00000000E+00
  85.000    26031901  ANTHESIS                     1  0.72679570E+01  0.99106020E+00  0.33934680E+00  0.46063120E-01 -0.69804650E+00  0.99346650E+00  0.49504880E+00  0.00000000E+00  0.00000000E+00
  86.000    27031901  ANTHESIS                     1  0.73850940E+01  0.99127120E+00  0.34549390E+00  0.46804570E-01 -0.39408550E+00  0.99352880E+00  0.34084610E+00  0.00000000E+00  0.00000000E+00
  87.000    28031901  ANTHESIS                     1  0.74957040E+01  0.99083440E+00  0.34460300E+00  0.46601140E-01 -0.10228530E+01  0.99352050E+00  0.37919070E+00  0.00000000E+00  0.00000000E+00
  88.000    29031901  ANTHESIS                     1  0.76021300E+01  0.99104380E+00  0.35107150E+00  0.47385480E-01 -0.76356250E+00  0.99352020E+00  0.35142590E+00  0.00000000E+00  0.00000000E+00
  89.000    30031901  ANTHESIS                     1  0.77154980E+01  0.99127060E+00  0.35766660E+00  0.48174460E-01 -0.98817860E+00  0.99344900E+00  0.39404600E+00  0.00000000E+00  0.00000000E+00
  90.000    31031901  ANTHESIS                     1  0.78439090E+01  0.99132050E+00  0.36202160E+00  0.48647060E-01 -0.12941200E+01  0.99336650E+00  0.48368080E+00  0.00000000E+00  0.00000000E+00
  91.000    01041901  ANTHESIS                     1  0.79585730E+01  0.99134160E+00  0.36639550E+00  0.49098570E-01 -0.50243390E+00  0.99343470E+00  0.43018430E+00  0.00000000E+00  0.00000000E+00
  92.000    02041901  SEED_FILL                    1  0.80766360E+01  0.99173830E+00  0.37446110E+00  0.50088930E-01 -0.50167670E+00  0.99342780E+00  0.41528630E+00  0.00000000E+00  0.00000000E+00
  93.000    03041901  SEED_FILL                    1  0.81904750E+01  0.99180850E+00  0.37806200E+00  0.50483220E-01 -0.47440880E+00  0.99343780E+00  0.45117920E+00  0.00000000E+00  0.00000000E+00
  94.000    04041901  SEED_FILL                    1  0.83100370E+01  0.99200850E+00  0.38347590E+00  0.51117250E-01 -0.62986200E+00  0.99347410E+00  0.42245060E+00  0.00000000E+00  0.00000000E+00
  95.000    05041901  SEED_FILL                    1  0.84209590E+01  0.99208270E+00  0.38756220E+00  0.51566490E-01 -0.47067620E+00  0.99349340E+00  0.37189390E+00  0.00000000E+00  0.00000000E+00
  96.000    06041901  SEED_FILL                    1  0.85580690E+01  0.99229100E+00  0.39302100E+00  0.52228950E-01 -0.98870120E+00  0.99336590E+00  0.48584710E+00  0.00000000E+00  0.00000000E+00
  97.000    07041901  SEED_FILL                    1  0.87032970E+01  0.99241730E+00  0.39764200E+00  0.52762510E-01 -0.92938600E+00  0.99331250E+00  0.48960800E+00  0.00000000E+00  0.00000000E+00
  98.000    08041901  SEED_NO._SET                 1  0.88492300E+01  0.99245260E+00  0.40110980E+00  0.53141290E-01 -0.82393350E+00  0.99329190E+00  0.44932030E+00  0.00000000E+00  0.00000000E+00
  99.000    09041901  SEED_NO._SET                 1  0.89795730E+01  0.99260460E+00  0.40717510E+00  0.53896400E-01 -0.97877090E+00  0.99321390E+00  0.41146290E+00  0.00000000E+00  0.00000000E+00
 100.000    10041901  SEED_NO._SET                 1  0.91048810E+01  0.99262930E+00  0.41094920E+00  0.54367510E-01 -0.10426090E+01  0.99324690E+00  0.43187810E+00  0.00000000E+00  0.00000000E+00
 101.000    11041901  SEED_NO._SET                 1  0.92148190E+01  0.99232040E+00  0.40945230E+00  0.54136050E-01 -0.52454880E+00  0.99334410E+00  0.38131410E+00  0.00000000E+00  0.00000000E+00
 102.000    12041901  SEED_NO._SET                 1  0.93369160E+01  0.99248760E+00  0.41455240E+00  0.54789940E-01 -0.83360600E+00  0.99327810E+00  0.40248840E+00  0.00000000E+00  0.00000000E+00
 103.000    13041901  SEED_NO._SET                 1  0.94691140E+01  0.99241250E+00  0.41553100E+00  0.54882500E-01 -0.12704390E+01  0.99330140E+00  0.36899830E+00  0.00000000E+00  0.00000000E+00
 104.000    14041901  SEED_NO._SET                 1  0.95791820E+01  0.99219760E+00  0.41502240E+00  0.54748300E-01 -0.52879860E+00  0.99336900E+00  0.37830000E+00  0.00000000E+00  0.00000000E+00
 105.000    15041901  SEED_MASS_SET                1  0.96766600E+01  0.99222250E+00  0.41837520E+00  0.55112000E-01 -0.55781470E+00  0.99341290E+00  0.39482240E+00  0.00000000E+00  0.00000000E+00
 106.000    16041901  SEED_MASS_SET                1  0.97953450E+01  0.99235760E+00  0.42269210E+00  0.55598340E-01 -0.65255070E+00  0.99336190E+00  0.40160720E+00  0.00000000E+00  0.00000000E+00
 107.000    17041901  SEED_MASS_SET                1  0.99271550E+01  0.99260120E+00  0.42904000E+00  0.56331890E-01 -0.10300810E+01  0.99326930E+00  0.46723020E+00  0.00000000E+00  0.00000000E+00
 108.000    18041901  SEED_MASS_SET                1  0.10086810E+02  0.99289000E+00  0.43603750E+00  0.57138070E-01 -0.13797150E+01  0.99309870E+00  0.57139240E+00  0.00000000E+00  0.00000000E+00
 109.000    19041901  SEED_MASS_SET                1  0.10228300E+02  0.99229360E+00  0.42860730E+00  0.56017610E-01 -0.93550440E+00  0.99328540E+00  0.43884720E+00  0.00000000E+00  0.00000000E+00
 110.000    20041901  SEED_MASS_SET                1  0.10343750E+02  0.99223600E+00  0.43086080E+00  0.56164120E-01 -0.65020940E+00  0.99337710E+00  0.34743900E+00  0.00000000E+00  0.00000000E+00
 111.000    21041901  SEED_MASS_SET                1  0.10462790E+02  0.99223140E+00  0.43342870E+00  0.56357600E-01 -0.82874950E+00  0.99314470E+00  0.37572240E+00  0.00000000E+00  0.00000000E+00
 112.000    22041901  SEED_MASS_SET                1  0.10610350E+02  0.99257340E+00  0.44171710E+00  0.57283550E-01 -0.13158030E+01  0.99296810E+00  0.53714370E+00  0.00000000E+00  0.00000000E+00
 113.000    23041901  SEED_MASS_SET                1  0.10804520E+02  0.99325760E+00  0.45627070E+00  0.59000510E-01 -0.17665070E+01  0.99265090E+00  0.69662600E+00  0.00000000E+00  0.00000000E+00
 114.000    24041901  SEED_MASS_SET                1  0.10992240E+02  0.99285850E+00  0.45185220E+00  0.58225110E-01 -0.15616830E+01  0.99288890E+00  0.47888420E+00  0.00000000E+00  0.00000000E+00
 115.000    25041901  SEED_MASS_SET                1  0.11132130E+02  0.99239370E+00  0.44653710E+00  0.57358570E-01 -0.91575800E+00  0.99303250E+00  0.38576210E+00  0.00000000E+00  0.00000000E+00
 116.000    26041901  SEED_MASS_SET                1  0.11278900E+02  0.99245870E+00  0.45043830E+00  0.57704460E-01 -0.11356550E+01  0.99295210E+00  0.44382050E+00  0.00000000E+00  0.00000000E+00
 117.000    27041901  SEED_MASS_SET                1  0.11410180E+02  0.99219050E+00  0.44796590E+00  0.57214470E-01 -0.86835460E+00  0.99305280E+00  0.42331750E+00  0.00000000E+00  0.00000000E+00
 118.000    28041901  SEED_MASS_SET                1  0.11536880E+02  0.99219550E+00  0.45077480E+00  0.57390830E-01 -0.83486300E+00  0.99311820E+00  0.38853930E+00  0.00000000E+00  0.00000000E+00
 119.000    29041901  SEED_MASS_SET                1  0.11672490E+02  0.99225750E+00  0.45452440E+00  0.57677820E-01 -0.10082410E+01  0.99299910E+00  0.47204660E+00  0.00000000E+00  0.00000000E+00
 120.000    30041901  SEED_MASS_SET                1  0.11804340E+02  0.99217480E+00  0.45547470E+00  0.57582180E-01 -0.92731400E+00  0.99306700E+00  0.41459640E+00  0.00000000E+00  0.00000000E+00
 121.000    01051901  SEED_MASS_SET                1  0.11943290E+02  0.99233660E+00  0.46132720E+00  0.58106760E-01 -0.11075670E+01  0.99297200E+00  0.50026700E+00  0.00000000E+00  0.00000000E+00
 122.000    02051901  SEED_MASS_SET                1  0.12088550E+02  0.99230450E+00  0.46317650E+00  0.58109740E-01 -0.14105790E+01  0.99302710E+00  0.44909260E+00  0.00000000E+00  0.00000000E+00
 123.000    03051901  SEED_MASS_SET                1  0.12224510E+02  0.99223690E+00  0.46448990E+00  0.58037400E-01 -0.11653640E+01  0.99281130E+00  0.38730250E+00  0.00000000E+00  0.00000000E+00
 124.000    04051901  SEED_MASS_SET                1  0.12342340E+02  0.99216850E+00  0.46619650E+00  0.58000900E-01 -0.78462750E+00  0.99291920E+00  0.38921390E+00  0.00000000E+00  0.00000000E+00
 125.000    05051901  SEED_MASS_SET                1  0.12462330E+02  0.99213300E+00  0.46830620E+00  0.58026770E-01 -0.80727160E+00  0.99292690E+00  0.42203340E+00  0.00000000E+00  0.00000000E+00
 126.000    06051901  SEED_MASS_SET                1  0.12584550E+02  0.99210160E+00  0.47028040E+00  0.58042340E-01 -0.57587900E+00  0.99294630E+00  0.44546710E+00  0.00000000E+00  0.00000000E+00
 127.000    07051901  SEED_MASS_SET                1  0.12713410E+02  0.99219040E+00  0.47489070E+00  0.58376820E-01 -0.78091150E+00  0.99297370E+00  0.38073660E+00  0.00000000E+00  0.00000000E+00
 128.000    08051901  SEED_MASS_SET                1  0.12855730E+02  0.99224620E+00  0.47870020E+00  0.58606380E-01 -0.13036190E+01  0.99296040E+00  0.36884050E+00  0.00000000E+00  0.00000000E+00
 129.000    09051901  SEED_MASS_SET                1  0.12999490E+02  0.99222360E+00  0.48091120E+00  0.58633400E-01 -0.11621330E+01  0.99295250E+00  0.37984150E+00  0.00000000E+00  0.00000000E+00
 130.000    10051901  SEED_MASS_SET                1  0.13156760E+02  0.99235310E+00  0.48653370E+00  0.59071510E-01 -0.13755590E+01  0.99292190E+00  0.38471650E+00  0.00000000E+00  0.00000000E+00
 131.000    11051901  SEED_MASS_SET                1  0.13311870E+02  0.99234230E+00  0.48913510E+00  0.59127240E-01 -0.13537660E+01  0.99295880E+00  0.37892880E+00  0.00000000E+00  0.00000000E+00
 132.000    12051901  SEED_MASS_SET                1  0.13457730E+02  0.99235480E+00  0.49246330E+00  0.59267600E-01 -0.12110560E+01  0.99297020E+00  0.39846880E+00  0.00000000E+00  0.00000000E+00
 133.000    13051901  SEED_MASS_SET                1  0.13608460E+02  0.99222460E+00  0.49195600E+00  0.58943440E-01 -0.13134450E+01  0.99299480E+00  0.39891550E+00  0.00000000E+00  0.00000000E+00
 134.000    14051901  SEED_MASS_SET                1  0.13750340E+02  0.99207410E+00  0.49080340E+00  0.58540470E-01 -0.11546340E+01  0.99273090E+00  0.42557950E+00  0.00000000E+00  0.00000000E+00
 135.000    15051901  SEED_MASS_SET                1  0.13877160E+02  0.99264610E+00  0.50866620E+00  0.60381690E-01 -0.55261680E+00  0.99277160E+00  0.36417030E+00  0.00000000E+00  0.00000000E+00
 136.000    16051901  SEED_MASS_SET                1  0.13996210E+02  0.99211520E+00  0.49774900E+00  0.58815920E-01 -0.62824000E+00  0.99289780E+00  0.38160550E+00  0.00000000E+00  0.00000000E+00
 137.000    17051901  SEED_MASS_SET                1  0.14141770E+02  0.99207550E+00  0.49883630E+00  0.58684800E-01 -0.13408920E+01  0.99290640E+00  0.35419950E+00  0.00000000E+00  0.00000000E+00
 138.000    18051901  SEED_MASS_SET                1  0.14244680E+02  0.99229940E+00  0.50818400E+00  0.59513200E-01 -0.35830860E+00  0.99282090E+00  0.42391800E+00  0.00000000E+00  0.00000000E+00
 139.000    19051901  SEED_MASS_SET                1  0.14363860E+02  0.99209050E+00  0.50503350E+00  0.58876590E-01 -0.51039340E+00  0.99301330E+00  0.32687800E+00  0.00000000E+00  0.00000000E+00
 140.000    20051901  SEED_MASS_SET                1  0.14502120E+02  0.99206860E+00  0.50668590E+00  0.58800250E-01 -0.11325910E+01  0.99297690E+00  0.37792690E+00  0.00000000E+00  0.00000000E+00
 141.000    21051901  SEED_MASS_SET                1  0.14631870E+02  0.99203630E+00  0.50848060E+00  0.58725260E-01 -0.89066550E+00  0.99297920E+00  0.37662590E+00  0.00000000E+00  0.00000000E+00
 142.000    22051901  SEED_MASS_SET                1  0.14789080E+02  0.99220440E+00  0.51538030E+00  0.59231400E-01 -0.13903880E+01  0.99286600E+00  0.42594300E+00  0.00000000E+00  0.00000000E+00
 143.000    23051901  SEED_MASS_SET                1  0.14952960E+02  0.99229180E+00  0.52052390E+00  0.59506520E-01 -0.13811980E+01  0.99283640E+00  0.41416430E+00  0.00000000E+00  0.00000000E+00
 144.000    24051901  SEED_MASS_SET                1  0.15114780E+02  0.99230440E+00  0.52397130E+00  0.59572990E-01 -0.13088090E+01  0.99287090E+00  0.40019360E+00  0.00000000E+00  0.00000000E+00
 145.000    25051901  SEED_MASS_SET                1  0.15271120E+02  0.99225820E+00  0.52576550E+00  0.59449630E-01 -0.13916270E+01  0.99292870E+00  0.40864110E+00  0.00000000E+00  0.00000000E+00
 146.000    26051901  SEED_MASS_SET                1  0.15391040E+02  0.99210970E+00  0.52472350E+00  0.59013110E-01 -0.10399240E+01  0.99308390E+00  0.30022320E+00  0.00000000E+00  0.00000000E+00
 147.000    27051901  SEED_MASS_SET                1  0.15516900E+02  0.99209610E+00  0.52687240E+00  0.58948040E-01 -0.10829090E+01  0.99282990E+00  0.32961560E+00  0.00000000E+00  0.00000000E+00
 148.000    28051901  SEED_MASS_SET                1  0.15665320E+02  0.99222740E+00  0.53335340E+00  0.59338800E-01 -0.12630760E+01  0.99279550E+00  0.37041640E+00  0.00000000E+00  0.00000000E+00
 149.000    29051901  SEED_MASS_SET                1  0.15821300E+02  0.99225900E+00  0.53725070E+00  0.59420000E-01 -0.13589170E+01  0.99276330E+00  0.36333250E+00  0.00000000E+00  0.00000000E+00
 150.000    30051901  SEED_MASS_SET                1  0.15965200E+02  0.99217060E+00  0.53765470E+00  0.59115000E-01 -0.11238770E+01  0.99280440E+00  0.36223020E+00  0.00000000E+00  0.00000000E+00
 151.000    31051901  SEED_MASS_SET                1  0.16127430E+02  0.99240850E+00  0.54811130E+00  0.59906980E-01 -0.14377550E+01  0.99273000E+00  0.40744840E+00  0.00000000E+00  0.00000000E+00
 152.000    01061901  SEED_MASS_SET                1  0.16289880E+02  0.99243390E+00  0.55246640E+00  0.60006630E-01 -0.14303230E+01  0.99271630E+00  0.43142310E+00  0.00000000E+00  0.00000000E+00
 153.000    02061901  SEED_MASS_SET                1  0.16457000E+02  0.99251760E+00  0.55888300E+00  0.60319730E-01 -0.13561780E+01  0.99271810E+00  0.44812900E+00  0.00000000E+00  0.00000000E+00
 154.000    03061901  SEED_MASS_SET                1  0.16626640E+02  0.99259190E+00  0.56500840E+00  0.60593010E-01 -0.13358420E+01  0.99268810E+00  0.43810810E+00  0.00000000E+00  0.00000000E+00
 155.000    04061901  SEED_MASS_SET                1  0.16815550E+02  0.99278910E+00  0.57598370E+00  0.61361800E-01 -0.17494890E+01  0.99203820E+00  0.57981890E+00  0.00000000E+00  0.00000000E+00
 156.000    05061901  SEED_MASS_SET                1  0.17005290E+02  0.99268540E+00  0.57700980E+00  0.61045100E-01 -0.15619480E+01  0.99216020E+00  0.50073430E+00  0.00000000E+00  0.00000000E+00
 157.000    06061901  SEED_MASS_SET                1  0.17169700E+02  0.99254610E+00  0.57606450E+00  0.60551830E-01 -0.12832710E+01  0.99231650E+00  0.40265650E+00  0.00000000E+00  0.00000000E+00
 158.000    07061901  SEED_MASS_SET                1  0.17337820E+02  0.99263010E+00  0.58233440E+00  0.60840190E-01 -0.15071450E+01  0.98495050E+00  0.47597780E+00  0.00000000E+00  0.00000000E+00
 159.000    08061901  SEED_MASS_SET                1  0.17525800E+02  0.99283420E+00  0.59397330E+00  0.61664680E-01 -0.19090100E+01  0.98197660E+00  0.63005530E+00  0.00000000E+00  0.00000000E+00
 160.000    09061901  SEED_MASS_SET                1  0.17718700E+02  0.99309820E+00  0.61648390E+00  0.63577540E-01 -0.19880390E+01  0.95711310E+00  0.88348300E+00  0.00000000E+00  0.00000000E+00
 161.000    10061901  SEED_MASS_SET                1  0.17917690E+02  0.99333860E+00  0.66245260E+00  0.67854040E-01 -0.19085590E+01  0.92871910E+00  0.93020410E+00  0.00000000E+00  0.00000000E+00
 162.000    11061901  SEED_MASS_SET                1  0.18119500E+02  0.99350270E+00  0.71715910E+00  0.72979150E-01 -0.18459170E+01  0.90572990E+00  0.96777010E+00  0.00000000E+00  0.00000000E+00
 163.000    12061901  SEED_MASS_SET                1  0.18327000E+02  0.99331940E+00  0.72926310E+00  0.73769530E-01 -0.16626400E+01  0.87314160E+00  0.55308160E+00  0.00000000E+00  0.00000000E+00
 164.000    13061901  SEED_MASS_SET                1  0.18512350E+02  0.99321620E+00  0.72666850E+00  0.73146760E-01 -0.12816250E+01  0.85410130E+00  0.52123870E+00  0.00000000E+00  0.00000000E+00
 165.000    14061901  SEED_MASS_SET                1  0.18681530E+02  0.99310490E+00  0.72239860E+00  0.72404880E-01 -0.11080520E+01  0.83544740E+00  0.43175630E+00  0.00000000E+00  0.00000000E+00
 166.000    15061901  SEED_MASS_SET                1  0.18834840E+02  0.99303810E+00  0.71988910E+00  0.71874680E-01 -0.98359550E+00  0.82785240E+00  0.45191010E+00  0.00000000E+00  0.00000000E+00
 167.000    16061901  SEED_MASS_SET                1  0.18990970E+02  0.99307130E+00  0.72241480E+00  0.71856100E-01 -0.10011910E+01  0.81264280E+00  0.44528560E+00  0.00000000E+00  0.00000000E+00
 168.000    17061901  SEED_MASS_SET                1  0.19173150E+02  0.99314190E+00  0.72723960E+00  0.72051930E-01 -0.12844580E+01  0.80772990E+00  0.49836710E+00  0.00000000E+00  0.00000000E+00
 169.000    18061901  SEED_MASS_SET                1  0.19356450E+02  0.99311440E+00  0.72733230E+00  0.71761540E-01 -0.12364660E+01  0.79616000E+00  0.48794890E+00  0.00000000E+00  0.00000000E+00
 170.000    19061901  SEED_MASS_SET                1  0.19540730E+02  0.99310190E+00  0.72856920E+00  0.71582110E-01 -0.12474630E+01  0.79546750E+00  0.55750840E+00  0.00000000E+00  0.00000000E+00
 171.000    20061901  SEED_MASS_SET                1  0.19728380E+02  0.99308100E+00  0.72918660E+00  0.71337000E-01 -0.12792260E+01  0.78263900E+00  0.42016840E+00  0.00000000E+00  0.00000000E+00
 172.000    21061901  SEED_MASS_SET                1  0.19908810E+02  0.99311720E+00  0.73316130E+00  0.71423460E-01 -0.13394750E+01  0.78756760E+00  0.49338440E+00  0.00000000E+00  0.00000000E+00
 173.000    22061901  SEED_MASS_SET                1  0.20100720E+02  0.99316440E+00  0.73901750E+00  0.71686940E-01 -0.15455410E+01  0.79111800E+00  0.58845210E+00  0.00000000E+00  0.00000000E+00
 174.000    23061901  SEED_MASS_SET                1  0.20295560E+02  0.99317110E+00  0.74572040E+00  0.72016590E-01 -0.15643130E+01  0.78312470E+00  0.52077030E+00  0.00000000E+00  0.00000000E+00
 175.000    24061901  SEED_MASS_SET                1  0.20480480E+02  0.99308610E+00  0.74342300E+00  0.71482390E-01 -0.12645270E+01  0.77715570E+00  0.49623180E+00  0.00000000E+00  0.00000000E+00
 176.000    25061901  SEED_MASS_SET                1  0.20667780E+02  0.99312260E+00  0.74796020E+00  0.71614710E-01 -0.12999540E+01  0.77407310E+00  0.47681170E+00  0.00000000E+00  0.00000000E+00
 177.000    26061901  SEED_MASS_SET                1  0.20846360E+02  0.99310300E+00  0.74907330E+00  0.71424310E-01 -0.10323600E+01  0.77674880E+00  0.52619150E+00  0.00000000E+00  0.00000000E+00
 178.000    27061901  SEED_MASS_SET                1  0.21019950E+02  0.99303910E+00  0.74748240E+00  0.70975390E-01 -0.11734410E+01  0.77540610E+00  0.50670850E+00  0.00000000E+00  0.00000000E+00
 179.000    28061901  SEED_MASS_SET                1  0.21196160E+02  0.99293010E+00  0.72800340E+00  0.68797470E-01 -0.11871160E+01  0.79137790E+00  0.46273280E+00  0.00000000E+00  0.00000000E+00
 180.000    29061901  SEED_MASS_SET                1  0.21370580E+02  0.99253140E+00  0.67823540E+00  0.63662070E-01 -0.10941880E+01  0.80305230E+00  0.47703280E+00  0.00000000E+00  0.00000000E+00
 181.000    30061901  SEED_MASS_SET                1  0.21547310E+02  0.99208730E+00  0.63108570E+00  0.58758980E-01 -0.10810590E+01  0.80084390E+00  0.50978950E+00  0.00000000E+00  0.00000000E+00
 182.000    01071901  SEED_MASS_SET                1  0.21726040E+02  0.99167550E+00  0.59312230E+00  0.54788250E-01 -0.10344120E+01  0.77479610E+00  0.51579650E+00  0.00000000E+00  0.00000000E+00
 183.000    02071901  SEED_MASS_SET                1  0.21904460E+02  0.99127020E+00  0.56248910E+00  0.51618470E-01 -0.99048320E+00  0.77368930E+00  0.50655240E+00  0.00000000E+00  0.00000000E+00
 184.000    03071901  SEED_MASS_SET                1  0.22080370E+02  0.99092280E+00  0.53993740E+00  0.49277550E-01 -0.10057300E+01  0.77248500E+00  0.45646520E+00  0.00000000E+00  0.00000000E+00
 185.000    04071901  SEED_MASS_SET                1  0.22257920E+02  0.99065830E+00  0.52516270E+00  0.47703070E-01 -0.99978460E+00  0.76986110E+00  0.46329940E+00  0.00000000E+00  0.00000000E+00
 186.000    05071901  END_SEED_FILL                1  0.22437930E+02  0.98956440E+00  0.48472310E+00  0.43860040E-01 -0.10504470E+01  0.99104180E+00  0.46766660E+00  0.00000000E+00  0.00000000E+00
 187.000    06071901  END_SEED_FILL                1  0.22619530E+02  0.98884580E+00  0.46184390E+00  0.41657340E-01 -0.10224080E+01  0.99091020E+00  0.46224640E+00  0.00000000E+00  0.00000000E+00
 188.000    07071901  END_SEED_FILL                1  0.22793610E+02  0.98836820E+00  0.44580970E+00  0.40094340E-01 -0.80544480E+00  0.99089560E+00  0.50669070E+00  0.00000000E+00  0.00000000E+00
 189.000    08071901  END_SEED_FILL                1  0.22952920E+02  0.98802030E+00  0.43278100E+00  0.38807310E-01 -0.77792390E+00  0.99090530E+00  0.47454030E+00  0.00000000E+00  0.00000000E+00
 190.000    09071901  END_SEED_FILL                1  0.23128420E+02  0.98767230E+00  0.41890350E+00  0.37446940E-01 -0.76142450E+00  0.99086330E+00  0.62591540E+00  0.00000000E+00  0.00000000E+00
 191.000    10071901  END_SEED_FILL                1  0.23319190E+02  0.98735410E+00  0.40631800E+00  0.36194620E-01 -0.81402940E+00  0.99088700E+00  0.56626120E+00  0.00000000E+00  0.00000000E+00
 192.000    11071901  END_SEED_FILL                1  0.23507670E+02  0.98704840E+00  0.39460410E+00  0.35010180E-01 -0.75179450E+00  0.99021530E+00  0.51703490E+00  0.00000000E+00  0.00000000E+00
 193.000    12071901  END_SEED_FILL                1  0.23685420E+02  0.98681690E+00  0.38570740E+00  0.34080000E-01 -0.73005890E+00  0.99012290E+00  0.49472850E+00  0.00000000E+00  0.00000000E+00
 194.000    13071901  END_SEED_FILL                1  0.23867150E+02  0.98660590E+00  0.37771370E+00  0.33245220E-01 -0.70297610E+00  0.99008780E+00  0.50636370E+00  0.00000000E+00  0.00000000E+00
 195.000    14071901  END_SEED_FILL                1  0.24055550E+02  0.98641440E+00  0.37064580E+00  0.32500950E-01 -0.61882740E+00  0.99014660E+00  0.58596720E+00  0.00000000E+00  0.00000000E+00
 196.000    15071901  END_SEED_FILL                1  0.24251860E+02  0.98625580E+00  0.36488440E+00  0.31876590E-01 -0.71375510E+00  0.99012640E+00  0.56392510E+00  0.00000000E+00  0.00000000E+00
 197.000    16071901  END_SEED_FILL                1  0.24440780E+02  0.98614390E+00  0.36076460E+00  0.31400540E-01 -0.63595470E+00  0.99014050E+00  0.55958540E+00  0.00000000E+00  0.00000000E+00
 198.000    17071901  END_SEED_FILL                1  0.24630440E+02  0.98605860E+00  0.35757250E+00  0.31009830E-01 -0.67180980E+00  0.99020150E+00  0.58571620E+00  0.00000000E+00  0.00000000E+00
 199.000    18071901  END_SEED_FILL                1  0.24821040E+02  0.98599600E+00  0.35516640E+00  0.30691210E-01 -0.55972650E+00  0.99019680E+00  0.56578630E+00  0.00000000E+00  0.00000000E+00
 200.000    19071901  END_SEED_FILL                1  0.25014510E+02  0.98595710E+00  0.35353520E+00  0.30445630E-01 -0.50130300E+00  0.99027790E+00  0.52330100E+00  0.00000000E+00  0.00000000E+00
 201.000    20071901  END_SEED_FILL                1  0.25197740E+02  0.98596350E+00  0.35323970E+00  0.30321350E-01 -0.42993000E+00  0.99000010E+00  0.49200630E+00  0.00000000E+00  0.00000000E+00
 202.000    21071901  END_SEED_FILL                1  0.25391460E+02  0.98596490E+00  0.35276470E+00  0.30187980E-01 -0.33843920E+00  0.98991150E+00  0.52618850E+00  0.00000000E+00  0.00000000E+00
 203.000    22071901  END_SEED_FILL                1  0.25574460E+02  0.98599500E+00  0.35311820E+00  0.30137010E-01 -0.29333190E+00  0.98987860E+00  0.52652440E+00  0.00000000E+00  0.00000000E+00
 204.000    23071901  END_SEED_FILL                1  0.25762500E+02  0.98604570E+00  0.35400650E+00  0.30138910E-01 -0.20995170E+00  0.98990150E+00  0.56753110E+00  0.00000000E+00  0.00000000E+00
 205.000    24071901  END_SEED_FILL                1  0.25939330E+02  0.98613100E+00  0.35575300E+00  0.30218780E-01 -0.17707680E+00  0.98995990E+00  0.60654040E+00  0.00000000E+00  0.00000000E+00
 206.000    25071901  END_SEED_FILL                1  0.26130730E+02  0.98623950E+00  0.35795500E+00  0.30336420E-01 -0.11538370E+00  0.98999130E+00  0.49373770E+00  0.00000000E+00  0.00000000E+00
 207.000    26071901  END_SEED_FILL                1  0.26311260E+02  0.98635760E+00  0.36018090E+00  0.30461030E-01 -0.11438420E+00  0.98979500E+00  0.48416770E+00  0.00000000E+00  0.00000000E+00
 208.000    27071901  END_SEED_FILL                1  0.26497290E+02  0.98645370E+00  0.36174670E+00  0.30533800E-01 -0.15490430E+00  0.98960190E+00  0.80683830E+00  0.00000000E+00  0.00000000E+00
 209.000    28071901  END_SEED_FILL                1  0.26686960E+02  0.98655180E+00  0.36351040E+00  0.30628740E-01 -0.13562550E+00  0.98956670E+00  0.54136530E+00  0.00000000E+00  0.00000000E+00
 210.000    29071901  END_SEED_FILL                1  0.26873070E+02  0.98665560E+00  0.36560490E+00  0.30755380E-01 -0.97999410E-01  0.98968860E+00  0.55026980E+00  0.00000000E+00  0.00000000E+00
 211.000    30071901  END_SEED_FILL                1  0.27056000E+02  0.98676260E+00  0.36794910E+00  0.30909180E-01 -0.98975660E-01  0.98984000E+00  0.49802480E+00  0.00000000E+00  0.00000000E+00
 212.000    31071901  END_SEED_FILL                1  0.27241710E+02  0.98687190E+00  0.37051310E+00  0.31087520E-01 -0.11799510E+00  0.98993390E+00  0.57500110E+00  0.00000000E+00  0.00000000E+00
 213.000    01081901  END_SEED_FILL                1  0.27425770E+02  0.98698290E+00  0.37326700E+00  0.31289290E-01 -0.93164990E-01  0.98970630E+00  0.58327290E+00  0.00000000E+00  0.00000000E+00
 214.000    02081901  END_SEED_FILL                1  0.27616840E+02  0.98709300E+00  0.37612360E+00  0.31509720E-01 -0.92850270E-01  0.98966840E+00  0.56473460E+00  0.00000000E+00  0.00000000E+00
 215.000    03081901  END_SEED_FILL                1  0.27806280E+02  0.98720350E+00  0.37911930E+00  0.31752350E-01 -0.11882990E+00  0.98963800E+00  0.59776810E+00  0.00000000E+00  0.00000000E+00
 216.000    04081901  END_SEED_FILL                1  0.27823040E+02  0.99009900E+00  0.00000000E+00  0.00000000E+00 -0.14138370E+01  0.99027350E+00  0.65343990E+00  0.00000000E+00  0.00000000E+00
 217.000    05081901  PLANTING                     1  0.00000000E+00  0.99009900E+00  0.00000000E+00  0.00000000E+00 -0.12573120E-01  0.00000000E+00  0.65760580E+00  0.00000000E+00  0.00000000E+00
 218.000    06081901  PLANTING                     1  0.00000000E+00  0.99009900E+00  0.00000000E+00  0.00000000E+00 -0.13334010E-01  0.00000000E+00  0.64538980E+00  0.00000000E+00  0.00000000E+00
 219.000    07081901  PLANTING                     1  0.00000000E+00  0.99009900E+00  0.00000000E+00  0.00000000E+00 -0.98793020E-02  0.00000000E+00  0.62707100E+00  0.00000000E+00  0.00000000E+00
 220.000    08081901  PLANTING                     1  0.00000000E+00  0.99009900E+00  0.00000000E+00  0.00000000E+00 -0.10246470E-01  0.00000000E+00  0.60352670E+00  0.00000000E+00  0.00000000E+00
 221.000    09081901  PLANTING                     1  0.00000000E+00  0.99009900E+00  0.00000000E+00  0.00000000E+00 -0.10670240E-01  0.00000000E+00  0.72537990E+00  0.00000000E+00  0.00000000E+00
 222.000    10081901  PLANTING                     1  0.00000000E+00  0.99009900E+00  0.00000000E+00  0.00000000E+00 -0.11131030E-01  0.00000000E+00  0.69367770E+00  0.00000000E+00  0.00000000E+00
 223.000    11081901  PLANTING                     1  0.00000000E+00  0.99009900E+00  0.00000000E+00  0.00000000E+00 -0.11743050E-01  0.00000000E+00  0.71161660E+00  0.00000000E+00  0.00000000E+00
 224.000    12081901  PLANTING                     1  0.00000000E+00  0.99009900E+00  0.00000000E+00  0.00000000E+00 -0.12523110E-01  0.00000000E+00  0.72173870E+00  0.00000000E+00  0.00000000E+00
 225.000    13081901  PLANTING                     1  0.00000000E+00  0.99009900E+00  0.00000000E+00  0.00000000E+00 -0.13402680E-01  0.00000000E+00  0.78639420E+00  0.00000000E+00  0.00000000E+00
 226.000    14081901  PLANTING                     1  0.00000000E+00  0.99009900E+00  0.00000000E+00  0.00000000E+00 -0.10312420E-01  0.00000000E+00  0.95394280E+00  0.00000000E+00  0.00000000E+00
 227.000    15081901  PLANTING                     1  0.00000000E+00  0.99009900E+00  0.00000000E+00  0.00000000E+00 -0.10875830E-01  0.00000000E+00  0.94429210E+00  0.00000000E+00  0.00000000E+00
 228.000    16081901  PLANTING                     1  0.00000000E+00  0.99009900E+00  0.00000000E+00  0.00000000E+00 -0.11410760E-01  0.00000000E+00  0.69989460E+00  0.00000000E+00  0.00000000E+00
 229.000    17081901  PLANTING                     1  0.00000000E+00  0.99009900E+00  0.00000000E+00  0.00000000E+00 -0.11859330E-01  0.00000000E+00  0.63330800E+00  0.00000000E+00  0.00000000E+00
 230.000    18081901  PLANTING                     1  0.00000000E+00  0.99009900E+00  0.00000000E+00  0.00000000E+00 -0.12610730E-01  0.00000000E+00  0.66286070E+00  0.00000000E+00  0.00000000E+00
 231.000    19081901  PLANTING                     1  0.00000000E+00  0.99009900E+00  0.00000000E+00  0.00000000E+00 -0.12921260E-01  0.00000000E+00  0.65166280E+00  0.00000000E+00  0.00000000E+00
 232.000    20081901  PLANTING                     1  0.00000000E+00  0.99009900E+00  0.00000000E+00  0.00000000E+00 -0.10261490E-01  0.00000000E+00  0.68033960E+00  0.00000000E+00  0.00000000E+00
 233.000    21081901  PLANTING                     1  0.00000000E+00  0.99009900E+00  0.00000000E+00  0.00000000E+00 -0.10790870E-01  0.00000000E+00  0.86834370E+00  0.00000000E+00  0.00000000E+00
 234.000    22081901  PLANTING                     1  0.00000000E+00  0.99009900E+00  0.00000000E+00  0.00000000E+00 -0.11326420E-01  0.00000000E+00  0.71218670E+00  0.00000000E+00  0.00000000E+00
 235.000    23081901  PLANTING                     1  0.00000000E+00  0.99009900E+00  0.00000000E+00  0.00000000E+00 -0.11853160E-01  0.00000000E+00  0.68180420E+00  0.00000000E+00  0.00000000E+00
 236.000    24081901  PLANTING                     1  0.00000000E+00  0.99009900E+00  0.00000000E+00  0.00000000E+00 -0.12407260E-01  0.00000000E+00  0.71293960E+00  0.00000000E+00  0.00000000E+00
 237.000    25081901  PLANTING                     1  0.00000000E+00  0.99009900E+00  0.00000000E+00  0.00000000E+00 -0.13063930E-01  0.00000000E+00  0.71378550E+00  0.00000000E+00  0.00000000E+00
 238.000    26081901  PLANTING                     1  0.00000000E+00  0.99009900E+00  0.00000000E+00  0.00000000E+00 -0.10790090E-01  0.00000000E+00  0.72679320E+00  0.00000000E+00  0.00000000E+00
 239.000    27081901  PLANTING                     1  0.00000000E+00  0.99009900E+00  0.00000000E+00  0.00000000E+00 -0.11163160E-01  0.00000000E+00  0.68323410E+00  0.00000000E+00  0.00000000E+00
 240.000    28081901  PLANTING                     1  0.00000000E+00  0.99009900E+00  0.00000000E+00  0.00000000E+00 -0.11618170E-01  0.00000000E+00  0.74501420E+00  0.00000000E+00  0.00000000E+00
 241.000    29081901  PLANTING                     1  0.00000000E+00  0.99009900E+00  0.00000000E+00  0.00000000E+00 -0.12086090E-01  0.00000000E+00  0.77863620E+00  0.00000000E+00  0.00000000E+00
 242.000    30081901  PLANTING                     1  0.00000000E+00  0.99009900E+00  0.00000000E+00  0.00000000E+00 -0.12694170E-01  0.00000000E+00  0.73868560E+00  0.00000000E+00  0.00000000E+00
 243.000    31081901  PLANTING                     1  0.00000000E+00  0.99009900E+00  0.00000000E+00  0.00000000E+00 -0.13040300E-01  0.00000000E+00  0.82220540E+00  0.00000000E+00  0.00000000E+00
 244.000    01091901  PLANTING                     1  0.00000000E+00  0.99009900E+00  0.00000000E+00  0.00000000E+00 -0.93015530E-02  0.00000000E+00  0.77655200E+00  0.00000000E+00  0.00000000E+00
 245.000    02091901  PLANTING                     1  0.00000000E+00  0.99009900E+00  0.00000000E+00  0.00000000E+00 -0.10085000E-01  0.00000000E+00  0.69489920E+00  0.00000000E+00  0.00000000E+00
 246.000    03091901  PLANTING                     1  0.00000000E+00  0.99009900E+00  0.00000000E+00  0.00000000E+00 -0.10512170E-01  0.00000000E+00  0.68964340E+00  0.00000000E+00  0.00000000E+00
 247.000    04091901  PLANTING                     1  0.00000000E+00  0.99009900E+00  0.00000000E+00  0.00000000E+00 -0.10813380E-01  0.00000000E+00  0.65778620E+00  0.00000000E+00  0.00000000E+00
 248.000    05091901  PLANTING                     1  0.00000000E+00  0.99009900E+00  0.00000000E+00  0.00000000E+00 -0.11136350E-01  0.00000000E+00  0.68545420E+00  0.00000000E+00  0.00000000E+00
 249.000    06091901  PLANTING                     1  0.00000000E+00  0.99009900E+00  0.00000000E+00  0.00000000E+00 -0.11675880E-01  0.00000000E+00  0.65684660E+00  0.00000000E+00  0.00000000E+00
 250.000    07091901  PLANTING                     1  0.00000000E+00  0.99009900E+00  0.00000000E+00  0.00000000E+00 -0.11522950E-01  0.00000000E+00  0.58975890E+00  0.00000000E+00  0.00000000E+00
 251.000    08091901  PLANTING                     1  0.00000000E+00  0.99009900E+00  0.00000000E+00  0.00000000E+00 -0.12407810E-01  0.00000000E+00  0.65314550E+00  0.00000000E+00  0.00000000E+00
 252.000    09091901  PLANTING                     1  0.00000000E+00  0.99009900E+00  0.00000000E+00  0.00000000E+00 -0.12990630E-01  0.00000000E+00  0.62222330E+00  0.00000000E+00  0.00000000E+00
 253.000    10091901  PLANTING                     1  0.00000000E+00  0.99009900E+00  0.00000000E+00  0.00000000E+00 -0.10206590E-01  0.00000000E+00  0.61785300E+00  0.00000000E+00  0.00000000E+00
 254.000    11091901  PLANTING                     1  0.00000000E+00  0.99009900E+00  0.00000000E+00  0.00000000E+00 -0.10662470E-01  0.00000000E+00  0.69642410E+00  0.00000000E+00  0.00000000E+00
 255.000    12091901  PLANTING                     1  0.00000000E+00  0.99009900E+00  0.00000000E+00  0.00000000E+00 -0.11168260E-01  0.00000000E+00  0.80955720E+00  0.00000000E+00  0.00000000E+00
 256.000    13091901  PLANTING                     1  0.00000000E+00  0.99009900E+00  0.00000000E+00  0.00000000E+00 -0.11829310E-01  0.00000000E+00  0.85696450E+00  0.00000000E+00  0.00000000E+00
 257.000    14091901  PLANTING                     1  0.00000000E+00  0.99009900E+00  0.00000000E+00  0.00000000E+00 -0.12375420E-01  0.00000000E+00  0.61034350E+00  0.00000000E+00  0.00000000E+00
 258.000    15091901  PLANTING                     1  0.00000000E+00  0.99009900E+00  0.00000000E+00  0.00000000E+00 -0.12724300E-01  0.00000000E+00  0.74037070E+00  0.00000000E+00  0.00000000E+00
 259.000    16091901  PLANTING                     1  0.00000000E+00  0.99009900E+00  0.00000000E+00  0.00000000E+00 -0.12491890E-01  0.00000000E+00  0.58839410E+00  0.00000000E+00  0.00000000E+00
 260.000    17091901  PLANTING                     1  0.00000000E+00  0.99009900E+00  0.00000000E+00  0.00000000E+00 -0.13000760E-01  0.00000000E+00  0.64201320E+00  0.00000000E+00  0.00000000E+00
 261.000    18091901  PLANTING                     1  0.00000000E+00  0.99009900E+00  0.00000000E+00  0.00000000E+00 -0.94006190E-02  0.00000000E+00  0.58522760E+00  0.00000000E+00  0.00000000E+00
 262.000    19091901  PLANTING                     1  0.00000000E+00  0.99009900E+00  0.00000000E+00  0.00000000E+00 -0.10106090E-01  0.00000000E+00  0.56667510E+00  0.00000000E+00  0.00000000E+00
 263.000    20091901  PLANTING                     1  0.00000000E+00  0.99009900E+00  0.00000000E+00  0.00000000E+00 -0.10546460E-01  0.00000000E+00  0.62811510E+00  0.00000000E+00  0.00000000E+00
 264.000    21091901  PLANTING                     1  0.00000000E+00  0.99009900E+00  0.00000000E+00  0.00000000E+00 -0.10962610E-01  0.00000000E+00  0.67518870E+00  0.00000000E+00  0.00000000E+00
 265.000    22091901  PLANTING                     1  0.00000000E+00  0.99009900E+00  0.00000000E+00  0.00000000E+00 -0.11108850E-01  0.00000000E+00  0.63824650E+00  0.00000000E+00  0.00000000E+00
 266.000    23091901  PLANTING                     1  0.00000000E+00  0.99009900E+00  0.00000000E+00  0.00000000E+00 -0.11634870E-01  0.00000000E+00  0.74857570E+00  0.00000000E+00  0.00000000E+00
 267.000    24091901  PLANTING                     1  0.00000000E+00  0.99009900E+00  0.00000000E+00  0.00000000E+00 -0.12422030E-01  0.00000000E+00  0.72914510E+00  0.00000000E+00  0.00000000E+00
 268.000    25091901  PLANTING                     1  0.00000000E+00  0.99009900E+00  0.00000000E+00  0.00000000E+00 -0.12997000E-01  0.00000000E+00  0.92971020E+00  0.00000000E+00  0.00000000E+00
 269.000    26091901  PLANTING                     1  0.00000000E+00  0.99009900E+00  0.00000000E+00  0.00000000E+00 -0.11556880E-01  0.00000000E+00  0.72723420E+00  0.00000000E+00  0.00000000E+00
 270.000    27091901  PLANTING                     1  0.00000000E+00  0.99009900E+00  0.00000000E+00  0.00000000E+00 -0.11596470E-01  0.00000000E+00  0.47733530E+00  0.00000000E+00  0.00000000E+00
 271.000    28091901  PLANTING                     1  0.00000000E+00  0.99009900E+00  0.00000000E+00  0.00000000E+00 -0.12244920E-01  0.00000000E+00  0.36797870E+00  0.00000000E+00  0.00000000E+00
 272.000    29091901  PLANTING                     1  0.00000000E+00  0.99009900E+00  0.00000000E+00  0.00000000E+00 -0.12737740E-01  0.00000000E+00  0.41358900E+00  0.00000000E+00  0.00000000E+00
 273.000    30091901  PLANTING                     1  0.00000000E+00  0.99009900E+00  0.00000000E+00  0.00000000E+00 -0.10992210E-01  0.00000000E+00  0.35931020E+00  0.00000000E+00  0.00000000E+00
 274.000    01101901  PLANTING                     1  0.00000000E+00  0.99009900E+00  0.00000000E+00  0.00000000E+00 -0.11389050E-01  0.00000000E+00  0.38695720E+00  0.00000000E+00  0.00000000E+00
 275.000    02101901  PLANTING                     1  0.00000000E+00  0.99009900E+00  0.00000000E+00  0.00000000E+00 -0.11776750E-01  0.00000000E+00  0.42595360E+00  0.00000000E+00  0.00000000E+00
 276.000    03101901  PLANTING                     1  0.00000000E+00  0.99009900E+00  0.00000000E+00  0.00000000E+00 -0.12105780E-01  0.00000000E+00  0.41104960E+00  0.00000000E+00  0.00000000E+00
 277.000    04101901  PLANTING                     1  0.00000000E+00  0.99009900E+00  0.00000000E+00  0.00000000E+00 -0.12736310E-01  0.00000000E+00  0.40658550E+00  0.00000000E+00  0.00000000E+00
 278.000    05101901  PLANTING                     1  0.00000000E+00  0.99009900E+00  0.00000000E+00  0.00000000E+00 -0.12029750E-01  0.00000000E+00  0.46811030E+00  0.00000000E+00  0.00000000E+00
 279.000    06101901  PLANTING                     1  0.00000000E+00  0.99009900E+00  0.00000000E+00  0.00000000E+00 -0.10204740E-01  0.00000000E+00  0.57130000E+00  0.00000000E+00  0.00000000E+00
 280.000    07101901  PLANTING                     1  0.00000000E+00  0.99009900E+00  0.00000000E+00  0.00000000E+00 -0.10622610E-01  0.00000000E+00  0.53181580E+00  0.00000000E+00  0.00000000E+00
 281.000    08101901  PLANTING                     1  0.00000000E+00  0.99009900E+00  0.00000000E+00  0.00000000E+00 -0.10950320E-01  0.00000000E+00  0.50526040E+00  0.00000000E+00  0.00000000E+00
 282.000    09101901  PLANTING                     1  0.00000000E+00  0.99009900E+00  0.00000000E+00  0.00000000E+00 -0.11169360E-01  0.00000000E+00  0.37637980E+00  0.00000000E+00  0.00000000E+00
 283.000    10101901  PLANTING                     1  0.00000000E+00  0.99009900E+00  0.00000000E+00  0.00000000E+00 -0.11715080E-01  0.00000000E+00  0.39320580E+00  0.00000000E+00  0.00000000E+00
 284.000    11101901  PLANTING                     1  0.00000000E+00  0.99009900E+00  0.00000000E+00  0.00000000E+00 -0.12125750E-01  0.00000000E+00  0.37527410E+00  0.00000000E+00  0.00000000E+00
 285.000    12101901  PLANTING                     1  0.00000000E+00  0.99009900E+00  0.00000000E+00  0.00000000E+00 -0.12592970E-01  0.00000000E+00  0.40759570E+00  0.00000000E+00  0.00000000E+00
 286.000    13101901  PLANTING                     1  0.00000000E+00  0.99009900E+00  0.00000000E+00  0.00000000E+00 -0.12510670E-01  0.00000000E+00  0.34879630E+00  0.00000000E+00  0.00000000E+00
 287.000    14101901  PLANTING                     1  0.00000000E+00  0.99009900E+00  0.00000000E+00  0.00000000E+00 -0.96282520E-02  0.00000000E+00  0.38347900E+00  0.00000000E+00  0.00000000E+00
 288.000    15101901  PLANTING                     1  0.00000000E+00  0.99009900E+00  0.00000000E+00  0.00000000E+00 -0.99393700E-02  0.00000000E+00  0.39900240E+00  0.00000000E+00  0.00000000E+00
 289.000    16101901  PLANTING                     1  0.00000000E+00  0.99009900E+00  0.00000000E+00  0.00000000E+00 -0.10098480E-01  0.00000000E+00  0.44164430E+00  0.00000000E+00  0.00000000E+00
 290.000    17101901  PLANTING                     1  0.00000000E+00  0.99009900E+00  0.00000000E+00  0.00000000E+00 -0.10464950E-01  0.00000000E+00  0.38797720E+00  0.00000000E+00  0.00000000E+00
 291.000    18101901  PLANTING                     1  0.00000000E+00  0.99009900E+00  0.00000000E+00  0.00000000E+00 -0.10608550E-01  0.00000000E+00  0.39471960E+00  0.00000000E+00  0.00000000E+00
 292.000    19101901  PLANTING                     1  0.00000000E+00  0.99009900E+00  0.00000000E+00  0.00000000E+00 -0.10665160E-01  0.00000000E+00  0.42768780E+00  0.00000000E+00  0.00000000E+00
 293.000    20101901  PLANTING                     1  0.00000000E+00  0.99009900E+00  0.00000000E+00  0.00000000E+00 -0.11026960E-01  0.00000000E+00  0.44349250E+00  0.00000000E+00  0.00000000E+00
 294.000    21101901  PLANTING                     1  0.00000000E+00  0.99009900E+00  0.00000000E+00  0.00000000E+00 -0.11416170E-01  0.00000000E+00  0.49352450E+00  0.00000000E+00  0.00000000E+00
 295.000    22101901  PLANTING                     1  0.00000000E+00  0.99009900E+00  0.00000000E+00  0.00000000E+00 -0.11784400E-01  0.00000000E+00  0.52360680E+00  0.00000000E+00  0.00000000E+00
 296.000    23101901  PLANTING                     1  0.00000000E+00  0.99009900E+00  0.00000000E+00  0.00000000E+00 -0.12153920E-01  0.00000000E+00  0.55242980E+00  0.00000000E+00  0.00000000E+00
 297.000    24101901  PLANTING                     1  0.00000000E+00  0.99009900E+00  0.00000000E+00  0.00000000E+00 -0.12837660E-01  0.00000000E+00  0.55792240E+00  0.00000000E+00  0.00000000E+00
 298.000    25101901  PLANTING                     1  0.00000000E+00  0.99009900E+00  0.00000000E+00  0.00000000E+00 -0.11216200E-01  0.00000000E+00  0.49616150E+00  0.00000000E+00  0.00000000E+00
 299.000    26101901  PLANTING                     1  0.00000000E+00  0.99009900E+00  0.00000000E+00  0.00000000E+00 -0.11512380E-01  0.00000000E+00  0.41418910E+00  0.00000000E+00  0.00000000E+00
 300.000    27101901  PLANTING                     1  0.00000000E+00  0.99009900E+00  0.00000000E+00  0.00000000E+00 -0.11876780E-01  0.00000000E+00  0.20957870E+00  0.00000000E+00  0.00000000E+00
 301.000    28101901  PLANTING                     1  0.00000000E+00  0.99009900E+00  0.00000000E+00  0.00000000E+00 -0.12210780E-01  0.00000000E+00  0.23955240E+00  0.00000000E+00  0.00000000E+00
 302.000    29101901  PLANTING                     1  0.00000000E+00  0.99009900E+00  0.00000000E+00  0.00000000E+00 -0.12527310E-01  0.00000000E+00  0.18921570E+00  0.00000000E+00  0.00000000E+00
 303.000    30101901  PLANTING                     1  0.00000000E+00  0.99009900E+00  0.00000000E+00  0.00000000E+00 -0.10391510E-01  0.00000000E+00  0.22386590E+00  0.00000000E+00  0.00000000E+00
 304.000    31101901  PLANTING                     1  0.00000000E+00  0.99009900E+00  0.00000000E+00  0.00000000E+00 -0.10611280E-01  0.00000000E+00  0.21400580E+00  0.00000000E+00  0.00000000E+00
 305.000    01111901  PLANTING                     1  0.00000000E+00  0.99009900E+00  0.00000000E+00  0.00000000E+00 -0.10873080E-01  0.00000000E+00  0.23844000E+00  0.00000000E+00  0.00000000E+00
 306.000    02111901  PLANTING                     1  0.00000000E+00  0.99009900E+00  0.00000000E+00  0.00000000E+00 -0.11159910E-01  0.00000000E+00  0.25511570E+00  0.00000000E+00  0.00000000E+00
 307.000    03111901  PLANTING                     1  0.00000000E+00  0.99009900E+00  0.00000000E+00  0.00000000E+00 -0.11400820E-01  0.00000000E+00  0.32549990E+00  0.00000000E+00  0.00000000E+00
 308.000    04111901  PLANTING                     1  0.00000000E+00  0.99009900E+00  0.00000000E+00  0.00000000E+00 -0.11673810E-01  0.00000000E+00  0.34439520E+00  0.00000000E+00  0.00000000E+00
 309.000    05111901  PLANTING                     1  0.00000000E+00  0.99009900E+00  0.00000000E+00  0.00000000E+00 -0.11775230E-01  0.00000000E+00  0.35553160E+00  0.00000000E+00  0.00000000E+00
 310.000    06111901  PLANTING                     1  0.00000000E+00  0.99009900E+00  0.00000000E+00  0.00000000E+00 -0.11822930E-01  0.00000000E+00  0.32638260E+00  0.00000000E+00  0.00000000E+00
 311.000    07111901  PLANTING                     1  0.00000000E+00  0.99009900E+00  0.00000000E+00  0.00000000E+00 -0.11797280E-01  0.00000000E+00  0.30372280E+00  0.00000000E+00  0.00000000E+00
 312.000    08111901  PLANTING                     1  0.00000000E+00  0.99009900E+00  0.00000000E+00  0.00000000E+00 -0.12378950E-01  0.00000000E+00  0.28399710E+00  0.00000000E+00  0.00000000E+00
 313.000    09111901  PLANTING                     1  0.00000000E+00  0.99009900E+00  0.00000000E+00  0.00000000E+00 -0.12328660E-01  0.00000000E+00  0.28221780E+00  0.00000000E+00  0.00000000E+00
 314.000    10111901  PLANTING                     1  0.00000000E+00  0.99009900E+00  0.00000000E+00  0.00000000E+00 -0.10160550E-01  0.00000000E+00  0.29990920E+00  0.00000000E+00  0.00000000E+00
 315.000    11111901  PLANTING                     1  0.00000000E+00  0.99009900E+00  0.00000000E+00  0.00000000E+00 -0.10323820E-01  0.00000000E+00  0.36067980E+00  0.00000000E+00  0.00000000E+00
 316.000    12111901  PLANTING                     1  0.00000000E+00  0.99009900E+00  0.00000000E+00  0.00000000E+00 -0.10373810E-01  0.00000000E+00  0.33271820E+00  0.00000000E+00  0.00000000E+00
 317.000    13111901  PLANTING                     1  0.00000000E+00  0.99009900E+00  0.00000000E+00  0.00000000E+00 -0.10560430E-01  0.00000000E+00  0.33243590E+00  0.00000000E+00  0.00000000E+00
 318.000    14111901  PLANTING                     1  0.00000000E+00  0.99009900E+00  0.00000000E+00  0.00000000E+00 -0.10587090E-01  0.00000000E+00  0.33889880E+00  0.00000000E+00  0.00000000E+00
 319.000    15111901  PLANTING                     1  0.00000000E+00  0.99009900E+00  0.00000000E+00  0.00000000E+00 -0.10693200E-01  0.00000000E+00  0.32102950E+00  0.00000000E+00  0.00000000E+00
 320.000    16111901  PLANTING                     1  0.00000000E+00  0.99009900E+00  0.00000000E+00  0.00000000E+00 -0.10962130E-01  0.00000000E+00  0.32900510E+00  0.00000000E+00  0.00000000E+00
 321.000    17111901  PLANTING                     1  0.00000000E+00  0.99009900E+00  0.00000000E+00  0.00000000E+00 -0.11163550E-01  0.00000000E+00  0.33372630E+00  0.00000000E+00  0.00000000E+00
 322.000    18111901  PLANTING                     1  0.00000000E+00  0.99009900E+00  0.00000000E+00  0.00000000E+00 -0.11377970E-01  0.00000000E+00  0.32971740E+00  0.00000000E+00  0.00000000E+00
 323.000    19111901  PLANTING                     1  0.00000000E+00  0.99009900E+00  0.00000000E+00  0.00000000E+00 -0.11568990E-01  0.00000000E+00  0.30282760E+00  0.00000000E+00  0.00000000E+00
 324.000    20111901  PLANTING                     1  0.00000000E+00  0.99009900E+00  0.00000000E+00  0.00000000E+00 -0.11632590E-01  0.00000000E+00  0.26698470E+00  0.00000000E+00  0.00000000E+00
 325.000    21111901  PLANTING                     1  0.00000000E+00  0.99009900E+00  0.00000000E+00  0.00000000E+00 -0.11777210E-01  0.00000000E+00  0.28265630E+00  0.00000000E+00  0.00000000E+00
 326.000    22111901  PLANTING                     1  0.00000000E+00  0.99009900E+00  0.00000000E+00  0.00000000E+00 -0.12005710E-01  0.00000000E+00  0.30121510E+00  0.00000000E+00  0.00000000E+00
 327.000    23111901  PLANTING                     1  0.00000000E+00  0.99009900E+00  0.00000000E+00  0.00000000E+00 -0.12280540E-01  0.00000000E+00  0.26802350E+00  0.00000000E+00  0.00000000E+00
 328.000    24111901  PLANTING                     1  0.00000000E+00  0.99009900E+00  0.00000000E+00  0.00000000E+00 -0.12106340E-01  0.00000000E+00  0.23897870E+00  0.00000000E+00  0.00000000E+00
 329.000    25111901  PLANTING                     1  0.00000000E+00  0.99009900E+00  0.00000000E+00  0.00000000E+00 -0.12233920E-01  0.00000000E+00  0.22040210E+00  0.00000000E+00  0.00000000E+00
 330.000    26111901  PLANTING                     1  0.00000000E+00  0.99009900E+00  0.00000000E+00  0.00000000E+00 -0.98067860E-02  0.00000000E+00  0.25239920E+00  0.00000000E+00  0.00000000E+00
 331.000    27111901  PLANTING                     1  0.00000000E+00  0.99009900E+00  0.00000000E+00  0.00000000E+00 -0.96242610E-02  0.00000000E+00  0.15911070E+00  0.00000000E+00  0.00000000E+00
 332.000    28111901  PLANTING                     1  0.00000000E+00  0.99009900E+00  0.00000000E+00  0.00000000E+00 -0.98648230E-02  0.00000000E+00  0.16563070E+00  0.00000000E+00  0.00000000E+00
 333.000    29111901  PLANTING                     1  0.00000000E+00  0.99009900E+00  0.00000000E+00  0.00000000E+00 -0.99869830E-02  0.00000000E+00  0.16396940E+00  0.00000000E+00  0.00000000E+00
 334.000    30111901  PLANTING                     1  0.00000000E+00  0.99009900E+00  0.00000000E+00  0.00000000E+00 -0.97931680E-02  0.00000000E+00  0.26273770E+00  0.00000000E+00  0.00000000E+00
 335.000    01121901  PLANTING                     1  0.00000000E+00  0.99009900E+00  0.00000000E+00  0.00000000E+00 -0.96192200E-02  0.00000000E+00  0.30868150E+00  0.00000000E+00  0.00000000E+00
 336.000    02121901  PLANTING                     1  0.00000000E+00  0.99009900E+00  0.00000000E+00  0.00000000E+00 -0.10002690E-01  0.00000000E+00  0.30540020E+00  0.00000000E+00  0.00000000E+00
 337.000    03121901  PLANTING                     1  0.00000000E+00  0.99009900E+00  0.00000000E+00  0.00000000E+00 -0.10112780E-01  0.00000000E+00  0.29690540E+00  0.00000000E+00  0.00000000E+00
 338.000    04121901  PLANTING                     1  0.00000000E+00  0.99009900E+00  0.00000000E+00  0.00000000E+00 -0.98588820E-02  0.00000000E+00  0.27831190E+00  0.00000000E+00  0.00000000E+00
 339.000    05121901  PLANTING                     1  0.00000000E+00  0.99009900E+00  0.00000000E+00  0.00000000E+00 -0.99435740E-02  0.00000000E+00  0.31383570E+00  0.00000000E+00  0.00000000E+00
 340.000    06121901  PLANTING                     1  0.00000000E+00  0.99009900E+00  0.00000000E+00  0.00000000E+00 -0.10155670E-01  0.00000000E+00  0.36989680E+00  0.00000000E+00  0.00000000E+00
 341.000    07121901  PLANTING                     1  0.00000000E+00  0.99009900E+00  0.00000000E+00  0.00000000E+00 -0.99128000E-02  0.00000000E+00  0.35951290E+00  0.00000000E+00  0.00000000E+00
 342.000    08121901  PLANTING                     1  0.00000000E+00  0.99009900E+00  0.00000000E+00  0.00000000E+00 -0.98968010E-02  0.00000000E+00  0.28890720E+00  0.00000000E+00  0.00000000E+00
 343.000    09121901  PLANTING                     1  0.00000000E+00  0.99009900E+00  0.00000000E+00  0.00000000E+00 -0.10068100E-01  0.00000000E+00  0.27852940E+00  0.00000000E+00  0.00000000E+00
 344.000    10121901  PLANTING                     1  0.00000000E+00  0.99009900E+00  0.00000000E+00  0.00000000E+00 -0.10168720E-01  0.00000000E+00  0.29973050E+00  0.00000000E+00  0.00000000E+00
 345.000    11121901  PLANTING                     1  0.00000000E+00  0.99009900E+00  0.00000000E+00  0.00000000E+00 -0.98771760E-02  0.00000000E+00  0.35991130E+00  0.00000000E+00  0.00000000E+00
 346.000    12121901  PLANTING                     1  0.00000000E+00  0.99009900E+00  0.00000000E+00  0.00000000E+00 -0.10055960E-01  0.00000000E+00  0.38107140E+00  0.00000000E+00  0.00000000E+00
 347.000    13121901  PLANTING                     1  0.00000000E+00  0.99009900E+00  0.00000000E+00  0.00000000E+00 -0.98769940E-02  0.00000000E+00  0.33667990E+00  0.00000000E+00  0.00000000E+00
 348.000    14121901  PLANTING                     1  0.00000000E+00  0.99009900E+00  0.00000000E+00  0.00000000E+00 -0.10113260E-01  0.00000000E+00  0.24522450E+00  0.00000000E+00  0.00000000E+00
 349.000    15121901  PLANTING                     1  0.00000000E+00  0.99009900E+00  0.00000000E+00  0.00000000E+00 -0.10196180E-01  0.00000000E+00  0.21431100E+00  0.00000000E+00  0.00000000E+00
 350.000    16121901  PLANTING                     1  0.00000000E+00  0.99009900E+00  0.00000000E+00  0.00000000E+00 -0.10310590E-01  0.00000000E+00  0.17023730E+00  0.00000000E+00  0.00000000E+00
 351.000    17121901  PLANTING                     1  0.00000000E+00  0.99009900E+00  0.00000000E+00  0.00000000E+00 -0.10375290E-01  0.00000000E+00  0.18702820E+00  0.00000000E+00  0.00000000E+00
 352.000    18121901  PLANTING                     1  0.00000000E+00  0.99009900E+00  0.00000000E+00  0.00000000E+00 -0.99673250E-02  0.00000000E+00  0.27104880E+00  0.00000000E+00  0.00000000E+00
 353.000    19121901  PLANTING                     1  0.00000000E+00  0.99009900E+00  0.00000000E+00  0.00000000E+00 -0.10104510E-01  0.00000000E+00  0.27153900E+00  0.00000000E+00  0.00000000E+00
 354.000    20121901  PLANTING                     1  0.00000000E+00  0.99009900E+00  0.00000000E+00  0.00000000E+00 -0.10161680E-01  0.00000000E+00  0.24803940E+00  0.00000000E+00  0.00000000E+00
 355.000    21121901  PLANTING                     1  0.00000000E+00  0.99009900E+00  0.00000000E+00  0.00000000E+00 -0.10180080E-01  0.00000000E+00  0.22274820E+00  0.00000000E+00  0.00000000E+00
 356.000    22121901  PLANTING                     1  0.00000000E+00  0.99009900E+00  0.00000000E+00  0.00000000E+00 -0.10029970E-01  0.00000000E+00  0.19417620E+00  0.00000000E+00  0.00000000E+00
 357.000    23121901  PLANTING                     1  0.00000000E+00  0.99009900E+00  0.00000000E+00  0.00000000E+00 -0.10126540E-01  0.00000000E+00  0.16091640E+00  0.00000000E+00  0.00000000E+00
 358.000    24121901  PLANTING                     1  0.00000000E+00  0.99009900E+00  0.00000000E+00  0.00000000E+00 -0.10138470E-01  0.00000000E+00  0.19601500E+00  0.00000000E+00  0.00000000E+00
 359.000    25121901  PLANTING                     1  0.00000000E+00  0.99009900E+00  0.00000000E+00  0.00000000E+00 -0.10031930E-01  0.00000000E+00  0.23014880E+00  0.00000000E+00  0.00000000E+00
 360.000    26121901  PLANTING                     1  0.00000000E+00  0.99009900E+00  0.00000000E+00  0.00000000E+00 -0.10194170E-01  0.00000000E+00  0.16193830E+00  0.00000000E+00  0.00000000E+00
 361.000    27121901  PLANTING                     1  0.00000000E+00  0.99009900E+00  0.00000000E+00  0.00000000E+00 -0.10284160E-01  0.00000000E+00  0.16275490E+00  0.00000000E+00  0.00000000E+00
 362.000    28121901  PLANTING                     1  0.00000000E+00  0.99009900E+00  0.00000000E+00  0.00000000E+00 -0.10404000E-01  0.00000000E+00  0.18655960E+00  0.00000000E+00  0.00000000E+00
 363.000    29121901  PLANTING                     1  0.00000000E+00  0.99009900E+00  0.00000000E+00  0.00000000E+00 -0.10195970E-01  0.00000000E+00  0.24921210E+00  0.00000000E+00  0.00000000E+00
 364.000    30121901  PLANTING                     1  0.00000000E+00  0.99009900E+00  0.00000000E+00  0.00000000E+00 -0.10272140E-01  0.00000000E+00  0.20368610E+00  0.00000000E+00  0.00000000E+00
 365.000    31121901  PLANTING                     1  0.00000000E+00  0.99009900E+00  0.00000000E+00  0.00000000E+00 -0.10389670E-01  0.00000000E+00  0.21824790E+00  0.00000000E+00  0.00000000E+00
