    DOY     DATE    TRANSPN         WTR_STRESS      OXY_STRESS      
010111901dw        1.000    01011901  0.0000000E+000  0.0000000E+000  0.9718525E+000
010111901dw        2.000    02011901  0.0000000E+000  0.0000000E+000  0.9733390E+000
010111901dw        3.000    03011901  0.0000000E+000  0.0000000E+000  0.9749914E+000
010111901dw        4.000    04011901  0.0000000E+000  0.0000000E+000  0.9737467E+000
010111901dw        5.000    05011901  0.8230235E-002  0.0000000E+000  0.9714266E+000
010111901dw        6.000    06011901  0.3305764E-001  0.0000000E+000  0.9656860E+000
010111901dw        7.000    07011901  0.7903832E-001  0.0000000E+000  0.9636410E+000
010111901dw        8.000    08011901  0.8274608E-001  0.0000000E+000  0.9610907E+000
010111901dw        9.000    09011901  0.1444797E+000  0.0000000E+000  0.9592539E+000
010111901dw       10.000    10011901  0.1734123E+000  0.0000000E+000  0.9625362E+000
010111901dw       11.000    11011901  0.1863006E+000  0.0000000E+000  0.9609358E+000
010111901dw       12.000    12011901  0.2269483E+000  0.0000000E+000  0.9624555E+000
010111901dw       13.000    13011901  0.2288143E+000  0.0000000E+000  0.9658412E+000
010111901dw       14.000    14011901  0.2577550E+000  0.0000000E+000  0.9672022E+000
010111901dw       15.000    15011901  0.2667311E+000  0.0000000E+000  0.9655850E+000
010111901dw       16.000    16011901  0.2877649E+000  0.0000000E+000  0.9628342E+000
010111901dw       17.000    17011901  0.3178378E+000  0.0000000E+000  0.9657866E+000
010111901dw       18.000    18011901  0.3588554E+000  0.0000000E+000  0.9651438E+000
010111901dw       19.000    19011901  0.4007144E+000  0.0000000E+000  0.9609695E+000
010111901dw       20.000    20011901  0.4308276E+000  0.0000000E+000  0.9685099E+000
010111901dw       21.000    21011901  0.4810965E+000  0.0000000E+000  0.9710203E+000
010111901dw       22.000    22011901  0.5415442E+000  0.0000000E+000  0.9747077E+000
010111901dw       23.000    23011901  0.5837276E+000  0.0000000E+000  0.9733526E+000
010111901dw       24.000    24011901  0.6490974E+000  0.0000000E+000  0.9791681E+000
010111901dw       25.000    25011901  0.7104802E+000  0.0000000E+000  0.9815872E+000
010111901dw       26.000    26011901  0.7765608E+000  0.0000000E+000  0.9826725E+000
010111901dw       27.000    27011901  0.8497920E+000  0.0000000E+000  0.9836614E+000
010111901dw       28.000    28011901  0.9071314E+000  0.0000000E+000  0.9842377E+000
010111901dw       29.000    29011901  0.9379699E+000  0.0000000E+000  0.9856434E+000
010111901dw       30.000    30011901  0.9952884E+000  0.0000000E+000  0.9854370E+000
010111901dw       31.000    31011901  0.1041464E+001  0.0000000E+000  0.9854967E+000
010111901dw       32.000    01021901  0.1105402E+001  0.0000000E+000  0.9858655E+000
010111901dw       33.000    02021901  0.1176004E+001  0.0000000E+000  0.9867492E+000
010111901dw       34.000    03021901  0.1221608E+001  0.0000000E+000  0.9869203E+000
010111901dw       35.000    04021901  0.1264632E+001  0.0000000E+000  0.9886524E+000
010111901dw       36.000    05021901  0.1332762E+001  0.0000000E+000  0.9893184E+000
010111901dw       37.000    06021901  0.1401750E+001  0.0000000E+000  0.9889574E+000
010111901dw       38.000    07021901  0.1483602E+001  0.0000000E+000  0.9887118E+000
010111901dw       39.000    08021901  0.1540320E+001  0.0000000E+000  0.9884083E+000
010111901dw       40.000    09021901  0.1599764E+001  0.0000000E+000  0.9879948E+000
010111901dw       41.000    10021901  0.1673185E+001  0.0000000E+000  0.9896063E+000
010111901dw       42.000    11021901  0.1764668E+001  0.0000000E+000  0.9894018E+000
010111901dw       43.000    12021901  0.1892420E+001  0.0000000E+000  0.9882641E+000
010111901dw       44.000    13021901  0.2238798E+001  0.0000000E+000  0.9852741E+000
010111901dw       45.000    14021901  0.2588346E+001  0.0000000E+000  0.9883606E+000
010111901dw       46.000    15021901  0.2985219E+001  0.0000000E+000  0.9891993E+000
010111901dw       47.000    16021901  0.3263348E+001  0.0000000E+000  0.9893854E+000
010111901dw       48.000    17021901  0.3540297E+001  0.0000000E+000  0.9902471E+000
010111901dw       49.000    18021901  0.3706248E+001  0.0000000E+000  0.9905712E+000
010111901dw       50.000    19021901  0.3847392E+001  0.0000000E+000  0.9887327E+000
010111901dw       51.000    20021901  0.3987059E+001  0.0000000E+000  0.9899001E+000
010111901dw       52.000    21021901  0.4185008E+001  0.0000000E+000  0.9906749E+000
010111901dw       53.000    22021901  0.4377305E+001  0.0000000E+000  0.9903985E+000
010111901dw       54.000    23021901  0.4523088E+001  0.0000000E+000  0.9892839E+000
010111901dw       55.000    24021901  0.4681034E+001  0.0000000E+000  0.9894563E+000
010111901dw       56.000    25021901  0.4794215E+001  0.0000000E+000  0.9886426E+000
010111901dw       57.000    26021901  0.5192325E+001  0.0000000E+000  0.9891681E+000
010111901dw       58.000    27021901  0.5593744E+001  0.0000000E+000  0.9901123E+000
010111901dw       59.000    28021901  0.6011815E+001  0.0000000E+000  0.9913905E+000
010111901dw       60.000    01031901  0.6167038E+001  0.0000000E+000  0.9907792E+000
010111901dw       61.000    02031901  0.6542301E+001  0.0000000E+000  0.9905389E+000
010111901dw       62.000    03031901  0.6788811E+001  0.0000000E+000  0.9929691E+000
010111901dw       63.000    04031901  0.6966884E+001  0.0000000E+000  0.9935261E+000
010111901dw       64.000    05031901  0.7402075E+001  0.0000000E+000  0.9932413E+000
010111901dw       65.000    06031901  0.7999589E+001  0.0000000E+000  0.9935056E+000
010111901dw       66.000    07031901  0.8495424E+001  0.0000000E+000  0.9936815E+000
010111901dw       67.000    08031901  0.8848464E+001  0.0000000E+000  0.9937635E+000
010111901dw       68.000    09031901  0.9397876E+001  0.0000000E+000  0.9937989E+000
010111901dw       69.000    10031901  0.1005883E+002  0.0000000E+000  0.9937735E+000
010111901dw       70.000    11031901  0.1042718E+002  0.0000000E+000  0.9936709E+000
010111901dw       71.000    12031901  0.1075813E+002  0.0000000E+000  0.9937312E+000
010111901dw       72.000    13031901  0.1130830E+002  0.0000000E+000  0.9937445E+000
010111901dw       73.000    14031901  0.1202581E+002  0.0000000E+000  0.9937420E+000
010111901dw       74.000    15031901  0.1250971E+002  0.0000000E+000  0.9936743E+000
010111901dw       75.000    16031901  0.1304198E+002  0.0000000E+000  0.9935981E+000
010111901dw       76.000    17031901  0.1361769E+002  0.0000000E+000  0.9934790E+000
010111901dw       77.000    18031901  0.1420403E+002  0.0000000E+000  0.9935798E+000
010111901dw       78.000    19031901  0.1472880E+002  0.0000000E+000  0.9935227E+000
010111901dw       79.000    20031901  0.1561369E+002  0.0000000E+000  0.9935581E+000
010111901dw       80.000    21031901  0.1606317E+002  0.0000000E+000  0.9935648E+000
010111901dw       81.000    22031901  0.1676840E+002  0.0000000E+000  0.9934856E+000
010111901dw       82.000    23031901  0.1754947E+002  0.0000000E+000  0.9935856E+000
010111901dw       83.000    24031901  0.1803629E+002  0.0000000E+000  0.9935694E+000
010111901dw       84.000    25031901  0.1849976E+002  0.0000000E+000  0.9934849E+000
010111901dw       85.000    26031901  0.1938763E+002  0.0000000E+000  0.9934665E+000
010111901dw       86.000    27031901  0.2035280E+002  0.0000000E+000  0.9935288E+000
010111901dw       87.000    28031901  0.2106565E+002  0.0000000E+000  0.9935205E+000
010111901dw       88.000    29031901  0.2156025E+002  0.0000000E+000  0.9935202E+000
010111901dw       89.000    30031901  0.2213138E+002  0.0000000E+000  0.9934490E+000
010111901dw       90.000    31031901  0.2292362E+002  0.0000000E+000  0.9933665E+000
010111901dw       91.000    01041901  0.2351700E+002  0.0000000E+000  0.9934347E+000
010111901dw       92.000    02041901  0.2431085E+002  0.0000000E+000  0.9934278E+000
010111901dw       93.000    03041901  0.2479256E+002  0.0000000E+000  0.9934378E+000
010111901dw       94.000    04041901  0.2528017E+002  0.0000000E+000  0.9934741E+000
010111901dw       95.000    05041901  0.2596249E+002  0.0000000E+000  0.9934934E+000
010111901dw       96.000    06041901  0.2675342E+002  0.0000000E+000  0.9933659E+000
010111901dw       97.000    07041901  0.2744814E+002  0.0000000E+000  0.9933125E+000
010111901dw       98.000    08041901  0.2801748E+002  0.0000000E+000  0.9932919E+000
010111901dw       99.000    09041901  0.2878863E+002  0.0000000E+000  0.9932139E+000
010111901dw      100.000    10041901  0.2962677E+002  0.0000000E+000  0.9932469E+000
010111901dw      101.000    11041901  0.3012333E+002  0.0000000E+000  0.9933441E+000
010111901dw      102.000    12041901  0.3080475E+002  0.0000000E+000  0.9932781E+000
010111901dw      103.000    13041901  0.3167309E+002  0.0000000E+000  0.9933014E+000
010111901dw      104.000    14041901  0.3213773E+002  0.0000000E+000  0.9933690E+000
010111901dw      105.000    15041901  0.3286827E+002  0.0000000E+000  0.9934129E+000
010111901dw      106.000    16041901  0.3395222E+002  0.0000000E+000  0.9933619E+000
010111901dw      107.000    17041901  0.3476155E+002  0.0000000E+000  0.9932693E+000
010111901dw      108.000    18041901  0.3579864E+002  0.0000000E+000  0.9930987E+000
010111901dw      109.000    19041901  0.3658039E+002  0.0000000E+000  0.9932854E+000
010111901dw      110.000    20041901  0.3706053E+002  0.0000000E+000  0.9933771E+000
010111901dw      111.000    21041901  0.3773817E+002  0.0000000E+000  0.9931447E+000
010111901dw      112.000    22041901  0.3876291E+002  0.0000000E+000  0.9929681E+000
010111901dw      113.000    23041901  0.4040805E+002  0.0000000E+000  0.9926509E+000
010111901dw      114.000    24041901  0.4176561E+002  0.0000000E+000  0.9928889E+000
010111901dw      115.000    25041901  0.4254422E+002  0.0000000E+000  0.9930325E+000
010111901dw      116.000    26041901  0.4342020E+002  0.0000000E+000  0.9929521E+000
010111901dw      117.000    27041901  0.4413371E+002  0.0000000E+000  0.9930528E+000
010111901dw      118.000    28041901  0.4486685E+002  0.0000000E+000  0.9931182E+000
010111901dw      119.000    29041901  0.4576528E+002  0.0000000E+000  0.9929991E+000
010111901dw      120.000    30041901  0.4664936E+002  0.0000000E+000  0.9930670E+000
010111901dw      121.000    01051901  0.4761055E+002  0.0000000E+000  0.9929720E+000
010111901dw      122.000    02051901  0.4882487E+002  0.0000000E+000  0.9930271E+000
010111901dw      123.000    03051901  0.4979525E+002  0.0000000E+000  0.9928113E+000
010111901dw      124.000    04051901  0.5046980E+002  0.0000000E+000  0.9929192E+000
010111901dw      125.000    05051901  0.5122942E+002  0.0000000E+000  0.9929269E+000
010111901dw      126.000    06051901  0.5181996E+002  0.0000000E+000  0.9929463E+000
010111901dw      127.000    07051901  0.5255190E+002  0.0000000E+000  0.9929737E+000
010111901dw      128.000    08051901  0.5354925E+002  0.0000000E+000  0.9929604E+000
010111901dw      129.000    09051901  0.5452142E+002  0.0000000E+000  0.9929525E+000
010111901dw      130.000    10051901  0.5578884E+002  0.0000000E+000  0.9929219E+000
010111901dw      131.000    11051901  0.5700637E+002  0.0000000E+000  0.9929588E+000
010111901dw      132.000    12051901  0.5805155E+002  0.0000000E+000  0.9929702E+000
010111901dw      133.000    13051901  0.5925392E+002  0.0000000E+000  0.9929948E+000
010111901dw      134.000    14051901  0.6026024E+002  0.0000000E+000  0.9927309E+000
010111901dw      135.000    15051901  0.6125314E+002  0.0000000E+000  0.9927716E+000
010111901dw      136.000    16051901  0.6270632E+002  0.0000000E+000  0.9928978E+000
010111901dw      137.000    17051901  0.6424940E+002  0.0000000E+000  0.9929064E+000
010111901dw      138.000    18051901  0.6497587E+002  0.0000000E+000  0.9928209E+000
010111901dw      139.000    19051901  0.6614515E+002  0.0000000E+000  0.9930133E+000
010111901dw      140.000    20051901  0.6763102E+002  0.0000000E+000  0.9929769E+000
010111901dw      141.000    21051901  0.6909050E+002  0.0000000E+000  0.9929792E+000
010111901dw      142.000    22051901  0.7061527E+002  0.0000000E+000  0.9928660E+000
010111901dw      143.000    23051901  0.7207275E+002  0.0000000E+000  0.9928364E+000
010111901dw      144.000    24051901  0.7354203E+002  0.0000000E+000  0.9928709E+000
010111901dw      145.000    25051901  0.7507531E+002  0.0000000E+000  0.9929287E+000
010111901dw      146.000    26051901  0.7640180E+002  0.0000000E+000  0.9930839E+000
010111901dw      147.000    27051901  0.7751457E+002  0.0000000E+000  0.9928299E+000
010111901dw      148.000    28051901  0.7883393E+002  0.0000000E+000  0.9927955E+000
010111901dw      149.000    29051901  0.8026494E+002  0.0000000E+000  0.9927633E+000
010111901dw      150.000    30051901  0.8145749E+002  0.0000000E+000  0.9928044E+000
010111901dw      151.000    31051901  0.8294300E+002  0.0000000E+000  0.9927300E+000
010111901dw      152.000    01061901  0.8443654E+002  0.0000000E+000  0.9927163E+000
010111901dw      153.000    02061901  0.8589855E+002  0.0000000E+000  0.9927181E+000
010111901dw      154.000    03061901  0.8733904E+002  0.0000000E+000  0.9926881E+000
010111901dw      155.000    04061901  0.8948547E+002  0.0000000E+000  0.9920382E+000
010111901dw      156.000    05061901  0.9149263E+002  0.0000000E+000  0.9921602E+000
010111901dw      157.000    06061901  0.9302505E+002  0.0000000E+000  0.9923165E+000
010111901dw      158.000    07061901  0.9490087E+002  0.0000000E+000  0.9849505E+000
010111901dw      159.000    08061901  0.9755246E+002  0.0000000E+000  0.9819766E+000
010111901dw      160.000    09061901  0.1006362E+003  0.0000000E+000  0.9571131E+000
010111901dw      161.000    10061901  0.1036763E+003  0.0000000E+000  0.9287191E+000
010111901dw      162.000    11061901  0.1066178E+003  0.0000000E+000  0.9057299E+000
010111901dw      163.000    12061901  0.1092132E+003  0.0000000E+000  0.8731416E+000
010111901dw      164.000    13061901  0.1107869E+003  0.0000000E+000  0.8541013E+000
010111901dw      165.000    14061901  0.1120767E+003  0.0000000E+000  0.8354474E+000
010111901dw      166.000    15061901  0.1131294E+003  0.0000000E+000  0.8278524E+000
010111901dw      167.000    16061901  0.1141898E+003  0.0000000E+000  0.8126428E+000
010111901dw      168.000    17061901  0.1158259E+003  0.0000000E+000  0.8077299E+000
010111901dw      169.000    18061901  0.1173713E+003  0.0000000E+000  0.7961600E+000
010111901dw      170.000    19061901  0.1188464E+003  0.0000000E+000  0.7954675E+000
010111901dw      171.000    20061901  0.1205414E+003  0.0000000E+000  0.7826390E+000
010111901dw      172.000    21061901  0.1222618E+003  0.0000000E+000  0.7875676E+000
010111901dw      173.000    22061901  0.1244137E+003  0.0000000E+000  0.7911180E+000
010111901dw      174.000    23061901  0.1267492E+003  0.0000000E+000  0.7831247E+000
010111901dw      175.000    24061901  0.1284358E+003  0.0000000E+000  0.7771557E+000
010111901dw      176.000    25061901  0.1302923E+003  0.0000000E+000  0.7740731E+000
010111901dw      177.000    26061901  0.1317309E+003  0.0000000E+000  0.7767488E+000
010111901dw      178.000    27061901  0.1332067E+003  0.0000000E+000  0.7754061E+000
010111901dw      179.000    28061901  0.1347503E+003  0.0000000E+000  0.7913779E+000
010111901dw      180.000    29061901  0.1362364E+003  0.0000000E+000  0.8030523E+000
010111901dw      181.000    30061901  0.1377209E+003  0.0000000E+000  0.8008439E+000
010111901dw      182.000    01071901  0.1391532E+003  0.0000000E+000  0.7747961E+000
010111901dw      183.000    02071901  0.1405445E+003  0.0000000E+000  0.7736893E+000
010111901dw      184.000    03071901  0.1419164E+003  0.0000000E+000  0.7724850E+000
010111901dw      185.000    04071901  0.1432312E+003  0.0000000E+000  0.7698611E+000
010111901dw      186.000    05071901  0.1446166E+003  0.0000000E+000  0.9910418E+000
010111901dw      187.000    06071901  0.1459886E+003  0.0000000E+000  0.9909102E+000
010111901dw      188.000    07071901  0.1470831E+003  0.0000000E+000  0.9908956E+000
010111901dw      189.000    08071901  0.1478119E+003  0.0000000E+000  0.9909053E+000
010111901dw      190.000    09071901  0.1486345E+003  0.0000000E+000  0.9908633E+000
010111901dw      191.000    10071901  0.1495278E+003  0.0000000E+000  0.9908870E+000
010111901dw      192.000    11071901  0.1504515E+003  0.0000000E+000  0.9902153E+000
010111901dw      193.000    12071901  0.1513039E+003  0.0000000E+000  0.9901229E+000
010111901dw      194.000    13071901  0.1521701E+003  0.0000000E+000  0.9900878E+000
010111901dw      195.000    14071901  0.1529951E+003  0.0000000E+000  0.9901466E+000
010111901dw      196.000    15071901  0.1539979E+003  0.0000000E+000  0.9901264E+000
010111901dw      197.000    16071901  0.1547932E+003  0.0000000E+000  0.9901405E+000
010111901dw      198.000    17071901  0.1556626E+003  0.0000000E+000  0.9902015E+000
010111901dw      199.000    18071901  0.1563427E+003  0.0000000E+000  0.9901968E+000
010111901dw      200.000    19071901  0.1569819E+003  0.0000000E+000  0.9902779E+000
010111901dw      201.000    20071901  0.1574279E+003  0.0000000E+000  0.9900001E+000
010111901dw      202.000    21071901  0.1578255E+003  0.0000000E+000  0.9899115E+000
010111901dw      203.000    22071901  0.1581880E+003  0.0000000E+000  0.9898786E+000
010111901dw      204.000    23071901  0.1584266E+003  0.0000000E+000  0.9899015E+000
010111901dw      205.000    24071901  0.1586798E+003  0.0000000E+000  0.9899599E+000
010111901dw      206.000    25071901  0.1588473E+003  0.0000000E+000  0.9899913E+000
010111901dw      207.000    26071901  0.1589627E+003  0.0000000E+000  0.9897950E+000
010111901dw      208.000    27071901  0.1591530E+003  0.0000000E+000  0.9896019E+000
010111901dw      209.000    28071901  0.1593400E+003  0.0000000E+000  0.9895667E+000
010111901dw      210.000    29071901  0.1594617E+003  0.0000000E+000  0.9896886E+000
010111901dw      211.000    30071901  0.1595843E+003  0.0000000E+000  0.9898400E+000
010111901dw      212.000    31071901  0.1597300E+003  0.0000000E+000  0.9899339E+000
010111901dw      213.000    01081901  0.1598097E+003  0.0000000E+000  0.9897063E+000
010111901dw      214.000    02081901  0.1599106E+003  0.0000000E+000  0.9896684E+000
010111901dw      215.000    03081901  0.1600275E+003  0.0000000E+000  0.9896380E+000
010111901dw      216.000    04081901  0.1603799E+003  0.0000000E+000  0.9902735E+000
010111901dw      217.000    05081901  0.1603799E+003  0.0000000E+000  0.0000000E+000
010111901dw      218.000    06081901  0.1603799E+003  0.0000000E+000  0.0000000E+000
010111901dw      219.000    07081901  0.1603799E+003  0.0000000E+000  0.0000000E+000
010111901dw      220.000    08081901  0.1603799E+003  0.0000000E+000  0.0000000E+000
010111901dw      221.000    09081901  0.1603799E+003  0.0000000E+000  0.0000000E+000
010111901dw      222.000    10081901  0.1603799E+003  0.0000000E+000  0.0000000E+000
010111901dw      223.000    11081901  0.1603799E+003  0.0000000E+000  0.0000000E+000
010111901dw      224.000    12081901  0.1603799E+003  0.0000000E+000  0.0000000E+000
010111901dw      225.000    13081901  0.1603799E+003  0.0000000E+000  0.0000000E+000
010111901dw      226.000    14081901  0.1603799E+003  0.0000000E+000  0.0000000E+000
010111901dw      227.000    15081901  0.1603799E+003  0.0000000E+000  0.0000000E+000
010111901dw      228.000    16081901  0.1603799E+003  0.0000000E+000  0.0000000E+000
010111901dw      229.000    17081901  0.1603799E+003  0.0000000E+000  0.0000000E+000
010111901dw      230.000    18081901  0.1603799E+003  0.0000000E+000  0.0000000E+000
010111901dw      231.000    19081901  0.1603799E+003  0.0000000E+000  0.0000000E+000
010111901dw      232.000    20081901  0.1603799E+003  0.0000000E+000  0.0000000E+000
010111901dw      233.000    21081901  0.1603799E+003  0.0000000E+000  0.0000000E+000
010111901dw      234.000    22081901  0.1603799E+003  0.0000000E+000  0.0000000E+000
010111901dw      235.000    23081901  0.1603799E+003  0.0000000E+000  0.0000000E+000
010111901dw      236.000    24081901  0.1603799E+003  0.0000000E+000  0.0000000E+000
010111901dw      237.000    25081901  0.1603799E+003  0.0000000E+000  0.0000000E+000
010111901dw      238.000    26081901  0.1603799E+003  0.0000000E+000  0.0000000E+000
010111901dw      239.000    27081901  0.1603799E+003  0.0000000E+000  0.0000000E+000
010111901dw      240.000    28081901  0.1603799E+003  0.0000000E+000  0.0000000E+000
010111901dw      241.000    29081901  0.1603799E+003  0.0000000E+000  0.0000000E+000
010111901dw      242.000    30081901  0.1603799E+003  0.0000000E+000  0.0000000E+000
010111901dw      243.000    31081901  0.1603799E+003  0.0000000E+000  0.0000000E+000
010111901dw      244.000    01091901  0.1603799E+003  0.0000000E+000  0.0000000E+000
010111901dw      245.000    02091901  0.1603799E+003  0.0000000E+000  0.0000000E+000
010111901dw      246.000    03091901  0.1603799E+003  0.0000000E+000  0.0000000E+000
010111901dw      247.000    04091901  0.1603799E+003  0.0000000E+000  0.0000000E+000
010111901dw      248.000    05091901  0.1603799E+003  0.0000000E+000  0.0000000E+000
010111901dw      249.000    06091901  0.1603799E+003  0.0000000E+000  0.0000000E+000
010111901dw      250.000    07091901  0.1603799E+003  0.0000000E+000  0.0000000E+000
010111901dw      251.000    08091901  0.1603799E+003  0.0000000E+000  0.0000000E+000
010111901dw      252.000    09091901  0.1603799E+003  0.0000000E+000  0.0000000E+000
010111901dw      253.000    10091901  0.1603799E+003  0.0000000E+000  0.0000000E+000
010111901dw      254.000    11091901  0.1603799E+003  0.0000000E+000  0.0000000E+000
010111901dw      255.000    12091901  0.1603799E+003  0.0000000E+000  0.0000000E+000
010111901dw      256.000    13091901  0.1603799E+003  0.0000000E+000  0.0000000E+000
010111901dw      257.000    14091901  0.1603799E+003  0.0000000E+000  0.0000000E+000
010111901dw      258.000    15091901  0.1603799E+003  0.0000000E+000  0.0000000E+000
010111901dw      259.000    16091901  0.1603799E+003  0.0000000E+000  0.0000000E+000
010111901dw      260.000    17091901  0.1603799E+003  0.0000000E+000  0.0000000E+000
010111901dw      261.000    18091901  0.1603799E+003  0.0000000E+000  0.0000000E+000
010111901dw      262.000    19091901  0.1603799E+003  0.0000000E+000  0.0000000E+000
010111901dw      263.000    20091901  0.1603799E+003  0.0000000E+000  0.0000000E+000
010111901dw      264.000    21091901  0.1603799E+003  0.0000000E+000  0.0000000E+000
010111901dw      265.000    22091901  0.1603799E+003  0.0000000E+000  0.0000000E+000
010111901dw      266.000    23091901  0.1603799E+003  0.0000000E+000  0.0000000E+000
010111901dw      267.000    24091901  0.1603799E+003  0.0000000E+000  0.0000000E+000
010111901dw      268.000    25091901  0.1603799E+003  0.0000000E+000  0.0000000E+000
010111901dw      269.000    26091901  0.1603799E+003  0.0000000E+000  0.0000000E+000
010111901dw      270.000    27091901  0.1603799E+003  0.0000000E+000  0.0000000E+000
010111901dw      271.000    28091901  0.1603799E+003  0.0000000E+000  0.0000000E+000
010111901dw      272.000    29091901  0.1603799E+003  0.0000000E+000  0.0000000E+000
010111901dw      273.000    30091901  0.1603799E+003  0.0000000E+000  0.0000000E+000
010111901dw      274.000    01101901  0.1603799E+003  0.0000000E+000  0.0000000E+000
010111901dw      275.000    02101901  0.1603799E+003  0.0000000E+000  0.0000000E+000
010111901dw      276.000    03101901  0.1603799E+003  0.0000000E+000  0.0000000E+000
010111901dw      277.000    04101901  0.1603799E+003  0.0000000E+000  0.0000000E+000
010111901dw      278.000    05101901  0.1603799E+003  0.0000000E+000  0.0000000E+000
010111901dw      279.000    06101901  0.1603799E+003  0.0000000E+000  0.0000000E+000
010111901dw      280.000    07101901  0.1603799E+003  0.0000000E+000  0.0000000E+000
010111901dw      281.000    08101901  0.1603799E+003  0.0000000E+000  0.0000000E+000
010111901dw      282.000    09101901  0.1603799E+003  0.0000000E+000  0.0000000E+000
010111901dw      283.000    10101901  0.1603799E+003  0.0000000E+000  0.0000000E+000
010111901dw      284.000    11101901  0.1603799E+003  0.0000000E+000  0.0000000E+000
010111901dw      285.000    12101901  0.1603799E+003  0.0000000E+000  0.0000000E+000
010111901dw      286.000    13101901  0.1603799E+003  0.0000000E+000  0.0000000E+000
010111901dw      287.000    14101901  0.1603799E+003  0.0000000E+000  0.0000000E+000
010111901dw      288.000    15101901  0.1603799E+003  0.0000000E+000  0.0000000E+000
010111901dw      289.000    16101901  0.1603799E+003  0.0000000E+000  0.0000000E+000
010111901dw      290.000    17101901  0.1603799E+003  0.0000000E+000  0.0000000E+000
010111901dw      291.000    18101901  0.1603799E+003  0.0000000E+000  0.0000000E+000
010111901dw      292.000    19101901  0.1603799E+003  0.0000000E+000  0.0000000E+000
010111901dw      293.000    20101901  0.1603799E+003  0.0000000E+000  0.0000000E+000
010111901dw      294.000    21101901  0.1603799E+003  0.0000000E+000  0.0000000E+000
010111901dw      295.000    22101901  0.1603799E+003  0.0000000E+000  0.0000000E+000
010111901dw      296.000    23101901  0.1603799E+003  0.0000000E+000  0.0000000E+000
010111901dw      297.000    24101901  0.1603799E+003  0.0000000E+000  0.0000000E+000
010111901dw      298.000    25101901  0.1603799E+003  0.0000000E+000  0.0000000E+000
010111901dw      299.000    26101901  0.1603799E+003  0.0000000E+000  0.0000000E+000
010111901dw      300.000    27101901  0.1603799E+003  0.0000000E+000  0.0000000E+000
010111901dw      301.000    28101901  0.1603799E+003  0.0000000E+000  0.0000000E+000
010111901dw      302.000    29101901  0.1603799E+003  0.0000000E+000  0.0000000E+000
010111901dw      303.000    30101901  0.1603799E+003  0.0000000E+000  0.0000000E+000
010111901dw      304.000    31101901  0.1603799E+003  0.0000000E+000  0.0000000E+000
010111901dw      305.000    01111901  0.1603799E+003  0.0000000E+000  0.0000000E+000
010111901dw      306.000    02111901  0.1603799E+003  0.0000000E+000  0.0000000E+000
010111901dw      307.000    03111901  0.1603799E+003  0.0000000E+000  0.0000000E+000
010111901dw      308.000    04111901  0.1603799E+003  0.0000000E+000  0.0000000E+000
010111901dw      309.000    05111901  0.1603799E+003  0.0000000E+000  0.0000000E+000
010111901dw      310.000    06111901  0.1603799E+003  0.0000000E+000  0.0000000E+000
010111901dw      311.000    07111901  0.1603799E+003  0.0000000E+000  0.0000000E+000
010111901dw      312.000    08111901  0.1603799E+003  0.0000000E+000  0.0000000E+000
010111901dw      313.000    09111901  0.1603799E+003  0.0000000E+000  0.0000000E+000
010111901dw      314.000    10111901  0.1603799E+003  0.0000000E+000  0.0000000E+000
010111901dw      315.000    11111901  0.1603799E+003  0.0000000E+000  0.0000000E+000
010111901dw      316.000    12111901  0.1603799E+003  0.0000000E+000  0.0000000E+000
010111901dw      317.000    13111901  0.1603799E+003  0.0000000E+000  0.0000000E+000
010111901dw      318.000    14111901  0.1603799E+003  0.0000000E+000  0.0000000E+000
010111901dw      319.000    15111901  0.1603799E+003  0.0000000E+000  0.0000000E+000
010111901dw      320.000    16111901  0.1603799E+003  0.0000000E+000  0.0000000E+000
010111901dw      321.000    17111901  0.1603799E+003  0.0000000E+000  0.0000000E+000
010111901dw      322.000    18111901  0.1603799E+003  0.0000000E+000  0.0000000E+000
010111901dw      323.000    19111901  0.1603799E+003  0.0000000E+000  0.0000000E+000
010111901dw      324.000    20111901  0.1603799E+003  0.0000000E+000  0.0000000E+000
010111901dw      325.000    21111901  0.1603799E+003  0.0000000E+000  0.0000000E+000
010111901dw      326.000    22111901  0.1603799E+003  0.0000000E+000  0.0000000E+000
010111901dw      327.000    23111901  0.1603799E+003  0.0000000E+000  0.0000000E+000
010111901dw      328.000    24111901  0.1603799E+003  0.0000000E+000  0.0000000E+000
010111901dw      329.000    25111901  0.1603799E+003  0.0000000E+000  0.0000000E+000
010111901dw      330.000    26111901  0.1603799E+003  0.0000000E+000  0.0000000E+000
010111901dw      331.000    27111901  0.1603799E+003  0.0000000E+000  0.0000000E+000
010111901dw      332.000    28111901  0.1603799E+003  0.0000000E+000  0.0000000E+000
010111901dw      333.000    29111901  0.1603799E+003  0.0000000E+000  0.0000000E+000
010111901dw      334.000    30111901  0.1603799E+003  0.0000000E+000  0.0000000E+000
010111901dw      335.000    01121901  0.1603799E+003  0.0000000E+000  0.0000000E+000
010111901dw      336.000    02121901  0.1603799E+003  0.0000000E+000  0.0000000E+000
010111901dw      337.000    03121901  0.1603799E+003  0.0000000E+000  0.0000000E+000
010111901dw      338.000    04121901  0.1603799E+003  0.0000000E+000  0.0000000E+000
010111901dw      339.000    05121901  0.1603799E+003  0.0000000E+000  0.0000000E+000
010111901dw      340.000    06121901  0.1603799E+003  0.0000000E+000  0.0000000E+000
010111901dw      341.000    07121901  0.1603799E+003  0.0000000E+000  0.0000000E+000
010111901dw      342.000    08121901  0.1603799E+003  0.0000000E+000  0.0000000E+000
010111901dw      343.000    09121901  0.1603799E+003  0.0000000E+000  0.0000000E+000
010111901dw      344.000    10121901  0.1603799E+003  0.0000000E+000  0.0000000E+000
010111901dw      345.000    11121901  0.1603799E+003  0.0000000E+000  0.0000000E+000
010111901dw      346.000    12121901  0.1603799E+003  0.0000000E+000  0.0000000E+000
010111901dw      347.000    13121901  0.1603799E+003  0.0000000E+000  0.0000000E+000
010111901dw      348.000    14121901  0.1603799E+003  0.0000000E+000  0.0000000E+000
010111901dw      349.000    15121901  0.1603799E+003  0.0000000E+000  0.0000000E+000
010111901dw      350.000    16121901  0.1603799E+003  0.0000000E+000  0.0000000E+000
010111901dw      351.000    17121901  0.1603799E+003  0.0000000E+000  0.0000000E+000
010111901dw      352.000    18121901  0.1603799E+003  0.0000000E+000  0.0000000E+000
010111901dw      353.000    19121901  0.1603799E+003  0.0000000E+000  0.0000000E+000
010111901dw      354.000    20121901  0.1603799E+003  0.0000000E+000  0.0000000E+000
010111901dw      355.000    21121901  0.1603799E+003  0.0000000E+000  0.0000000E+000
010111901dw      356.000    22121901  0.1603799E+003  0.0000000E+000  0.0000000E+000
010111901dw      357.000    23121901  0.1603799E+003  0.0000000E+000  0.0000000E+000
010111901dw      358.000    24121901  0.1603799E+003  0.0000000E+000  0.0000000E+000
010111901dw      359.000    25121901  0.1603799E+003  0.0000000E+000  0.0000000E+000
010111901dw      360.000    26121901  0.1603799E+003  0.0000000E+000  0.0000000E+000
010111901dw      361.000    27121901  0.1603799E+003  0.0000000E+000  0.0000000E+000
010111901dw      362.000    28121901  0.1603799E+003  0.0000000E+000  0.0000000E+000
010111901dw      363.000    29121901  0.1603799E+003  0.0000000E+000  0.0000000E+000
010111901dw      364.000    30121901  0.1603799E+003  0.0000000E+000  0.0000000E+000
010111901dw      365.000    31121901  0.1603799E+003  0.0000000E+000  0.0000000E+000
