    DOY     DATE    GROWTH_STG      BRANCH_NO.      NODE_NO.        RUB_ACTVN       LEAF_N/C        LEAF_P/C        MIN_LWP         O2_STRESS       TEMP_STRESS     
010111900dh        1.000    01011900  EMERGENCE                    1  0.5136414E-001  0.9671925E+000  0.4178051E-001  0.4176475E-002 -0.1275546E-001  0.6475325E+000  0.3263400E+000
010111900dh        2.000    02011900  EMERGENCE                    1  0.1238242E+000  0.9411827E+000  0.3989562E-001  0.4027048E-002 -0.1494688E-001  0.5688685E+000  0.3362197E+000
010111900dh        3.000    03011900  EMERGENCE                    1  0.1954321E+000  0.9285663E+000  0.4216411E-001  0.4309573E-002 -0.1926942E+000  0.6503974E+000  0.3896636E+000
010111900dh        4.000    04011900  EMERGENCE                    1  0.2902714E+000  0.9174029E+000  0.4752102E-001  0.4929032E-002 -0.2827939E+000  0.6564929E+000  0.4724023E+000
010111900dh        5.000    05011900  EMERGENCE                    1  0.3893625E+000  0.9131841E+000  0.5288088E-001  0.5596237E-002 -0.1094456E+000  0.8502143E+000  0.3879231E+000
010111900dh        6.000    06011900  EMERGENCE                    1  0.4764417E+000  0.9163482E+000  0.6085723E-001  0.6655876E-002 -0.5348511E-001  0.8985575E+000  0.3325939E+000
010111900dh        7.000    07011900  EMERGENCE                    1  0.5526707E+000  0.9247361E+000  0.6978028E-001  0.7901659E-002 -0.9438570E-001  0.9044791E+000  0.3255194E+000
010111900dh        8.000    08011900  EMERGENCE                    1  0.6419204E+000  0.9328391E+000  0.7865898E-001  0.9192257E-002 -0.4978824E-001  0.5409394E+000  0.4378718E+000
010111900dh        9.000    09011900  EMERGENCE                    1  0.7333957E+000  0.9399696E+000  0.8525195E-001  0.1019629E-001 -0.6373279E-001  0.9097160E+000  0.3557645E+000
010111900dh       10.000    10011900  EMERGENCE                    1  0.8230521E+000  0.9453720E+000  0.8981764E-001  0.1098983E-001 -0.1254228E+000  0.9220077E+000  0.4204515E+000
010111900dh       11.000    11011900  EMERGENCE                    1  0.9225510E+000  0.9506801E+000  0.9431565E-001  0.1185044E-001 -0.2124686E+000  0.9407993E+000  0.3824930E+000
010111900dh       12.000    12011900  EMERGENCE                    1  0.1009058E+001  0.9561072E+000  0.9977725E-001  0.1288750E-001 -0.2067377E+000  0.9491446E+000  0.2817883E+000
010111900dh       13.000    13011900  EMERGENCE                    1  0.1095128E+001  0.9603620E+000  0.1050877E+000  0.1392009E-001 -0.2979859E+000  0.9466493E+000  0.3164405E+000
010111900dh       14.000    14011900  EMERGENCE                    1  0.1181500E+001  0.9639568E+000  0.1103753E+000  0.1495536E-001 -0.2931520E+000  0.9456554E+000  0.3401612E+000
010111900dh       15.000    15011900  EMERGENCE                    1  0.1270431E+001  0.9667969E+000  0.1150693E+000  0.1591235E-001 -0.2532868E+000  0.9429509E+000  0.3800353E+000
010111900dh       16.000    16011900  EMERGENCE                    1  0.1371043E+001  0.9694934E+000  0.1193913E+000  0.1680180E-001 -0.2055920E+000  0.9404640E+000  0.3965064E+000
010111900dh       17.000    17011900  EMERGENCE                    1  0.1468300E+001  0.9706610E+000  0.1222156E+000  0.1747726E-001 -0.2071002E+000  0.9410919E+000  0.3559025E+000
010111900dh       18.000    18011900  EMERGENCE                    1  0.1563034E+001  0.9719078E+000  0.1251170E+000  0.1813915E-001 -0.3091969E+000  0.9422476E+000  0.3460167E+000
010111900dh       19.000    19011900  EMERGENCE                    1  0.1644947E+001  0.9716916E+000  0.1262942E+000  0.1851614E-001 -0.3291809E+000  0.9494967E+000  0.2345530E+000
010111900dh       20.000    20011900  EMERGENCE                    1  0.1716722E+001  0.9716610E+000  0.1275095E+000  0.1884770E-001 -0.4809525E+000  0.9656263E+000  0.2191869E+000
010111900dh       21.000    21011900  EMERGENCE                    1  0.1793139E+001  0.9727060E+000  0.1296715E+000  0.1924022E-001 -0.2348617E+000  0.9646712E+000  0.3703232E+000
010111900dh       22.000    22011900  EMERGENCE                    1  0.1886089E+001  0.9732536E+000  0.1305752E+000  0.1935949E-001 -0.2227410E+000  0.9691632E+000  0.3557248E+000
010111900dh       23.000    23011900  EMERGENCE                    1  0.1975281E+001  0.9733795E+000  0.1312872E+000  0.1940565E-001 -0.2310574E+000  0.9661702E+000  0.2768335E+000
010111900dh       24.000    24011900  EMERGENCE                    1  0.2055594E+001  0.9732388E+000  0.1321172E+000  0.1945330E-001 -0.2743091E+000  0.9636891E+000  0.3263734E+000
010111900dh       25.000    25011900  EMERGENCE                    1  0.2134261E+001  0.9723700E+000  0.1320209E+000  0.1940894E-001 -0.1689122E+000  0.9665271E+000  0.2492349E+000
010111900dh       26.000    26011900  EMERGENCE                    1  0.2208398E+001  0.9725093E+000  0.1331327E+000  0.1955192E-001 -0.2742096E+000  0.9654805E+000  0.3025313E+000
010111900dh       27.000    27011900  EMERGENCE                    1  0.2296746E+001  0.9725894E+000  0.1333681E+000  0.1952896E-001 -0.3592965E+000  0.9631308E+000  0.3091445E+000
010111900dh       28.000    28011900  EMERGENCE                    1  0.2391552E+001  0.9724774E+000  0.1331690E+000  0.1941077E-001 -0.4524498E+000  0.9611135E+000  0.3379207E+000
010111900dh       29.000    29011900  FLORAL_INIT.                 1  0.2481170E+001  0.9725432E+000  0.1336890E+000  0.1936815E-001 -0.3077579E+000  0.9676529E+000  0.3255827E+000
010111900dh       30.000    30011900  FLORAL_INIT.                 1  0.2582781E+001  0.9730174E+000  0.1341079E+000  0.1927899E-001 -0.4155234E+000  0.9642188E+000  0.3748237E+000
010111900dh       31.000    31011900  FLORAL_INIT.                 1  0.2685270E+001  0.9729736E+000  0.1339898E+000  0.1908713E-001 -0.5157350E+000  0.9631068E+000  0.3513018E+000
010111900dh       32.000    01021900  FLORAL_INIT.                 1  0.2805450E+001  0.9730436E+000  0.1336295E+000  0.1886570E-001 -0.7035504E+000  0.9611679E+000  0.3853174E+000
010111900dh       33.000    02021900  FLORAL_INIT.                 1  0.2926849E+001  0.9724757E+000  0.1326367E+000  0.1855671E-001 -0.7707218E+000  0.9621016E+000  0.3645227E+000
010111900dh       34.000    03021900  FLORAL_INIT.                 1  0.3053759E+001  0.9724376E+000  0.1322998E+000  0.1834121E-001 -0.8361596E+000  0.9621335E+000  0.4171960E+000
010111900dh       35.000    04021900  FLORAL_INIT.                 1  0.3178532E+001  0.9725704E+000  0.1322445E+000  0.1814656E-001 -0.7269713E+000  0.9642493E+000  0.3870024E+000
010111900dh       36.000    05021900  FLORAL_INIT.                 1  0.3305164E+001  0.9725674E+000  0.1319458E+000  0.1790926E-001 -0.7297555E+000  0.9619742E+000  0.4539416E+000
010111900dh       37.000    06021900  FLORAL_INIT.                 1  0.3440446E+001  0.9723819E+000  0.1313586E+000  0.1763430E-001 -0.1108397E+001  0.9666379E+000  0.4101563E+000
010111900dh       38.000    07021900  FLORAL_INIT.                 1  0.3561499E+001  0.9720490E+000  0.1310015E+000  0.1740344E-001 -0.8313573E+000  0.9679276E+000  0.4333130E+000
010111900dh       39.000    08021900  JOINTING                     1  0.3691994E+001  0.9725407E+000  0.1313800E+000  0.1726490E-001 -0.8396420E+000  0.9698296E+000  0.4163642E+000
010111900dh       40.000    09021900  JOINTING                     1  0.3818312E+001  0.9722592E+000  0.1310225E+000  0.1701494E-001 -0.9172824E+000  0.9740790E+000  0.4045719E+000
010111900dh       41.000    10021900  JOINTING                     1  0.3935148E+001  0.9718760E+000  0.1308762E+000  0.1680134E-001 -0.8706583E+000  0.9813385E+000  0.4117451E+000
010111900dh       42.000    11021900  JOINTING                     1  0.4023686E+001  0.9708604E+000  0.1303707E+000  0.1656246E-001 -0.4948597E+000  0.9905220E+000  0.2708230E+000
010111900dh       43.000    12021900  JOINTING                     1  0.4110896E+001  0.9706212E+000  0.1305192E+000  0.1642208E-001 -0.5880227E+000  0.9924166E+000  0.2958610E+000
010111900dh       44.000    13021900  JOINTING                     1  0.4206458E+001  0.9711483E+000  0.1313336E+000  0.1636265E-001 -0.6446781E+000  0.9926140E+000  0.3490484E+000
010111900dh       45.000    14021900  JOINTING                     1  0.4299569E+001  0.9710746E+000  0.1315081E+000  0.1620544E-001 -0.6471992E+000  0.9927879E+000  0.3071824E+000
010111900dh       46.000    15021900  JOINTING                     1  0.4397464E+001  0.9714025E+000  0.1321297E+000  0.1610647E-001 -0.7900990E+000  0.9928788E+000  0.2817450E+000
010111900dh       47.000    16021900  JOINTING                     1  0.4492216E+001  0.9716953E+000  0.1329180E+000  0.1603110E-001 -0.7941230E+000  0.9929443E+000  0.2854959E+000
010111900dh       48.000    17021900  JOINTING                     1  0.4595035E+001  0.9721488E+000  0.1338542E+000  0.1597428E-001 -0.7858802E+000  0.9925775E+000  0.3711302E+000
010111900dh       49.000    18021900  JOINTING                     1  0.4688155E+001  0.9715674E+000  0.1339216E+000  0.1580335E-001 -0.6708755E+000  0.9934627E+000  0.2496924E+000
010111900dh       50.000    19021900  JOINTING                     1  0.4760570E+001  0.9717340E+000  0.1352486E+000  0.1580711E-001 -0.4873879E+000  0.9936180E+000  0.2173318E+000
010111900dh       51.000    20021900  ELONGATION                   1  0.4828810E+001  0.9723769E+000  0.1370384E+000  0.1587984E-001 -0.4751640E+000  0.9935439E+000  0.2167206E+000
010111900dh       52.000    21021900  ELONGATION                   1  0.4905597E+001  0.9724718E+000  0.1376113E+000  0.1581623E-001 -0.4454105E+000  0.9933802E+000  0.2324554E+000
010111900dh       53.000    22021900  ELONGATION                   1  0.4982130E+001  0.9722337E+000  0.1377716E+000  0.1570737E-001 -0.4764269E+000  0.9935351E+000  0.2104374E+000
010111900dh       54.000    23021900  ELONGATION                   1  0.5050442E+001  0.9727890E+000  0.1393587E+000  0.1576938E-001 -0.5420189E+000  0.9936503E+000  0.1748600E+000
010111900dh       55.000    24021900  ELONGATION                   1  0.5124178E+001  0.9727802E+000  0.1398707E+000  0.1571566E-001 -0.5237820E+000  0.9931790E+000  0.2649710E+000
010111900dh       56.000    25021900  ELONGATION                   1  0.5210133E+001  0.9739180E+000  0.1421567E+000  0.1585127E-001 -0.5861415E+000  0.9930310E+000  0.3075210E+000
010111900dh       57.000    26021900  ELONGATION                   1  0.5291656E+001  0.9743327E+000  0.1437451E+000  0.1589732E-001 -0.3847390E+000  0.9933513E+000  0.2488643E+000
010111900dh       58.000    27021900  ELONGATION                   1  0.5373780E+001  0.9750623E+000  0.1460312E+000  0.1601641E-001 -0.6082247E+000  0.9933485E+000  0.2153568E+000
010111900dh       59.000    28021900  ELONGATION                   1  0.5453566E+001  0.9756841E+000  0.1482264E+000  0.1612185E-001 -0.3673594E+000  0.9924694E+000  0.3526273E+000
010111900dh       60.000    29021900  ELONGATION                   1  0.5543285E+001  0.9771745E+000  0.1519940E+000  0.1640915E-001 -0.1308129E+000  0.9926166E+000  0.3138550E+000
010111900dh       61.000    01031900  ELONGATION                   1  0.5621104E+001  0.9768624E+000  0.1530417E+000  0.1640428E-001 -0.3238096E+000  0.9930263E+000  0.2466207E+000
010111900dh       62.000    02031900  ELONGATION                   1  0.5691724E+001  0.9770188E+000  0.1551094E+000  0.1652365E-001 -0.1886978E+000  0.9929950E+000  0.2204762E+000
010111900dh       63.000    03031900  ELONGATION                   1  0.5768729E+001  0.9777669E+000  0.1578913E+000  0.1675226E-001 -0.3976879E+000  0.9924487E+000  0.3016276E+000
010111900dh       64.000    04031900  ELONGATION                   1  0.5857467E+001  0.9784208E+000  0.1598431E+000  0.1693436E-001 -0.5986397E+000  0.9923578E+000  0.2779579E+000
010111900dh       65.000    05031900  ELONGATION                   1  0.5961752E+001  0.9793424E+000  0.1620951E+000  0.1717277E-001 -0.6954734E+000  0.9914859E+000  0.3548706E+000
010111900dh       66.000    06031900  ELONGATION                   1  0.6078484E+001  0.9802740E+000  0.1644253E+000  0.1743377E-001 -0.8747694E+000  0.9912562E+000  0.4400067E+000
010111900dh       67.000    07031900  ELONGATION                   1  0.6198806E+001  0.9803938E+000  0.1653803E+000  0.1755310E-001 -0.6032281E+000  0.9911706E+000  0.3750730E+000
010111900dh       68.000    08031900  ELONGATION                   1  0.6307756E+001  0.9805404E+000  0.1670658E+000  0.1775710E-001 -0.5432476E+000  0.9910055E+000  0.3889181E+000
010111900dh       69.000    09031900  ELONGATION                   1  0.6410962E+001  0.9806731E+000  0.1689412E+000  0.1798633E-001 -0.4008195E+000  0.9910252E+000  0.3717600E+000
010111900dh       70.000    10031900  ELONGATION                   1  0.6527035E+001  0.9817934E+000  0.1729994E+000  0.1845148E-001 -0.6532373E+000  0.9899621E+000  0.4356977E+000
010111900dh       71.000    11031900  ELONGATION                   1  0.6654104E+001  0.9820486E+000  0.1751085E+000  0.1870370E-001 -0.7316029E+000  0.9894329E+000  0.5448590E+000
010111900dh       72.000    12031900  ELONGATION                   1  0.6765981E+001  0.9832520E+000  0.1806029E+000  0.1928138E-001 -0.2360729E+000  0.9909831E+000  0.3399933E+000
010111900dh       73.000    13031900  ELONGATION                   1  0.6858671E+001  0.9826770E+000  0.1820869E+000  0.1939779E-001 -0.2324976E+000  0.9907732E+000  0.2785487E+000
010111900dh       74.000    14031900  ELONGATION                   1  0.6943515E+001  0.9822880E+000  0.1837655E+000  0.1955683E-001 -0.2095858E+000  0.9904664E+000  0.3435830E+000
010111900dh       75.000    15031900  ELONGATION                   1  0.7033036E+001  0.9826256E+000  0.1874338E+000  0.1992321E-001 -0.2341483E+000  0.9906039E+000  0.2613138E+000
010111900dh       76.000    16031900  ELONGATION                   1  0.7115148E+001  0.9827064E+000  0.1900352E+000  0.2020188E-001 -0.1805850E+000  0.9907465E+000  0.2409797E+000
010111900dh       77.000    17031900  ELONGATION                   1  0.7198473E+001  0.9828521E+000  0.1924462E+000  0.2049430E-001 -0.3384554E+000  0.9902339E+000  0.3353817E+000
010111900dh       78.000    18031900  ANTHESIS                     1  0.7305385E+001  0.9837350E+000  0.1969129E+000  0.2102440E-001 -0.6627735E+000  0.9892017E+000  0.4428709E+000
010111900dh       79.000    19031900  ANTHESIS                     1  0.7401090E+001  0.9848093E+000  0.2026285E+000  0.2167780E-001 -0.7349363E-001  0.9917646E+000  0.3817501E+000
010111900dh       80.000    20031900  ANTHESIS                     1  0.7524827E+001  0.9857396E+000  0.2081020E+000  0.2227397E-001 -0.1920292E+000  0.9883276E+000  0.5269094E+000
010111900dh       81.000    21031900  ANTHESIS                     1  0.7632289E+001  0.9855022E+000  0.2098157E+000  0.2246786E-001 -0.2820292E+000  0.9941044E+000  0.2827364E+000
010111900dh       82.000    22031900  ANTHESIS                     1  0.7723214E+001  0.9847848E+000  0.2095766E+000  0.2248709E-001 -0.4265450E+000  0.9938744E+000  0.3387089E+000
010111900dh       83.000    23031900  ANTHESIS                     1  0.7816133E+001  0.9844361E+000  0.2102785E+000  0.2263020E-001 -0.3923115E+000  0.9940940E+000  0.2680214E+000
010111900dh       84.000    24031900  ANTHESIS                     1  0.7905453E+001  0.9843037E+000  0.2116187E+000  0.2285455E-001 -0.4555645E+000  0.9940859E+000  0.2633665E+000
010111900dh       85.000    25031900  SEED_FILL                    1  0.8010433E+001  0.9848950E+000  0.2157485E+000  0.2338631E-001 -0.7059322E+000  0.9939138E+000  0.3297440E+000
010111900dh       86.000    26031900  SEED_FILL                    1  0.8142197E+001  0.9867285E+000  0.2235984E+000  0.2433916E-001 -0.8798594E+000  0.9936341E+000  0.3858034E+000
010111900dh       87.000    27031900  SEED_FILL                    1  0.8285891E+001  0.9875289E+000  0.2274039E+000  0.2484985E-001 -0.9354803E+000  0.9934136E+000  0.4494754E+000
010111900dh       88.000    28031900  SEED_FILL                    1  0.8446354E+001  0.9879865E+000  0.2303825E+000  0.2527260E-001 -0.1075810E+001  0.9932610E+000  0.4686840E+000
010111900dh       89.000    29031900  SEED_FILL                    1  0.8604910E+001  0.9880577E+000  0.2321055E+000  0.2556058E-001 -0.1004612E+001  0.9931359E+000  0.5341439E+000
010111900dh       90.000    30031900  SEED_FILL                    1  0.8739185E+001  0.9873022E+000  0.2307216E+000  0.2549767E-001 -0.8497187E+000  0.9937574E+000  0.4105626E+000
010111900dh       91.000    31031900  SEED_NO._SET                 1  0.8858899E+001  0.9874245E+000  0.2335190E+000  0.2589900E-001 -0.7684550E+000  0.9937432E+000  0.4031432E+000
010111900dh       92.000    01041900  SEED_NO._SET                 1  0.8972326E+001  0.9873216E+000  0.2349919E+000  0.2616190E-001 -0.5771070E+000  0.9939517E+000  0.3385203E+000
010111900dh       93.000    02041900  SEED_NO._SET                 1  0.9083359E+001  0.9872570E+000  0.2363057E+000  0.2640272E-001 -0.6218198E+000  0.9939206E+000  0.3452558E+000
010111900dh       94.000    03041900  SEED_NO._SET                 1  0.9193244E+001  0.9870130E+000  0.2364123E+000  0.2650015E-001 -0.5501444E+000  0.9939527E+000  0.3990100E+000
010111900dh       95.000    04041900  SEED_NO._SET                 1  0.9305349E+001  0.9873564E+000  0.2392405E+000  0.2689280E-001 -0.5682272E+000  0.9935740E+000  0.4491365E+000
010111900dh       96.000    05041900  SEED_NO._SET                 1  0.9430466E+001  0.9885745E+000  0.2474944E+000  0.2780394E-001 -0.5577942E-001  0.9928375E+000  0.5890273E+000
010111900dh       97.000    06041900  SEED_NO._SET                 1  0.9568614E+001  0.9880897E+000  0.2467112E+000  0.2766501E-001 -0.4741174E+000  0.9936161E+000  0.4189480E+000
010111900dh       98.000    07041900  SEED_MASS_SET                1  0.9690543E+001  0.9877024E+000  0.2462231E+000  0.2761272E-001 -0.6596855E+000  0.9937477E+000  0.3497384E+000
010111900dh       99.000    08041900  SEED_MASS_SET                1  0.9835919E+001  0.9881561E+000  0.2495232E+000  0.2802908E-001 -0.9702408E+000  0.9931035E+000  0.6306646E+000
010111900dh      100.000    09041900  SEED_MASS_SET                1  0.9962281E+001  0.9875065E+000  0.2468602E+000  0.2778105E-001 -0.5080433E+000  0.9937029E+000  0.3958781E+000
010111900dh      101.000    10041900  SEED_MASS_SET                1  0.1006590E+002  0.9870998E+000  0.2456444E+000  0.2770171E-001 -0.5073942E+000  0.9939573E+000  0.3222924E+000
010111900dh      102.000    11041900  SEED_MASS_SET                1  0.1016504E+002  0.9870015E+000  0.2459901E+000  0.2779082E-001 -0.5474524E+000  0.9940155E+000  0.3136740E+000
010111900dh      103.000    12041900  SEED_MASS_SET                1  0.1027679E+002  0.9872126E+000  0.2477910E+000  0.2803525E-001 -0.8199905E+000  0.9937269E+000  0.3870049E+000
010111900dh      104.000    13041900  SEED_MASS_SET                1  0.1040575E+002  0.9873178E+000  0.2488768E+000  0.2818939E-001 -0.8225534E+000  0.9938309E+000  0.4083084E+000
010111900dh      105.000    14041900  SEED_MASS_SET                1  0.1051786E+002  0.9870260E+000  0.2482330E+000  0.2813014E-001 -0.6701248E+000  0.9939909E+000  0.3462689E+000
010111900dh      106.000    15041900  SEED_MASS_SET                1  0.1059767E+002  0.9868526E+000  0.2487937E+000  0.2817133E-001 -0.2537866E+000  0.9941464E+000  0.2543372E+000
010111900dh      107.000    16041900  SEED_MASS_SET                1  0.1069250E+002  0.9869441E+000  0.2503790E+000  0.2831881E-001 -0.6397606E+000  0.9940464E+000  0.2965784E+000
010111900dh      108.000    17041900  SEED_MASS_SET                1  0.1078396E+002  0.9870096E+000  0.2517777E+000  0.2844935E-001 -0.4449893E+000  0.9940440E+000  0.2956393E+000
010111900dh      109.000    18041900  SEED_MASS_SET                1  0.1088821E+002  0.9869686E+000  0.2521489E+000  0.2847263E-001 -0.5571457E+000  0.9938695E+000  0.3342431E+000
010111900dh      110.000    19041900  SEED_MASS_SET                1  0.1100615E+002  0.9870214E+000  0.2531303E+000  0.2857249E-001 -0.7229047E+000  0.9938494E+000  0.3548838E+000
010111900dh      111.000    20041900  SEED_MASS_SET                1  0.1115803E+002  0.9873132E+000  0.2552051E+000  0.2880567E-001 -0.1194948E+001  0.9937078E+000  0.3379207E+000
010111900dh      112.000    21041900  SEED_MASS_SET                1  0.1131479E+002  0.9874978E+000  0.2569455E+000  0.2899947E-001 -0.1273713E+001  0.9936053E+000  0.3715967E+000
010111900dh      113.000    22041900  SEED_MASS_SET                1  0.1147293E+002  0.9874068E+000  0.2571848E+000  0.2902127E-001 -0.1311847E+001  0.9937275E+000  0.3408543E+000
010111900dh      114.000    23041900  SEED_MASS_SET                1  0.1160791E+002  0.9869739E+000  0.2555105E+000  0.2882163E-001 -0.9161949E+000  0.9938498E+000  0.2888832E+000
010111900dh      115.000    24041900  SEED_MASS_SET                1  0.1173842E+002  0.9868536E+000  0.2556756E+000  0.2882712E-001 -0.9115056E+000  0.9938326E+000  0.3208569E+000
010111900dh      116.000    25041900  SEED_MASS_SET                1  0.1186285E+002  0.9867346E+000  0.2557694E+000  0.2881777E-001 -0.8360352E+000  0.9938882E+000  0.3544451E+000
010111900dh      117.000    26041900  SEED_MASS_SET                1  0.1200272E+002  0.9868020E+000  0.2566806E+000  0.2889842E-001 -0.1014721E+001  0.9936045E+000  0.3633749E+000
010111900dh      118.000    27041900  SEED_MASS_SET                1  0.1212270E+002  0.9866328E+000  0.2563061E+000  0.2882380E-001 -0.6748440E+000  0.9937054E+000  0.3487583E+000
010111900dh      119.000    28041900  SEED_MASS_SET                1  0.1225366E+002  0.9866077E+000  0.2565521E+000  0.2882561E-001 -0.8238679E+000  0.9937131E+000  0.3208066E+000
010111900dh      120.000    29041900  SEED_MASS_SET                1  0.1237426E+002  0.9863985E+000  0.2556798E+000  0.2870000E-001 -0.8449459E+000  0.9938913E+000  0.2362126E+000
010111900dh      121.000    30041900  SEED_MASS_SET                1  0.1250029E+002  0.9863708E+000  0.2559208E+000  0.2870261E-001 -0.9634439E+000  0.9938213E+000  0.2773611E+000
010111900dh      122.000    01051900  SEED_MASS_SET                1  0.1263793E+002  0.9864344E+000  0.2567170E+000  0.2876578E-001 -0.9764567E+000  0.9937518E+000  0.2972623E+000
010111900dh      123.000    02051900  SEED_MASS_SET                1  0.1275807E+002  0.9864356E+000  0.2574504E+000  0.2881708E-001 -0.7617226E+000  0.9938016E+000  0.2925216E+000
010111900dh      124.000    03051900  SEED_MASS_SET                1  0.1290435E+002  0.9865711E+000  0.2587335E+000  0.2893705E-001 -0.1037628E+001  0.9936820E+000  0.3218369E+000
010111900dh      125.000    04051900  SEED_MASS_SET                1  0.1302780E+002  0.9861694E+000  0.2566277E+000  0.2867527E-001 -0.6984733E+000  0.9938102E+000  0.3332610E+000
010111900dh      126.000    05051900  SEED_MASS_SET                1  0.1315363E+002  0.9860015E+000  0.2558508E+000  0.2856707E-001 -0.7964064E+000  0.9937522E+000  0.3225936E+000
010111900dh      127.000    06051900  SEED_MASS_SET                1  0.1330807E+002  0.9863467E+000  0.2584485E+000  0.2883955E-001 -0.1219037E+001  0.9935594E+000  0.3593150E+000
010111900dh      128.000    07051900  SEED_MASS_SET                1  0.1345567E+002  0.9863865E+000  0.2591028E+000  0.2889352E-001 -0.8908487E+000  0.9934927E+000  0.3931121E+000
010111900dh      129.000    08051900  SEED_MASS_SET                1  0.1360068E+002  0.9864081E+000  0.2598088E+000  0.2895892E-001 -0.8336813E+000  0.9935608E+000  0.3889231E+000
010111900dh      130.000    09051900  SEED_MASS_SET                1  0.1374597E+002  0.9861982E+000  0.2586553E+000  0.2882826E-001 -0.9349647E+000  0.9936704E+000  0.3248274E+000
010111900dh      131.000    10051900  SEED_MASS_SET                1  0.1391115E+002  0.9866213E+000  0.2619969E+000  0.2921258E-001 -0.1213267E+001  0.9930876E+000  0.5742816E+000
010111900dh      132.000    11051900  SEED_MASS_SET                1  0.1408554E+002  0.9864270E+000  0.2608652E+000  0.2910044E-001 -0.1253752E+001  0.9935193E+000  0.3655263E+000
010111900dh      133.000    12051900  SEED_MASS_SET                1  0.1423901E+002  0.9862290E+000  0.2599113E+000  0.2901468E-001 -0.9550250E+000  0.9935523E+000  0.3855566E+000
010111900dh      134.000    13051900  SEED_MASS_SET                1  0.1437712E+002  0.9860605E+000  0.2590804E+000  0.2894920E-001 -0.7926661E+000  0.9935877E+000  0.3856706E+000
010111900dh      135.000    14051900  SEED_MASS_SET                1  0.1451934E+002  0.9860339E+000  0.2590599E+000  0.2898302E-001 -0.8954843E+000  0.9936147E+000  0.3867916E+000
010111900dh      136.000    15051900  SEED_MASS_SET                1  0.1466013E+002  0.9859567E+000  0.2584806E+000  0.2896305E-001 -0.7668843E+000  0.9934516E+000  0.3462358E+000
010111900dh      137.000    16051900  SEED_MASS_SET                1  0.1479933E+002  0.9858651E+000  0.2577795E+000  0.2893645E-001 -0.7991700E+000  0.9934885E+000  0.3685519E+000
010111900dh      138.000    17051900  SEED_MASS_SET                1  0.1493036E+002  0.9858336E+000  0.2576386E+000  0.2898197E-001 -0.6933615E+000  0.9935261E+000  0.3677515E+000
010111900dh      139.000    18051900  SEED_MASS_SET                1  0.1505592E+002  0.9855896E+000  0.2558400E+000  0.2885108E-001 -0.6986631E+000  0.9936055E+000  0.3722564E+000
010111900dh      140.000    19051900  SEED_MASS_SET                1  0.1517637E+002  0.9855215E+000  0.2552642E+000  0.2886446E-001 -0.6752810E+000  0.9936475E+000  0.3148457E+000
010111900dh      141.000    20051900  SEED_MASS_SET                1  0.1532147E+002  0.9853572E+000  0.2536418E+000  0.2877506E-001 -0.8640505E+000  0.9935682E+000  0.3755161E+000
010111900dh      142.000    21051900  SEED_MASS_SET                1  0.1545156E+002  0.9853369E+000  0.2533799E+000  0.2884261E-001 -0.6992265E+000  0.9935247E+000  0.3903280E+000
010111900dh      143.000    22051900  SEED_MASS_SET                1  0.1558344E+002  0.9852082E+000  0.2521366E+000  0.2880549E-001 -0.5295548E+000  0.9936102E+000  0.3601348E+000
010111900dh      144.000    23051900  SEED_MASS_SET                1  0.1569940E+002  0.9853671E+000  0.2532428E+000  0.2903225E-001 -0.5044130E+000  0.9936310E+000  0.3946790E+000
010111900dh      145.000    24051900  SEED_MASS_SET                1  0.1583963E+002  0.9852318E+000  0.2517538E+000  0.2897369E-001 -0.6182408E+000  0.9934789E+000  0.4156916E+000
010111900dh      146.000    25051900  SEED_MASS_SET                1  0.1598001E+002  0.9854629E+000  0.2532539E+000  0.2926037E-001 -0.7476621E+000  0.9935516E+000  0.3866673E+000
010111900dh      147.000    26051900  SEED_MASS_SET                1  0.1615348E+002  0.9855579E+000  0.2537170E+000  0.2944447E-001 -0.1066071E+001  0.9930394E+000  0.4880329E+000
010111900dh      148.000    27051900  SEED_MASS_SET                1  0.1633808E+002  0.9856794E+000  0.2551870E+000  0.2974734E-001 -0.1343772E+001  0.9928724E+000  0.5271188E+000
010111900dh      149.000    28051900  SEED_MASS_SET                1  0.1651666E+002  0.9853367E+000  0.2529720E+000  0.2963402E-001 -0.1031143E+001  0.9934499E+000  0.3830507E+000
010111900dh      150.000    29051900  SEED_MASS_SET                1  0.1665272E+002  0.9848879E+000  0.2498115E+000  0.2940866E-001 -0.6764073E+000  0.9936599E+000  0.3718828E+000
010111900dh      151.000    30051900  SEED_MASS_SET                1  0.1679194E+002  0.9848512E+000  0.2492960E+000  0.2949098E-001 -0.7608607E+000  0.9936565E+000  0.3097652E+000
010111900dh      152.000    31051900  SEED_MASS_SET                1  0.1694934E+002  0.9849036E+000  0.2493004E+000  0.2963933E-001 -0.1086822E+001  0.9934660E+000  0.3988019E+000
010111900dh      153.000    01061900  SEED_MASS_SET                1  0.1712725E+002  0.9851298E+000  0.2510711E+000  0.2999097E-001 -0.1357069E+001  0.9928910E+000  0.4576360E+000
010111900dh      154.000    02061900  SEED_MASS_SET                1  0.1730720E+002  0.9850308E+000  0.2503872E+000  0.3005746E-001 -0.1085312E+001  0.9931391E+000  0.4170859E+000
010111900dh      155.000    03061900  SEED_MASS_SET                1  0.1747305E+002  0.9848836E+000  0.2492699E+000  0.3007821E-001 -0.8323356E+000  0.9932866E+000  0.4232236E+000
010111900dh      156.000    04061900  SEED_MASS_SET                1  0.1763051E+002  0.9846509E+000  0.2474299E+000  0.3000884E-001 -0.8178872E+000  0.9934217E+000  0.3815943E+000
010111900dh      157.000    05061900  SEED_MASS_SET                1  0.1777931E+002  0.9844234E+000  0.2455939E+000  0.2993434E-001 -0.7361162E+000  0.9933315E+000  0.4428165E+000
010111900dh      158.000    06061900  SEED_MASS_SET                1  0.1793751E+002  0.9845641E+000  0.2463841E+000  0.3017510E-001 -0.8078278E+000  0.9933271E+000  0.4064280E+000
010111900dh      159.000    07061900  SEED_MASS_SET                1  0.1811017E+002  0.9845639E+000  0.2461754E+000  0.3030127E-001 -0.8351304E+000  0.9774397E+000  0.4772925E+000
010111900dh      160.000    08061900  SEED_MASS_SET                1  0.1827465E+002  0.9841974E+000  0.2433515E+000  0.3010454E-001 -0.7802389E+000  0.9519140E+000  0.3857959E+000
010111900dh      161.000    09061900  SEED_MASS_SET                1  0.1842907E+002  0.9841574E+000  0.2425955E+000  0.3016241E-001 -0.8410977E+000  0.9498678E+000  0.4091035E+000
010111900dh      162.000    10061900  SEED_MASS_SET                1  0.1859948E+002  0.9842633E+000  0.2427017E+000  0.3032630E-001 -0.9308272E+000  0.9235687E+000  0.4706397E+000
010111900dh      163.000    11061900  SEED_MASS_SET                1  0.1878048E+002  0.9841529E+000  0.2415269E+000  0.3032425E-001 -0.1056251E+001  0.9098876E+000  0.4810403E+000
010111900dh      164.000    12061900  SEED_MASS_SET                1  0.1895259E+002  0.9839400E+000  0.2395671E+000  0.3022333E-001 -0.9973351E+000  0.8992827E+000  0.4480605E+000
010111900dh      165.000    13061900  SEED_MASS_SET                1  0.1912160E+002  0.9837392E+000  0.2376128E+000  0.3011769E-001 -0.8591991E+000  0.8924541E+000  0.4223569E+000
010111900dh      166.000    14061900  SEED_MASS_SET                1  0.1928321E+002  0.9834740E+000  0.2352498E+000  0.2994963E-001 -0.7529096E+000  0.8843225E+000  0.3814611E+000
010111900dh      167.000    15061900  SEED_MASS_SET                1  0.1945064E+002  0.9833744E+000  0.2340327E+000  0.2992052E-001 -0.8469856E+000  0.8793883E+000  0.4206319E+000
010111900dh      168.000    16061900  SEED_MASS_SET                1  0.1961934E+002  0.9833641E+000  0.2334966E+000  0.2996647E-001 -0.8179777E+000  0.9113476E+000  0.4411464E+000
010111900dh      169.000    17061900  SEED_MASS_SET                1  0.1978615E+002  0.9832260E+000  0.2320648E+000  0.2987668E-001 -0.7937092E+000  0.8853976E+000  0.3843763E+000
010111900dh      170.000    18061900  SEED_MASS_SET                1  0.1993652E+002  0.9823641E+000  0.2231227E+000  0.2873376E-001 -0.6436496E+000  0.8869265E+000  0.3577578E+000
010111900dh      171.000    19061900  SEED_MASS_SET                1  0.2008375E+002  0.9810798E+000  0.2110929E+000  0.2712498E-001 -0.6303440E+000  0.8871381E+000  0.3610886E+000
010111900dh      172.000    20061900  SEED_MASS_SET                1  0.2024295E+002  0.9797511E+000  0.2002349E+000  0.2565106E-001 -0.7193049E+000  0.8929884E+000  0.4162241E+000
010111900dh      173.000    21061900  SEED_MASS_SET                1  0.2042033E+002  0.9786145E+000  0.1926162E+000  0.2460849E-001 -0.1004339E+001  0.8964807E+000  0.5186577E+000
010111900dh      174.000    22061900  SEED_MASS_SET                1  0.2060580E+002  0.9784911E+000  0.1933192E+000  0.2466935E-001 -0.1053559E+001  0.8991480E+000  0.6489337E+000
010111900dh      175.000    23061900  SEED_MASS_SET                1  0.2079624E+002  0.9777114E+000  0.1892695E+000  0.2413603E-001 -0.7689111E+000  0.8848264E+000  0.5514833E+000
010111900dh      176.000    24061900  END_SEED_FILL                1  0.2097290E+002  0.9769145E+000  0.1853392E+000  0.2362835E-001 -0.6548667E+000  0.9929828E+000  0.4286091E+000
010111900dh      177.000    25061900  END_SEED_FILL                1  0.2114296E+002  0.9746003E+000  0.1739290E+000  0.2220009E-001 -0.5686927E+000  0.9930539E+000  0.3968755E+000
010111900dh      178.000    26061900  END_SEED_FILL                1  0.2130280E+002  0.9732066E+000  0.1670191E+000  0.2135669E-001 -0.4899630E+000  0.9931663E+000  0.4220823E+000
010111900dh      179.000    27061900  END_SEED_FILL                1  0.2146730E+002  0.9719025E+000  0.1604374E+000  0.2054762E-001 -0.4976825E+000  0.9932108E+000  0.3851058E+000
010111900dh      180.000    28061900  END_SEED_FILL                1  0.2164095E+002  0.9707174E+000  0.1544840E+000  0.1980962E-001 -0.6960150E+000  0.9930834E+000  0.5013347E+000
010111900dh      181.000    29061900  END_SEED_FILL                1  0.2182490E+002  0.9696398E+000  0.1491855E+000  0.1914776E-001 -0.7090565E+000  0.9930221E+000  0.4802631E+000
010111900dh      182.000    30061900  END_SEED_FILL                1  0.2200400E+002  0.9686460E+000  0.1444387E+000  0.1855146E-001 -0.4923371E+000  0.9931295E+000  0.4421996E+000
010111900dh      183.000    01071900  END_SEED_FILL                1  0.2217465E+002  0.9678594E+000  0.1408670E+000  0.1809704E-001 -0.4065391E+000  0.9931384E+000  0.4573084E+000
010111900dh      184.000    02071900  END_SEED_FILL                1  0.2235247E+002  0.9671043E+000  0.1375326E+000  0.1766431E-001 -0.5003398E+000  0.9931540E+000  0.4443285E+000
010111900dh      185.000    03071900  END_SEED_FILL                1  0.2252663E+002  0.9664921E+000  0.1349301E+000  0.1731984E-001 -0.4729563E+000  0.9930213E+000  0.4169640E+000
010111900dh      186.000    04071900  END_SEED_FILL                1  0.2270455E+002  0.9659718E+000  0.1328260E+000  0.1704282E-001 -0.4327717E+000  0.9928418E+000  0.5252822E+000
010111900dh      187.000    05071900  END_SEED_FILL                1  0.2288904E+002  0.9655380E+000  0.1311613E+000  0.1683067E-001 -0.5107691E+000  0.9927153E+000  0.5611881E+000
010111900dh      188.000    06071900  END_SEED_FILL                1  0.2308172E+002  0.9651542E+000  0.1296568E+000  0.1664390E-001 -0.4001090E+000  0.9928533E+000  0.5013922E+000
010111900dh      189.000    07071900  END_SEED_FILL                1  0.2326236E+002  0.9648964E+000  0.1286922E+000  0.1652644E-001 -0.3566401E+000  0.9928975E+000  0.4892408E+000
010111900dh      190.000    08071900  END_SEED_FILL                1  0.2344658E+002  0.9647100E+000  0.1280341E+000  0.1644719E-001 -0.3719440E+000  0.9927928E+000  0.5310732E+000
010111900dh      191.000    09071900  END_SEED_FILL                1  0.2362841E+002  0.9646053E+000  0.1277231E+000  0.1641069E-001 -0.3330113E+000  0.9929236E+000  0.4625371E+000
010111900dh      192.000    10071900  END_SEED_FILL                1  0.2380759E+002  0.9645659E+000  0.1277075E+000  0.1640990E-001 -0.2635484E+000  0.9928801E+000  0.4778736E+000
010111900dh      193.000    11071900  END_SEED_FILL                1  0.2399099E+002  0.9645703E+000  0.1278774E+000  0.1643116E-001 -0.2156451E+000  0.9928462E+000  0.5434014E+000
010111900dh      194.000    12071900  END_SEED_FILL                1  0.2417675E+002  0.9646337E+000  0.1282940E+000  0.1648250E-001 -0.1758566E+000  0.9927058E+000  0.5398134E+000
010111900dh      195.000    13071900  END_SEED_FILL                1  0.2435597E+002  0.9647570E+000  0.1289779E+000  0.1656664E-001 -0.1175736E+000  0.9928556E+000  0.4772668E+000
010111900dh      196.000    14071900  END_SEED_FILL                1  0.2453094E+002  0.9649308E+000  0.1298965E+000  0.1668116E-001 -0.7167633E-001  0.9928860E+000  0.4419022E+000
010111900dh      197.000    15071900  END_SEED_FILL                1  0.2470662E+002  0.9651585E+000  0.1310593E+000  0.1682519E-001 -0.7630632E-001  0.9928758E+000  0.4438042E+000
010111900dh      198.000    16071900  END_SEED_FILL                1  0.2487997E+002  0.9653639E+000  0.1321024E+000  0.1695272E-001 -0.7512260E-001  0.9928878E+000  0.4360693E+000
010111900dh      199.000    17071900  END_SEED_FILL                1  0.2505566E+002  0.9655687E+000  0.1330658E+000  0.1707121E-001 -0.7376660E-001  0.9928072E+000  0.4429294E+000
010111900dh      200.000    18071900  END_SEED_FILL                1  0.2523060E+002  0.9658014E+000  0.1340665E+000  0.1719671E-001 -0.7560979E-001  0.9928341E+000  0.4529520E+000
010111900dh      201.000    19071900  END_SEED_FILL                1  0.2541080E+002  0.9660680E+000  0.1351456E+000  0.1733530E-001 -0.8901660E-001  0.9927222E+000  0.5195528E+000
010111900dh      202.000    20071900  END_SEED_FILL                1  0.2559523E+002  0.9663708E+000  0.1363286E+000  0.1748749E-001 -0.7475651E-001  0.9925318E+000  0.5264328E+000
010111900dh      203.000    21071900  END_SEED_FILL                1  0.2577907E+002  0.9666933E+000  0.1375736E+000  0.1764746E-001 -0.7364057E-001  0.9925994E+000  0.5089912E+000
010111900dh      204.000    22071900  END_SEED_FILL                1  0.2595365E+002  0.9670304E+000  0.1388733E+000  0.1781729E-001 -0.7423905E-001  0.9926642E+000  0.4697819E+000
010111900dh      205.000    23071900  END_SEED_FILL                1  0.2613045E+002  0.9673778E+000  0.1402212E+000  0.1799436E-001 -0.7654206E-001  0.9926345E+000  0.4846045E+000
010111900dh      206.000    24071900  END_SEED_FILL                1  0.2628176E+002  0.9677320E+000  0.1416106E+000  0.1817772E-001 -0.7954733E-001  0.9926793E+000  0.4621751E+000
010111900dh      207.000    25071900  END_SEED_FILL                1  0.2628176E+002  0.9900990E+000  0.0000000E+000  0.0000000E+000 -0.8870427E+000  0.9926773E+000  0.5234029E+000
010111900dh      208.000    26071900  PLANTING                     1  0.0000000E+000  0.9900990E+000  0.0000000E+000  0.0000000E+000 -0.1251606E-001  0.0000000E+000  0.4994511E+000
010111900dh      209.000    27071900  PLANTING                     1  0.0000000E+000  0.9900990E+000  0.0000000E+000  0.0000000E+000 -0.1313458E-001  0.0000000E+000  0.4981496E+000
010111900dh      210.000    28071900  PLANTING                     1  0.0000000E+000  0.9900990E+000  0.0000000E+000  0.0000000E+000 -0.1010879E-001  0.0000000E+000  0.5016151E+000
010111900dh      211.000    29071900  PLANTING                     1  0.0000000E+000  0.9900990E+000  0.0000000E+000  0.0000000E+000 -0.1045832E-001  0.0000000E+000  0.5137236E+000
010111900dh      212.000    30071900  PLANTING                     1  0.0000000E+000  0.9900990E+000  0.0000000E+000  0.0000000E+000 -0.1079969E-001  0.0000000E+000  0.4984215E+000
010111900dh      213.000    31071900  PLANTING                     1  0.0000000E+000  0.9900990E+000  0.0000000E+000  0.0000000E+000 -0.1129865E-001  0.0000000E+000  0.4871005E+000
010111900dh      214.000    01081900  PLANTING                     1  0.0000000E+000  0.9900990E+000  0.0000000E+000  0.0000000E+000 -0.1186889E-001  0.0000000E+000  0.5056597E+000
010111900dh      215.000    02081900  PLANTING                     1  0.0000000E+000  0.9900990E+000  0.0000000E+000  0.0000000E+000 -0.1250701E-001  0.0000000E+000  0.6118491E+000
010111900dh      216.000    03081900  PLANTING                     1  0.0000000E+000  0.9900990E+000  0.0000000E+000  0.0000000E+000 -0.1339558E-001  0.0000000E+000  0.5549101E+000
010111900dh      217.000    04081900  PLANTING                     1  0.0000000E+000  0.9900990E+000  0.0000000E+000  0.0000000E+000 -0.9648686E-002  0.0000000E+000  0.5605709E+000
010111900dh      218.000    05081900  PLANTING                     1  0.0000000E+000  0.9900990E+000  0.0000000E+000  0.0000000E+000 -0.1023056E-001  0.0000000E+000  0.5647266E+000
010111900dh      219.000    06081900  PLANTING                     1  0.0000000E+000  0.9900990E+000  0.0000000E+000  0.0000000E+000 -0.1043367E-001  0.0000000E+000  0.5054964E+000
010111900dh      220.000    07081900  PLANTING                     1  0.0000000E+000  0.9900990E+000  0.0000000E+000  0.0000000E+000 -0.1082129E-001  0.0000000E+000  0.5304157E+000
010111900dh      221.000    08081900  PLANTING                     1  0.0000000E+000  0.9900990E+000  0.0000000E+000  0.0000000E+000 -0.1142326E-001  0.0000000E+000  0.5807224E+000
010111900dh      222.000    09081900  PLANTING                     1  0.0000000E+000  0.9900990E+000  0.0000000E+000  0.0000000E+000 -0.1195097E-001  0.0000000E+000  0.6379293E+000
010111900dh      223.000    10081900  PLANTING                     1  0.0000000E+000  0.9900990E+000  0.0000000E+000  0.0000000E+000 -0.1263105E-001  0.0000000E+000  0.5840337E+000
010111900dh      224.000    11081900  PLANTING                     1  0.0000000E+000  0.9900990E+000  0.0000000E+000  0.0000000E+000 -0.1336505E-001  0.0000000E+000  0.5411737E+000
010111900dh      225.000    12081900  PLANTING                     1  0.0000000E+000  0.9900990E+000  0.0000000E+000  0.0000000E+000 -0.9439920E-002  0.0000000E+000  0.5089420E+000
010111900dh      226.000    13081900  PLANTING                     1  0.0000000E+000  0.9900990E+000  0.0000000E+000  0.0000000E+000 -0.9978553E-002  0.0000000E+000  0.5563218E+000
010111900dh      227.000    14081900  PLANTING                     1  0.0000000E+000  0.9900990E+000  0.0000000E+000  0.0000000E+000 -0.1020792E-001  0.0000000E+000  0.5770151E+000
010111900dh      228.000    15081900  PLANTING                     1  0.0000000E+000  0.9900990E+000  0.0000000E+000  0.0000000E+000 -0.1074002E-001  0.0000000E+000  0.5520220E+000
010111900dh      229.000    16081900  PLANTING                     1  0.0000000E+000  0.9900990E+000  0.0000000E+000  0.0000000E+000 -0.1122524E-001  0.0000000E+000  0.5689081E+000
010111900dh      230.000    17081900  PLANTING                     1  0.0000000E+000  0.9900990E+000  0.0000000E+000  0.0000000E+000 -0.1182328E-001  0.0000000E+000  0.5461877E+000
010111900dh      231.000    18081900  PLANTING                     1  0.0000000E+000  0.9900990E+000  0.0000000E+000  0.0000000E+000 -0.1234460E-001  0.0000000E+000  0.5030826E+000
010111900dh      232.000    19081900  PLANTING                     1  0.0000000E+000  0.9900990E+000  0.0000000E+000  0.0000000E+000 -0.1284239E-001  0.0000000E+000  0.5144115E+000
010111900dh      233.000    20081900  PLANTING                     1  0.0000000E+000  0.9900990E+000  0.0000000E+000  0.0000000E+000 -0.1211601E-001  0.0000000E+000  0.5719632E+000
010111900dh      234.000    21081900  PLANTING                     1  0.0000000E+000  0.9900990E+000  0.0000000E+000  0.0000000E+000 -0.1008121E-001  0.0000000E+000  0.5630603E+000
010111900dh      235.000    22081900  PLANTING                     1  0.0000000E+000  0.9900990E+000  0.0000000E+000  0.0000000E+000 -0.1023753E-001  0.0000000E+000  0.5256772E+000
010111900dh      236.000    23081900  PLANTING                     1  0.0000000E+000  0.9900990E+000  0.0000000E+000  0.0000000E+000 -0.1057647E-001  0.0000000E+000  0.5098149E+000
010111900dh      237.000    24081900  PLANTING                     1  0.0000000E+000  0.9900990E+000  0.0000000E+000  0.0000000E+000 -0.1104672E-001  0.0000000E+000  0.4775880E+000
010111900dh      238.000    25081900  PLANTING                     1  0.0000000E+000  0.9900990E+000  0.0000000E+000  0.0000000E+000 -0.1145479E-001  0.0000000E+000  0.5318851E+000
010111900dh      239.000    26081900  PLANTING                     1  0.0000000E+000  0.9900990E+000  0.0000000E+000  0.0000000E+000 -0.1188179E-001  0.0000000E+000  0.5229346E+000
010111900dh      240.000    27081900  PLANTING                     1  0.0000000E+000  0.9900990E+000  0.0000000E+000  0.0000000E+000 -0.1219042E-001  0.0000000E+000  0.5264847E+000
010111900dh      241.000    28081900  PLANTING                     1  0.0000000E+000  0.9900990E+000  0.0000000E+000  0.0000000E+000 -0.1323100E-001  0.0000000E+000  0.5825703E+000
010111900dh      242.000    29081900  PLANTING                     1  0.0000000E+000  0.9900990E+000  0.0000000E+000  0.0000000E+000 -0.1019412E-001  0.0000000E+000  0.5421448E+000
010111900dh      243.000    30081900  PLANTING                     1  0.0000000E+000  0.9900990E+000  0.0000000E+000  0.0000000E+000 -0.1059819E-001  0.0000000E+000  0.5103735E+000
010111900dh      244.000    31081900  PLANTING                     1  0.0000000E+000  0.9900990E+000  0.0000000E+000  0.0000000E+000 -0.1094556E-001  0.0000000E+000  0.5086632E+000
010111900dh      245.000    01091900  PLANTING                     1  0.0000000E+000  0.9900990E+000  0.0000000E+000  0.0000000E+000 -0.1132256E-001  0.0000000E+000  0.4866723E+000
010111900dh      246.000    02091900  PLANTING                     1  0.0000000E+000  0.9900990E+000  0.0000000E+000  0.0000000E+000 -0.1172533E-001  0.0000000E+000  0.5207188E+000
010111900dh      247.000    03091900  PLANTING                     1  0.0000000E+000  0.9900990E+000  0.0000000E+000  0.0000000E+000 -0.1228697E-001  0.0000000E+000  0.5168857E+000
010111900dh      248.000    04091900  PLANTING                     1  0.0000000E+000  0.9900990E+000  0.0000000E+000  0.0000000E+000 -0.1276882E-001  0.0000000E+000  0.4804021E+000
010111900dh      249.000    05091900  PLANTING                     1  0.0000000E+000  0.9900990E+000  0.0000000E+000  0.0000000E+000 -0.1272884E-001  0.0000000E+000  0.4875955E+000
010111900dh      250.000    06091900  PLANTING                     1  0.0000000E+000  0.9900990E+000  0.0000000E+000  0.0000000E+000 -0.9563333E-002  0.0000000E+000  0.5140600E+000
010111900dh      251.000    07091900  PLANTING                     1  0.0000000E+000  0.9900990E+000  0.0000000E+000  0.0000000E+000 -0.1019718E-001  0.0000000E+000  0.5050854E+000
010111900dh      252.000    08091900  PLANTING                     1  0.0000000E+000  0.9900990E+000  0.0000000E+000  0.0000000E+000 -0.1060451E-001  0.0000000E+000  0.4801312E+000
010111900dh      253.000    09091900  PLANTING                     1  0.0000000E+000  0.9900990E+000  0.0000000E+000  0.0000000E+000 -0.1095123E-001  0.0000000E+000  0.4867330E+000
010111900dh      254.000    10091900  PLANTING                     1  0.0000000E+000  0.9900990E+000  0.0000000E+000  0.0000000E+000 -0.1131780E-001  0.0000000E+000  0.4359050E+000
010111900dh      255.000    11091900  PLANTING                     1  0.0000000E+000  0.9900990E+000  0.0000000E+000  0.0000000E+000 -0.1176251E-001  0.0000000E+000  0.4467236E+000
010111900dh      256.000    12091900  PLANTING                     1  0.0000000E+000  0.9900990E+000  0.0000000E+000  0.0000000E+000 -0.1230531E-001  0.0000000E+000  0.4491886E+000
010111900dh      257.000    13091900  PLANTING                     1  0.0000000E+000  0.9900990E+000  0.0000000E+000  0.0000000E+000 -0.1290104E-001  0.0000000E+000  0.4281802E+000
010111900dh      258.000    14091900  PLANTING                     1  0.0000000E+000  0.9900990E+000  0.0000000E+000  0.0000000E+000 -0.1236096E-001  0.0000000E+000  0.4348370E+000
010111900dh      259.000    15091900  PLANTING                     1  0.0000000E+000  0.9900990E+000  0.0000000E+000  0.0000000E+000 -0.9780131E-002  0.0000000E+000  0.4719021E+000
010111900dh      260.000    16091900  PLANTING                     1  0.0000000E+000  0.9900990E+000  0.0000000E+000  0.0000000E+000 -0.1017193E-001  0.0000000E+000  0.4196552E+000
010111900dh      261.000    17091900  PLANTING                     1  0.0000000E+000  0.9900990E+000  0.0000000E+000  0.0000000E+000 -0.1054388E-001  0.0000000E+000  0.3945610E+000
010111900dh      262.000    18091900  PLANTING                     1  0.0000000E+000  0.9900990E+000  0.0000000E+000  0.0000000E+000 -0.1083876E-001  0.0000000E+000  0.4974946E+000
010111900dh      263.000    19091900  PLANTING                     1  0.0000000E+000  0.9900990E+000  0.0000000E+000  0.0000000E+000 -0.1146347E-001  0.0000000E+000  0.5407454E+000
010111900dh      264.000    20091900  PLANTING                     1  0.0000000E+000  0.9900990E+000  0.0000000E+000  0.0000000E+000 -0.1182636E-001  0.0000000E+000  0.4254720E+000
010111900dh      265.000    21091900  PLANTING                     1  0.0000000E+000  0.9900990E+000  0.0000000E+000  0.0000000E+000 -0.1226981E-001  0.0000000E+000  0.4431170E+000
010111900dh      266.000    22091900  PLANTING                     1  0.0000000E+000  0.9900990E+000  0.0000000E+000  0.0000000E+000 -0.1282182E-001  0.0000000E+000  0.4076837E+000
010111900dh      267.000    23091900  PLANTING                     1  0.0000000E+000  0.9900990E+000  0.0000000E+000  0.0000000E+000 -0.1227498E-001  0.0000000E+000  0.4205555E+000
010111900dh      268.000    24091900  PLANTING                     1  0.0000000E+000  0.9900990E+000  0.0000000E+000  0.0000000E+000 -0.9635740E-002  0.0000000E+000  0.4290462E+000
010111900dh      269.000    25091900  PLANTING                     1  0.0000000E+000  0.9900990E+000  0.0000000E+000  0.0000000E+000 -0.1008988E-001  0.0000000E+000  0.4093342E+000
010111900dh      270.000    26091900  PLANTING                     1  0.0000000E+000  0.9900990E+000  0.0000000E+000  0.0000000E+000 -0.1037720E-001  0.0000000E+000  0.3972729E+000
010111900dh      271.000    27091900  PLANTING                     1  0.0000000E+000  0.9900990E+000  0.0000000E+000  0.0000000E+000 -0.1053074E-001  0.0000000E+000  0.4059816E+000
010111900dh      272.000    28091900  PLANTING                     1  0.0000000E+000  0.9900990E+000  0.0000000E+000  0.0000000E+000 -0.1106631E-001  0.0000000E+000  0.5054266E+000
010111900dh      273.000    29091900  PLANTING                     1  0.0000000E+000  0.9900990E+000  0.0000000E+000  0.0000000E+000 -0.1119809E-001  0.0000000E+000  0.5071442E+000
010111900dh      274.000    30091900  PLANTING                     1  0.0000000E+000  0.9900990E+000  0.0000000E+000  0.0000000E+000 -0.1138264E-001  0.0000000E+000  0.5377187E+000
010111900dh      275.000    01101900  PLANTING                     1  0.0000000E+000  0.9900990E+000  0.0000000E+000  0.0000000E+000 -0.1173646E-001  0.0000000E+000  0.5926505E+000
010111900dh      276.000    02101900  PLANTING                     1  0.0000000E+000  0.9900990E+000  0.0000000E+000  0.0000000E+000 -0.1224868E-001  0.0000000E+000  0.5587287E+000
010111900dh      277.000    03101900  PLANTING                     1  0.0000000E+000  0.9900990E+000  0.0000000E+000  0.0000000E+000 -0.1268267E-001  0.0000000E+000  0.4199420E+000
010111900dh      278.000    04101900  PLANTING                     1  0.0000000E+000  0.9900990E+000  0.0000000E+000  0.0000000E+000 -0.1197732E-001  0.0000000E+000  0.4625832E+000
010111900dh      279.000    05101900  PLANTING                     1  0.0000000E+000  0.9900990E+000  0.0000000E+000  0.0000000E+000 -0.1045349E-001  0.0000000E+000  0.5096671E+000
010111900dh      280.000    06101900  PLANTING                     1  0.0000000E+000  0.9900990E+000  0.0000000E+000  0.0000000E+000 -0.1080699E-001  0.0000000E+000  0.4601603E+000
010111900dh      281.000    07101900  PLANTING                     1  0.0000000E+000  0.9900990E+000  0.0000000E+000  0.0000000E+000 -0.1120002E-001  0.0000000E+000  0.5251770E+000
010111900dh      282.000    08101900  PLANTING                     1  0.0000000E+000  0.9900990E+000  0.0000000E+000  0.0000000E+000 -0.1145061E-001  0.0000000E+000  0.4315823E+000
010111900dh      283.000    09101900  PLANTING                     1  0.0000000E+000  0.9900990E+000  0.0000000E+000  0.0000000E+000 -0.1172574E-001  0.0000000E+000  0.3828648E+000
010111900dh      284.000    10101900  PLANTING                     1  0.0000000E+000  0.9900990E+000  0.0000000E+000  0.0000000E+000 -0.1212756E-001  0.0000000E+000  0.4092149E+000
010111900dh      285.000    11101900  PLANTING                     1  0.0000000E+000  0.9900990E+000  0.0000000E+000  0.0000000E+000 -0.1280488E-001  0.0000000E+000  0.4456622E+000
010111900dh      286.000    12101900  PLANTING                     1  0.0000000E+000  0.9900990E+000  0.0000000E+000  0.0000000E+000 -0.1185493E-001  0.0000000E+000  0.3784116E+000
010111900dh      287.000    13101900  PLANTING                     1  0.0000000E+000  0.9900990E+000  0.0000000E+000  0.0000000E+000 -0.1072510E-001  0.0000000E+000  0.3929956E+000
010111900dh      288.000    14101900  PLANTING                     1  0.0000000E+000  0.9900990E+000  0.0000000E+000  0.0000000E+000 -0.1122380E-001  0.0000000E+000  0.3484933E+000
010111900dh      289.000    15101900  PLANTING                     1  0.0000000E+000  0.9900990E+000  0.0000000E+000  0.0000000E+000 -0.1158674E-001  0.0000000E+000  0.3741665E+000
010111900dh      290.000    16101900  PLANTING                     1  0.0000000E+000  0.9900990E+000  0.0000000E+000  0.0000000E+000 -0.1172547E-001  0.0000000E+000  0.3547603E+000
010111900dh      291.000    17101900  PLANTING                     1  0.0000000E+000  0.9900990E+000  0.0000000E+000  0.0000000E+000 -0.1201474E-001  0.0000000E+000  0.4050599E+000
010111900dh      292.000    18101900  PLANTING                     1  0.0000000E+000  0.9900990E+000  0.0000000E+000  0.0000000E+000 -0.1250986E-001  0.0000000E+000  0.4585571E+000
010111900dh      293.000    19101900  PLANTING                     1  0.0000000E+000  0.9900990E+000  0.0000000E+000  0.0000000E+000 -0.1269263E-001  0.0000000E+000  0.3649739E+000
010111900dh      294.000    20101900  PLANTING                     1  0.0000000E+000  0.9900990E+000  0.0000000E+000  0.0000000E+000 -0.9814098E-002  0.0000000E+000  0.3687182E+000
010111900dh      295.000    21101900  PLANTING                     1  0.0000000E+000  0.9900990E+000  0.0000000E+000  0.0000000E+000 -0.9969516E-002  0.0000000E+000  0.3359745E+000
010111900dh      296.000    22101900  PLANTING                     1  0.0000000E+000  0.9900990E+000  0.0000000E+000  0.0000000E+000 -0.1021218E-001  0.0000000E+000  0.3409319E+000
010111900dh      297.000    23101900  PLANTING                     1  0.0000000E+000  0.9900990E+000  0.0000000E+000  0.0000000E+000 -0.1048326E-001  0.0000000E+000  0.4279459E+000
010111900dh      298.000    24101900  PLANTING                     1  0.0000000E+000  0.9900990E+000  0.0000000E+000  0.0000000E+000 -0.1061639E-001  0.0000000E+000  0.4203685E+000
010111900dh      299.000    25101900  PLANTING                     1  0.0000000E+000  0.9900990E+000  0.0000000E+000  0.0000000E+000 -0.1085712E-001  0.0000000E+000  0.4542772E+000
010111900dh      300.000    26101900  PLANTING                     1  0.0000000E+000  0.9900990E+000  0.0000000E+000  0.0000000E+000 -0.1103499E-001  0.0000000E+000  0.4641116E+000
010111900dh      301.000    27101900  PLANTING                     1  0.0000000E+000  0.9900990E+000  0.0000000E+000  0.0000000E+000 -0.1136082E-001  0.0000000E+000  0.4100629E+000
010111900dh      302.000    28101900  PLANTING                     1  0.0000000E+000  0.9900990E+000  0.0000000E+000  0.0000000E+000 -0.1141552E-001  0.0000000E+000  0.3474971E+000
010111900dh      303.000    29101900  PLANTING                     1  0.0000000E+000  0.9900990E+000  0.0000000E+000  0.0000000E+000 -0.1192077E-001  0.0000000E+000  0.2955047E+000
010111900dh      304.000    30101900  PLANTING                     1  0.0000000E+000  0.9900990E+000  0.0000000E+000  0.0000000E+000 -0.1221894E-001  0.0000000E+000  0.3629467E+000
010111900dh      305.000    31101900  PLANTING                     1  0.0000000E+000  0.9900990E+000  0.0000000E+000  0.0000000E+000 -0.1269809E-001  0.0000000E+000  0.4770613E+000
010111900dh      306.000    01111900  PLANTING                     1  0.0000000E+000  0.9900990E+000  0.0000000E+000  0.0000000E+000 -0.1122200E-001  0.0000000E+000  0.4562961E+000
010111900dh      307.000    02111900  PLANTING                     1  0.0000000E+000  0.9900990E+000  0.0000000E+000  0.0000000E+000 -0.1146008E-001  0.0000000E+000  0.3959646E+000
010111900dh      308.000    03111900  PLANTING                     1  0.0000000E+000  0.9900990E+000  0.0000000E+000  0.0000000E+000 -0.1171667E-001  0.0000000E+000  0.4074755E+000
010111900dh      309.000    04111900  PLANTING                     1  0.0000000E+000  0.9900990E+000  0.0000000E+000  0.0000000E+000 -0.1195846E-001  0.0000000E+000  0.3232365E+000
010111900dh      310.000    05111900  PLANTING                     1  0.0000000E+000  0.9900990E+000  0.0000000E+000  0.0000000E+000 -0.1243453E-001  0.0000000E+000  0.2640043E+000
010111900dh      311.000    06111900  PLANTING                     1  0.0000000E+000  0.9900990E+000  0.0000000E+000  0.0000000E+000 -0.1260971E-001  0.0000000E+000  0.3235955E+000
010111900dh      312.000    07111900  PLANTING                     1  0.0000000E+000  0.9900990E+000  0.0000000E+000  0.0000000E+000 -0.9777276E-002  0.0000000E+000  0.1795189E+000
010111900dh      313.000    08111900  PLANTING                     1  0.0000000E+000  0.9900990E+000  0.0000000E+000  0.0000000E+000 -0.9927407E-002  0.0000000E+000  0.1491524E+000
010111900dh      314.000    09111900  PLANTING                     1  0.0000000E+000  0.9900990E+000  0.0000000E+000  0.0000000E+000 -0.9980669E-002  0.0000000E+000  0.1495019E+000
010111900dh      315.000    10111900  PLANTING                     1  0.0000000E+000  0.9900990E+000  0.0000000E+000  0.0000000E+000 -0.1036453E-001  0.0000000E+000  0.1695735E+000
010111900dh      316.000    11111900  PLANTING                     1  0.0000000E+000  0.9900990E+000  0.0000000E+000  0.0000000E+000 -0.1045430E-001  0.0000000E+000  0.1667008E+000
010111900dh      317.000    12111900  PLANTING                     1  0.0000000E+000  0.9900990E+000  0.0000000E+000  0.0000000E+000 -0.1041772E-001  0.0000000E+000  0.1889500E+000
010111900dh      318.000    13111900  PLANTING                     1  0.0000000E+000  0.9900990E+000  0.0000000E+000  0.0000000E+000 -0.1070811E-001  0.0000000E+000  0.1441618E+000
010111900dh      319.000    14111900  PLANTING                     1  0.0000000E+000  0.9900990E+000  0.0000000E+000  0.0000000E+000 -0.1077543E-001  0.0000000E+000  0.1523460E+000
010111900dh      320.000    15111900  PLANTING                     1  0.0000000E+000  0.9900990E+000  0.0000000E+000  0.0000000E+000 -0.1104980E-001  0.0000000E+000  0.1769631E+000
010111900dh      321.000    16111900  PLANTING                     1  0.0000000E+000  0.9900990E+000  0.0000000E+000  0.0000000E+000 -0.1110792E-001  0.0000000E+000  0.2023605E+000
010111900dh      322.000    17111900  PLANTING                     1  0.0000000E+000  0.9900990E+000  0.0000000E+000  0.0000000E+000 -0.1112132E-001  0.0000000E+000  0.1926338E+000
010111900dh      323.000    18111900  PLANTING                     1  0.0000000E+000  0.9900990E+000  0.0000000E+000  0.0000000E+000 -0.1134540E-001  0.0000000E+000  0.1777556E+000
010111900dh      324.000    19111900  PLANTING                     1  0.0000000E+000  0.9900990E+000  0.0000000E+000  0.0000000E+000 -0.1153179E-001  0.0000000E+000  0.2529730E+000
010111900dh      325.000    20111900  PLANTING                     1  0.0000000E+000  0.9900990E+000  0.0000000E+000  0.0000000E+000 -0.1104486E-001  0.0000000E+000  0.3344085E+000
010111900dh      326.000    21111900  PLANTING                     1  0.0000000E+000  0.9900990E+000  0.0000000E+000  0.0000000E+000 -0.1059932E-001  0.0000000E+000  0.3428836E+000
010111900dh      327.000    22111900  PLANTING                     1  0.0000000E+000  0.9900990E+000  0.0000000E+000  0.0000000E+000 -0.9846106E-002  0.0000000E+000  0.4110081E+000
010111900dh      328.000    23111900  PLANTING                     1  0.0000000E+000  0.9900990E+000  0.0000000E+000  0.0000000E+000 -0.1024805E-001  0.0000000E+000  0.2889990E+000
010111900dh      329.000    24111900  PLANTING                     1  0.0000000E+000  0.9900990E+000  0.0000000E+000  0.0000000E+000 -0.1026060E-001  0.0000000E+000  0.2637881E+000
010111900dh      330.000    25111900  PLANTING                     1  0.0000000E+000  0.9900990E+000  0.0000000E+000  0.0000000E+000 -0.1029831E-001  0.0000000E+000  0.3292929E+000
010111900dh      331.000    26111900  PLANTING                     1  0.0000000E+000  0.9900990E+000  0.0000000E+000  0.0000000E+000 -0.1021906E-001  0.0000000E+000  0.3779951E+000
010111900dh      332.000    27111900  PLANTING                     1  0.0000000E+000  0.9900990E+000  0.0000000E+000  0.0000000E+000 -0.1030768E-001  0.0000000E+000  0.3875839E+000
010111900dh      333.000    28111900  PLANTING                     1  0.0000000E+000  0.9900990E+000  0.0000000E+000  0.0000000E+000 -0.1000298E-001  0.0000000E+000  0.2946606E+000
010111900dh      334.000    29111900  PLANTING                     1  0.0000000E+000  0.9900990E+000  0.0000000E+000  0.0000000E+000 -0.1027585E-001  0.0000000E+000  0.2217988E+000
010111900dh      335.000    30111900  PLANTING                     1  0.0000000E+000  0.9900990E+000  0.0000000E+000  0.0000000E+000 -0.1014168E-001  0.0000000E+000  0.1987594E+000
010111900dh      336.000    01121900  PLANTING                     1  0.0000000E+000  0.9900990E+000  0.0000000E+000  0.0000000E+000 -0.1030174E-001  0.0000000E+000  0.1559392E+000
010111900dh      337.000    02121900  PLANTING                     1  0.0000000E+000  0.9900990E+000  0.0000000E+000  0.0000000E+000 -0.1041249E-001  0.0000000E+000  0.1838533E+000
010111900dh      338.000    03121900  PLANTING                     1  0.0000000E+000  0.9900990E+000  0.0000000E+000  0.0000000E+000 -0.1017417E-001  0.0000000E+000  0.2016448E+000
010111900dh      339.000    04121900  PLANTING                     1  0.0000000E+000  0.9900990E+000  0.0000000E+000  0.0000000E+000 -0.1002248E-001  0.0000000E+000  0.2211238E+000
010111900dh      340.000    05121900  PLANTING                     1  0.0000000E+000  0.9900990E+000  0.0000000E+000  0.0000000E+000 -0.1027457E-001  0.0000000E+000  0.2047210E+000
010111900dh      341.000    06121900  PLANTING                     1  0.0000000E+000  0.9900990E+000  0.0000000E+000  0.0000000E+000 -0.1037395E-001  0.0000000E+000  0.1948729E+000
010111900dh      342.000    07121900  PLANTING                     1  0.0000000E+000  0.9900990E+000  0.0000000E+000  0.0000000E+000 -0.1052326E-001  0.0000000E+000  0.2110258E+000
010111900dh      343.000    08121900  PLANTING                     1  0.0000000E+000  0.9900990E+000  0.0000000E+000  0.0000000E+000 -0.1038041E-001  0.0000000E+000  0.1706902E+000
010111900dh      344.000    09121900  PLANTING                     1  0.0000000E+000  0.9900990E+000  0.0000000E+000  0.0000000E+000 -0.1052755E-001  0.0000000E+000  0.1840951E+000
010111900dh      345.000    10121900  PLANTING                     1  0.0000000E+000  0.9900990E+000  0.0000000E+000  0.0000000E+000 -0.1065302E-001  0.0000000E+000  0.1917555E+000
010111900dh      346.000    11121900  PLANTING                     1  0.0000000E+000  0.9900990E+000  0.0000000E+000  0.0000000E+000 -0.1078556E-001  0.0000000E+000  0.1994095E+000
010111900dh      347.000    12121900  PLANTING                     1  0.0000000E+000  0.9900990E+000  0.0000000E+000  0.0000000E+000 -0.1104923E-001  0.0000000E+000  0.2037485E+000
010111900dh      348.000    13121900  PLANTING                     1  0.0000000E+000  0.9900990E+000  0.0000000E+000  0.0000000E+000 -0.1076746E-001  0.0000000E+000  0.2973862E+000
010111900dh      349.000    14121900  PLANTING                     1  0.0000000E+000  0.9900990E+000  0.0000000E+000  0.0000000E+000 -0.1092530E-001  0.0000000E+000  0.2818954E+000
010111900dh      350.000    15121900  PLANTING                     1  0.0000000E+000  0.9900990E+000  0.0000000E+000  0.0000000E+000 -0.1077191E-001  0.0000000E+000  0.3201465E+000
010111900dh      351.000    16121900  PLANTING                     1  0.0000000E+000  0.9900990E+000  0.0000000E+000  0.0000000E+000 -0.1017669E-001  0.0000000E+000  0.2538683E+000
010111900dh      352.000    17121900  PLANTING                     1  0.0000000E+000  0.9900990E+000  0.0000000E+000  0.0000000E+000 -0.1028241E-001  0.0000000E+000  0.2754172E+000
010111900dh      353.000    18121900  PLANTING                     1  0.0000000E+000  0.9900990E+000  0.0000000E+000  0.0000000E+000 -0.1015395E-001  0.0000000E+000  0.2378083E+000
010111900dh      354.000    19121900  PLANTING                     1  0.0000000E+000  0.9900990E+000  0.0000000E+000  0.0000000E+000 -0.1021736E-001  0.0000000E+000  0.2599598E+000
010111900dh      355.000    20121900  PLANTING                     1  0.0000000E+000  0.9900990E+000  0.0000000E+000  0.0000000E+000 -0.1015402E-001  0.0000000E+000  0.2355001E+000
010111900dh      356.000    21121900  PLANTING                     1  0.0000000E+000  0.9900990E+000  0.0000000E+000  0.0000000E+000 -0.1042677E-001  0.0000000E+000  0.1955829E+000
010111900dh      357.000    22121900  PLANTING                     1  0.0000000E+000  0.9900990E+000  0.0000000E+000  0.0000000E+000 -0.1050705E-001  0.0000000E+000  0.2323275E+000
010111900dh      358.000    23121900  PLANTING                     1  0.0000000E+000  0.9900990E+000  0.0000000E+000  0.0000000E+000 -0.1031062E-001  0.0000000E+000  0.2657160E+000
010111900dh      359.000    24121900  PLANTING                     1  0.0000000E+000  0.9900990E+000  0.0000000E+000  0.0000000E+000 -0.1014643E-001  0.0000000E+000  0.1883880E+000
010111900dh      360.000    25121900  PLANTING                     1  0.0000000E+000  0.9900990E+000  0.0000000E+000  0.0000000E+000 -0.1026738E-001  0.0000000E+000  0.2094117E+000
010111900dh      361.000    26121900  PLANTING                     1  0.0000000E+000  0.9900990E+000  0.0000000E+000  0.0000000E+000 -0.1043796E-001  0.0000000E+000  0.1136276E+000
010111900dh      362.000    27121900  PLANTING                     1  0.0000000E+000  0.9900990E+000  0.0000000E+000  0.0000000E+000 -0.1064970E-001  0.0000000E+000  0.7398953E-001
010111900dh      363.000    28121900  PLANTING                     1  0.0000000E+000  0.9900990E+000  0.0000000E+000  0.0000000E+000 -0.1075434E-001  0.0000000E+000  0.1070420E+000
010111900dh      364.000    29121900  PLANTING                     1  0.0000000E+000  0.9900990E+000  0.0000000E+000  0.0000000E+000 -0.1085844E-001  0.0000000E+000  0.2134048E+000
010111900dh      365.000    30121900  PLANTING                     1  0.0000000E+000  0.9900990E+000  0.0000000E+000  0.0000000E+000 -0.1096712E-001  0.0000000E+000  0.1502695E+000
010111900dh      366.000    31121900  PLANTING                     1  0.0000000E+000  0.9900990E+000  0.0000000E+000  0.0000000E+000 -0.1108761E-001  0.0000000E+000  0.1498457E+000
