    DOY     DATE    GROWTH_STG      BRANCH_NO.      NODE_NO.        RUB_ACTVN       LEAF_N/C        LEAF_P/C        MIN_LWP         O2_STRESS       TEMP_STRESS     
010111901dh        1.000    01011901  EMERGENCE                    1  0.5400350E-001  0.9702630E+000  0.4385679E-001  0.4383502E-002 -0.1126270E-001  0.9718525E+000  0.2001711E+000
010111901dh        2.000    02011901  EMERGENCE                    1  0.1150665E+000  0.9564437E+000  0.4697190E-001  0.4806775E-002 -0.1152175E-001  0.9733390E+000  0.1623261E+000
010111901dh        3.000    03011901  EMERGENCE                    1  0.1620143E+000  0.9533349E+000  0.5506643E-001  0.5984387E-002 -0.1150199E-001  0.9749914E+000  0.1700690E+000
010111901dh        4.000    04011901  EMERGENCE                    1  0.2148713E+000  0.9523301E+000  0.6577328E-001  0.7636390E-002 -0.1169675E-001  0.9737467E+000  0.2718802E+000
010111901dh        5.000    05011901  EMERGENCE                    1  0.2917688E+000  0.9500776E+000  0.7565536E-001  0.9136188E-002 -0.3139569E+000  0.9714266E+000  0.2455469E+000
010111901dh        6.000    06011901  EMERGENCE                    1  0.3618365E+000  0.9518540E+000  0.8676493E-001  0.1080558E-001 -0.1713451E-001  0.9656860E+000  0.3629648E+000
010111901dh        7.000    07011901  EMERGENCE                    1  0.4520066E+000  0.9549031E+000  0.1002792E+000  0.1273292E-001 -0.1177962E+000  0.9636410E+000  0.3155962E+000
010111901dh        8.000    08011901  EMERGENCE                    1  0.5490629E+000  0.9646304E+000  0.1283379E+000  0.1658249E-001 -0.1947417E-001  0.9610907E+000  0.4733314E+000
010111901dh        9.000    09011901  EMERGENCE                    1  0.6539540E+000  0.9747154E+000  0.1615010E+000  0.2092116E-001 -0.1494156E+000  0.9592539E+000  0.3253515E+000
010111901dh       10.000    10011901  EMERGENCE                    1  0.7290628E+000  0.9817900E+000  0.1993584E+000  0.2634109E-001 -0.1360758E+000  0.9625362E+000  0.2601874E+000
010111901dh       11.000    11011901  EMERGENCE                    1  0.8126414E+000  0.9863387E+000  0.2358256E+000  0.3209609E-001 -0.1300129E+000  0.9609358E+000  0.3877321E+000
010111901dh       12.000    12011901  EMERGENCE                    1  0.9105107E+000  0.9885491E+000  0.2605915E+000  0.3641604E-001 -0.3025899E+000  0.9624555E+000  0.3469266E+000
010111901dh       13.000    13011901  EMERGENCE                    1  0.9968653E+000  0.9898241E+000  0.2802700E+000  0.4014350E-001 -0.1732493E+000  0.9658412E+000  0.3589664E+000
010111901dh       14.000    14011901  EMERGENCE                    1  0.1084941E+001  0.9904256E+000  0.2920466E+000  0.4278169E-001 -0.2286020E+000  0.9672022E+000  0.3179411E+000
010111901dh       15.000    15011901  EMERGENCE                    1  0.1170421E+001  0.9913574E+000  0.3039904E+000  0.4541814E-001 -0.6360921E-001  0.9655850E+000  0.3883632E+000
010111901dh       16.000    16011901  EMERGENCE                    1  0.1276330E+001  0.9918429E+000  0.3086931E+000  0.4687382E-001 -0.1557786E+000  0.9628342E+000  0.4541197E+000
010111901dh       17.000    17011901  EMERGENCE                    1  0.1379461E+001  0.9914793E+000  0.3072779E+000  0.4736708E-001 -0.1622685E+000  0.9657866E+000  0.3680911E+000
010111901dh       18.000    18011901  EMERGENCE                    1  0.1481327E+001  0.9910441E+000  0.3034906E+000  0.4746419E-001 -0.3770008E+000  0.9651438E+000  0.4339544E+000
010111901dh       19.000    19011901  EMERGENCE                    1  0.1593048E+001  0.9908713E+000  0.2992312E+000  0.4736275E-001 -0.3367632E+000  0.9609695E+000  0.4343626E+000
010111901dh       20.000    20011901  EMERGENCE                    1  0.1692367E+001  0.9906798E+000  0.2964707E+000  0.4738982E-001 -0.1937122E+000  0.9685099E+000  0.3144357E+000
010111901dh       21.000    21011901  EMERGENCE                    1  0.1774441E+001  0.9903257E+000  0.2924129E+000  0.4716056E-001 -0.3245562E+000  0.9710203E+000  0.2466403E+000
010111901dh       22.000    22011901  EMERGENCE                    1  0.1844788E+001  0.9901482E+000  0.2894977E+000  0.4701729E-001 -0.3838259E+000  0.9747077E+000  0.2084450E+000
010111901dh       23.000    23011901  EMERGENCE                    1  0.1915346E+001  0.9899641E+000  0.2857755E+000  0.4666367E-001 -0.3265620E+000  0.9733526E+000  0.2448705E+000
010111901dh       24.000    24011901  EMERGENCE                    1  0.1998559E+001  0.9897975E+000  0.2811883E+000  0.4608686E-001 -0.3537006E+000  0.9791681E+000  0.2454144E+000
010111901dh       25.000    25011901  EMERGENCE                    1  0.2084623E+001  0.9896036E+000  0.2770004E+000  0.4551640E-001 -0.3929077E+000  0.9815872E+000  0.2620243E+000
010111901dh       26.000    26011901  EMERGENCE                    1  0.2175506E+001  0.9893775E+000  0.2723105E+000  0.4485149E-001 -0.4803685E+000  0.9826725E+000  0.3499849E+000
010111901dh       27.000    27011901  EMERGENCE                    1  0.2274323E+001  0.9893237E+000  0.2685447E+000  0.4433060E-001 -0.3931842E+000  0.9836614E+000  0.3811087E+000
010111901dh       28.000    28011901  EMERGENCE                    1  0.2379924E+001  0.9890626E+000  0.2636790E+000  0.4361185E-001 -0.4802240E+000  0.9842377E+000  0.3781029E+000
010111901dh       29.000    29011901  FLORAL_INIT.                 1  0.2476753E+001  0.9888811E+000  0.2610111E+000  0.4322244E-001 -0.2277604E+000  0.9856434E+000  0.3466469E+000
010111901dh       30.000    30011901  FLORAL_INIT.                 1  0.2577236E+001  0.9890786E+000  0.2599751E+000  0.4308290E-001 -0.3392778E+000  0.9854370E+000  0.4128123E+000
010111901dh       31.000    31011901  FLORAL_INIT.                 1  0.2683641E+001  0.9893379E+000  0.2595427E+000  0.4300260E-001 -0.3286722E+000  0.9854967E+000  0.4281097E+000
010111901dh       32.000    01021901  FLORAL_INIT.                 1  0.2785826E+001  0.9891053E+000  0.2571384E+000  0.4261318E-001 -0.2745326E+000  0.9858655E+000  0.4273220E+000
010111901dh       33.000    02021901  FLORAL_INIT.                 1  0.2881965E+001  0.9885017E+000  0.2527967E+000  0.4191534E-001 -0.3475537E+000  0.9867492E+000  0.3262467E+000
010111901dh       34.000    03021901  FLORAL_INIT.                 1  0.2972083E+001  0.9881314E+000  0.2499257E+000  0.4145752E-001 -0.2845953E+000  0.9869203E+000  0.3292224E+000
010111901dh       35.000    04021901  FLORAL_INIT.                 1  0.3037094E+001  0.9878642E+000  0.2490318E+000  0.4128399E-001 -0.2684778E+000  0.9886524E+000  0.1614116E+000
010111901dh       36.000    05021901  FLORAL_INIT.                 1  0.3085149E+001  0.9879218E+000  0.2501988E+000  0.4144332E-001 -0.2560926E+000  0.9893184E+000  0.1209012E+000
010111901dh       37.000    06021901  FLORAL_INIT.                 1  0.3139009E+001  0.9877599E+000  0.2490502E+000  0.4121186E-001 -0.3745538E+000  0.9889574E+000  0.1366888E+000
010111901dh       38.000    07021901  FLORAL_INIT.                 1  0.3194803E+001  0.9874916E+000  0.2474131E+000  0.4088359E-001 -0.4195340E+000  0.9887118E+000  0.2235143E+000
010111901dh       39.000    08021901  FLORAL_INIT.                 1  0.3254120E+001  0.9876160E+000  0.2478927E+000  0.4089159E-001 -0.2425591E+000  0.9884083E+000  0.2004386E+000
010111901dh       40.000    09021901  FLORAL_INIT.                 1  0.3319719E+001  0.9873101E+000  0.2457009E+000  0.4045087E-001 -0.3092774E+000  0.9879948E+000  0.2128374E+000
010111901dh       41.000    10021901  FLORAL_INIT.                 1  0.3377755E+001  0.9874604E+000  0.2474837E+000  0.4063766E-001 -0.3368930E+000  0.9896063E+000  0.1442982E+000
010111901dh       42.000    11021901  FLORAL_INIT.                 1  0.3435513E+001  0.9870364E+000  0.2457780E+000  0.4025963E-001 -0.3941604E+000  0.9894018E+000  0.1634614E+000
010111901dh       43.000    12021901  FLORAL_INIT.                 1  0.3493589E+001  0.9873689E+000  0.2477253E+000  0.4047977E-001 -0.2870035E+000  0.9882641E+000  0.2558856E+000
010111901dh       44.000    13021901  FLORAL_INIT.                 1  0.3591662E+001  0.9885077E+000  0.2509483E+000  0.4086915E-001 -0.3118326E+000  0.9852741E+000  0.5060339E+000
010111901dh       45.000    14021901  JOINTING                     1  0.3689192E+001  0.9884854E+000  0.2510809E+000  0.4068510E-001 -0.2198292E+000  0.9883606E+000  0.2757871E+000
010111901dh       46.000    15021901  JOINTING                     1  0.3754314E+001  0.9880729E+000  0.2513775E+000  0.4061169E-001 -0.2480775E+000  0.9891993E+000  0.2055061E+000
010111901dh       47.000    16021901  JOINTING                     1  0.3820999E+001  0.9878879E+000  0.2517320E+000  0.4058919E-001 -0.2894806E+000  0.9893854E+000  0.2385365E+000
010111901dh       48.000    17021901  JOINTING                     1  0.3883280E+001  0.9877042E+000  0.2518365E+000  0.4050931E-001 -0.3714303E+000  0.9902471E+000  0.1312343E+000
010111901dh       49.000    18021901  JOINTING                     1  0.3940276E+001  0.9878085E+000  0.2532752E+000  0.4063069E-001 -0.5655079E+000  0.9905712E+000  0.1322087E+000
010111901dh       50.000    19021901  JOINTING                     1  0.3998817E+001  0.9878927E+000  0.2540846E+000  0.4064201E-001 -0.4972649E+000  0.9887327E+000  0.2869772E+000
010111901dh       51.000    20021901  JOINTING                     1  0.4076565E+001  0.9878336E+000  0.2533243E+000  0.4036836E-001 -0.4559367E+000  0.9899001E+000  0.2275495E+000
010111901dh       52.000    21021901  JOINTING                     1  0.4146364E+001  0.9879132E+000  0.2543353E+000  0.4036755E-001 -0.6861381E+000  0.9906749E+000  0.2481960E+000
010111901dh       53.000    22021901  JOINTING                     1  0.4210430E+001  0.9879784E+000  0.2551872E+000  0.4034318E-001 -0.5484764E+000  0.9903985E+000  0.1574231E+000
010111901dh       54.000    23021901  JOINTING                     1  0.4274466E+001  0.9876462E+000  0.2536817E+000  0.3994381E-001 -0.4553769E+000  0.9892839E+000  0.2369380E+000
010111901dh       55.000    24021901  JOINTING                     1  0.4353379E+001  0.9874868E+000  0.2527359E+000  0.3961900E-001 -0.5375659E+000  0.9894563E+000  0.2838995E+000
010111901dh       56.000    25021901  JOINTING                     1  0.4439705E+001  0.9880979E+000  0.2561254E+000  0.3995144E-001 -0.3015747E+000  0.9886426E+000  0.3987611E+000
010111901dh       57.000    26021901  JOINTING                     1  0.4534898E+001  0.9887781E+000  0.2596430E+000  0.4026705E-001 -0.2473754E+000  0.9891681E+000  0.3466267E+000
010111901dh       58.000    27021901  JOINTING                     1  0.4632932E+001  0.9879737E+000  0.2553192E+000  0.3937161E-001 -0.2765697E+000  0.9901123E+000  0.2918905E+000
010111901dh       59.000    28021901  JOINTING                     1  0.4720006E+001  0.9880277E+000  0.2570418E+000  0.3942629E-001 -0.5409472E+000  0.9913905E+000  0.2724575E+000
010111901dh       60.000    01031901  JOINTING                     1  0.4798009E+001  0.9882172E+000  0.2593231E+000  0.3958164E-001 -0.3559426E+000  0.9907792E+000  0.3562557E+000
010111901dh       61.000    02031901  ELONGATION                   1  0.4899679E+001  0.9885546E+000  0.2610731E+000  0.3961801E-001 -0.2186948E+000  0.9905389E+000  0.4162922E+000
010111901dh       62.000    03031901  ELONGATION                   1  0.4998984E+001  0.9884175E+000  0.2613073E+000  0.3940365E-001 -0.2226347E+000  0.9929691E+000  0.3478330E+000
010111901dh       63.000    04031901  ELONGATION                   1  0.5084301E+001  0.9885145E+000  0.2635274E+000  0.3952217E-001 -0.2612080E+000  0.9935261E+000  0.3391673E+000
010111901dh       64.000    05031901  ELONGATION                   1  0.5178118E+001  0.9889399E+000  0.2669766E+000  0.3983861E-001 -0.2401171E+000  0.9932413E+000  0.4778193E+000
010111901dh       65.000    06031901  ELONGATION                   1  0.5281485E+001  0.9886102E+000  0.2655865E+000  0.3941764E-001 -0.3937093E+000  0.9935056E+000  0.3237859E+000
010111901dh       66.000    07031901  ELONGATION                   1  0.5360256E+001  0.9885563E+000  0.2675192E+000  0.3949451E-001 -0.2729886E+000  0.9936815E+000  0.2707005E+000
010111901dh       67.000    08031901  ELONGATION                   1  0.5437712E+001  0.9883652E+000  0.2679264E+000  0.3936256E-001 -0.5039333E+000  0.9937635E+000  0.2247567E+000
010111901dh       68.000    09031901  ELONGATION                   1  0.5506949E+001  0.9882355E+000  0.2687987E+000  0.3929310E-001 -0.2691299E+000  0.9937989E+000  0.2363017E+000
010111901dh       69.000    10031901  ELONGATION                   1  0.5585652E+001  0.9880499E+000  0.2688003E+000  0.3908825E-001 -0.5547474E+000  0.9937735E+000  0.2046093E+000
010111901dh       70.000    11031901  ELONGATION                   1  0.5672448E+001  0.9886147E+000  0.2738393E+000  0.3959549E-001 -0.7928888E+000  0.9936709E+000  0.2638914E+000
010111901dh       71.000    12031901  ELONGATION                   1  0.5766508E+001  0.9887069E+000  0.2759754E+000  0.3964136E-001 -0.6068730E+000  0.9937312E+000  0.2796920E+000
010111901dh       72.000    13031901  ELONGATION                   1  0.5859840E+001  0.9888677E+000  0.2788194E+000  0.3979879E-001 -0.1054063E+001  0.9937445E+000  0.2327394E+000
010111901dh       73.000    14031901  ELONGATION                   1  0.5958374E+001  0.9890312E+000  0.2815831E+000  0.3995705E-001 -0.1388085E+001  0.9937420E+000  0.2535046E+000
010111901dh       74.000    15031901  ELONGATION                   1  0.6058717E+001  0.9895438E+000  0.2872533E+000  0.4052158E-001 -0.8100953E+000  0.9936743E+000  0.3260683E+000
010111901dh       75.000    16031901  ELONGATION                   1  0.6169942E+001  0.9899823E+000  0.2926038E+000  0.4103211E-001 -0.1043093E+001  0.9935981E+000  0.3876128E+000
010111901dh       76.000    17031901  ELONGATION                   1  0.6296504E+001  0.9904446E+000  0.2982754E+000  0.4159874E-001 -0.9568796E+000  0.9934790E+000  0.4614754E+000
010111901dh       77.000    18031901  ELONGATION                   1  0.6427220E+001  0.9906131E+000  0.3024820E+000  0.4196153E-001 -0.1171740E+001  0.9935798E+000  0.3722465E+000
010111901dh       78.000    19031901  ELONGATION                   1  0.6545599E+001  0.9902067E+000  0.3028557E+000  0.4182693E-001 -0.9485758E+000  0.9935227E+000  0.4306103E+000
010111901dh       79.000    20031901  ELONGATION                   1  0.6652420E+001  0.9904670E+000  0.3090710E+000  0.4251740E-001 -0.6263285E+000  0.9935581E+000  0.3042952E+000
010111901dh       80.000    21031901  ELONGATION                   1  0.6749943E+001  0.9905005E+000  0.3136096E+000  0.4300430E-001 -0.7155218E+000  0.9935648E+000  0.3685763E+000
010111901dh       81.000    22031901  ELONGATION                   1  0.6841651E+001  0.9906058E+000  0.3187234E+000  0.4359093E-001 -0.2679923E+000  0.9934856E+000  0.3960332E+000
010111901dh       82.000    23031901  ELONGATION                   1  0.6950337E+001  0.9907190E+000  0.3237720E+000  0.4418647E-001 -0.6137953E+000  0.9935856E+000  0.3078328E+000
010111901dh       83.000    24031901  ELONGATION                   1  0.7049327E+001  0.9905940E+000  0.3268485E+000  0.4452202E-001 -0.6803643E+000  0.9935694E+000  0.3859601E+000
010111901dh       84.000    25031901  ELONGATION                   1  0.7152402E+001  0.9911685E+000  0.3367152E+000  0.4578493E-001 -0.6534929E+000  0.9934849E+000  0.3532813E+000
010111901dh       85.000    26031901  ANTHESIS                     1  0.7267957E+001  0.9910602E+000  0.3393468E+000  0.4606312E-001 -0.6980465E+000  0.9934665E+000  0.4950488E+000
010111901dh       86.000    27031901  ANTHESIS                     1  0.7385094E+001  0.9912712E+000  0.3454939E+000  0.4680457E-001 -0.3940855E+000  0.9935288E+000  0.3408461E+000
010111901dh       87.000    28031901  ANTHESIS                     1  0.7495704E+001  0.9908344E+000  0.3446030E+000  0.4660114E-001 -0.1022853E+001  0.9935205E+000  0.3791907E+000
010111901dh       88.000    29031901  ANTHESIS                     1  0.7602130E+001  0.9910438E+000  0.3510715E+000  0.4738548E-001 -0.7635625E+000  0.9935202E+000  0.3514259E+000
010111901dh       89.000    30031901  ANTHESIS                     1  0.7715498E+001  0.9912706E+000  0.3576666E+000  0.4817446E-001 -0.9881786E+000  0.9934490E+000  0.3940460E+000
010111901dh       90.000    31031901  ANTHESIS                     1  0.7843909E+001  0.9913205E+000  0.3620216E+000  0.4864706E-001 -0.1294120E+001  0.9933665E+000  0.4836808E+000
010111901dh       91.000    01041901  ANTHESIS                     1  0.7958573E+001  0.9913416E+000  0.3663955E+000  0.4909857E-001 -0.5024339E+000  0.9934347E+000  0.4301843E+000
010111901dh       92.000    02041901  SEED_FILL                    1  0.8076636E+001  0.9917383E+000  0.3744611E+000  0.5008893E-001 -0.5016767E+000  0.9934278E+000  0.4152863E+000
010111901dh       93.000    03041901  SEED_FILL                    1  0.8190475E+001  0.9918085E+000  0.3780620E+000  0.5048322E-001 -0.4744088E+000  0.9934378E+000  0.4511792E+000
010111901dh       94.000    04041901  SEED_FILL                    1  0.8310037E+001  0.9920085E+000  0.3834759E+000  0.5111725E-001 -0.6298620E+000  0.9934741E+000  0.4224506E+000
010111901dh       95.000    05041901  SEED_FILL                    1  0.8420959E+001  0.9920827E+000  0.3875622E+000  0.5156649E-001 -0.4706762E+000  0.9934934E+000  0.3718939E+000
010111901dh       96.000    06041901  SEED_FILL                    1  0.8558069E+001  0.9922910E+000  0.3930210E+000  0.5222895E-001 -0.9887012E+000  0.9933659E+000  0.4858471E+000
010111901dh       97.000    07041901  SEED_FILL                    1  0.8703297E+001  0.9924173E+000  0.3976420E+000  0.5276251E-001 -0.9293860E+000  0.9933125E+000  0.4896080E+000
010111901dh       98.000    08041901  SEED_NO._SET                 1  0.8849230E+001  0.9924526E+000  0.4011098E+000  0.5314129E-001 -0.8239335E+000  0.9932919E+000  0.4493203E+000
010111901dh       99.000    09041901  SEED_NO._SET                 1  0.8979573E+001  0.9926046E+000  0.4071751E+000  0.5389640E-001 -0.9787709E+000  0.9932139E+000  0.4114629E+000
010111901dh      100.000    10041901  SEED_NO._SET                 1  0.9104881E+001  0.9926293E+000  0.4109492E+000  0.5436751E-001 -0.1042609E+001  0.9932469E+000  0.4318781E+000
010111901dh      101.000    11041901  SEED_NO._SET                 1  0.9214819E+001  0.9923204E+000  0.4094523E+000  0.5413605E-001 -0.5245488E+000  0.9933441E+000  0.3813141E+000
010111901dh      102.000    12041901  SEED_NO._SET                 1  0.9336916E+001  0.9924876E+000  0.4145524E+000  0.5478994E-001 -0.8336060E+000  0.9932781E+000  0.4024884E+000
010111901dh      103.000    13041901  SEED_NO._SET                 1  0.9469114E+001  0.9924125E+000  0.4155310E+000  0.5488250E-001 -0.1270439E+001  0.9933014E+000  0.3689983E+000
010111901dh      104.000    14041901  SEED_NO._SET                 1  0.9579182E+001  0.9921976E+000  0.4150224E+000  0.5474830E-001 -0.5287986E+000  0.9933690E+000  0.3783000E+000
010111901dh      105.000    15041901  SEED_MASS_SET                1  0.9676660E+001  0.9922225E+000  0.4183752E+000  0.5511200E-001 -0.5578147E+000  0.9934129E+000  0.3948224E+000
010111901dh      106.000    16041901  SEED_MASS_SET                1  0.9795345E+001  0.9923576E+000  0.4226921E+000  0.5559834E-001 -0.6525507E+000  0.9933619E+000  0.4016072E+000
010111901dh      107.000    17041901  SEED_MASS_SET                1  0.9927155E+001  0.9926012E+000  0.4290400E+000  0.5633189E-001 -0.1030081E+001  0.9932693E+000  0.4672302E+000
010111901dh      108.000    18041901  SEED_MASS_SET                1  0.1008681E+002  0.9928900E+000  0.4360375E+000  0.5713807E-001 -0.1379715E+001  0.9930987E+000  0.5713924E+000
010111901dh      109.000    19041901  SEED_MASS_SET                1  0.1022830E+002  0.9922936E+000  0.4286073E+000  0.5601761E-001 -0.9355044E+000  0.9932854E+000  0.4388472E+000
010111901dh      110.000    20041901  SEED_MASS_SET                1  0.1034375E+002  0.9922360E+000  0.4308608E+000  0.5616412E-001 -0.6502094E+000  0.9933771E+000  0.3474390E+000
010111901dh      111.000    21041901  SEED_MASS_SET                1  0.1046279E+002  0.9922314E+000  0.4334287E+000  0.5635760E-001 -0.8287495E+000  0.9931447E+000  0.3757224E+000
010111901dh      112.000    22041901  SEED_MASS_SET                1  0.1061035E+002  0.9925734E+000  0.4417171E+000  0.5728355E-001 -0.1315803E+001  0.9929681E+000  0.5371437E+000
010111901dh      113.000    23041901  SEED_MASS_SET                1  0.1080452E+002  0.9932576E+000  0.4562707E+000  0.5900051E-001 -0.1766507E+001  0.9926509E+000  0.6966260E+000
010111901dh      114.000    24041901  SEED_MASS_SET                1  0.1099224E+002  0.9928585E+000  0.4518522E+000  0.5822511E-001 -0.1561683E+001  0.9928889E+000  0.4788842E+000
010111901dh      115.000    25041901  SEED_MASS_SET                1  0.1113213E+002  0.9923937E+000  0.4465371E+000  0.5735857E-001 -0.9157580E+000  0.9930325E+000  0.3857621E+000
010111901dh      116.000    26041901  SEED_MASS_SET                1  0.1127890E+002  0.9924587E+000  0.4504383E+000  0.5770446E-001 -0.1135655E+001  0.9929521E+000  0.4438205E+000
010111901dh      117.000    27041901  SEED_MASS_SET                1  0.1141018E+002  0.9921905E+000  0.4479659E+000  0.5721447E-001 -0.8683546E+000  0.9930528E+000  0.4233175E+000
010111901dh      118.000    28041901  SEED_MASS_SET                1  0.1153688E+002  0.9921955E+000  0.4507748E+000  0.5739083E-001 -0.8348630E+000  0.9931182E+000  0.3885393E+000
010111901dh      119.000    29041901  SEED_MASS_SET                1  0.1167249E+002  0.9922575E+000  0.4545244E+000  0.5767782E-001 -0.1008241E+001  0.9929991E+000  0.4720466E+000
010111901dh      120.000    30041901  SEED_MASS_SET                1  0.1180434E+002  0.9921748E+000  0.4554747E+000  0.5758218E-001 -0.9273140E+000  0.9930670E+000  0.4145964E+000
010111901dh      121.000    01051901  SEED_MASS_SET                1  0.1194329E+002  0.9923366E+000  0.4613272E+000  0.5810676E-001 -0.1107567E+001  0.9929720E+000  0.5002670E+000
010111901dh      122.000    02051901  SEED_MASS_SET                1  0.1208855E+002  0.9923045E+000  0.4631765E+000  0.5810974E-001 -0.1410579E+001  0.9930271E+000  0.4490926E+000
010111901dh      123.000    03051901  SEED_MASS_SET                1  0.1222451E+002  0.9922369E+000  0.4644899E+000  0.5803740E-001 -0.1165364E+001  0.9928113E+000  0.3873025E+000
010111901dh      124.000    04051901  SEED_MASS_SET                1  0.1234234E+002  0.9921685E+000  0.4661965E+000  0.5800090E-001 -0.7846275E+000  0.9929192E+000  0.3892139E+000
010111901dh      125.000    05051901  SEED_MASS_SET                1  0.1246233E+002  0.9921330E+000  0.4683062E+000  0.5802677E-001 -0.8072716E+000  0.9929269E+000  0.4220334E+000
010111901dh      126.000    06051901  SEED_MASS_SET                1  0.1258455E+002  0.9921016E+000  0.4702804E+000  0.5804234E-001 -0.5758790E+000  0.9929463E+000  0.4454671E+000
010111901dh      127.000    07051901  SEED_MASS_SET                1  0.1271341E+002  0.9921904E+000  0.4748907E+000  0.5837682E-001 -0.7809115E+000  0.9929737E+000  0.3807366E+000
010111901dh      128.000    08051901  SEED_MASS_SET                1  0.1285573E+002  0.9922462E+000  0.4787002E+000  0.5860638E-001 -0.1303619E+001  0.9929604E+000  0.3688405E+000
010111901dh      129.000    09051901  SEED_MASS_SET                1  0.1299949E+002  0.9922236E+000  0.4809112E+000  0.5863340E-001 -0.1162133E+001  0.9929525E+000  0.3798415E+000
010111901dh      130.000    10051901  SEED_MASS_SET                1  0.1315676E+002  0.9923531E+000  0.4865337E+000  0.5907151E-001 -0.1375559E+001  0.9929219E+000  0.3847165E+000
010111901dh      131.000    11051901  SEED_MASS_SET                1  0.1331187E+002  0.9923423E+000  0.4891351E+000  0.5912724E-001 -0.1353766E+001  0.9929588E+000  0.3789288E+000
010111901dh      132.000    12051901  SEED_MASS_SET                1  0.1345773E+002  0.9923548E+000  0.4924633E+000  0.5926760E-001 -0.1211056E+001  0.9929702E+000  0.3984688E+000
010111901dh      133.000    13051901  SEED_MASS_SET                1  0.1360846E+002  0.9922246E+000  0.4919560E+000  0.5894344E-001 -0.1313445E+001  0.9929948E+000  0.3989155E+000
010111901dh      134.000    14051901  SEED_MASS_SET                1  0.1375034E+002  0.9920741E+000  0.4908034E+000  0.5854047E-001 -0.1154634E+001  0.9927309E+000  0.4255795E+000
010111901dh      135.000    15051901  SEED_MASS_SET                1  0.1387716E+002  0.9926461E+000  0.5086662E+000  0.6038169E-001 -0.5526168E+000  0.9927716E+000  0.3641703E+000
010111901dh      136.000    16051901  SEED_MASS_SET                1  0.1399621E+002  0.9921152E+000  0.4977490E+000  0.5881592E-001 -0.6282400E+000  0.9928978E+000  0.3816055E+000
010111901dh      137.000    17051901  SEED_MASS_SET                1  0.1414177E+002  0.9920755E+000  0.4988363E+000  0.5868480E-001 -0.1340892E+001  0.9929064E+000  0.3541995E+000
010111901dh      138.000    18051901  SEED_MASS_SET                1  0.1424468E+002  0.9922994E+000  0.5081840E+000  0.5951320E-001 -0.3583086E+000  0.9928209E+000  0.4239180E+000
010111901dh      139.000    19051901  SEED_MASS_SET                1  0.1436386E+002  0.9920905E+000  0.5050335E+000  0.5887659E-001 -0.5103934E+000  0.9930133E+000  0.3268780E+000
010111901dh      140.000    20051901  SEED_MASS_SET                1  0.1450212E+002  0.9920686E+000  0.5066859E+000  0.5880025E-001 -0.1132591E+001  0.9929769E+000  0.3779269E+000
010111901dh      141.000    21051901  SEED_MASS_SET                1  0.1463187E+002  0.9920363E+000  0.5084806E+000  0.5872526E-001 -0.8906655E+000  0.9929792E+000  0.3766259E+000
010111901dh      142.000    22051901  SEED_MASS_SET                1  0.1478908E+002  0.9922044E+000  0.5153803E+000  0.5923140E-001 -0.1390388E+001  0.9928660E+000  0.4259430E+000
010111901dh      143.000    23051901  SEED_MASS_SET                1  0.1495296E+002  0.9922918E+000  0.5205239E+000  0.5950652E-001 -0.1381198E+001  0.9928364E+000  0.4141643E+000
010111901dh      144.000    24051901  SEED_MASS_SET                1  0.1511478E+002  0.9923044E+000  0.5239713E+000  0.5957299E-001 -0.1308809E+001  0.9928709E+000  0.4001936E+000
010111901dh      145.000    25051901  SEED_MASS_SET                1  0.1527112E+002  0.9922582E+000  0.5257655E+000  0.5944963E-001 -0.1391627E+001  0.9929287E+000  0.4086411E+000
010111901dh      146.000    26051901  SEED_MASS_SET                1  0.1539104E+002  0.9921097E+000  0.5247235E+000  0.5901311E-001 -0.1039924E+001  0.9930839E+000  0.3002232E+000
010111901dh      147.000    27051901  SEED_MASS_SET                1  0.1551690E+002  0.9920961E+000  0.5268724E+000  0.5894804E-001 -0.1082909E+001  0.9928299E+000  0.3296156E+000
010111901dh      148.000    28051901  SEED_MASS_SET                1  0.1566532E+002  0.9922274E+000  0.5333534E+000  0.5933880E-001 -0.1263076E+001  0.9927955E+000  0.3704164E+000
010111901dh      149.000    29051901  SEED_MASS_SET                1  0.1582130E+002  0.9922590E+000  0.5372507E+000  0.5942000E-001 -0.1358917E+001  0.9927633E+000  0.3633325E+000
010111901dh      150.000    30051901  SEED_MASS_SET                1  0.1596520E+002  0.9921706E+000  0.5376547E+000  0.5911500E-001 -0.1123877E+001  0.9928044E+000  0.3622302E+000
010111901dh      151.000    31051901  SEED_MASS_SET                1  0.1612743E+002  0.9924085E+000  0.5481113E+000  0.5990698E-001 -0.1437755E+001  0.9927300E+000  0.4074484E+000
010111901dh      152.000    01061901  SEED_MASS_SET                1  0.1628988E+002  0.9924339E+000  0.5524664E+000  0.6000663E-001 -0.1430323E+001  0.9927163E+000  0.4314231E+000
010111901dh      153.000    02061901  SEED_MASS_SET                1  0.1645700E+002  0.9925176E+000  0.5588830E+000  0.6031973E-001 -0.1356178E+001  0.9927181E+000  0.4481290E+000
010111901dh      154.000    03061901  SEED_MASS_SET                1  0.1662664E+002  0.9925919E+000  0.5650084E+000  0.6059301E-001 -0.1335842E+001  0.9926881E+000  0.4381081E+000
010111901dh      155.000    04061901  SEED_MASS_SET                1  0.1681555E+002  0.9927891E+000  0.5759837E+000  0.6136180E-001 -0.1749489E+001  0.9920382E+000  0.5798189E+000
010111901dh      156.000    05061901  SEED_MASS_SET                1  0.1700529E+002  0.9926854E+000  0.5770098E+000  0.6104510E-001 -0.1561948E+001  0.9921602E+000  0.5007343E+000
010111901dh      157.000    06061901  SEED_MASS_SET                1  0.1716970E+002  0.9925461E+000  0.5760645E+000  0.6055183E-001 -0.1283271E+001  0.9923165E+000  0.4026565E+000
010111901dh      158.000    07061901  SEED_MASS_SET                1  0.1733782E+002  0.9926301E+000  0.5823344E+000  0.6084019E-001 -0.1507145E+001  0.9849505E+000  0.4759778E+000
010111901dh      159.000    08061901  SEED_MASS_SET                1  0.1752580E+002  0.9928342E+000  0.5939733E+000  0.6166468E-001 -0.1909010E+001  0.9819766E+000  0.6300553E+000
010111901dh      160.000    09061901  SEED_MASS_SET                1  0.1771870E+002  0.9930982E+000  0.6164839E+000  0.6357754E-001 -0.1988039E+001  0.9571131E+000  0.8834830E+000
010111901dh      161.000    10061901  SEED_MASS_SET                1  0.1791769E+002  0.9933386E+000  0.6624526E+000  0.6785404E-001 -0.1908559E+001  0.9287191E+000  0.9302041E+000
010111901dh      162.000    11061901  SEED_MASS_SET                1  0.1811950E+002  0.9935027E+000  0.7171591E+000  0.7297915E-001 -0.1845917E+001  0.9057299E+000  0.9677701E+000
010111901dh      163.000    12061901  SEED_MASS_SET                1  0.1832700E+002  0.9933194E+000  0.7292631E+000  0.7376953E-001 -0.1662640E+001  0.8731416E+000  0.5530816E+000
010111901dh      164.000    13061901  SEED_MASS_SET                1  0.1851235E+002  0.9932162E+000  0.7266685E+000  0.7314676E-001 -0.1281625E+001  0.8541013E+000  0.5212387E+000
010111901dh      165.000    14061901  SEED_MASS_SET                1  0.1868153E+002  0.9931049E+000  0.7223986E+000  0.7240488E-001 -0.1108052E+001  0.8354474E+000  0.4317563E+000
010111901dh      166.000    15061901  SEED_MASS_SET                1  0.1883484E+002  0.9930381E+000  0.7198891E+000  0.7187468E-001 -0.9835955E+000  0.8278524E+000  0.4519101E+000
010111901dh      167.000    16061901  SEED_MASS_SET                1  0.1899097E+002  0.9930713E+000  0.7224148E+000  0.7185610E-001 -0.1001191E+001  0.8126428E+000  0.4452856E+000
010111901dh      168.000    17061901  SEED_MASS_SET                1  0.1917315E+002  0.9931419E+000  0.7272396E+000  0.7205193E-001 -0.1284458E+001  0.8077299E+000  0.4983671E+000
010111901dh      169.000    18061901  SEED_MASS_SET                1  0.1935645E+002  0.9931144E+000  0.7273323E+000  0.7176154E-001 -0.1236466E+001  0.7961600E+000  0.4879489E+000
010111901dh      170.000    19061901  SEED_MASS_SET                1  0.1954073E+002  0.9931019E+000  0.7285692E+000  0.7158211E-001 -0.1247463E+001  0.7954675E+000  0.5575084E+000
010111901dh      171.000    20061901  SEED_MASS_SET                1  0.1972838E+002  0.9930810E+000  0.7291866E+000  0.7133700E-001 -0.1279226E+001  0.7826390E+000  0.4201684E+000
010111901dh      172.000    21061901  SEED_MASS_SET                1  0.1990881E+002  0.9931172E+000  0.7331613E+000  0.7142346E-001 -0.1339475E+001  0.7875676E+000  0.4933844E+000
010111901dh      173.000    22061901  SEED_MASS_SET                1  0.2010072E+002  0.9931644E+000  0.7390175E+000  0.7168694E-001 -0.1545541E+001  0.7911180E+000  0.5884521E+000
010111901dh      174.000    23061901  SEED_MASS_SET                1  0.2029556E+002  0.9931711E+000  0.7457204E+000  0.7201659E-001 -0.1564313E+001  0.7831247E+000  0.5207703E+000
010111901dh      175.000    24061901  SEED_MASS_SET                1  0.2048048E+002  0.9930861E+000  0.7434230E+000  0.7148239E-001 -0.1264527E+001  0.7771557E+000  0.4962318E+000
010111901dh      176.000    25061901  SEED_MASS_SET                1  0.2066778E+002  0.9931226E+000  0.7479602E+000  0.7161471E-001 -0.1299954E+001  0.7740731E+000  0.4768117E+000
010111901dh      177.000    26061901  SEED_MASS_SET                1  0.2084636E+002  0.9931030E+000  0.7490733E+000  0.7142431E-001 -0.1032360E+001  0.7767488E+000  0.5261915E+000
010111901dh      178.000    27061901  SEED_MASS_SET                1  0.2101995E+002  0.9930391E+000  0.7474824E+000  0.7097539E-001 -0.1173441E+001  0.7754061E+000  0.5067085E+000
010111901dh      179.000    28061901  SEED_MASS_SET                1  0.2119616E+002  0.9929301E+000  0.7280034E+000  0.6879747E-001 -0.1187116E+001  0.7913779E+000  0.4627328E+000
010111901dh      180.000    29061901  SEED_MASS_SET                1  0.2137058E+002  0.9925314E+000  0.6782354E+000  0.6366207E-001 -0.1094188E+001  0.8030523E+000  0.4770328E+000
010111901dh      181.000    30061901  SEED_MASS_SET                1  0.2154731E+002  0.9920873E+000  0.6310857E+000  0.5875898E-001 -0.1081059E+001  0.8008439E+000  0.5097895E+000
010111901dh      182.000    01071901  SEED_MASS_SET                1  0.2172604E+002  0.9916755E+000  0.5931223E+000  0.5478825E-001 -0.1034412E+001  0.7747961E+000  0.5157965E+000
010111901dh      183.000    02071901  SEED_MASS_SET                1  0.2190446E+002  0.9912702E+000  0.5624891E+000  0.5161847E-001 -0.9904832E+000  0.7736893E+000  0.5065524E+000
010111901dh      184.000    03071901  SEED_MASS_SET                1  0.2208037E+002  0.9909228E+000  0.5399374E+000  0.4927755E-001 -0.1005730E+001  0.7724850E+000  0.4564652E+000
010111901dh      185.000    04071901  SEED_MASS_SET                1  0.2225792E+002  0.9906583E+000  0.5251627E+000  0.4770307E-001 -0.9997846E+000  0.7698611E+000  0.4632994E+000
010111901dh      186.000    05071901  END_SEED_FILL                1  0.2243793E+002  0.9895644E+000  0.4847231E+000  0.4386004E-001 -0.1050447E+001  0.9910418E+000  0.4676666E+000
010111901dh      187.000    06071901  END_SEED_FILL                1  0.2261953E+002  0.9888458E+000  0.4618439E+000  0.4165734E-001 -0.1022408E+001  0.9909102E+000  0.4622464E+000
010111901dh      188.000    07071901  END_SEED_FILL                1  0.2279361E+002  0.9883682E+000  0.4458097E+000  0.4009434E-001 -0.8054448E+000  0.9908956E+000  0.5066907E+000
010111901dh      189.000    08071901  END_SEED_FILL                1  0.2295292E+002  0.9880203E+000  0.4327810E+000  0.3880731E-001 -0.7779239E+000  0.9909053E+000  0.4745403E+000
010111901dh      190.000    09071901  END_SEED_FILL                1  0.2312842E+002  0.9876723E+000  0.4189035E+000  0.3744694E-001 -0.7614245E+000  0.9908633E+000  0.6259154E+000
010111901dh      191.000    10071901  END_SEED_FILL                1  0.2331919E+002  0.9873541E+000  0.4063180E+000  0.3619462E-001 -0.8140294E+000  0.9908870E+000  0.5662612E+000
010111901dh      192.000    11071901  END_SEED_FILL                1  0.2350767E+002  0.9870484E+000  0.3946041E+000  0.3501018E-001 -0.7517945E+000  0.9902153E+000  0.5170349E+000
010111901dh      193.000    12071901  END_SEED_FILL                1  0.2368542E+002  0.9868169E+000  0.3857074E+000  0.3408000E-001 -0.7300589E+000  0.9901229E+000  0.4947285E+000
010111901dh      194.000    13071901  END_SEED_FILL                1  0.2386715E+002  0.9866059E+000  0.3777137E+000  0.3324522E-001 -0.7029761E+000  0.9900878E+000  0.5063637E+000
010111901dh      195.000    14071901  END_SEED_FILL                1  0.2405555E+002  0.9864144E+000  0.3706458E+000  0.3250095E-001 -0.6188274E+000  0.9901466E+000  0.5859672E+000
010111901dh      196.000    15071901  END_SEED_FILL                1  0.2425186E+002  0.9862558E+000  0.3648844E+000  0.3187659E-001 -0.7137551E+000  0.9901264E+000  0.5639251E+000
010111901dh      197.000    16071901  END_SEED_FILL                1  0.2444078E+002  0.9861439E+000  0.3607646E+000  0.3140054E-001 -0.6359547E+000  0.9901405E+000  0.5595854E+000
010111901dh      198.000    17071901  END_SEED_FILL                1  0.2463044E+002  0.9860586E+000  0.3575725E+000  0.3100983E-001 -0.6718098E+000  0.9902015E+000  0.5857162E+000
010111901dh      199.000    18071901  END_SEED_FILL                1  0.2482104E+002  0.9859960E+000  0.3551664E+000  0.3069121E-001 -0.5597265E+000  0.9901968E+000  0.5657863E+000
010111901dh      200.000    19071901  END_SEED_FILL                1  0.2501451E+002  0.9859571E+000  0.3535352E+000  0.3044563E-001 -0.5013030E+000  0.9902779E+000  0.5233010E+000
010111901dh      201.000    20071901  END_SEED_FILL                1  0.2519774E+002  0.9859635E+000  0.3532397E+000  0.3032135E-001 -0.4299300E+000  0.9900001E+000  0.4920063E+000
010111901dh      202.000    21071901  END_SEED_FILL                1  0.2539146E+002  0.9859649E+000  0.3527647E+000  0.3018798E-001 -0.3384392E+000  0.9899115E+000  0.5261885E+000
010111901dh      203.000    22071901  END_SEED_FILL                1  0.2557446E+002  0.9859950E+000  0.3531182E+000  0.3013701E-001 -0.2933319E+000  0.9898786E+000  0.5265244E+000
010111901dh      204.000    23071901  END_SEED_FILL                1  0.2576250E+002  0.9860457E+000  0.3540065E+000  0.3013891E-001 -0.2099517E+000  0.9899015E+000  0.5675311E+000
010111901dh      205.000    24071901  END_SEED_FILL                1  0.2593933E+002  0.9861310E+000  0.3557530E+000  0.3021878E-001 -0.1770768E+000  0.9899599E+000  0.6065404E+000
010111901dh      206.000    25071901  END_SEED_FILL                1  0.2613073E+002  0.9862395E+000  0.3579550E+000  0.3033642E-001 -0.1153837E+000  0.9899913E+000  0.4937377E+000
010111901dh      207.000    26071901  END_SEED_FILL                1  0.2631126E+002  0.9863576E+000  0.3601809E+000  0.3046103E-001 -0.1143842E+000  0.9897950E+000  0.4841677E+000
010111901dh      208.000    27071901  END_SEED_FILL                1  0.2649729E+002  0.9864537E+000  0.3617467E+000  0.3053380E-001 -0.1549043E+000  0.9896019E+000  0.8068383E+000
010111901dh      209.000    28071901  END_SEED_FILL                1  0.2668696E+002  0.9865518E+000  0.3635104E+000  0.3062874E-001 -0.1356255E+000  0.9895667E+000  0.5413653E+000
010111901dh      210.000    29071901  END_SEED_FILL                1  0.2687307E+002  0.9866556E+000  0.3656049E+000  0.3075538E-001 -0.9799941E-001  0.9896886E+000  0.5502698E+000
010111901dh      211.000    30071901  END_SEED_FILL                1  0.2705600E+002  0.9867626E+000  0.3679491E+000  0.3090918E-001 -0.9897566E-001  0.9898400E+000  0.4980248E+000
010111901dh      212.000    31071901  END_SEED_FILL                1  0.2724171E+002  0.9868719E+000  0.3705131E+000  0.3108752E-001 -0.1179951E+000  0.9899339E+000  0.5750011E+000
010111901dh      213.000    01081901  END_SEED_FILL                1  0.2742577E+002  0.9869829E+000  0.3732670E+000  0.3128929E-001 -0.9316499E-001  0.9897063E+000  0.5832729E+000
010111901dh      214.000    02081901  END_SEED_FILL                1  0.2761684E+002  0.9870930E+000  0.3761236E+000  0.3150972E-001 -0.9285027E-001  0.9896684E+000  0.5647346E+000
010111901dh      215.000    03081901  END_SEED_FILL                1  0.2780628E+002  0.9872035E+000  0.3791193E+000  0.3175235E-001 -0.1188299E+000  0.9896380E+000  0.5977681E+000
010111901dh      216.000    04081901  END_SEED_FILL                1  0.2782304E+002  0.9900990E+000  0.0000000E+000  0.0000000E+000 -0.1413837E+001  0.9902735E+000  0.6534399E+000
010111901dh      217.000    05081901  PLANTING                     1  0.0000000E+000  0.9900990E+000  0.0000000E+000  0.0000000E+000 -0.1257312E-001  0.0000000E+000  0.6576058E+000
010111901dh      218.000    06081901  PLANTING                     1  0.0000000E+000  0.9900990E+000  0.0000000E+000  0.0000000E+000 -0.1333401E-001  0.0000000E+000  0.6453898E+000
010111901dh      219.000    07081901  PLANTING                     1  0.0000000E+000  0.9900990E+000  0.0000000E+000  0.0000000E+000 -0.9879302E-002  0.0000000E+000  0.6270710E+000
010111901dh      220.000    08081901  PLANTING                     1  0.0000000E+000  0.9900990E+000  0.0000000E+000  0.0000000E+000 -0.1024647E-001  0.0000000E+000  0.6035267E+000
010111901dh      221.000    09081901  PLANTING                     1  0.0000000E+000  0.9900990E+000  0.0000000E+000  0.0000000E+000 -0.1067024E-001  0.0000000E+000  0.7253799E+000
010111901dh      222.000    10081901  PLANTING                     1  0.0000000E+000  0.9900990E+000  0.0000000E+000  0.0000000E+000 -0.1113103E-001  0.0000000E+000  0.6936777E+000
010111901dh      223.000    11081901  PLANTING                     1  0.0000000E+000  0.9900990E+000  0.0000000E+000  0.0000000E+000 -0.1174305E-001  0.0000000E+000  0.7116166E+000
010111901dh      224.000    12081901  PLANTING                     1  0.0000000E+000  0.9900990E+000  0.0000000E+000  0.0000000E+000 -0.1252311E-001  0.0000000E+000  0.7217387E+000
010111901dh      225.000    13081901  PLANTING                     1  0.0000000E+000  0.9900990E+000  0.0000000E+000  0.0000000E+000 -0.1340268E-001  0.0000000E+000  0.7863942E+000
010111901dh      226.000    14081901  PLANTING                     1  0.0000000E+000  0.9900990E+000  0.0000000E+000  0.0000000E+000 -0.1031242E-001  0.0000000E+000  0.9539428E+000
010111901dh      227.000    15081901  PLANTING                     1  0.0000000E+000  0.9900990E+000  0.0000000E+000  0.0000000E+000 -0.1087583E-001  0.0000000E+000  0.9442921E+000
010111901dh      228.000    16081901  PLANTING                     1  0.0000000E+000  0.9900990E+000  0.0000000E+000  0.0000000E+000 -0.1141076E-001  0.0000000E+000  0.6998946E+000
010111901dh      229.000    17081901  PLANTING                     1  0.0000000E+000  0.9900990E+000  0.0000000E+000  0.0000000E+000 -0.1185933E-001  0.0000000E+000  0.6333080E+000
010111901dh      230.000    18081901  PLANTING                     1  0.0000000E+000  0.9900990E+000  0.0000000E+000  0.0000000E+000 -0.1261073E-001  0.0000000E+000  0.6628607E+000
010111901dh      231.000    19081901  PLANTING                     1  0.0000000E+000  0.9900990E+000  0.0000000E+000  0.0000000E+000 -0.1292126E-001  0.0000000E+000  0.6516628E+000
010111901dh      232.000    20081901  PLANTING                     1  0.0000000E+000  0.9900990E+000  0.0000000E+000  0.0000000E+000 -0.1026149E-001  0.0000000E+000  0.6803396E+000
010111901dh      233.000    21081901  PLANTING                     1  0.0000000E+000  0.9900990E+000  0.0000000E+000  0.0000000E+000 -0.1079087E-001  0.0000000E+000  0.8683437E+000
010111901dh      234.000    22081901  PLANTING                     1  0.0000000E+000  0.9900990E+000  0.0000000E+000  0.0000000E+000 -0.1132642E-001  0.0000000E+000  0.7121867E+000
010111901dh      235.000    23081901  PLANTING                     1  0.0000000E+000  0.9900990E+000  0.0000000E+000  0.0000000E+000 -0.1185316E-001  0.0000000E+000  0.6818042E+000
010111901dh      236.000    24081901  PLANTING                     1  0.0000000E+000  0.9900990E+000  0.0000000E+000  0.0000000E+000 -0.1240726E-001  0.0000000E+000  0.7129396E+000
010111901dh      237.000    25081901  PLANTING                     1  0.0000000E+000  0.9900990E+000  0.0000000E+000  0.0000000E+000 -0.1306393E-001  0.0000000E+000  0.7137855E+000
010111901dh      238.000    26081901  PLANTING                     1  0.0000000E+000  0.9900990E+000  0.0000000E+000  0.0000000E+000 -0.1079009E-001  0.0000000E+000  0.7267932E+000
010111901dh      239.000    27081901  PLANTING                     1  0.0000000E+000  0.9900990E+000  0.0000000E+000  0.0000000E+000 -0.1116316E-001  0.0000000E+000  0.6832341E+000
010111901dh      240.000    28081901  PLANTING                     1  0.0000000E+000  0.9900990E+000  0.0000000E+000  0.0000000E+000 -0.1161817E-001  0.0000000E+000  0.7450142E+000
010111901dh      241.000    29081901  PLANTING                     1  0.0000000E+000  0.9900990E+000  0.0000000E+000  0.0000000E+000 -0.1208609E-001  0.0000000E+000  0.7786362E+000
010111901dh      242.000    30081901  PLANTING                     1  0.0000000E+000  0.9900990E+000  0.0000000E+000  0.0000000E+000 -0.1269417E-001  0.0000000E+000  0.7386856E+000
010111901dh      243.000    31081901  PLANTING                     1  0.0000000E+000  0.9900990E+000  0.0000000E+000  0.0000000E+000 -0.1304030E-001  0.0000000E+000  0.8222054E+000
010111901dh      244.000    01091901  PLANTING                     1  0.0000000E+000  0.9900990E+000  0.0000000E+000  0.0000000E+000 -0.9301553E-002  0.0000000E+000  0.7765520E+000
010111901dh      245.000    02091901  PLANTING                     1  0.0000000E+000  0.9900990E+000  0.0000000E+000  0.0000000E+000 -0.1008500E-001  0.0000000E+000  0.6948992E+000
010111901dh      246.000    03091901  PLANTING                     1  0.0000000E+000  0.9900990E+000  0.0000000E+000  0.0000000E+000 -0.1051217E-001  0.0000000E+000  0.6896434E+000
010111901dh      247.000    04091901  PLANTING                     1  0.0000000E+000  0.9900990E+000  0.0000000E+000  0.0000000E+000 -0.1081338E-001  0.0000000E+000  0.6577862E+000
010111901dh      248.000    05091901  PLANTING                     1  0.0000000E+000  0.9900990E+000  0.0000000E+000  0.0000000E+000 -0.1113635E-001  0.0000000E+000  0.6854542E+000
010111901dh      249.000    06091901  PLANTING                     1  0.0000000E+000  0.9900990E+000  0.0000000E+000  0.0000000E+000 -0.1167588E-001  0.0000000E+000  0.6568466E+000
010111901dh      250.000    07091901  PLANTING                     1  0.0000000E+000  0.9900990E+000  0.0000000E+000  0.0000000E+000 -0.1152295E-001  0.0000000E+000  0.5897589E+000
010111901dh      251.000    08091901  PLANTING                     1  0.0000000E+000  0.9900990E+000  0.0000000E+000  0.0000000E+000 -0.1240781E-001  0.0000000E+000  0.6531455E+000
010111901dh      252.000    09091901  PLANTING                     1  0.0000000E+000  0.9900990E+000  0.0000000E+000  0.0000000E+000 -0.1299063E-001  0.0000000E+000  0.6222233E+000
010111901dh      253.000    10091901  PLANTING                     1  0.0000000E+000  0.9900990E+000  0.0000000E+000  0.0000000E+000 -0.1020659E-001  0.0000000E+000  0.6178530E+000
010111901dh      254.000    11091901  PLANTING                     1  0.0000000E+000  0.9900990E+000  0.0000000E+000  0.0000000E+000 -0.1066247E-001  0.0000000E+000  0.6964241E+000
010111901dh      255.000    12091901  PLANTING                     1  0.0000000E+000  0.9900990E+000  0.0000000E+000  0.0000000E+000 -0.1116826E-001  0.0000000E+000  0.8095572E+000
010111901dh      256.000    13091901  PLANTING                     1  0.0000000E+000  0.9900990E+000  0.0000000E+000  0.0000000E+000 -0.1182931E-001  0.0000000E+000  0.8569645E+000
010111901dh      257.000    14091901  PLANTING                     1  0.0000000E+000  0.9900990E+000  0.0000000E+000  0.0000000E+000 -0.1237542E-001  0.0000000E+000  0.6103435E+000
010111901dh      258.000    15091901  PLANTING                     1  0.0000000E+000  0.9900990E+000  0.0000000E+000  0.0000000E+000 -0.1272430E-001  0.0000000E+000  0.7403707E+000
010111901dh      259.000    16091901  PLANTING                     1  0.0000000E+000  0.9900990E+000  0.0000000E+000  0.0000000E+000 -0.1249189E-001  0.0000000E+000  0.5883941E+000
010111901dh      260.000    17091901  PLANTING                     1  0.0000000E+000  0.9900990E+000  0.0000000E+000  0.0000000E+000 -0.1300076E-001  0.0000000E+000  0.6420132E+000
010111901dh      261.000    18091901  PLANTING                     1  0.0000000E+000  0.9900990E+000  0.0000000E+000  0.0000000E+000 -0.9400619E-002  0.0000000E+000  0.5852276E+000
010111901dh      262.000    19091901  PLANTING                     1  0.0000000E+000  0.9900990E+000  0.0000000E+000  0.0000000E+000 -0.1010609E-001  0.0000000E+000  0.5666751E+000
010111901dh      263.000    20091901  PLANTING                     1  0.0000000E+000  0.9900990E+000  0.0000000E+000  0.0000000E+000 -0.1054646E-001  0.0000000E+000  0.6281151E+000
010111901dh      264.000    21091901  PLANTING                     1  0.0000000E+000  0.9900990E+000  0.0000000E+000  0.0000000E+000 -0.1096261E-001  0.0000000E+000  0.6751887E+000
010111901dh      265.000    22091901  PLANTING                     1  0.0000000E+000  0.9900990E+000  0.0000000E+000  0.0000000E+000 -0.1110885E-001  0.0000000E+000  0.6382465E+000
010111901dh      266.000    23091901  PLANTING                     1  0.0000000E+000  0.9900990E+000  0.0000000E+000  0.0000000E+000 -0.1163487E-001  0.0000000E+000  0.7485757E+000
010111901dh      267.000    24091901  PLANTING                     1  0.0000000E+000  0.9900990E+000  0.0000000E+000  0.0000000E+000 -0.1242203E-001  0.0000000E+000  0.7291451E+000
010111901dh      268.000    25091901  PLANTING                     1  0.0000000E+000  0.9900990E+000  0.0000000E+000  0.0000000E+000 -0.1299700E-001  0.0000000E+000  0.9297102E+000
010111901dh      269.000    26091901  PLANTING                     1  0.0000000E+000  0.9900990E+000  0.0000000E+000  0.0000000E+000 -0.1155688E-001  0.0000000E+000  0.7272342E+000
010111901dh      270.000    27091901  PLANTING                     1  0.0000000E+000  0.9900990E+000  0.0000000E+000  0.0000000E+000 -0.1159647E-001  0.0000000E+000  0.4773353E+000
010111901dh      271.000    28091901  PLANTING                     1  0.0000000E+000  0.9900990E+000  0.0000000E+000  0.0000000E+000 -0.1224492E-001  0.0000000E+000  0.3679787E+000
010111901dh      272.000    29091901  PLANTING                     1  0.0000000E+000  0.9900990E+000  0.0000000E+000  0.0000000E+000 -0.1273774E-001  0.0000000E+000  0.4135890E+000
010111901dh      273.000    30091901  PLANTING                     1  0.0000000E+000  0.9900990E+000  0.0000000E+000  0.0000000E+000 -0.1099221E-001  0.0000000E+000  0.3593102E+000
010111901dh      274.000    01101901  PLANTING                     1  0.0000000E+000  0.9900990E+000  0.0000000E+000  0.0000000E+000 -0.1138905E-001  0.0000000E+000  0.3869572E+000
010111901dh      275.000    02101901  PLANTING                     1  0.0000000E+000  0.9900990E+000  0.0000000E+000  0.0000000E+000 -0.1177675E-001  0.0000000E+000  0.4259536E+000
010111901dh      276.000    03101901  PLANTING                     1  0.0000000E+000  0.9900990E+000  0.0000000E+000  0.0000000E+000 -0.1210578E-001  0.0000000E+000  0.4110496E+000
010111901dh      277.000    04101901  PLANTING                     1  0.0000000E+000  0.9900990E+000  0.0000000E+000  0.0000000E+000 -0.1273631E-001  0.0000000E+000  0.4065855E+000
010111901dh      278.000    05101901  PLANTING                     1  0.0000000E+000  0.9900990E+000  0.0000000E+000  0.0000000E+000 -0.1202975E-001  0.0000000E+000  0.4681103E+000
010111901dh      279.000    06101901  PLANTING                     1  0.0000000E+000  0.9900990E+000  0.0000000E+000  0.0000000E+000 -0.1020474E-001  0.0000000E+000  0.5713000E+000
010111901dh      280.000    07101901  PLANTING                     1  0.0000000E+000  0.9900990E+000  0.0000000E+000  0.0000000E+000 -0.1062261E-001  0.0000000E+000  0.5318158E+000
010111901dh      281.000    08101901  PLANTING                     1  0.0000000E+000  0.9900990E+000  0.0000000E+000  0.0000000E+000 -0.1095032E-001  0.0000000E+000  0.5052604E+000
010111901dh      282.000    09101901  PLANTING                     1  0.0000000E+000  0.9900990E+000  0.0000000E+000  0.0000000E+000 -0.1116936E-001  0.0000000E+000  0.3763798E+000
010111901dh      283.000    10101901  PLANTING                     1  0.0000000E+000  0.9900990E+000  0.0000000E+000  0.0000000E+000 -0.1171508E-001  0.0000000E+000  0.3932058E+000
010111901dh      284.000    11101901  PLANTING                     1  0.0000000E+000  0.9900990E+000  0.0000000E+000  0.0000000E+000 -0.1212575E-001  0.0000000E+000  0.3752741E+000
010111901dh      285.000    12101901  PLANTING                     1  0.0000000E+000  0.9900990E+000  0.0000000E+000  0.0000000E+000 -0.1259297E-001  0.0000000E+000  0.4075957E+000
010111901dh      286.000    13101901  PLANTING                     1  0.0000000E+000  0.9900990E+000  0.0000000E+000  0.0000000E+000 -0.1251067E-001  0.0000000E+000  0.3487963E+000
010111901dh      287.000    14101901  PLANTING                     1  0.0000000E+000  0.9900990E+000  0.0000000E+000  0.0000000E+000 -0.9628252E-002  0.0000000E+000  0.3834790E+000
010111901dh      288.000    15101901  PLANTING                     1  0.0000000E+000  0.9900990E+000  0.0000000E+000  0.0000000E+000 -0.9939370E-002  0.0000000E+000  0.3990024E+000
010111901dh      289.000    16101901  PLANTING                     1  0.0000000E+000  0.9900990E+000  0.0000000E+000  0.0000000E+000 -0.1009848E-001  0.0000000E+000  0.4416443E+000
010111901dh      290.000    17101901  PLANTING                     1  0.0000000E+000  0.9900990E+000  0.0000000E+000  0.0000000E+000 -0.1046495E-001  0.0000000E+000  0.3879772E+000
010111901dh      291.000    18101901  PLANTING                     1  0.0000000E+000  0.9900990E+000  0.0000000E+000  0.0000000E+000 -0.1060855E-001  0.0000000E+000  0.3947196E+000
010111901dh      292.000    19101901  PLANTING                     1  0.0000000E+000  0.9900990E+000  0.0000000E+000  0.0000000E+000 -0.1066516E-001  0.0000000E+000  0.4276878E+000
010111901dh      293.000    20101901  PLANTING                     1  0.0000000E+000  0.9900990E+000  0.0000000E+000  0.0000000E+000 -0.1102696E-001  0.0000000E+000  0.4434925E+000
010111901dh      294.000    21101901  PLANTING                     1  0.0000000E+000  0.9900990E+000  0.0000000E+000  0.0000000E+000 -0.1141617E-001  0.0000000E+000  0.4935245E+000
010111901dh      295.000    22101901  PLANTING                     1  0.0000000E+000  0.9900990E+000  0.0000000E+000  0.0000000E+000 -0.1178440E-001  0.0000000E+000  0.5236068E+000
010111901dh      296.000    23101901  PLANTING                     1  0.0000000E+000  0.9900990E+000  0.0000000E+000  0.0000000E+000 -0.1215392E-001  0.0000000E+000  0.5524298E+000
010111901dh      297.000    24101901  PLANTING                     1  0.0000000E+000  0.9900990E+000  0.0000000E+000  0.0000000E+000 -0.1283766E-001  0.0000000E+000  0.5579224E+000
010111901dh      298.000    25101901  PLANTING                     1  0.0000000E+000  0.9900990E+000  0.0000000E+000  0.0000000E+000 -0.1121620E-001  0.0000000E+000  0.4961615E+000
010111901dh      299.000    26101901  PLANTING                     1  0.0000000E+000  0.9900990E+000  0.0000000E+000  0.0000000E+000 -0.1151238E-001  0.0000000E+000  0.4141891E+000
010111901dh      300.000    27101901  PLANTING                     1  0.0000000E+000  0.9900990E+000  0.0000000E+000  0.0000000E+000 -0.1187678E-001  0.0000000E+000  0.2095787E+000
010111901dh      301.000    28101901  PLANTING                     1  0.0000000E+000  0.9900990E+000  0.0000000E+000  0.0000000E+000 -0.1221078E-001  0.0000000E+000  0.2395524E+000
010111901dh      302.000    29101901  PLANTING                     1  0.0000000E+000  0.9900990E+000  0.0000000E+000  0.0000000E+000 -0.1252731E-001  0.0000000E+000  0.1892157E+000
010111901dh      303.000    30101901  PLANTING                     1  0.0000000E+000  0.9900990E+000  0.0000000E+000  0.0000000E+000 -0.1039151E-001  0.0000000E+000  0.2238659E+000
010111901dh      304.000    31101901  PLANTING                     1  0.0000000E+000  0.9900990E+000  0.0000000E+000  0.0000000E+000 -0.1061128E-001  0.0000000E+000  0.2140058E+000
010111901dh      305.000    01111901  PLANTING                     1  0.0000000E+000  0.9900990E+000  0.0000000E+000  0.0000000E+000 -0.1087308E-001  0.0000000E+000  0.2384400E+000
010111901dh      306.000    02111901  PLANTING                     1  0.0000000E+000  0.9900990E+000  0.0000000E+000  0.0000000E+000 -0.1115991E-001  0.0000000E+000  0.2551157E+000
010111901dh      307.000    03111901  PLANTING                     1  0.0000000E+000  0.9900990E+000  0.0000000E+000  0.0000000E+000 -0.1140082E-001  0.0000000E+000  0.3254999E+000
010111901dh      308.000    04111901  PLANTING                     1  0.0000000E+000  0.9900990E+000  0.0000000E+000  0.0000000E+000 -0.1167381E-001  0.0000000E+000  0.3443952E+000
010111901dh      309.000    05111901  PLANTING                     1  0.0000000E+000  0.9900990E+000  0.0000000E+000  0.0000000E+000 -0.1177523E-001  0.0000000E+000  0.3555316E+000
010111901dh      310.000    06111901  PLANTING                     1  0.0000000E+000  0.9900990E+000  0.0000000E+000  0.0000000E+000 -0.1182293E-001  0.0000000E+000  0.3263826E+000
010111901dh      311.000    07111901  PLANTING                     1  0.0000000E+000  0.9900990E+000  0.0000000E+000  0.0000000E+000 -0.1179728E-001  0.0000000E+000  0.3037228E+000
010111901dh      312.000    08111901  PLANTING                     1  0.0000000E+000  0.9900990E+000  0.0000000E+000  0.0000000E+000 -0.1237895E-001  0.0000000E+000  0.2839971E+000
010111901dh      313.000    09111901  PLANTING                     1  0.0000000E+000  0.9900990E+000  0.0000000E+000  0.0000000E+000 -0.1232866E-001  0.0000000E+000  0.2822178E+000
010111901dh      314.000    10111901  PLANTING                     1  0.0000000E+000  0.9900990E+000  0.0000000E+000  0.0000000E+000 -0.1016055E-001  0.0000000E+000  0.2999092E+000
010111901dh      315.000    11111901  PLANTING                     1  0.0000000E+000  0.9900990E+000  0.0000000E+000  0.0000000E+000 -0.1032382E-001  0.0000000E+000  0.3606798E+000
010111901dh      316.000    12111901  PLANTING                     1  0.0000000E+000  0.9900990E+000  0.0000000E+000  0.0000000E+000 -0.1037381E-001  0.0000000E+000  0.3327182E+000
010111901dh      317.000    13111901  PLANTING                     1  0.0000000E+000  0.9900990E+000  0.0000000E+000  0.0000000E+000 -0.1056043E-001  0.0000000E+000  0.3324359E+000
010111901dh      318.000    14111901  PLANTING                     1  0.0000000E+000  0.9900990E+000  0.0000000E+000  0.0000000E+000 -0.1058709E-001  0.0000000E+000  0.3388988E+000
010111901dh      319.000    15111901  PLANTING                     1  0.0000000E+000  0.9900990E+000  0.0000000E+000  0.0000000E+000 -0.1069320E-001  0.0000000E+000  0.3210295E+000
010111901dh      320.000    16111901  PLANTING                     1  0.0000000E+000  0.9900990E+000  0.0000000E+000  0.0000000E+000 -0.1096213E-001  0.0000000E+000  0.3290051E+000
010111901dh      321.000    17111901  PLANTING                     1  0.0000000E+000  0.9900990E+000  0.0000000E+000  0.0000000E+000 -0.1116355E-001  0.0000000E+000  0.3337263E+000
010111901dh      322.000    18111901  PLANTING                     1  0.0000000E+000  0.9900990E+000  0.0000000E+000  0.0000000E+000 -0.1137797E-001  0.0000000E+000  0.3297174E+000
010111901dh      323.000    19111901  PLANTING                     1  0.0000000E+000  0.9900990E+000  0.0000000E+000  0.0000000E+000 -0.1156899E-001  0.0000000E+000  0.3028276E+000
010111901dh      324.000    20111901  PLANTING                     1  0.0000000E+000  0.9900990E+000  0.0000000E+000  0.0000000E+000 -0.1163259E-001  0.0000000E+000  0.2669847E+000
010111901dh      325.000    21111901  PLANTING                     1  0.0000000E+000  0.9900990E+000  0.0000000E+000  0.0000000E+000 -0.1177721E-001  0.0000000E+000  0.2826563E+000
010111901dh      326.000    22111901  PLANTING                     1  0.0000000E+000  0.9900990E+000  0.0000000E+000  0.0000000E+000 -0.1200571E-001  0.0000000E+000  0.3012151E+000
010111901dh      327.000    23111901  PLANTING                     1  0.0000000E+000  0.9900990E+000  0.0000000E+000  0.0000000E+000 -0.1228054E-001  0.0000000E+000  0.2680235E+000
010111901dh      328.000    24111901  PLANTING                     1  0.0000000E+000  0.9900990E+000  0.0000000E+000  0.0000000E+000 -0.1210634E-001  0.0000000E+000  0.2389787E+000
010111901dh      329.000    25111901  PLANTING                     1  0.0000000E+000  0.9900990E+000  0.0000000E+000  0.0000000E+000 -0.1223392E-001  0.0000000E+000  0.2204021E+000
010111901dh      330.000    26111901  PLANTING                     1  0.0000000E+000  0.9900990E+000  0.0000000E+000  0.0000000E+000 -0.9806786E-002  0.0000000E+000  0.2523992E+000
010111901dh      331.000    27111901  PLANTING                     1  0.0000000E+000  0.9900990E+000  0.0000000E+000  0.0000000E+000 -0.9624261E-002  0.0000000E+000  0.1591107E+000
010111901dh      332.000    28111901  PLANTING                     1  0.0000000E+000  0.9900990E+000  0.0000000E+000  0.0000000E+000 -0.9864823E-002  0.0000000E+000  0.1656307E+000
010111901dh      333.000    29111901  PLANTING                     1  0.0000000E+000  0.9900990E+000  0.0000000E+000  0.0000000E+000 -0.9986983E-002  0.0000000E+000  0.1639694E+000
010111901dh      334.000    30111901  PLANTING                     1  0.0000000E+000  0.9900990E+000  0.0000000E+000  0.0000000E+000 -0.9793168E-002  0.0000000E+000  0.2627377E+000
010111901dh      335.000    01121901  PLANTING                     1  0.0000000E+000  0.9900990E+000  0.0000000E+000  0.0000000E+000 -0.9619220E-002  0.0000000E+000  0.3086815E+000
010111901dh      336.000    02121901  PLANTING                     1  0.0000000E+000  0.9900990E+000  0.0000000E+000  0.0000000E+000 -0.1000269E-001  0.0000000E+000  0.3054002E+000
010111901dh      337.000    03121901  PLANTING                     1  0.0000000E+000  0.9900990E+000  0.0000000E+000  0.0000000E+000 -0.1011278E-001  0.0000000E+000  0.2969054E+000
010111901dh      338.000    04121901  PLANTING                     1  0.0000000E+000  0.9900990E+000  0.0000000E+000  0.0000000E+000 -0.9858882E-002  0.0000000E+000  0.2783119E+000
010111901dh      339.000    05121901  PLANTING                     1  0.0000000E+000  0.9900990E+000  0.0000000E+000  0.0000000E+000 -0.9943574E-002  0.0000000E+000  0.3138357E+000
010111901dh      340.000    06121901  PLANTING                     1  0.0000000E+000  0.9900990E+000  0.0000000E+000  0.0000000E+000 -0.1015567E-001  0.0000000E+000  0.3698968E+000
010111901dh      341.000    07121901  PLANTING                     1  0.0000000E+000  0.9900990E+000  0.0000000E+000  0.0000000E+000 -0.9912800E-002  0.0000000E+000  0.3595129E+000
010111901dh      342.000    08121901  PLANTING                     1  0.0000000E+000  0.9900990E+000  0.0000000E+000  0.0000000E+000 -0.9896801E-002  0.0000000E+000  0.2889072E+000
010111901dh      343.000    09121901  PLANTING                     1  0.0000000E+000  0.9900990E+000  0.0000000E+000  0.0000000E+000 -0.1006810E-001  0.0000000E+000  0.2785294E+000
010111901dh      344.000    10121901  PLANTING                     1  0.0000000E+000  0.9900990E+000  0.0000000E+000  0.0000000E+000 -0.1016872E-001  0.0000000E+000  0.2997305E+000
010111901dh      345.000    11121901  PLANTING                     1  0.0000000E+000  0.9900990E+000  0.0000000E+000  0.0000000E+000 -0.9877176E-002  0.0000000E+000  0.3599113E+000
010111901dh      346.000    12121901  PLANTING                     1  0.0000000E+000  0.9900990E+000  0.0000000E+000  0.0000000E+000 -0.1005596E-001  0.0000000E+000  0.3810714E+000
010111901dh      347.000    13121901  PLANTING                     1  0.0000000E+000  0.9900990E+000  0.0000000E+000  0.0000000E+000 -0.9876994E-002  0.0000000E+000  0.3366799E+000
010111901dh      348.000    14121901  PLANTING                     1  0.0000000E+000  0.9900990E+000  0.0000000E+000  0.0000000E+000 -0.1011326E-001  0.0000000E+000  0.2452245E+000
010111901dh      349.000    15121901  PLANTING                     1  0.0000000E+000  0.9900990E+000  0.0000000E+000  0.0000000E+000 -0.1019618E-001  0.0000000E+000  0.2143110E+000
010111901dh      350.000    16121901  PLANTING                     1  0.0000000E+000  0.9900990E+000  0.0000000E+000  0.0000000E+000 -0.1031059E-001  0.0000000E+000  0.1702373E+000
010111901dh      351.000    17121901  PLANTING                     1  0.0000000E+000  0.9900990E+000  0.0000000E+000  0.0000000E+000 -0.1037529E-001  0.0000000E+000  0.1870282E+000
010111901dh      352.000    18121901  PLANTING                     1  0.0000000E+000  0.9900990E+000  0.0000000E+000  0.0000000E+000 -0.9967325E-002  0.0000000E+000  0.2710488E+000
010111901dh      353.000    19121901  PLANTING                     1  0.0000000E+000  0.9900990E+000  0.0000000E+000  0.0000000E+000 -0.1010451E-001  0.0000000E+000  0.2715390E+000
010111901dh      354.000    20121901  PLANTING                     1  0.0000000E+000  0.9900990E+000  0.0000000E+000  0.0000000E+000 -0.1016168E-001  0.0000000E+000  0.2480394E+000
010111901dh      355.000    21121901  PLANTING                     1  0.0000000E+000  0.9900990E+000  0.0000000E+000  0.0000000E+000 -0.1018008E-001  0.0000000E+000  0.2227482E+000
010111901dh      356.000    22121901  PLANTING                     1  0.0000000E+000  0.9900990E+000  0.0000000E+000  0.0000000E+000 -0.1002997E-001  0.0000000E+000  0.1941762E+000
010111901dh      357.000    23121901  PLANTING                     1  0.0000000E+000  0.9900990E+000  0.0000000E+000  0.0000000E+000 -0.1012654E-001  0.0000000E+000  0.1609164E+000
010111901dh      358.000    24121901  PLANTING                     1  0.0000000E+000  0.9900990E+000  0.0000000E+000  0.0000000E+000 -0.1013847E-001  0.0000000E+000  0.1960150E+000
010111901dh      359.000    25121901  PLANTING                     1  0.0000000E+000  0.9900990E+000  0.0000000E+000  0.0000000E+000 -0.1003193E-001  0.0000000E+000  0.2301488E+000
010111901dh      360.000    26121901  PLANTING                     1  0.0000000E+000  0.9900990E+000  0.0000000E+000  0.0000000E+000 -0.1019417E-001  0.0000000E+000  0.1619383E+000
010111901dh      361.000    27121901  PLANTING                     1  0.0000000E+000  0.9900990E+000  0.0000000E+000  0.0000000E+000 -0.1028416E-001  0.0000000E+000  0.1627549E+000
010111901dh      362.000    28121901  PLANTING                     1  0.0000000E+000  0.9900990E+000  0.0000000E+000  0.0000000E+000 -0.1040400E-001  0.0000000E+000  0.1865596E+000
010111901dh      363.000    29121901  PLANTING                     1  0.0000000E+000  0.9900990E+000  0.0000000E+000  0.0000000E+000 -0.1019597E-001  0.0000000E+000  0.2492121E+000
010111901dh      364.000    30121901  PLANTING                     1  0.0000000E+000  0.9900990E+000  0.0000000E+000  0.0000000E+000 -0.1027214E-001  0.0000000E+000  0.2036861E+000
010111901dh      365.000    31121901  PLANTING                     1  0.0000000E+000  0.9900990E+000  0.0000000E+000  0.0000000E+000 -0.1038967E-001  0.0000000E+000  0.2182479E+000
