    DOY     DATE    TRANSPN         WTR_STRESS      OXY_STRESS      
010111900dw        1.000    01011900  0.0000000E+000  0.0000000E+000  0.6475325E+000
010111900dw        2.000    02011900  0.0000000E+000  0.0000000E+000  0.5688685E+000
010111900dw        3.000    03011900  0.4755611E-002  0.0000000E+000  0.6503974E+000
010111900dw        4.000    04011900  0.8509187E-002  0.0000000E+000  0.6564929E+000
010111900dw        5.000    05011900  0.3854502E-001  0.0000000E+000  0.8502143E+000
010111900dw        6.000    06011900  0.4767101E-001  0.0000000E+000  0.8985575E+000
010111900dw        7.000    07011900  0.4866792E-001  0.0000000E+000  0.9044791E+000
010111900dw        8.000    08011900  0.1180252E+000  0.0000000E+000  0.5409394E+000
010111900dw        9.000    09011900  0.1893304E+000  0.0000000E+000  0.9097160E+000
010111900dw       10.000    10011900  0.2132371E+000  0.0000000E+000  0.9220077E+000
010111900dw       11.000    11011900  0.2306337E+000  0.0000000E+000  0.9407993E+000
010111900dw       12.000    12011900  0.2462581E+000  0.0000000E+000  0.9491446E+000
010111900dw       13.000    13011900  0.2685966E+000  0.0000000E+000  0.9466493E+000
010111900dw       14.000    14011900  0.2909641E+000  0.0000000E+000  0.9456554E+000
010111900dw       15.000    15011900  0.3182382E+000  0.0000000E+000  0.9429509E+000
010111900dw       16.000    16011900  0.3554641E+000  0.0000000E+000  0.9404640E+000
010111900dw       17.000    17011900  0.3798671E+000  0.0000000E+000  0.9410919E+000
010111900dw       18.000    18011900  0.4539032E+000  0.0000000E+000  0.9422476E+000
010111900dw       19.000    19011900  0.5647610E+000  0.0000000E+000  0.9494967E+000
010111900dw       20.000    20011900  0.6123533E+000  0.0000000E+000  0.9656263E+000
010111900dw       21.000    21011900  0.6618917E+000  0.0000000E+000  0.9646712E+000
010111900dw       22.000    22011900  0.7844084E+000  0.0000000E+000  0.9691632E+000
010111900dw       23.000    23011900  0.8284746E+000  0.0000000E+000  0.9661702E+000
010111900dw       24.000    24011900  0.9301642E+000  0.0000000E+000  0.9636891E+000
010111900dw       25.000    25011900  0.1120194E+001  0.0000000E+000  0.9665271E+000
010111900dw       26.000    26011900  0.1213020E+001  0.0000000E+000  0.9654805E+000
010111900dw       27.000    27011900  0.1272864E+001  0.0000000E+000  0.9631308E+000
010111900dw       28.000    28011900  0.1345976E+001  0.0000000E+000  0.9611135E+000
010111900dw       29.000    29011900  0.1401301E+001  0.0000000E+000  0.9676529E+000
010111900dw       30.000    30011900  0.1474052E+001  0.0000000E+000  0.9642188E+000
010111900dw       31.000    31011900  0.1558394E+001  0.0000000E+000  0.9631068E+000
010111900dw       32.000    01021900  0.1693559E+001  0.0000000E+000  0.9611679E+000
010111900dw       33.000    02021900  0.1843719E+001  0.0000000E+000  0.9621016E+000
010111900dw       34.000    03021900  0.2018209E+001  0.0000000E+000  0.9621335E+000
010111900dw       35.000    04021900  0.2172917E+001  0.0000000E+000  0.9642493E+000
010111900dw       36.000    05021900  0.2336029E+001  0.0000000E+000  0.9619742E+000
010111900dw       37.000    06021900  0.2617858E+001  0.0000000E+000  0.9666379E+000
010111900dw       38.000    07021900  0.2822023E+001  0.0000000E+000  0.9679276E+000
010111900dw       39.000    08021900  0.3036767E+001  0.0000000E+000  0.9698296E+000
010111900dw       40.000    09021900  0.3272139E+001  0.0000000E+000  0.9740790E+000
010111900dw       41.000    10021900  0.3523599E+001  0.0000000E+000  0.9813385E+000
010111900dw       42.000    11021900  0.3679587E+001  0.0000000E+000  0.9905220E+000
010111900dw       43.000    12021900  0.3856327E+001  0.0000000E+000  0.9924166E+000
010111900dw       44.000    13021900  0.4080301E+001  0.0000000E+000  0.9926140E+000
010111900dw       45.000    14021900  0.4287320E+001  0.0000000E+000  0.9927879E+000
010111900dw       46.000    15021900  0.4555694E+001  0.0000000E+000  0.9928788E+000
010111900dw       47.000    16021900  0.4817039E+001  0.0000000E+000  0.9929443E+000
010111900dw       48.000    17021900  0.5088983E+001  0.0000000E+000  0.9925775E+000
010111900dw       49.000    18021900  0.5333592E+001  0.0000000E+000  0.9934627E+000
010111900dw       50.000    19021900  0.5578335E+001  0.0000000E+000  0.9936180E+000
010111900dw       51.000    20021900  0.5776681E+001  0.0000000E+000  0.9935439E+000
010111900dw       52.000    21021900  0.5989823E+001  0.0000000E+000  0.9933802E+000
010111900dw       53.000    22021900  0.6385736E+001  0.0000000E+000  0.9935351E+000
010111900dw       54.000    23021900  0.6684636E+001  0.0000000E+000  0.9936503E+000
010111900dw       55.000    24021900  0.6914373E+001  0.0000000E+000  0.9931790E+000
010111900dw       56.000    25021900  0.7171142E+001  0.0000000E+000  0.9930310E+000
010111900dw       57.000    26021900  0.7910505E+001  0.0000000E+000  0.9933513E+000
010111900dw       58.000    27021900  0.8371708E+001  0.0000000E+000  0.9933485E+000
010111900dw       59.000    28021900  0.8669907E+001  0.0000000E+000  0.9924694E+000
010111900dw       60.000    29021900  0.9557918E+001  0.0000000E+000  0.9926166E+000
010111900dw       61.000    01031900  0.1040555E+002  0.0000000E+000  0.9930263E+000
010111900dw       62.000    02031900  0.1130990E+002  0.0000000E+000  0.9929950E+000
010111900dw       63.000    03031900  0.1173137E+002  0.0000000E+000  0.9924487E+000
010111900dw       64.000    04031900  0.1209477E+002  0.0000000E+000  0.9923578E+000
010111900dw       65.000    05031900  0.1252243E+002  0.0000000E+000  0.9914859E+000
010111900dw       66.000    06031900  0.1298184E+002  0.0000000E+000  0.9912562E+000
010111900dw       67.000    07031900  0.1356765E+002  0.0000000E+000  0.9911706E+000
010111900dw       68.000    08031900  0.1392933E+002  0.0000000E+000  0.9910055E+000
010111900dw       69.000    09031900  0.1419725E+002  0.0000000E+000  0.9910252E+000
010111900dw       70.000    10031900  0.1459914E+002  0.0000000E+000  0.9899621E+000
010111900dw       71.000    11031900  0.1532970E+002  0.0000000E+000  0.9894329E+000
010111900dw       72.000    12031900  0.1634452E+002  0.0000000E+000  0.9909831E+000
010111900dw       73.000    13031900  0.1743094E+002  0.0000000E+000  0.9907732E+000
010111900dw       74.000    14031900  0.1828883E+002  0.0000000E+000  0.9904664E+000
010111900dw       75.000    15031900  0.1939942E+002  0.0000000E+000  0.9906039E+000
010111900dw       76.000    16031900  0.2047246E+002  0.0000000E+000  0.9907465E+000
010111900dw       77.000    17031900  0.2089743E+002  0.0000000E+000  0.9902339E+000
010111900dw       78.000    18031900  0.2141889E+002  0.0000000E+000  0.9892017E+000
010111900dw       79.000    19031900  0.2229474E+002  0.0000000E+000  0.9917646E+000
010111900dw       80.000    20031900  0.2332800E+002  0.0000000E+000  0.9883276E+000
010111900dw       81.000    21031900  0.2434505E+002  0.0000000E+000  0.9941044E+000
010111900dw       82.000    22031900  0.2489119E+002  0.0000000E+000  0.9938744E+000
010111900dw       83.000    23031900  0.2586517E+002  0.0000000E+000  0.9940940E+000
010111900dw       84.000    24031900  0.2657942E+002  0.0000000E+000  0.9940859E+000
010111900dw       85.000    25031900  0.2725661E+002  0.0000000E+000  0.9939138E+000
010111900dw       86.000    26031900  0.2811478E+002  0.0000000E+000  0.9936341E+000
010111900dw       87.000    27031900  0.2899793E+002  0.0000000E+000  0.9934136E+000
010111900dw       88.000    28031900  0.3005821E+002  0.0000000E+000  0.9932610E+000
010111900dw       89.000    29031900  0.3107394E+002  0.0000000E+000  0.9931359E+000
010111900dw       90.000    30031900  0.3187700E+002  0.0000000E+000  0.9937574E+000
010111900dw       91.000    31031900  0.3250397E+002  0.0000000E+000  0.9937432E+000
010111900dw       92.000    01041900  0.3304124E+002  0.0000000E+000  0.9939517E+000
010111900dw       93.000    02041900  0.3366474E+002  0.0000000E+000  0.9939206E+000
010111900dw       94.000    03041900  0.3423374E+002  0.0000000E+000  0.9939527E+000
010111900dw       95.000    04041900  0.3496419E+002  0.0000000E+000  0.9935740E+000
010111900dw       96.000    05041900  0.3548896E+002  0.0000000E+000  0.9928375E+000
010111900dw       97.000    06041900  0.3646540E+002  0.0000000E+000  0.9936161E+000
010111900dw       98.000    07041900  0.3727468E+002  0.0000000E+000  0.9937477E+000
010111900dw       99.000    08041900  0.3835927E+002  0.0000000E+000  0.9931035E+000
010111900dw      100.000    09041900  0.3890357E+002  0.0000000E+000  0.9937029E+000
010111900dw      101.000    10041900  0.3954991E+002  0.0000000E+000  0.9939573E+000
010111900dw      102.000    11041900  0.4032739E+002  0.0000000E+000  0.9940155E+000
010111900dw      103.000    12041900  0.4120330E+002  0.0000000E+000  0.9937269E+000
010111900dw      104.000    13041900  0.4207332E+002  0.0000000E+000  0.9938309E+000
010111900dw      105.000    14041900  0.4274045E+002  0.0000000E+000  0.9939909E+000
010111900dw      106.000    15041900  0.4378379E+002  0.0000000E+000  0.9941464E+000
010111900dw      107.000    16041900  0.4462646E+002  0.0000000E+000  0.9940464E+000
010111900dw      108.000    17041900  0.4520593E+002  0.0000000E+000  0.9940440E+000
010111900dw      109.000    18041900  0.4585471E+002  0.0000000E+000  0.9938695E+000
010111900dw      110.000    19041900  0.4662193E+002  0.0000000E+000  0.9938494E+000
010111900dw      111.000    20041900  0.4802752E+002  0.0000000E+000  0.9937078E+000
010111900dw      112.000    21041900  0.4947679E+002  0.0000000E+000  0.9936053E+000
010111900dw      113.000    22041900  0.5096713E+002  0.0000000E+000  0.9937275E+000
010111900dw      114.000    23041900  0.5200025E+002  0.0000000E+000  0.9938498E+000
010111900dw      115.000    24041900  0.5305155E+002  0.0000000E+000  0.9938326E+000
010111900dw      116.000    25041900  0.5405904E+002  0.0000000E+000  0.9938882E+000
010111900dw      117.000    26041900  0.5529585E+002  0.0000000E+000  0.9936045E+000
010111900dw      118.000    27041900  0.5614269E+002  0.0000000E+000  0.9937054E+000
010111900dw      119.000    28041900  0.5719225E+002  0.0000000E+000  0.9937131E+000
010111900dw      120.000    29041900  0.5817050E+002  0.0000000E+000  0.9938913E+000
010111900dw      121.000    30041900  0.5933982E+002  0.0000000E+000  0.9938213E+000
010111900dw      122.000    01051900  0.6063091E+002  0.0000000E+000  0.9937518E+000
010111900dw      123.000    02051900  0.6145421E+002  0.0000000E+000  0.9938016E+000
010111900dw      124.000    03051900  0.6281750E+002  0.0000000E+000  0.9936820E+000
010111900dw      125.000    04051900  0.6365854E+002  0.0000000E+000  0.9938102E+000
010111900dw      126.000    05051900  0.6464644E+002  0.0000000E+000  0.9937522E+000
010111900dw      127.000    06051900  0.6627255E+002  0.0000000E+000  0.9935594E+000
010111900dw      128.000    07051900  0.6748994E+002  0.0000000E+000  0.9934927E+000
010111900dw      129.000    08051900  0.6852966E+002  0.0000000E+000  0.9935608E+000
010111900dw      130.000    09051900  0.6983503E+002  0.0000000E+000  0.9936704E+000
010111900dw      131.000    10051900  0.7156162E+002  0.0000000E+000  0.9930876E+000
010111900dw      132.000    11051900  0.7358829E+002  0.0000000E+000  0.9935193E+000
010111900dw      133.000    12051900  0.7506924E+002  0.0000000E+000  0.9935523E+000
010111900dw      134.000    13051900  0.7622742E+002  0.0000000E+000  0.9935877E+000
010111900dw      135.000    14051900  0.7752765E+002  0.0000000E+000  0.9936147E+000
010111900dw      136.000    15051900  0.7877135E+002  0.0000000E+000  0.9934516E+000
010111900dw      137.000    16051900  0.7988991E+002  0.0000000E+000  0.9934885E+000
010111900dw      138.000    17051900  0.8077750E+002  0.0000000E+000  0.9935261E+000
010111900dw      139.000    18051900  0.8169423E+002  0.0000000E+000  0.9936055E+000
010111900dw      140.000    19051900  0.8252230E+002  0.0000000E+000  0.9936475E+000
010111900dw      141.000    20051900  0.8391650E+002  0.0000000E+000  0.9935682E+000
010111900dw      142.000    21051900  0.8476156E+002  0.0000000E+000  0.9935247E+000
010111900dw      143.000    22051900  0.8565109E+002  0.0000000E+000  0.9936102E+000
010111900dw      144.000    23051900  0.8624112E+002  0.0000000E+000  0.9936310E+000
010111900dw      145.000    24051900  0.8728510E+002  0.0000000E+000  0.9934789E+000
010111900dw      146.000    25051900  0.8840791E+002  0.0000000E+000  0.9935516E+000
010111900dw      147.000    26051900  0.9034734E+002  0.0000000E+000  0.9930394E+000
010111900dw      148.000    27051900  0.9288068E+002  0.0000000E+000  0.9928724E+000
010111900dw      149.000    28051900  0.9480480E+002  0.0000000E+000  0.9934499E+000
010111900dw      150.000    29051900  0.9600538E+002  0.0000000E+000  0.9936599E+000
010111900dw      151.000    30051900  0.9732254E+002  0.0000000E+000  0.9936565E+000
010111900dw      152.000    31051900  0.9924189E+002  0.0000000E+000  0.9934660E+000
010111900dw      153.000    01061900  0.1020287E+003  0.0000000E+000  0.9928910E+000
010111900dw      154.000    02061900  0.1042295E+003  0.0000000E+000  0.9931391E+000
010111900dw      155.000    03061900  0.1059312E+003  0.0000000E+000  0.9932866E+000
010111900dw      156.000    04061900  0.1076152E+003  0.0000000E+000  0.9934217E+000
010111900dw      157.000    05061900  0.1089669E+003  0.0000000E+000  0.9933315E+000
010111900dw      158.000    06061900  0.1105303E+003  0.0000000E+000  0.9933271E+000
010111900dw      159.000    07061900  0.1122454E+003  0.0000000E+000  0.9774397E+000
010111900dw      160.000    08061900  0.1137848E+003  0.0000000E+000  0.9519140E+000
010111900dw      161.000    09061900  0.1156740E+003  0.0000000E+000  0.9498678E+000
010111900dw      162.000    10061900  0.1176428E+003  0.0000000E+000  0.9235687E+000
010111900dw      163.000    11061900  0.1198992E+003  0.0000000E+000  0.9098876E+000
010111900dw      164.000    12061900  0.1219095E+003  0.0000000E+000  0.8992827E+000
010111900dw      165.000    13061900  0.1238433E+003  0.0000000E+000  0.8924541E+000
010111900dw      166.000    14061900  0.1255483E+003  0.0000000E+000  0.8843225E+000
010111900dw      167.000    15061900  0.1274599E+003  0.0000000E+000  0.8793883E+000
010111900dw      168.000    16061900  0.1293780E+003  0.0000000E+000  0.9113476E+000
010111900dw      169.000    17061900  0.1310902E+003  0.0000000E+000  0.8853976E+000
010111900dw      170.000    18061900  0.1323803E+003  0.0000000E+000  0.8869265E+000
010111900dw      171.000    19061900  0.1337081E+003  0.0000000E+000  0.8871381E+000
010111900dw      172.000    20061900  0.1352548E+003  0.0000000E+000  0.8929884E+000
010111900dw      173.000    21061900  0.1374765E+003  0.0000000E+000  0.8964807E+000
010111900dw      174.000    22061900  0.1402166E+003  0.0000000E+000  0.8991480E+000
010111900dw      175.000    23061900  0.1421018E+003  0.0000000E+000  0.8848264E+000
010111900dw      176.000    24061900  0.1435681E+003  0.0000000E+000  0.9929828E+000
010111900dw      177.000    25061900  0.1450173E+003  0.0000000E+000  0.9930539E+000
010111900dw      178.000    26061900  0.1461659E+003  0.0000000E+000  0.9931663E+000
010111900dw      179.000    27061900  0.1474454E+003  0.0000000E+000  0.9932108E+000
010111900dw      180.000    28061900  0.1490171E+003  0.0000000E+000  0.9930834E+000
010111900dw      181.000    29061900  0.1508698E+003  0.0000000E+000  0.9930221E+000
010111900dw      182.000    30061900  0.1519939E+003  0.0000000E+000  0.9931295E+000
010111900dw      183.000    01071900  0.1528873E+003  0.0000000E+000  0.9931384E+000
010111900dw      184.000    02071900  0.1540108E+003  0.0000000E+000  0.9931540E+000
010111900dw      185.000    03071900  0.1550745E+003  0.0000000E+000  0.9930213E+000
010111900dw      186.000    04071900  0.1560702E+003  0.0000000E+000  0.9928418E+000
010111900dw      187.000    05071900  0.1570928E+003  0.0000000E+000  0.9927153E+000
010111900dw      188.000    06071900  0.1580345E+003  0.0000000E+000  0.9928533E+000
010111900dw      189.000    07071900  0.1588003E+003  0.0000000E+000  0.9928975E+000
010111900dw      190.000    08071900  0.1595734E+003  0.0000000E+000  0.9927928E+000
010111900dw      191.000    09071900  0.1602409E+003  0.0000000E+000  0.9929236E+000
010111900dw      192.000    10071900  0.1607443E+003  0.0000000E+000  0.9928801E+000
010111900dw      193.000    11071900  0.1611489E+003  0.0000000E+000  0.9928462E+000
010111900dw      194.000    12071900  0.1614596E+003  0.0000000E+000  0.9927058E+000
010111900dw      195.000    13071900  0.1616403E+003  0.0000000E+000  0.9928556E+000
010111900dw      196.000    14071900  0.1617858E+003  0.0000000E+000  0.9928860E+000
010111900dw      197.000    15071900  0.1619277E+003  0.0000000E+000  0.9928758E+000
010111900dw      198.000    16071900  0.1620439E+003  0.0000000E+000  0.9928878E+000
010111900dw      199.000    17071900  0.1621823E+003  0.0000000E+000  0.9928072E+000
010111900dw      200.000    18071900  0.1626016E+003  0.0000000E+000  0.9928341E+000
010111900dw      201.000    19071900  0.1629014E+003  0.0000000E+000  0.9927222E+000
010111900dw      202.000    20071900  0.1630515E+003  0.0000000E+000  0.9925318E+000
010111900dw      203.000    21071900  0.1631940E+003  0.0000000E+000  0.9925994E+000
010111900dw      204.000    22071900  0.1633231E+003  0.0000000E+000  0.9926642E+000
010111900dw      205.000    23071900  0.1634464E+003  0.0000000E+000  0.9926345E+000
010111900dw      206.000    24071900  0.1635790E+003  0.0000000E+000  0.9926793E+000
010111900dw      207.000    25071900  0.1639611E+003  0.0000000E+000  0.9926773E+000
010111900dw      208.000    26071900  0.1639611E+003  0.0000000E+000  0.0000000E+000
010111900dw      209.000    27071900  0.1639611E+003  0.0000000E+000  0.0000000E+000
010111900dw      210.000    28071900  0.1639611E+003  0.0000000E+000  0.0000000E+000
010111900dw      211.000    29071900  0.1639611E+003  0.0000000E+000  0.0000000E+000
010111900dw      212.000    30071900  0.1639611E+003  0.0000000E+000  0.0000000E+000
010111900dw      213.000    31071900  0.1639611E+003  0.0000000E+000  0.0000000E+000
010111900dw      214.000    01081900  0.1639611E+003  0.0000000E+000  0.0000000E+000
010111900dw      215.000    02081900  0.1639611E+003  0.0000000E+000  0.0000000E+000
010111900dw      216.000    03081900  0.1639611E+003  0.0000000E+000  0.0000000E+000
010111900dw      217.000    04081900  0.1639611E+003  0.0000000E+000  0.0000000E+000
010111900dw      218.000    05081900  0.1639611E+003  0.0000000E+000  0.0000000E+000
010111900dw      219.000    06081900  0.1639611E+003  0.0000000E+000  0.0000000E+000
010111900dw      220.000    07081900  0.1639611E+003  0.0000000E+000  0.0000000E+000
010111900dw      221.000    08081900  0.1639611E+003  0.0000000E+000  0.0000000E+000
010111900dw      222.000    09081900  0.1639611E+003  0.0000000E+000  0.0000000E+000
010111900dw      223.000    10081900  0.1639611E+003  0.0000000E+000  0.0000000E+000
010111900dw      224.000    11081900  0.1639611E+003  0.0000000E+000  0.0000000E+000
010111900dw      225.000    12081900  0.1639611E+003  0.0000000E+000  0.0000000E+000
010111900dw      226.000    13081900  0.1639611E+003  0.0000000E+000  0.0000000E+000
010111900dw      227.000    14081900  0.1639611E+003  0.0000000E+000  0.0000000E+000
010111900dw      228.000    15081900  0.1639611E+003  0.0000000E+000  0.0000000E+000
010111900dw      229.000    16081900  0.1639611E+003  0.0000000E+000  0.0000000E+000
010111900dw      230.000    17081900  0.1639611E+003  0.0000000E+000  0.0000000E+000
010111900dw      231.000    18081900  0.1639611E+003  0.0000000E+000  0.0000000E+000
010111900dw      232.000    19081900  0.1639611E+003  0.0000000E+000  0.0000000E+000
010111900dw      233.000    20081900  0.1639611E+003  0.0000000E+000  0.0000000E+000
010111900dw      234.000    21081900  0.1639611E+003  0.0000000E+000  0.0000000E+000
010111900dw      235.000    22081900  0.1639611E+003  0.0000000E+000  0.0000000E+000
010111900dw      236.000    23081900  0.1639611E+003  0.0000000E+000  0.0000000E+000
010111900dw      237.000    24081900  0.1639611E+003  0.0000000E+000  0.0000000E+000
010111900dw      238.000    25081900  0.1639611E+003  0.0000000E+000  0.0000000E+000
010111900dw      239.000    26081900  0.1639611E+003  0.0000000E+000  0.0000000E+000
010111900dw      240.000    27081900  0.1639611E+003  0.0000000E+000  0.0000000E+000
010111900dw      241.000    28081900  0.1639611E+003  0.0000000E+000  0.0000000E+000
010111900dw      242.000    29081900  0.1639611E+003  0.0000000E+000  0.0000000E+000
010111900dw      243.000    30081900  0.1639611E+003  0.0000000E+000  0.0000000E+000
010111900dw      244.000    31081900  0.1639611E+003  0.0000000E+000  0.0000000E+000
010111900dw      245.000    01091900  0.1639611E+003  0.0000000E+000  0.0000000E+000
010111900dw      246.000    02091900  0.1639611E+003  0.0000000E+000  0.0000000E+000
010111900dw      247.000    03091900  0.1639611E+003  0.0000000E+000  0.0000000E+000
010111900dw      248.000    04091900  0.1639611E+003  0.0000000E+000  0.0000000E+000
010111900dw      249.000    05091900  0.1639611E+003  0.0000000E+000  0.0000000E+000
010111900dw      250.000    06091900  0.1639611E+003  0.0000000E+000  0.0000000E+000
010111900dw      251.000    07091900  0.1639611E+003  0.0000000E+000  0.0000000E+000
010111900dw      252.000    08091900  0.1639611E+003  0.0000000E+000  0.0000000E+000
010111900dw      253.000    09091900  0.1639611E+003  0.0000000E+000  0.0000000E+000
010111900dw      254.000    10091900  0.1639611E+003  0.0000000E+000  0.0000000E+000
010111900dw      255.000    11091900  0.1639611E+003  0.0000000E+000  0.0000000E+000
010111900dw      256.000    12091900  0.1639611E+003  0.0000000E+000  0.0000000E+000
010111900dw      257.000    13091900  0.1639611E+003  0.0000000E+000  0.0000000E+000
010111900dw      258.000    14091900  0.1639611E+003  0.0000000E+000  0.0000000E+000
010111900dw      259.000    15091900  0.1639611E+003  0.0000000E+000  0.0000000E+000
010111900dw      260.000    16091900  0.1639611E+003  0.0000000E+000  0.0000000E+000
010111900dw      261.000    17091900  0.1639611E+003  0.0000000E+000  0.0000000E+000
010111900dw      262.000    18091900  0.1639611E+003  0.0000000E+000  0.0000000E+000
010111900dw      263.000    19091900  0.1639611E+003  0.0000000E+000  0.0000000E+000
010111900dw      264.000    20091900  0.1639611E+003  0.0000000E+000  0.0000000E+000
010111900dw      265.000    21091900  0.1639611E+003  0.0000000E+000  0.0000000E+000
010111900dw      266.000    22091900  0.1639611E+003  0.0000000E+000  0.0000000E+000
010111900dw      267.000    23091900  0.1639611E+003  0.0000000E+000  0.0000000E+000
010111900dw      268.000    24091900  0.1639611E+003  0.0000000E+000  0.0000000E+000
010111900dw      269.000    25091900  0.1639611E+003  0.0000000E+000  0.0000000E+000
010111900dw      270.000    26091900  0.1639611E+003  0.0000000E+000  0.0000000E+000
010111900dw      271.000    27091900  0.1639611E+003  0.0000000E+000  0.0000000E+000
010111900dw      272.000    28091900  0.1639611E+003  0.0000000E+000  0.0000000E+000
010111900dw      273.000    29091900  0.1639611E+003  0.0000000E+000  0.0000000E+000
010111900dw      274.000    30091900  0.1639611E+003  0.0000000E+000  0.0000000E+000
010111900dw      275.000    01101900  0.1639611E+003  0.0000000E+000  0.0000000E+000
010111900dw      276.000    02101900  0.1639611E+003  0.0000000E+000  0.0000000E+000
010111900dw      277.000    03101900  0.1639611E+003  0.0000000E+000  0.0000000E+000
010111900dw      278.000    04101900  0.1639611E+003  0.0000000E+000  0.0000000E+000
010111900dw      279.000    05101900  0.1639611E+003  0.0000000E+000  0.0000000E+000
010111900dw      280.000    06101900  0.1639611E+003  0.0000000E+000  0.0000000E+000
010111900dw      281.000    07101900  0.1639611E+003  0.0000000E+000  0.0000000E+000
010111900dw      282.000    08101900  0.1639611E+003  0.0000000E+000  0.0000000E+000
010111900dw      283.000    09101900  0.1639611E+003  0.0000000E+000  0.0000000E+000
010111900dw      284.000    10101900  0.1639611E+003  0.0000000E+000  0.0000000E+000
010111900dw      285.000    11101900  0.1639611E+003  0.0000000E+000  0.0000000E+000
010111900dw      286.000    12101900  0.1639611E+003  0.0000000E+000  0.0000000E+000
010111900dw      287.000    13101900  0.1639611E+003  0.0000000E+000  0.0000000E+000
010111900dw      288.000    14101900  0.1639611E+003  0.0000000E+000  0.0000000E+000
010111900dw      289.000    15101900  0.1639611E+003  0.0000000E+000  0.0000000E+000
010111900dw      290.000    16101900  0.1639611E+003  0.0000000E+000  0.0000000E+000
010111900dw      291.000    17101900  0.1639611E+003  0.0000000E+000  0.0000000E+000
010111900dw      292.000    18101900  0.1639611E+003  0.0000000E+000  0.0000000E+000
010111900dw      293.000    19101900  0.1639611E+003  0.0000000E+000  0.0000000E+000
010111900dw      294.000    20101900  0.1639611E+003  0.0000000E+000  0.0000000E+000
010111900dw      295.000    21101900  0.1639611E+003  0.0000000E+000  0.0000000E+000
010111900dw      296.000    22101900  0.1639611E+003  0.0000000E+000  0.0000000E+000
010111900dw      297.000    23101900  0.1639611E+003  0.0000000E+000  0.0000000E+000
010111900dw      298.000    24101900  0.1639611E+003  0.0000000E+000  0.0000000E+000
010111900dw      299.000    25101900  0.1639611E+003  0.0000000E+000  0.0000000E+000
010111900dw      300.000    26101900  0.1639611E+003  0.0000000E+000  0.0000000E+000
010111900dw      301.000    27101900  0.1639611E+003  0.0000000E+000  0.0000000E+000
010111900dw      302.000    28101900  0.1639611E+003  0.0000000E+000  0.0000000E+000
010111900dw      303.000    29101900  0.1639611E+003  0.0000000E+000  0.0000000E+000
010111900dw      304.000    30101900  0.1639611E+003  0.0000000E+000  0.0000000E+000
010111900dw      305.000    31101900  0.1639611E+003  0.0000000E+000  0.0000000E+000
010111900dw      306.000    01111900  0.1639611E+003  0.0000000E+000  0.0000000E+000
010111900dw      307.000    02111900  0.1639611E+003  0.0000000E+000  0.0000000E+000
010111900dw      308.000    03111900  0.1639611E+003  0.0000000E+000  0.0000000E+000
010111900dw      309.000    04111900  0.1639611E+003  0.0000000E+000  0.0000000E+000
010111900dw      310.000    05111900  0.1639611E+003  0.0000000E+000  0.0000000E+000
010111900dw      311.000    06111900  0.1639611E+003  0.0000000E+000  0.0000000E+000
010111900dw      312.000    07111900  0.1639611E+003  0.0000000E+000  0.0000000E+000
010111900dw      313.000    08111900  0.1639611E+003  0.0000000E+000  0.0000000E+000
010111900dw      314.000    09111900  0.1639611E+003  0.0000000E+000  0.0000000E+000
010111900dw      315.000    10111900  0.1639611E+003  0.0000000E+000  0.0000000E+000
010111900dw      316.000    11111900  0.1639611E+003  0.0000000E+000  0.0000000E+000
010111900dw      317.000    12111900  0.1639611E+003  0.0000000E+000  0.0000000E+000
010111900dw      318.000    13111900  0.1639611E+003  0.0000000E+000  0.0000000E+000
010111900dw      319.000    14111900  0.1639611E+003  0.0000000E+000  0.0000000E+000
010111900dw      320.000    15111900  0.1639611E+003  0.0000000E+000  0.0000000E+000
010111900dw      321.000    16111900  0.1639611E+003  0.0000000E+000  0.0000000E+000
010111900dw      322.000    17111900  0.1639611E+003  0.0000000E+000  0.0000000E+000
010111900dw      323.000    18111900  0.1639611E+003  0.0000000E+000  0.0000000E+000
010111900dw      324.000    19111900  0.1639611E+003  0.0000000E+000  0.0000000E+000
010111900dw      325.000    20111900  0.1639611E+003  0.0000000E+000  0.0000000E+000
010111900dw      326.000    21111900  0.1639611E+003  0.0000000E+000  0.0000000E+000
010111900dw      327.000    22111900  0.1639611E+003  0.0000000E+000  0.0000000E+000
010111900dw      328.000    23111900  0.1639611E+003  0.0000000E+000  0.0000000E+000
010111900dw      329.000    24111900  0.1639611E+003  0.0000000E+000  0.0000000E+000
010111900dw      330.000    25111900  0.1639611E+003  0.0000000E+000  0.0000000E+000
010111900dw      331.000    26111900  0.1639611E+003  0.0000000E+000  0.0000000E+000
010111900dw      332.000    27111900  0.1639611E+003  0.0000000E+000  0.0000000E+000
010111900dw      333.000    28111900  0.1639611E+003  0.0000000E+000  0.0000000E+000
010111900dw      334.000    29111900  0.1639611E+003  0.0000000E+000  0.0000000E+000
010111900dw      335.000    30111900  0.1639611E+003  0.0000000E+000  0.0000000E+000
010111900dw      336.000    01121900  0.1639611E+003  0.0000000E+000  0.0000000E+000
010111900dw      337.000    02121900  0.1639611E+003  0.0000000E+000  0.0000000E+000
010111900dw      338.000    03121900  0.1639611E+003  0.0000000E+000  0.0000000E+000
010111900dw      339.000    04121900  0.1639611E+003  0.0000000E+000  0.0000000E+000
010111900dw      340.000    05121900  0.1639611E+003  0.0000000E+000  0.0000000E+000
010111900dw      341.000    06121900  0.1639611E+003  0.0000000E+000  0.0000000E+000
010111900dw      342.000    07121900  0.1639611E+003  0.0000000E+000  0.0000000E+000
010111900dw      343.000    08121900  0.1639611E+003  0.0000000E+000  0.0000000E+000
010111900dw      344.000    09121900  0.1639611E+003  0.0000000E+000  0.0000000E+000
010111900dw      345.000    10121900  0.1639611E+003  0.0000000E+000  0.0000000E+000
010111900dw      346.000    11121900  0.1639611E+003  0.0000000E+000  0.0000000E+000
010111900dw      347.000    12121900  0.1639611E+003  0.0000000E+000  0.0000000E+000
010111900dw      348.000    13121900  0.1639611E+003  0.0000000E+000  0.0000000E+000
010111900dw      349.000    14121900  0.1639611E+003  0.0000000E+000  0.0000000E+000
010111900dw      350.000    15121900  0.1639611E+003  0.0000000E+000  0.0000000E+000
010111900dw      351.000    16121900  0.1639611E+003  0.0000000E+000  0.0000000E+000
010111900dw      352.000    17121900  0.1639611E+003  0.0000000E+000  0.0000000E+000
010111900dw      353.000    18121900  0.1639611E+003  0.0000000E+000  0.0000000E+000
010111900dw      354.000    19121900  0.1639611E+003  0.0000000E+000  0.0000000E+000
010111900dw      355.000    20121900  0.1639611E+003  0.0000000E+000  0.0000000E+000
010111900dw      356.000    21121900  0.1639611E+003  0.0000000E+000  0.0000000E+000
010111900dw      357.000    22121900  0.1639611E+003  0.0000000E+000  0.0000000E+000
010111900dw      358.000    23121900  0.1639611E+003  0.0000000E+000  0.0000000E+000
010111900dw      359.000    24121900  0.1639611E+003  0.0000000E+000  0.0000000E+000
010111900dw      360.000    25121900  0.1639611E+003  0.0000000E+000  0.0000000E+000
010111900dw      361.000    26121900  0.1639611E+003  0.0000000E+000  0.0000000E+000
010111900dw      362.000    27121900  0.1639611E+003  0.0000000E+000  0.0000000E+000
010111900dw      363.000    28121900  0.1639611E+003  0.0000000E+000  0.0000000E+000
010111900dw      364.000    29121900  0.1639611E+003  0.0000000E+000  0.0000000E+000
010111900dw      365.000    30121900  0.1639611E+003  0.0000000E+000  0.0000000E+000
010111900dw      366.000    31121900  0.1639611E+003  0.0000000E+000  0.0000000E+000
