1011900   23    1.72
2011900   23    1.89
3011900   23    1.99
4011900   23    1.99
5011900   23    1.89
6011900   23    1.72
7011900   23    1.50
8011900   23    1.28
9011900   23    1.11
10011900  23    1.01
11011900  23    1.01
12011900  23    1.11
13011900  23    1.28
14011900  23    1.50
15011900  23    1.72
16011900  23    1.89
17011900  23    1.99
18011900  23    1.99
19011900  23    1.89
20011900  23    1.72
21011900  23    1.50
22011900  23    1.28
23011900  23    1.11
24011900  23    1.01
25011900  23    1.01
26011900  23    1.11
27011900  23    1.28
28011900  23    1.50
29011900  23    1.72
30011900  23    1.89
31011900  23    1.99
1021900   23    1.99
2021900   23    1.89
3021900   23    1.72
4021900   23    1.50
5021900   23    1.28
6021900   23    1.11
7021900   23    1.01
8021900   23    1.01
9021900   23    1.11
10021900  23    1.28
11021900  23    1.50
12021900  23    1.72
13021900  23    1.89
14021900  23    1.99
15021900  23    1.99
16021900  23    1.89
17021900  23    1.72
18021900  23    1.50
19021900  23    1.28
20021900  23    1.11
21021900  23    1.01
22021900  23    1.01
23021900  23    1.11
24021900  23    1.28
25021900  23    1.50
26021900  23    1.72
27021900  23    1.89
28021900  23    1.99
29021900  23    1.99
1031900   23    1.89
2031900   23    1.72
3031900   23    1.50
4031900   23    1.28
5031900   23    1.11
6031900   23    1.01
7031900   23    1.01
8031900   23    1.11
9031900   23    1.28
10031900  23    1.50
11031900  23    1.72
12031900  23    1.89
13031900  23    1.99
14031900  23    1.99
15031900  23    1.89
16031900  23    1.72
17031900  23    1.50
18031900  23    1.28
19031900  23    1.11
20031900  23    1.01
21031900  23    1.01
22031900  23    1.11
23031900  23    1.28
24031900  23    1.50
25031900  23    1.72
26031900  23    1.89
27031900  23    1.99
28031900  23    1.99
29031900  23    1.89
30031900  23    1.72
31031900  23    1.50
1041900   23    1.28
2041900   23    1.11
3041900   23    1.01
4041900   23    1.01
5041900   23    1.11
6041900   23    1.28
7041900   23    1.50
8041900   23    1.72
9041900   23    1.89
10041900  23    1.99
11041900  23    1.99
12041900  23    1.89
13041900  23    1.72
14041900  23    1.50
15041900  23    1.28
16041900  23    1.11
17041900  23    1.01
18041900  23    1.01
19041900  23    1.11
20041900  23    1.28
21041900  23    1.50
22041900  23    1.72
23041900  23    1.89
24041900  23    1.99
25041900  23    1.99
26041900  23    1.89
27041900  23    1.72
28041900  23    1.50
29041900  23    1.28
30041900  23    1.11
1051900   23    1.01
2051900   23    1.01
3051900   23    1.11
4051900   23    1.28
5051900   23    1.50
6051900   23    1.72
7051900   23    1.89
8051900   23    1.99
9051900   23    1.99
10051900  23    1.89
11051900  23    1.72
12051900  23    1.50
13051900  23    1.28
14051900  23    1.11
15051900  23    1.01
16051900  23    1.01
17051900  23    1.11
18051900  23    1.28
19051900  23    1.50
20051900  23    1.72
21051900  23    1.89
22051900  23    1.99
23051900  23    1.99
24051900  23    1.89
25051900  23    1.72
26051900  23    1.50
27051900  23    1.28
28051900  23    1.11
29051900  23    1.01
30051900  23    1.01
31051900  23    1.11
1061900   23    1.28
2061900   23    1.50
3061900   23    1.72
4061900   23    1.89
5061900   23    1.99
6061900   23    1.99
7061900   23    1.89
8061900   23    1.72
9061900   23    1.50
10061900  23    1.28
11061900  23    1.11
12061900  23    1.01
13061900  23    1.01
14061900  23    1.11
15061900  23    1.28
16061900  23    1.50
17061900  23    1.72
18061900  23    1.89
19061900  23    1.99
20061900  23    1.99
21061900  23    1.89
22061900  23    1.72
23061900  23    1.50
24061900  23    1.28
25061900  23    1.11
26061900  23    1.01
27061900  23    1.01
28061900  23    1.11
29061900  23    1.28
30061900  23    1.50
1071900   23    1.72
2071900   23    1.89
3071900   23    1.99
4071900   23    1.99
5071900   23    1.89
6071900   23    1.72
7071900   23    1.50
8071900   23    1.28
9071900   23    1.11
10071900  23    1.01
11071900  23    1.01
12071900  23    1.11
13071900  23    1.28
14071900  23    1.50
15071900  23    1.72
16071900  23    1.89
17071900  23    1.99
18071900  23    1.99
19071900  23    1.89
20071900  23    1.72
21071900  23    1.50
22071900  23    1.28
23071900  23    1.11
24071900  23    1.01
25071900  23    1.01
26071900  23    1.11
27071900  23    1.28
28071900  23    1.50
29071900  23    1.72
30071900  23    1.89
31071900  23    1.99
1081900   23    1.99
2081900   23    1.89
3081900   23    1.72
4081900   23    1.50
5081900   23    1.28
6081900   23    1.11
7081900   23    1.01
8081900   23    1.01
9081900   23    1.11
10081900  23    1.28
11081900  23    1.50
12081900  23    1.72
13081900  23    1.89
14081900  23    1.99
15081900  23    1.99
16081900  23    1.89
17081900  23    1.72
18081900  23    1.50
19081900  23    1.28
20081900  23    1.11
21081900  23    1.01
22081900  23    1.01
23081900  23    1.11
24081900  23    1.28
25081900  23    1.50
26081900  23    1.72
27081900  23    1.89
28081900  23    1.99
29081900  23    1.99
30081900  23    1.89
31081900  23    1.72
1091900   23    1.50
2091900   23    1.28
3091900   23    1.11
4091900   23    1.01
5091900   23    1.01
6091900   23    1.11
7091900   23    1.28
8091900   23    1.50
9091900   23    1.72
10091900  23    1.89
11091900  23    1.99
12091900  23    1.99
13091900  23    1.89
14091900  23    1.72
15091900  23    1.50
16091900  23    1.28
17091900  23    1.11
18091900  23    1.01
19091900  23    1.01
20091900  23    1.11
21091900  23    1.28
22091900  23    1.50
23091900  23    1.72
24091900  23    1.89
25091900  23    1.99
26091900  23    1.99
27091900  23    1.89
28091900  23    1.72
29091900  23    1.50
30091900  23    1.28
1101900   23    1.11
2101900   23    1.01
3101900   23    1.01
4101900   23    1.11
5101900   23    1.28
6101900   23    1.50
7101900   23    1.72
8101900   23    1.89
9101900   23    1.99
10101900  23    1.99
11101900  23    1.89
12101900  23    1.72
13101900  23    1.50
14101900  23    1.28
15101900  23    1.11
16101900  23    1.01
17101900  23    1.01
18101900  23    1.11
19101900  23    1.28
20101900  23    1.50
21101900  23    1.72
22101900  23    1.89
23101900  23    1.99
24101900  23    1.99
25101900  23    1.89
26101900  23    1.72
27101900  23    1.50
28101900  23    1.28
29101900  23    1.11
30101900  23    1.01
31101900  23    1.01
1111900   23    1.11
2111900   23    1.28
3111900   23    1.50
4111900   23    1.72
5111900   23    1.89
6111900   23    1.99
7111900   23    1.99
8111900   23    1.89
9111900   23    1.72
10111900  23    1.50
11111900  23    1.28
12111900  23    1.11
13111900  23    1.01
14111900  23    1.01
15111900  23    1.11
16111900  23    1.28
17111900  23    1.50
18111900  23    1.72
19111900  23    1.89
20111900  23    1.99
21111900  23    1.99
22111900  23    1.89
23111900  23    1.72
24111900  23    1.50
25111900  23    1.28
26111900  23    1.11
27111900  23    1.01
28111900  23    1.01
29111900  23    1.11
30111900  23    1.28
1121900   23    1.50
2121900   23    1.72
3121900   23    1.89
4121900   23    1.99
5121900   23    1.99
6121900   23    1.89
7121900   23    1.72
8121900   23    1.50
9121900   23    1.28
10121900  23    1.11
11121900  23    1.01
12121900  23    1.01
13121900  23    1.11
14121900  23    1.28
15121900  23    1.50
16121900  23    1.72
17121900  23    1.89
18121900  23    1.99
19121900  23    1.99
20121900  23    1.89
21121900  23    1.72
22121900  23    1.50
23121900  23    1.28
24121900  23    1.11
25121900  23    1.01
26121900  23    1.01
27121900  23    1.11
28121900  23    1.28
29121900  23    1.50
30121900  23    1.72
31121900  23    1.89
